-9.248108159600193501e-01 6.144994439875145208e-07 3.766451007483651691e-06 1.636104554093016006e+01 3.498998722241896786e+01 4.915653786143034836e+02
5.091301914261210371e+00 6.322959289323246246e+00 7.802879258575089239e+00 1.709125755507488265e+01 3.473866846499964822e+01 4.915951371396773766e+02
9.461878644079137146e+00 1.184856940523032343e+01 1.381098996220812225e+01 1.997206459835861025e+01 3.405836052897146971e+01 4.916898675035225779e+02
1.247290265147079502e+01 1.539610493064699526e+01 1.763891181977444944e+01 2.500248696300180384e+01 3.319022435133923210e+01 4.918588482660796899e+02
1.365818018766656472e+01 1.741423701936656698e+01 2.031228004263637743e+01 2.977784308164660843e+01 3.255062181202981719e+01 4.920991537054632090e+02
1.295933415894434404e+01 1.868123913037755202e+01 2.166594870959207952e+01 3.255817869742464410e+01 3.335730485343757579e+01 4.923831290506381038e+02
1.105180377198099251e+01 1.891530359095023783e+01 2.242952384876553396e+01 3.335073390208851407e+01 3.562939574659499442e+01 4.926605564893966971e+02
9.376703707957632972e+00 1.792235033324780957e+01 2.363222578924394668e+01 3.481168396325706027e+01 3.661360258220157959e+01 4.928767605340621571e+02
9.511036204445739273e+00 1.657786927012507050e+01 2.541668671555636294e+01 3.629566044255741275e+01 3.672252794769036655e+01 4.929962653803781905e+02
1.141408463647346139e+01 1.591013583952524080e+01 2.746038089217796241e+01 3.466871371693103043e+01 3.878933774289525616e+01 4.930172965354556140e+02
1.375469237013282431e+01 1.646757363647502359e+01 2.858378209421982064e+01 3.236871813006011678e+01 4.067763095054323230e+01 4.929683662582247621e+02
1.560666170512722850e+01 1.803759314187523088e+01 2.515568767827714680e+01 3.246778454410399206e+01 4.211183447083196540e+01 4.928897038057100985e+02
1.664143771037020159e+01 1.827445721393828038e+01 2.000145493460424717e+01 3.331255814880006483e+01 4.296619493572342208e+01 4.928117118823748797e+02
7.169457774850280352e+00 1.694784112852392255e+01 2.161560912441761317e+01 3.376566099338576521e+01 4.326766252485580111e+01 4.927439980159326183e+02
-8.395108885434664714e+00 1.666341353782270929e+01 2.145416105047151234e+01 3.270742667265832182e+01 4.122589499897839715e+01 4.925699357995144396e+02
-1.227671453060106188e+01 1.570714334388158484e+01 2.065643865047432470e+01 3.090508693529248063e+01 3.844139209439811111e+01 4.923488350027114393e+02
-1.291668258574915029e+01 1.444871081588009076e+01 1.906675114460380271e+01 2.828832173336539313e+01 3.568675162235299325e+01 4.921156793321733289e+02
-1.072032813062781997e+01 1.310812792490746226e+01 1.663670165907945631e+01 2.487685293648343432e+01 3.380273947598539053e+01 4.919015016609155850e+02
-1.067589321627539078e+01 1.341901509833596684e+01 1.767755093673686773e+01 2.624037599877403437e+01 3.428341467246690399e+01 4.920588404155349735e+02
-4.048112660248927241e+00 1.373931327166295269e+01 1.843803849315469279e+01 2.753527769398566605e+01 3.537409440616718115e+01 4.922495297416356266e+02
1.301741059002872625e+01 1.413604988720332933e+01 1.884466959474385206e+01 2.881961163253124170e+01 3.706547831585376684e+01 4.924624715554770091e+02
1.459798946620913362e+01 1.790093994834598234e+01 2.123537994818839891e+01 3.021248782326946269e+01 3.920394458342301647e+01 4.926850616705312405e+02
1.504900636787706780e+01 1.749994711239023815e+01 2.650606952069237110e+01 3.203419892900670618e+01 4.153816307517102047e+01 4.929024371320182354e+02
1.541698997772017776e+01 1.656194833009018197e+01 2.968542413884267717e+01 3.481336462773099782e+01 4.376976905328607614e+01 4.930976934590227643e+02
1.556765626119218560e+01 1.567075304186769102e+01 3.117034940642311724e+01 3.777702601446314645e+01 4.560718513381578276e+01 4.932533868565403168e+02
1.481739349283744822e+01 1.581314751379361638e+01 3.190133996730673971e+01 3.979495300790853207e+01 4.681229237639418272e+01 4.933540294102397752e+02
1.453820403438009023e+01 1.585829986010159764e+01 3.213264908036348544e+01 4.049350745326919565e+01 4.723158454980464427e+01 4.933888633581693739e+02
1.480750316202047578e+01 1.609011706124733720e+01 3.195929257785378397e+01 4.004814718536248819e+01 4.724642080079596695e+01 4.933454889341699072e+02
1.555058692562768741e+01 1.669108696645103151e+01 3.144268910066448797e+01 3.878682215838923497e+01 4.720163128129000540e+01 4.932246932991549784e+02
1.658243750396657745e+01 1.744933321074227095e+01 3.054048389403051189e+01 3.696931159273321299e+01 4.686696657322647042e+01 4.930520260874423570e+02
1.754894273346929623e+01 1.824936769181102747e+01 2.899610278831666577e+01 3.516490503785193056e+01 4.595843701698571948e+01 4.928624255004732504e+02
1.754894273346933176e+01 1.824936769181104523e+01 2.899610278831670840e+01 3.516490503785188793e+01 4.595843701698571238e+01 4.928624255004732504e+02
1.791800777809131162e+01 1.903160578854645735e+01 2.691819889298870194e+01 3.422282330432618380e+01 4.458861598355028377e+01 4.927168452110074668e+02
1.784630143173579242e+01 1.972776027002064581e+01 2.419692445924493285e+01 3.394671608113214489e+01 4.258497464051178838e+01 4.925989892564923593e+02
1.732675935186657057e+01 1.952261151339219580e+01 2.182889333948607558e+01 3.417141327965916275e+01 3.997738178708404178e+01 4.925166728221493031e+02
1.566141923853591500e+01 1.741901110342523396e+01 2.172213324064421514e+01 3.468618979644109146e+01 3.692190490711238482e+01 4.924696045874941319e+02
1.202025950665841059e+01 1.618968106193788614e+01 2.211758909192102607e+01 3.370685245971664301e+01 3.531637578275344680e+01 4.924507386455984488e+02
7.751956316352446308e+00 1.517169517219515740e+01 2.246940932166902272e+01 3.080927035379211532e+01 3.587889254198852029e+01 4.924491844341564502e+02
2.631837222727541281e+00 1.436992656113594435e+01 2.270147906026078388e+01 2.875539807059533004e+01 3.626871126803650469e+01 4.924537687784252284e+02
-3.337647415974266174e+00 1.405233696853611214e+01 2.278259041398552043e+01 2.801001680576274211e+01 3.640733027828476054e+01 4.924562948015627057e+02
3.509630945972928906e+00 1.379130361160850349e+01 2.232356326005538349e+01 2.783296412873371395e+01 3.614920905061133283e+01 4.924827524090021029e+02
9.106262388970122856e+00 1.272866800356493400e+01 2.110452411324070709e+01 2.782543847723695052e+01 3.546229875347825100e+01 4.925552768658312175e+02
1.067859116526248542e+01 1.406473472002394409e+01 1.960861687477437343e+01 2.894504599366256059e+01 3.457990373933975548e+01 4.926569159194500003e+02
8.867900565815922675e+00 1.702911032070234398e+01 1.998896218825511895e+01 3.145125632326756460e+01 3.380050437314164924e+01 4.927689700760810751e+02
9.345445222599133572e+00 1.641072259132826261e+01 2.400774616493653824e+01 3.338549179974737058e+01 3.491686686899577552e+01 4.928785245389141210e+02
1.175522862854502826e+01 1.600558592199263330e+01 2.754503126582790529e+01 3.353219558937800571e+01 3.872219666517811021e+01 4.929802104391957300e+02
1.425697614189152773e+01 1.611505867519890955e+01 2.955893085235972251e+01 3.442501513307666272e+01 4.220854855215593915e+01 4.930712323843965805e+02
1.585864159986822663e+01 1.660731542024275242e+01 2.997359052901774845e+01 3.562394750589396608e+01 4.476691815193100865e+01 4.931434678335382387e+02
1.628155576023027251e+01 1.729352939879300521e+01 2.947521206921560832e+01 3.621407506587427605e+01 4.597096434747632543e+01 4.931789068224666153e+02
1.563390171035509191e+01 1.799800616158566413e+01 2.856028895208206819e+01 3.584277099141454670e+01 4.567976058782863191e+01 4.931530272886467401e+02
1.430812825830962787e+01 1.858032889777128460e+01 2.763144980543985341e+01 3.454459854253199325e+01 4.405980352614705708e+01 4.930456961090552568e+02
1.296588490395205717e+01 1.893665466163629674e+01 2.699307068887796746e+01 3.249894038320658041e+01 4.152834833360762445e+01 4.928540077144599536e+02
1.238046486991836126e+01 1.899126691251034416e+01 2.664561252730894836e+01 2.993857125915408446e+01 3.864298522544907399e+01 4.925994364032163730e+02
1.341344480509788184e+01 1.787906930418456142e+01 2.187791965528101912e+01 2.882181615625001569e+01 3.744356430619840381e+01 4.923221231500360204e+02
1.054695912983606121e+01 1.409356095896787942e+01 1.969002467745484708e+01 2.805699962126601221e+01 3.622642463948814395e+01 4.920866364601916985e+02
-7.953728361141767955e+00 1.403642506013806290e+01 1.825271392299217865e+01 2.678250657283777159e+01 3.501342051526388843e+01 4.919382673505558614e+02
-1.072032813062782353e+01 1.310812792490746048e+01 1.663670165907945275e+01 2.487685293648343432e+01 3.380273947598538342e+01 4.919015016609155850e+02
1.238046486991835771e+01 1.899126691251034060e+01 2.664561252730894125e+01 2.993857125915408091e+01 3.864298522544907399e+01 4.925994364032164867e+02
1.331743928645816588e+01 1.928299304315564200e+01 2.430116516201523069e+01 3.168583713136946756e+01 4.089090278087665098e+01 4.927217252400153029e+02
1.457026806817578191e+01 1.915712768530125487e+01 2.185203957536657526e+01 3.306747301786105453e+01 4.269362730479470969e+01 4.928121140301351488e+02
1.574711076952239175e+01 1.678224553243211759e+01 2.121311462611570775e+01 3.386473909147126449e+01 4.378861763438327159e+01 4.928507823061220279e+02
1.281743248693187098e+01 1.658734281343027206e+01 2.144084332398170645e+01 3.407926011949173528e+01 4.399569835934977391e+01 4.928277632384096592e+02
7.169457774850279463e+00 1.694784112852392255e+01 2.161560912441761317e+01 3.376566099338577942e+01 4.326766252485578690e+01 4.927439980159326183e+02
-1.622874495305135056e+01 1.694536319430919846e+01 2.299435126911717830e+01 3.384928062383519176e+01 4.283978935367824192e+01 4.926347043461528301e+02
-1.603992184846300617e+01 1.688790008599304215e+01 2.282622546769180261e+01 3.361875938431016664e+01 4.319214123681748418e+01 4.926322333086372396e+02
-1.547144225277044960e+01 1.671152499167572358e+01 2.232838895755246611e+01 3.294249184089613891e+01 4.415770583466323274e+01 4.926236993095027970e+02
-1.451800985682700862e+01 1.640826724139560611e+01 2.152073118803363272e+01 3.185518590645767389e+01 4.550019493593904940e+01 4.926060315529128957e+02
-1.317095933949012831e+01 1.597304945892671668e+01 2.043759083445377200e+01 3.039811949337584451e+01 4.691506100569209536e+01 4.925750082821546698e+02
-1.141179554392714302e+01 1.540517347268693449e+01 1.913095242793233552e+01 2.861759454773749667e+01 4.809767173211008640e+01 4.925263622749046704e+02
-9.187518470988951691e+00 1.469812370211759500e+01 1.768000392828097489e+01 2.656635521722082061e+01 4.879060751548638564e+01 4.924569409574513088e+02
-6.307726654399481880e+00 1.380724479231012047e+01 1.621704776470192400e+01 2.430610555813868245e+01 4.881200170067103983e+01 4.923656958034042077e+02
-5.966664412398889894e-01 1.261849786294733988e+01 1.494147868118108313e+01 2.191820990234675648e+01 4.807133434908901393e+01 4.922543488245167396e+02
5.454449073951088245e+00 1.109026744431686318e+01 1.392830876435490595e+01 1.954484738548345746e+01 4.657903953582854228e+01 4.921276582472299310e+02
6.819108575686358087e+00 9.380998401032819345e+00 1.286273873035714743e+01 1.751554451659848510e+01 4.445365663577076987e+01 4.919932518664109580e+02
6.760896814169608859e+00 7.797276732470145078e+00 1.115132174340121374e+01 1.636491146079098868e+01 4.192593546175005059e+01 4.918610195843447173e+02
5.309511329919696543e+00 6.631056987962955951e+00 8.704437844283841486e+00 1.607432178766222819e+01 3.933135203413213077e+01 4.917420860561898053e+02
3.453402561569136608e+00 5.028832323969126605e+00 5.888524016584812948e+00 1.615466439532767495e+01 3.707203990300529028e+01 4.916474473624271582e+02
1.444230453216654775e+00 2.725008650804921384e+00 2.996012341439664883e+00 1.629822638765195819e+01 3.553438650067815985e+01 4.915864499717098965e+02
-9.248108159600193501e-01 6.144994439875145208e-07 3.766451007483651691e-06 1.636104554093016006e+01 3.498998722241896786e+01 4.915653786143034836e+02
3.077581616978153800e+00 4.961044925693665952e+00 5.722414785574793328e+00 1.665716511861870686e+01 3.513115882657057654e+01 4.915891435244419654e+02
6.127521573706178337e+00 9.371726916473770430e+00 1.088250021670830492e+01 1.771355927283880405e+01 3.558078356674394627e+01 4.916578892238463823e+02
8.766498129595849065e+00 1.256927940441473623e+01 1.491700630743118694e+01 1.995552248860448330e+01 3.639037004343495596e+01 4.917644115399444900e+02
1.082935664911788187e+01 1.436679067879651761e+01 1.777414799731847950e+01 2.309038933332600152e+01 3.755871895016476714e+01 4.918980267457467903e+02
1.211095849371073996e+01 1.547082405722253284e+01 1.948043358166200534e+01 2.618584379924072891e+01 3.896350014753080870e+01 4.920461173787172697e+02
1.248573488521148001e+01 1.634468940685486871e+01 2.005946086236423298e+01 2.877009863111143417e+01 4.042288770372448425e+01 4.921956792189413932e+02
1.204372556962800900e+01 1.697687007619216004e+01 1.975461363842218887e+01 3.062324381724289779e+01 4.182974831879745636e+01 4.923346301992731355e+02
1.095775960986029141e+01 1.702746923199557472e+01 1.917688135963008023e+01 3.166785923711427131e+01 4.314406845791094014e+01 4.924527653051383709e+02
9.426947806808275487e+00 1.621143856766373048e+01 1.905854248632242331e+01 3.204728596755376202e+01 4.427064344909451421e+01 4.925422967384945423e+02
7.879326331496581126e+00 1.528730760719553139e+01 1.916171376118223080e+01 3.207408240559386314e+01 4.504374116874547695e+01 4.925979670582880772e+02
7.166903447098011526e+00 1.491670021590194217e+01 1.921338524642630929e+01 3.204371388767224715e+01 4.531945422175293459e+01 4.926168349564824780e+02
-1.185429208222297426e+01 9.742339881656068457e+00 1.679820869516703397e+01 2.233584809403735250e+01 4.868062046431342083e+01 4.921590812536801423e+02
-1.145501802654852419e+01 9.690273220017694200e+00 1.657094434137005834e+01 2.218879811332092800e+01 4.823686829209581362e+01 4.921413633435645352e+02
-1.024215030951994621e+01 9.519866144756706561e+00 1.589695123296534973e+01 2.174679599288761622e+01 4.695185895887530592e+01 4.920902823631570868e+02
-8.151771085321135146e+00 9.202201616669515971e+00 1.480533451647139564e+01 2.099917152484825777e+01 4.496931880295861106e+01 4.920118368418920909e+02
-4.952208601203188287e+00 8.736611313504678122e+00 1.336999884347062206e+01 1.991427223249541001e+01 4.254156815244391510e+01 4.919153040556325323e+02
2.638551422980872641e+00 8.175982388952075297e+00 1.178279992790301023e+01 1.848989958043744508e+01 4.002642567372088678e+01 4.918122075347052942e+02
3.921863886722451564e+00 7.181261832920805332e+00 1.030840418685718340e+01 1.702696501559248787e+01 3.782110345519400596e+01 4.917149829848313516e+02
3.072209021988014044e+00 5.212424541467198580e+00 8.101489357745721875e+00 1.629807850519672030e+01 3.621428580659365082e+01 4.916354776137593490e+02
1.514525020697974789e+00 2.682728422332527618e+00 4.430236428607445376e+00 1.628929944433125598e+01 3.528697316912753479e+01 4.915834646106115429e+02
-9.248108159600193501e-01 6.144994439875145208e-07 3.766451007483651691e-06 1.636104554093016006e+01 3.498998722241896786e+01 4.915653786143034836e+02
