-1.176955350207015956e-07 1.348236396744456209e-07 2.251921231569986340e-07 8.352047354739015717e+00 8.352047354739292828e+00 8.352047354739305263e+00
-1.168798563063875751e+00 -7.135813382417818262e-01 7.776395814018021158e-01 8.364369611242196356e+00 8.590493537187988693e+00 8.735007994680891841e+00
-1.858225448172960537e+00 -8.255891289293346702e-01 1.546219193814456938e+00 8.400763738122174473e+00 9.165707670840088639e+00 9.659744700235261661e+00
-1.886748977602471733e+00 1.293685826220304813e+00 2.296784892288918911e+00 8.459556457464907808e+00 9.831804873540717082e+00 1.078582299313575099e+01
-8.814277977040460010e-01 2.765654466051641336e+00 3.020593461056937379e+00 8.538100395701498257e+00 1.041297450710560391e+01 1.190766832233264871e+01
2.134757482317007682e+00 3.709216653390221108e+00 4.140516790137330538e+00 8.632961528726770695e+00 1.081011090084425064e+01 1.291646442565613739e+01
3.404291115353949237e+00 4.354649817629606900e+00 5.409131700830934975e+00 8.740136303650269056e+00 1.097191357878146967e+01 1.375152988961981215e+01
4.402315908630233920e+00 4.949434561524938658e+00 6.532331713306844811e+00 8.855261631467520544e+00 1.087762218946522808e+01 1.438025429796507559e+01
5.209245041248000696e+00 5.486808219988034807e+00 7.481343606784004230e+00 8.973781461924991376e+00 1.052948230469809232e+01 1.479105666601580005e+01
5.856914260316769649e+00 5.960889229702895697e+00 8.241381939106780408e+00 9.091043539155750253e+00 9.950938185434608840e+00 1.499099909146388221e+01
6.366889449434903092e+00 6.366889449435179316e+00 8.798628038981711086e+00 9.202325023086141087e+00 9.202325023086183720e+00 1.500487487834284472e+01
6.701307151638913773e+00 6.736976820307552849e+00 8.300389084066205569e+00 9.238397678131907043e+00 9.302829478564174082e+00 1.487446694762708432e+01
6.780224578522526357e+00 6.962009695129188103e+00 7.628974888664112441e+00 9.387747698784787431e+00 9.494031400419913780e+00 1.465708304003494433e+01
6.159463257258768643e+00 7.148102888815893508e+00 7.608318920549614894e+00 9.452490515803667392e+00 9.642765139225932813e+00 1.442189530092415595e+01
5.542827510841643601e+00 7.259550964986638100e+00 7.728747048753819016e+00 9.493136895759707983e+00 9.714970017114966438e+00 1.424116451438376352e+01
5.302409850621115694e+00 7.296647301289816312e+00 7.778542591203151169e+00 9.507004863970038855e+00 9.735818176973156213e+00 1.417325315685265963e+01
5.593706096867294697e+00 7.332382935145247416e+00 7.854847046871774374e+00 9.459507474632660617e+00 9.804519462943583008e+00 1.412056994022180945e+01
6.292075897866036271e+00 7.429448786126621407e+00 8.109914516085575897e+00 9.410653502706304963e+00 9.920808285722777953e+00 1.396331519151129541e+01
7.031206159574242776e+00 7.572505704298640339e+00 8.588110215603773412e+00 9.439682361951211576e+00 1.003011989583445818e+01 1.370466613239268483e+01
7.538076630296375313e+00 7.778846243358845669e+00 9.099113473013060727e+00 9.684815003961659841e+00 1.015497687116082481e+01 1.335210593874182905e+01
7.750234904060072871e+00 8.097130678537551418e+00 9.248482336279288063e+00 1.014397430070010131e+01 1.048301104707596387e+01 1.291965516048546192e+01
7.806191058018705498e+00 8.409851545102883463e+00 9.198018233154272139e+00 1.039640648813188939e+01 1.107725216871995144e+01 1.243302186090541817e+01
7.754687260984839625e+00 8.640876603084326035e+00 9.067451117220914014e+00 1.054381874732207969e+01 1.151726055504100366e+01 1.202660507520692157e+01
7.694037805093946858e+00 8.721896490630966170e+00 9.022858931187558440e+00 1.078565635878658924e+01 1.111640963485795908e+01 1.208250472082470672e+01
7.502931832082074592e+00 8.682114375317391719e+00 9.098378097211680782e+00 1.015458102911789418e+01 1.133479753237106102e+01 1.237835635211870589e+01
7.249138950248362967e+00 8.653146703796462447e+00 9.077854292678685155e+00 9.631796349979023120e+00 1.159558082968631432e+01 1.261906373476439569e+01
7.033060712327081632e+00 8.646277925387263252e+00 8.851124084363370059e+00 9.497145123578398795e+00 1.176312970851315853e+01 1.277247374903476995e+01
6.947473337691648432e+00 8.655201160264422100e+00 8.723043202614546132e+00 9.490418998627548675e+00 1.182047786518118215e+01 1.282502502130753363e+01
6.872475694699179627e+00 8.789112398107311819e+00 9.135386446779619973e+00 9.374859697830155270e+00 1.211405695453625420e+01 1.277169955193117801e+01
6.699214388574387335e+00 8.678897350916836118e+00 9.083246639634539932e+00 9.544629282333152887e+00 1.158505327237023153e+01 1.364891183807590025e+01
6.431777132593500035e+00 8.471382638710455382e+00 8.713541239358628232e+00 9.714326419621983177e+00 1.111088921271014129e+01 1.458408050823457636e+01
5.999914467035538657e+00 8.209810202265968471e+00 8.340431894886496167e+00 9.700947037329191502e+00 1.082267235046826670e+01 1.541099291138950100e+01
5.366266645057180540e+00 7.605764697620858605e+00 8.419428501021080535e+00 9.572203356812915231e+00 1.070283086781763515e+01 1.601971129902305080e+01
4.629115090143931965e+00 6.960889572349966414e+00 8.684990537868587879e+00 9.346851870982272104e+00 1.069707699026529646e+01 1.634080106627107654e+01
3.919035723055863230e+00 6.318738404209932824e+00 8.965848038934270292e+00 9.046126898524844862e+00 1.076997797866057205e+01 1.634678269172786358e+01
3.278749297941463414e+00 5.689334944008381356e+00 8.384539004325036515e+00 9.423838632914954161e+00 1.084298536946803004e+01 1.604920204657932459e+01
2.607365611934794991e+00 5.051923366494379231e+00 7.585442627200963628e+00 9.759804580623361758e+00 1.081301123272069908e+01 1.548982470825056446e+01
1.635384510537413183e+00 4.359883210228290729e+00 6.563053782618327503e+00 1.000099472369972275e+01 1.060843868283752656e+01 1.472178285557555455e+01
-1.275273632928124679e+00 3.531109935539769484e+00 5.340498927710048527e+00 1.008966229247813651e+01 1.022472733608897144e+01 1.378332167448942691e+01
-2.265882390994711226e+00 2.368143188794901377e+00 4.037131189545067222e+00 9.725310639088016629e+00 9.974055122703594733e+00 1.268568058181339531e+01
-2.551493723289145699e+00 -8.529384902218871689e-01 2.869272106060824168e+00 9.206518519478768425e+00 9.634966078740555773e+00 1.143752983513777544e+01
-2.248970855479740738e+00 -1.882774818786113302e+00 1.858885156100331892e+00 8.760061497030473987e+00 9.120264592774082857e+00 1.010209456443607579e+01
-1.391354310475184652e+00 -1.351767825479480711e+00 9.167260625051119050e-01 8.458661565020914708e+00 8.593034388521589406e+00 8.898258634999580252e+00
-1.176955350207015956e-07 1.348236396744456209e-07 2.251921231569986340e-07 8.352047354739015717e+00 8.352047354739292828e+00 8.352047354739305263e+00
-2.435831564607954469e+00 -6.836331193025991793e-01 9.574781988044676062e-01 8.620001807784635872e+00 8.714302178398300569e+00 8.940154942555738060e+00
-3.791882440685028666e+00 1.865704986018681122e-01 2.074964607263556360e+00 9.225565081309152760e+00 9.643592138515638013e+00 9.965784710390531487e+00
-4.112088481975630039e+00 1.803846733540518166e+00 3.337723117933644623e+00 9.804853835793771566e+00 1.072521228807388027e+01 1.092617904097367543e+01
-3.578158457244798196e+00 2.848415778900600159e+00 4.636778786098327387e+00 1.012459004358804648e+01 1.101018118804600299e+01 1.241891682301123545e+01
-2.129883830547348644e+00 3.560540014655307672e+00 5.866049600813638243e+00 1.010591588564696330e+01 1.081266513458297318e+01 1.398450749147381877e+01
2.238420795556791187e+00 4.007940319852115962e+00 6.973241774201009768e+00 9.776033912378405688e+00 1.022866102419589929e+01 1.546396181312975138e+01
3.735778481479740787e+00 4.340047107818159944e+00 7.948692383575108877e+00 9.241846001933970101e+00 9.429587774463866978e+00 1.670200999055347779e+01
4.619562471607205012e+00 4.706797158899814093e+00 8.576392197517137106e+00 8.656983109874779814e+00 8.897674606526885910e+00 1.758545113788558112e+01
5.111185480923732705e+00 5.128559476667617467e+00 8.192056084525271231e+00 8.203730053399109323e+00 9.634379671601296380e+00 1.806784237834199658e+01
5.298689887554806965e+00 5.460407620077048385e+00 8.102047653112323999e+00 8.211520989249484259e+00 1.034878127182796881e+01 1.818025904151848948e+01
5.415824981106286629e+00 5.605812034714651837e+00 8.336299629897967023e+00 8.462505263342427142e+00 1.097661966828760072e+01 1.803295048161812630e+01
5.556285923639517677e+00 5.647569180252683729e+00 8.631196340748990892e+00 8.690639691526200750e+00 1.143886707718807649e+01 1.780546004581015396e+01
5.624869071811908761e+00 5.657009841661317040e+00 8.755023059235856664e+00 8.775825525718202513e+00 1.161503613394771328e+01 1.769758214302367350e+01
5.681031144984533654e+00 5.744891528559500138e+00 8.748031013958401658e+00 8.831582904214901220e+00 1.158306185949153821e+01 1.759945243171027229e+01
5.795456792138979907e+00 6.037170516487863736e+00 8.724209675580670620e+00 9.000292300002209700e+00 1.148977497623275390e+01 1.730879483785724204e+01
5.959014708875040256e+00 6.477270298443042584e+00 8.692385087769286756e+00 9.266646556913093136e+00 1.134486276581627706e+01 1.683684253185218083e+01
6.149311118502960305e+00 7.003485300011780268e+00 8.664929099312349337e+00 9.596461672408221233e+00 1.117457568764012876e+01 1.620249109698035994e+01
6.345081913305217647e+00 7.550511633432104297e+00 8.659368397274953111e+00 9.895737180813886980e+00 1.106222935962204801e+01 1.543274918586988598e+01
6.531823187380127571e+00 8.040866570102435773e+00 8.707132412441112024e+00 9.954423294395894573e+00 1.120545486610535946e+01 1.456395751043464060e+01
6.701769920436383643e+00 8.366231892213638943e+00 8.864805990676359215e+00 9.737598055835375632e+00 1.162903722217872371e+01 1.364596152934305984e+01
6.850098756406550748e+00 8.520645728151468035e+00 9.012192132646562825e+00 9.481745059604573811e+00 1.211617078477876674e+01 1.278443530270484274e+01
6.968961865379974974e+00 8.595385923175813403e+00 8.775059661145679257e+00 9.500708162530855816e+00 1.178623189601737486e+01 1.284199803546080965e+01
7.062772060530663865e+00 8.589503263792174437e+00 8.941077747435128842e+00 9.468767936234096183e+00 1.171139699762132302e+01 1.280031099469751688e+01
7.296932993830275826e+00 8.585464020788700523e+00 9.287795460213978060e+00 9.475282811960834550e+00 1.153307056581913059e+01 1.266068316014418649e+01
7.598020136202416452e+00 8.551299978536297530e+00 9.267472988635629960e+00 1.002782924184639946e+01 1.128287419944069114e+01 1.243660446614793003e+01
7.805675121883214551e+00 8.561535535449678491e+00 9.153618847703123507e+00 1.062955876850420012e+01 1.112546597317329145e+01 1.215700787384186832e+01
7.754687260984839625e+00 8.640876603084326035e+00 9.067451117220914014e+00 1.054381874732207969e+01 1.151726055504100366e+01 1.202660507520692157e+01
7.792818944898856515e+00 8.729985792641372200e+00 9.054678100843918997e+00 1.086086312782607166e+01 1.139811886073758451e+01 1.166924014878065741e+01
7.629985665640301562e+00 8.755408720517911192e+00 9.166221442962966037e+00 1.036952316637506399e+01 1.144169707196318519e+01 1.209144727690171095e+01
7.370203501698616044e+00 8.634095555964158564e+00 9.378299992120913586e+00 9.842777565595023148e+00 1.129204292308106616e+01 1.287282692943252194e+01
7.081206637942200288e+00 8.400480964900795655e+00 9.322070459280020316e+00 9.686759056708488913e+00 1.112039080291904014e+01 1.369639157450023959e+01
6.792949629990165050e+00 8.065731699848839753e+00 9.033348622715008602e+00 9.804079573883688781e+00 1.099442216317221366e+01 1.450851650968894901e+01
6.521223335674826593e+00 7.648266550479108083e+00 8.851711048263934956e+00 9.771450923776706432e+00 1.099255101979424154e+01 1.527498310030561868e+01
6.275178786748535131e+00 7.188519762099035759e+00 8.760381995876523220e+00 9.590753941741258615e+00 1.110601926500623904e+01 1.596846516211674505e+01
6.060423565882874009e+00 6.727413105649096892e+00 8.728388571085327285e+00 9.350112445727161159e+00 1.126005036386101743e+01 1.656642997484792446e+01
5.881781993082221938e+00 6.304183926540694927e+00 8.730615297537195119e+00 9.115529052216720274e+00 1.140533106420879861e+01 1.705056100181963430e+01
5.745283682029180383e+00 5.959506067881585878e+00 8.747024088047774981e+00 8.925719594856701633e+00 1.151911345298389833e+01 1.740659840502084776e+01
5.657778411402965446e+00 5.733380598606680145e+00 8.761586812291895399e+00 8.804948230070188231e+00 1.159068310071442376e+01 1.762432262247879677e+01
5.624869071811908761e+00 5.657009841661317040e+00 8.755023059235856664e+00 8.775825525718202513e+00 1.161503613394771328e+01 1.769758214302367350e+01
5.652999561564532094e+00 5.747342426708764940e+00 8.766702033624341084e+00 8.802086858291225724e+00 1.158856314495766071e+01 1.761869225162593011e+01
5.734988490112391979e+00 6.005242818593607090e+00 8.740449997950129557e+00 8.939943239176443512e+00 1.151090899959553759e+01 1.738442297271589254e+01
5.863778224233048064e+00 6.396380268620078802e+00 8.700524270636968538e+00 9.158148715260395534e+00 1.138824460918897508e+01 1.700200287619919237e+01
6.028103146523395850e+00 6.875723205246544900e+00 8.652948819387098922e+00 9.436092329926177413e+00 1.123529249384523254e+01 1.648359056578773973e+01
6.213277352109795260e+00 7.396424575841615834e+00 8.606454625435002725e+00 9.728647637195768638e+00 1.109081233948617040e+01 1.584651882657498767e+01
6.402549616266722587e+00 7.914255390140168878e+00 8.572046672266816714e+00 9.921710196969668161e+00 1.106259192892245125e+01 1.511383900676796799e+01
6.579506971365159274e+00 8.387827621664607491e+00 8.561258206781335645e+00 9.871340245646361922e+00 1.128848748614948683e+01 1.431561579633562786e+01
6.731730797428888025e+00 8.582664047826041198e+00 8.768502583608521306e+00 9.643937150338770081e+00 1.170172740168669634e+01 1.349336077357536823e+01
6.854043375820654482e+00 8.638179945028319651e+00 8.920309064470437477e+00 9.449209883182543734e+00 1.212872873952452579e+01 1.274856439888264958e+01
6.947473337691648432e+00 8.655201160264422100e+00 8.723043202614546132e+00 9.490418998627548675e+00 1.182047786518118215e+01 1.282502502130753363e+01
6.968961865379974974e+00 8.595385923175813403e+00 8.775059661145679257e+00 9.500708162530855816e+00 1.178623189601737486e+01 1.284199803546080965e+01
6.970175824126356723e+00 8.242312118188056758e+00 8.446220552675638871e+00 9.539545829182376480e+00 1.118150875764041352e+01 1.327859174830261857e+01
6.820207946167562874e+00 7.920780966391546052e+00 8.095316148185402128e+00 9.509852233901671781e+00 1.069407691976159391e+01 1.363653506885551714e+01
6.436968837935924448e+00 7.675159960872774079e+00 7.861388572234345062e+00 9.452926172723072895e+00 1.032509649673224672e+01 1.389439620148991317e+01
5.914774130275945119e+00 7.478954733720514447e+00 7.785334671937977902e+00 9.427160462340490099e+00 1.004631518114602429e+01 1.405871759369860285e+01
5.474414049542242644e+00 7.345282487888138867e+00 7.776067937355125359e+00 9.461555619135236128e+00 9.837106616129654313e+00 1.414627509643131376e+01
5.302409850621115694e+00 7.296647301289816312e+00 7.778542591203151169e+00 9.507004863970038855e+00 9.735818176973156213e+00 1.417325315685265963e+01
