-3.395693605799000370e+00
-3.249156512073291925e+00
-3.102619418347583480e+00
-2.956082324621875479e+00
-2.809545230896167034e+00
-2.663008137170458589e+00
-2.516471043444750588e+00
-2.369933949719041699e+00
-2.223396855993333698e+00
-2.076859762267625253e+00
-1.930322668541917253e+00
-1.783785574816208586e+00
-1.637248481090500363e+00
-1.490711387364792140e+00
-1.344174293639083695e+00
-1.197637199913375250e+00
-1.051100106187667027e+00
-9.045630124619585821e-01
-7.580259187362502482e-01
-6.114888250105419143e-01
-4.649517312848335249e-01
-3.184146375591251354e-01
-1.718775438334168015e-01
-2.534045010770842946e-02
1.211966436179995193e-01
2.677337373437078671e-01
4.142708310694162566e-01
5.608079247951249791e-01
7.073450185208329799e-01
8.538821122465417579e-01
1.000419205972249648e+00
1.146956299697958537e+00
1.293493393423666316e+00
1.440030487149374316e+00
1.586567580875083205e+00
1.733104674600790984e+00
1.879641768326499873e+00
2.026178862052207652e+00
2.172715955777916541e+00
2.319253049503624542e+00
2.465790143229333431e+00
2.612327236955041432e+00
2.758864330680749877e+00
2.905401424406457878e+00
3.051938518132166767e+00
3.198475611857874767e+00
3.345012705583583656e+00
3.491549799309291657e+00
3.638086893034999214e+00
3.784623986760707659e+00
3.931161080486415660e+00
4.077698174212125437e+00
4.224235267937832994e+00
4.370772361663541439e+00
4.517309455389250772e+00
4.663846549114958329e+00
4.810383642840666774e+00
4.956920736566374330e+00
5.103457830292084552e+00
5.249994924017792108e+00
5.396532017743500553e+00
5.543069111469208110e+00
5.689606205194917443e+00
5.836143298920625888e+00
5.982680392646333445e+00
6.129217486372041890e+00
6.275754580097749447e+00
6.422291673823458780e+00
6.568828767549167225e+00
6.715365861274874781e+00
6.861902955000583226e+00
7.008440048726292559e+00
7.154977142452000116e+00
7.301514236177708561e+00
7.448051329903416118e+00
7.594588423629126339e+00
7.741125517354833896e+00
7.887662611080542341e+00
8.034199704806249898e+00
8.180736798531960119e+00
8.327273892257666787e+00
8.473810985983375232e+00
8.620348079709083677e+00
8.766885173434792122e+00
8.913422267160500567e+00
9.059959360886209012e+00
9.206496454611917457e+00
9.353033548337624126e+00
9.499570642063334347e+00
9.646107735789042792e+00
9.792644829514749460e+00
9.939181923240457905e+00
1.008571901696616813e+01
1.023225611069187657e+01
1.037879320441758324e+01
1.052533029814329169e+01
1.067186739186900013e+01
1.081840448559470858e+01
1.096494157932041702e+01
1.111147867304612546e+01
1.125801576677183213e+01
1.140455286049754235e+01
1.155108995422325080e+01
1.169762704794895924e+01
1.184416414167466591e+01
1.199070123540037613e+01
1.213723832912608280e+01
1.228377542285179125e+01
1.243031251657750147e+01
1.257684961030320814e+01
1.272338670402891658e+01
1.286992379775462680e+01
1.301646089148033347e+01
1.316299798520604369e+01
1.330953507893174859e+01
1.345607217265745881e+01
1.360260926638316903e+01
1.374914636010887392e+01
1.389568345383458414e+01
1.404222054756029081e+01
1.418875764128600103e+01
1.433529473501170948e+01
1.448183182873741615e+01
1.462836892246312637e+01
1.477490601618883481e+01
1.492144310991454148e+01
1.506798020364025170e+01
1.521451729736595837e+01
1.536105439109166682e+01
1.550759148481737704e+01
1.565412857854308371e+01
1.580066567226879215e+01
1.594720276599449882e+01
1.609373985972020904e+01
1.624027695344591748e+01
1.638681404717162593e+01
1.653335114089733437e+01
1.667988823462304282e+01
1.682642532834875126e+01
1.697296242207445971e+01
1.711949951580016460e+01
1.726603660952587660e+01
1.741257370325158504e+01
1.755911079697728994e+01
1.770564789070300193e+01
1.785218498442870683e+01
1.799872207815441527e+01
1.814525917188012727e+01
1.829179626560583216e+01
1.843833335933154061e+01
1.858487045305725260e+01
1.873140754678295750e+01
1.887794464050866949e+01
1.902448173423437439e+01
1.917101882796008283e+01
1.931755592168579483e+01
1.946409301541149972e+01
1.961063010913720817e+01
1.975716720286292016e+01
1.990370429658862506e+01
2.005024139031433350e+01
2.019677848404004195e+01
2.034331557776575039e+01
2.048985267149145884e+01
2.063638976521716728e+01
2.078292685894287573e+01
2.092946395266858417e+01
2.107600104639429262e+01
2.122253814012000106e+01
2.136907523384570950e+01
2.151561232757141795e+01
2.166214942129712639e+01
2.180868651502283484e+01
2.195522360874854328e+01
2.210176070247424818e+01
2.224829779619996017e+01
2.239483488992566862e+01
2.254137198365137351e+01
2.268790907737708551e+01
2.283444617110279040e+01
2.298098326482849885e+01
2.312752035855421084e+01
2.327405745227991574e+01
2.342059454600562418e+01
2.356713163973133618e+01
2.371366873345704107e+01
2.386020582718275307e+01
2.400674292090845796e+01
2.415328001463416641e+01
2.429981710835987840e+01
2.444635420208558330e+01
2.459289129581129174e+01
2.473942838953700019e+01
2.488596548326270863e+01
2.503250257698841708e+01
2.517903967071412552e+01
2.532557676443983397e+01
2.547211385816554241e+01
2.561865095189125086e+01
2.576518804561695930e+01
