0.000000000000000000e+00
5.866254853127900182e-02
1.173250970625580036e-01
1.759876455938370055e-01
2.346501941251160073e-01
2.933127426563950091e-01
3.519752911876740109e-01
4.106378397189530127e-01
4.693003882502320145e-01
5.279629367815110719e-01
5.866254853127900182e-01
6.454205791947913440e-01
7.042156730767925588e-01
7.630107669587938846e-01
8.218058608407952104e-01
8.806009547227964251e-01
9.393960486047977509e-01
9.981911424867990767e-01
1.056986236368800292e+00
1.115781330250801506e+00
1.115781330250801506e+00
1.171144346858785878e+00
1.226507363466770251e+00
1.281870380074754623e+00
1.337233396682738995e+00
1.392596413290723367e+00
1.447959429898707739e+00
1.503322446506692112e+00
1.558685463114676484e+00
1.614048479722660856e+00
1.669411496330645228e+00
1.724774512938629822e+00
1.780137529546613973e+00
1.835500546154598567e+00
1.890863562762582717e+00
1.944929881625322432e+00
1.998996200488062369e+00
2.053062519350802084e+00
2.107128838213542021e+00
2.161195157076281514e+00
2.215261475939021452e+00
2.269327794801761389e+00
2.323394113664500882e+00
2.377460432527240819e+00
2.431526751389980756e+00
2.485593070252720693e+00
2.539659389115460186e+00
2.539659389115460186e+00
2.591318332184694206e+00
2.642977275253928227e+00
2.694636218323161803e+00
2.746295161392395823e+00
2.797954104461629843e+00
2.849613047530863863e+00
2.901271990600097439e+00
2.952930933669331459e+00
3.004589876738565479e+00
3.056248819807799499e+00
3.107907762877033520e+00
3.159566705946267540e+00
3.211225649015501116e+00
3.262884592084735136e+00
3.314543535153969156e+00
3.366202478223202732e+00
3.417278301723872591e+00
3.468354125224542894e+00
3.519429948725212753e+00
3.570505772225882613e+00
3.621581595726552472e+00
3.672657419227222775e+00
3.723733242727892634e+00
3.774809066228562493e+00
3.825884889729232796e+00
3.876960713229902655e+00
3.928036536730572514e+00
3.979112360231242818e+00
4.030188183731912233e+00
4.081264007232582536e+00
4.132339830733252839e+00
4.183415654233922254e+00
4.183415654233922254e+00
4.233531639591803675e+00
4.283647624949685984e+00
4.333763610307567404e+00
4.383879595665449713e+00
4.433995581023331134e+00
4.484111566381213443e+00
4.534227551739094864e+00
4.584343537096977172e+00
4.634459522454858593e+00
4.684575507812740014e+00
4.734691493170622323e+00
4.784807478528503744e+00
4.834923463886386052e+00
4.885039449244267473e+00
4.935155434602149782e+00
4.985271419960031203e+00
5.035387405317913512e+00
5.085503390675794932e+00
5.135619376033677241e+00
