0.000000000000000000e+00
2.530958282594141656e-02
5.061916565188283312e-02
7.592874847782424275e-02
1.012383313037656662e-01
1.265479141297070897e-01
1.518574969556484855e-01
1.771670797815899090e-01
2.024766626075313325e-01
2.277862454334727560e-01
2.530958282594141795e-01
2.784054110853556030e-01
3.037149939112969710e-01
3.290245767372383945e-01
3.541333027317857818e-01
3.792420287263331691e-01
4.043507547208806119e-01
4.294594807154279992e-01
4.545682067099753865e-01
4.796769327045228293e-01
5.047856586990702166e-01
5.298943846936176039e-01
5.550031106881649912e-01
5.801118366827123785e-01
6.052205626772597657e-01
6.052205626772597657e-01
6.300668926215780008e-01
6.549132225658962358e-01
6.797595525102144709e-01
7.046058824545327059e-01
7.294522123988508300e-01
7.542985423431690650e-01
7.791448722874873001e-01
8.039912022318055351e-01
8.288375321761237702e-01
8.536838621204420052e-01
8.785301920647601293e-01
9.033765220090783643e-01
9.282228519533965994e-01
9.530691818977148344e-01
9.779155118420330695e-01
1.002761841786351305e+00
1.027608171730669540e+00
1.054969770747654856e+00
1.082331369764640172e+00
1.109692968781625266e+00
1.137054567798610583e+00
1.164416166815595899e+00
1.191777765832581215e+00
1.219139364849566531e+00
1.246500963866551626e+00
1.273862562883536942e+00
1.273862562883536942e+00
1.299002843000603535e+00
1.324143123117670129e+00
1.349283403234736722e+00
1.374423683351803316e+00
1.399563963468869909e+00
1.424704243585936503e+00
1.449844523703003096e+00
1.474984803820069690e+00
1.500125083937136283e+00
1.525265364054202877e+00
1.550405644171269470e+00
1.575545924288336064e+00
1.600686204405402657e+00
1.625826484522469251e+00
1.650966764639535844e+00
1.676107044756602438e+00
1.701486774219019615e+00
1.726866503681436793e+00
1.752246233143853749e+00
1.777625962606270926e+00
1.803005692068688104e+00
1.828385421531105282e+00
1.853765150993522459e+00
1.879144880455939415e+00
1.904524609918356592e+00
1.929904339380773770e+00
1.955284068843190948e+00
1.980663798305608125e+00
1.980663798305608125e+00
2.004738278397101503e+00
2.028812758488594437e+00
2.052887238580087814e+00
2.076961718671581192e+00
2.101036198763074125e+00
2.125110678854567503e+00
2.149185158946060881e+00
2.173259639037553814e+00
2.197334119129047192e+00
2.221408599220540570e+00
2.245483079312033503e+00
2.269557559403526881e+00
2.293632039495020258e+00
2.317706519586513192e+00
2.341780999678006570e+00
2.365855479769499503e+00
2.389929959860992881e+00
2.414004439952486258e+00
