# Frequency(THz)  DOS_Intensity
-4.064320341830878647e+00 3.104566977411323762e-03
-3.938975081224713737e+00 3.798808620776513489e+00
-3.813629820618548827e+00 7.596180535586594118e+00
-3.688284560012383473e+00 1.526452913266103018e+01
-3.562939299406218563e+00 2.135285271322546308e+01
-3.437594038800054097e+00 3.367608560674752738e+01
-3.312248778193888743e+00 6.099076466079716852e+01
-3.186903517587723833e+00 8.459826198895802918e+01
-3.061558256981558923e+00 1.250992696906106971e+02
-2.936212996375394457e+00 1.825540862114672791e+02
-2.810867735769229547e+00 2.543993455704562336e+02
-2.685522475163064193e+00 2.929267676609482010e+02
-2.560177214556899283e+00 3.316843804632630395e+02
-2.434831953950734817e+00 3.706599168521414072e+02
-2.309486693344569463e+00 4.860550101993015915e+02
-2.184141432738404554e+00 5.311816662586290931e+02
-2.058796172132239644e+00 5.704193769453230516e+02
-1.933450911526074956e+00 6.142146267709804306e+02
-1.808105650919910268e+00 6.861468601244823731e+02
-1.682760390313744914e+00 7.192989608514498059e+02
-1.557415129707580226e+00 7.089593701797053882e+02
-1.432069869101415316e+00 6.656296727001046065e+02
-1.306724608495250184e+00 6.186591132362563030e+02
-1.181379347889085274e+00 5.905544566730205815e+02
-1.056034087282920586e+00 5.570928418594926370e+02
-9.306888266767556761e-01 5.189877828539496250e+02
-8.053435660705908772e-01 5.043383023327589854e+02
-6.799983054644256342e-01 4.302501768976844119e+02
-5.546530448582608352e-01 3.747657190382286103e+02
-4.293077842520960363e-01 2.843818694459424705e+02
-3.039625236459307933e-01 2.139915713131687767e+02
-1.786172630397659944e-01 1.309817296120487242e+02
-5.327200243360117465e-02 3.746918276247038193e+01
7.207325817256363121e-02 5.117703091824533601e+01
1.974185187787284301e-01 1.463680903034633900e+02
3.227637793848932568e-01 2.361854562423732489e+02
4.481090399910580557e-01 3.391192722284338856e+02
5.734543005972236873e-01 4.621740887195715004e+02
6.987995612033884862e-01 5.754258975667603409e+02
8.241448218095532852e-01 6.771019119861433637e+02
9.494900824157180841e-01 7.652790122396800143e+02
1.074835343021882883e+00 8.832014282648257222e+02
1.200180603628047793e+00 9.888955268623850543e+02
1.325525864234212481e+00 1.127404991974349514e+03
1.450871124840378279e+00 1.234684162787497826e+03
1.576216385446542967e+00 1.459609129712800723e+03
1.701561646052707877e+00 1.661825649430856402e+03
1.826906906658872565e+00 1.776031047064870563e+03
1.952252167265037475e+00 1.867596687776643648e+03
2.077597427871202385e+00 1.894532522536455872e+03
2.202942688477366850e+00 2.119342922256580550e+03
2.328287949083531760e+00 2.242322949668475758e+03
2.453633209689696670e+00 2.095597692759207348e+03
2.578978470295862468e+00 2.182661237805377368e+03
2.704323730902026934e+00 2.099489290471524782e+03
2.829668991508191844e+00 1.881345178775391105e+03
2.955014252114356754e+00 1.867896770248584517e+03
3.080359512720521664e+00 1.738997756959783146e+03
3.205704773326686574e+00 1.834263348258454243e+03
3.331050033932851040e+00 1.684791116978737591e+03
3.456395294539016838e+00 1.662034280038279348e+03
3.581740555145181748e+00 1.800167717679445104e+03
3.707085815751346658e+00 1.942788397541921313e+03
3.832431076357511124e+00 1.958614771590232976e+03
3.957776336963676034e+00 2.160822126446103084e+03
4.083121597569840944e+00 2.145600499802629201e+03
4.208466858176005410e+00 2.484917410407621901e+03
4.333812118782170764e+00 2.538330107716149541e+03
4.459157379388335229e+00 2.523381011070016484e+03
4.584502639994499695e+00 2.721255849327656506e+03
4.709847900600665049e+00 2.699259971455513551e+03
4.835193161206829515e+00 2.552739160722387169e+03
4.960538421812994869e+00 2.468447659886438942e+03
5.085883682419161111e+00 2.472657899172792895e+03
5.211228943025325577e+00 2.660251897731654481e+03
5.336574203631490931e+00 2.596188781908821966e+03
5.461919464237655397e+00 2.629575172235384343e+03
5.587264724843819863e+00 2.793741732389302342e+03
5.712609985449985217e+00 2.638020904817940846e+03
5.837955246056149683e+00 2.481812979698317122e+03
5.963300506662315037e+00 2.382098035125721253e+03
6.088645767268479503e+00 2.344719072604205394e+03
6.213991027874643969e+00 2.422069153575623659e+03
6.339336288480809323e+00 2.388219550599839749e+03
6.464681549086973789e+00 2.368403759047685980e+03
6.590026809693139143e+00 2.349123480961559835e+03
6.715372070299303608e+00 2.433428281077128759e+03
6.840717330905468074e+00 2.347835870143392640e+03
6.966062591511635205e+00 2.243745836398153642e+03
7.091407852117799671e+00 2.182808758632217177e+03
7.216753112723964136e+00 1.952722405293110114e+03
7.342098373330129490e+00 2.185186066483940522e+03
7.467443633936293956e+00 2.010776826784302102e+03
7.592788894542459310e+00 2.244638733671999489e+03
7.718134155148623776e+00 2.068981593249438902e+03
7.843479415754788242e+00 1.982815605463282054e+03
7.968824676360953596e+00 1.926525584679534177e+03
8.094169936967118062e+00 1.789255147201364707e+03
8.219515197573283416e+00 1.880958441963477526e+03
8.344860458179446994e+00 1.723956001414866932e+03
8.470205718785612348e+00 1.754057699296111878e+03
8.595550979391777702e+00 1.574765952013097603e+03
8.720896239997941279e+00 1.371509659271398277e+03
8.846241500604106633e+00 1.700313667107951460e+03
8.971586761210271987e+00 1.674734386191455542e+03
9.096932021816439118e+00 1.143410583678477224e+03
9.222277282422602696e+00 1.629641669442647981e+03
9.347622543028768050e+00 1.333839573922454747e+03
9.472967803634933404e+00 1.301974497272209646e+03
9.598313064241096981e+00 1.744626477216905414e+03
9.723658324847262335e+00 1.874100476524367423e+03
9.849003585453427689e+00 1.827592782592561662e+03
9.974348846059591267e+00 1.872046758985629140e+03
1.009969410666575662e+01 1.782452071289863397e+03
1.022503936727192198e+01 1.706891612239311371e+03
1.035038462787808555e+01 1.828695016826802657e+03
1.047572988848425091e+01 1.770107524284305327e+03
1.060107514909041626e+01 1.487862015040044298e+03
1.072642040969658161e+01 1.500750966493931628e+03
1.085176567030274519e+01 1.516429894723133657e+03
1.097711093090891232e+01 1.622355027790430768e+03
1.110245619151507590e+01 1.734180696102182310e+03
1.122780145212124125e+01 1.710115290594268572e+03
1.135314671272740483e+01 1.782556228795931020e+03
1.147849197333357196e+01 1.665093192940244762e+03
1.160383723393973376e+01 1.445297901540565135e+03
1.172918249454590089e+01 1.374198100166615632e+03
1.185452775515206447e+01 9.949827779672077668e+02
1.197987301575822983e+01 8.185505152163682396e+02
1.210521827636439696e+01 8.688493804506969127e+02
1.223056353697056053e+01 7.623570475965545938e+02
1.235590879757672589e+01 6.380017548574820694e+02
1.248125405818288947e+01 5.872360228144108305e+02
1.260659931878905660e+01 8.164826199847335602e+02
1.273194457939522017e+01 1.055675508570265492e+03
1.285728984000138553e+01 1.154249912422983243e+03
1.298263510060754911e+01 9.634502608349001775e+02
1.310798036121371624e+01 1.106551499493104075e+03
1.323332562181987804e+01 1.154962235881182096e+03
1.335867088242604517e+01 4.972257374648880273e+02
1.348401614303220875e+01 8.954314589763147296e+02
1.360936140363837410e+01 1.175832733491094132e+03
1.373470666424453768e+01 1.270404667761468772e+03
1.386005192485070481e+01 1.385606335748044785e+03
1.398539718545686661e+01 1.715206381938312006e+03
1.411074244606303374e+01 1.791474792638521876e+03
1.423608770666920087e+01 1.862774356169933526e+03
1.436143296727536445e+01 2.248305541041550441e+03
1.448677822788152980e+01 1.803846055358907734e+03
1.461212348848769338e+01 1.054858134661502618e+03
1.473746874909386051e+01 9.372486579459825862e+02
1.486281400970002231e+01 1.343343985932960322e+03
1.498815927030618944e+01 1.316171403445039914e+03
1.511350453091235124e+01 1.194287423295844746e+03
1.523884979151851660e+01 1.169039806793075513e+03
1.536419505212468373e+01 1.142275928001140073e+03
1.548954031273085086e+01 8.235294499580589900e+02
1.561488557333701088e+01 9.547603867796860868e+02
1.574023083394317624e+01 7.965665665273666036e+02
1.586557609454934337e+01 8.061860581632309959e+02
1.599092135515550872e+01 6.687832259139951248e+02
1.611626661576167763e+01 7.044921155038842926e+02
1.624161187636783410e+01 8.078540083912714636e+02
1.636695713697400123e+01 9.414208844461448962e+02
1.649230239758016836e+01 9.156118546715080129e+02
1.661764765818633549e+01 8.715330756041820450e+02
1.674299291879249552e+01 8.921688095969083179e+02
1.686833817939866265e+01 1.034073845739057560e+03
1.699368344000482622e+01 1.021774824420008940e+03
1.711902870061099335e+01 8.697252648511814641e+02
1.724437396121715338e+01 8.564890126164551702e+02
1.736971922182332051e+01 9.220816605690488359e+02
1.749506448242948764e+01 9.513318675143524388e+02
1.762040974303565477e+01 7.392782367240240546e+02
1.774575500364181480e+01 6.446626150379049704e+02
1.787110026424797837e+01 7.845494569143199897e+02
1.799644552485414550e+01 1.108629002586282922e+03
1.812179078546031263e+01 1.122596475312057692e+03
1.824713604606647976e+01 1.107120006690947093e+03
1.837248130667263979e+01 1.020137160770150786e+03
1.849782656727880692e+01 8.424092607298614439e+02
1.862317182788497050e+01 7.487803109804802943e+02
1.874851708849113763e+01 7.255557704030578634e+02
1.887386234909729765e+01 1.028308513550693988e+03
1.899920760970346478e+01 6.798164004134949892e+02
1.912455287030963191e+01 9.475235724394567569e+02
1.924989813091579904e+01 8.192804468172022325e+02
1.937524339152195907e+01 6.922283977810428723e+02
1.950058865212812265e+01 9.933292544747089323e+02
1.962593391273428978e+01 1.101813579649483927e+03
1.975127917334045691e+01 8.109021957685181405e+02
1.987662443394661693e+01 1.005912752446008312e+03
2.000196969455278406e+01 1.176000207360213608e+03
2.012731495515895119e+01 1.371437311721034121e+03
2.025266021576511477e+01 1.169662351838790300e+03
2.037800547637128190e+01 1.522974008561403707e+03
2.050335073697744193e+01 5.659574704829991560e+02
2.062869599758360906e+01 8.325424738109308009e+02
2.075404125818977619e+01 3.920249011909321553e+02
2.087938651879593621e+01 5.231721054063980664e-02
