-3.352268177672342198e+00
-3.207124822811163956e+00
-3.061981467949985714e+00
-2.916838113088807471e+00
-2.771694758227629674e+00
-2.626551403366451432e+00
-2.481408048505273189e+00
-2.336264693644094947e+00
-2.191121338782916705e+00
-2.045977983921738463e+00
-1.900834629060560665e+00
-1.755691274199382423e+00
-1.610547919338204181e+00
-1.465404564477026161e+00
-1.320261209615848141e+00
-1.175117854754669677e+00
-1.029974499893491657e+00
-8.848311450323136373e-01
-7.396877901711351733e-01
-5.945444353099571533e-01
-4.494010804487791333e-01
-3.042577255876007247e-01
-1.591143707264226770e-01
-1.397101586524466740e-02
1.311723389959337793e-01
2.763156938571117993e-01
4.214590487182898193e-01
5.666024035794677838e-01
7.117457584406458038e-01
8.568891133018247119e-01
1.002032468163002621e+00
1.147175823024180641e+00
1.292319177885358661e+00
1.437462532746536681e+00
1.582605887607714701e+00
1.727749242468892721e+00
1.872892597330071629e+00
2.018035952191249649e+00
2.163179307052427891e+00
2.308322661913605689e+00
2.453466016774783931e+00
2.598609371635961729e+00
2.743752726497140415e+00
2.888896081358318657e+00
3.034039436219496455e+00
3.179182791080674697e+00
3.324326145941852495e+00
3.469469500803030737e+00
3.614612855664209423e+00
3.759756210525387665e+00
3.904899565386565907e+00
4.050042920247744149e+00
4.195186275108921947e+00
4.340329629970099745e+00
4.485472984831278431e+00
4.630616339692456229e+00
4.775759694553634027e+00
4.920903049414811825e+00
5.066046404275991399e+00
5.211189759137170086e+00
5.356333113998347883e+00
5.501476468859525681e+00
5.646619823720703479e+00
5.791763178581882165e+00
5.936906533443059963e+00
6.082049888304237761e+00
6.227193243165415559e+00
6.372336598026594245e+00
6.517479952887772043e+00
6.662623307748949841e+00
6.807766662610127639e+00
6.952910017471308102e+00
7.098053372332485900e+00
7.243196727193663698e+00
7.388340082054841496e+00
7.533483436916020182e+00
7.678626791777197980e+00
7.823770146638375778e+00
7.968913501499553576e+00
8.114056856360731373e+00
8.259200211221909171e+00
8.404343566083088746e+00
8.549486920944266544e+00
8.694630275805444342e+00
8.839773630666623916e+00
8.984916985527801714e+00
9.130060340388979512e+00
9.275203695250157310e+00
9.420347050111335108e+00
9.565490404972512906e+00
9.710633759833692480e+00
9.855777114694870278e+00
1.000092046955604808e+01
1.014606382441722587e+01
1.029120717927840367e+01
1.043635053413958147e+01
1.058149388900076104e+01
1.072663724386193884e+01
1.087178059872311842e+01
1.101692395358429621e+01
1.116206730844547401e+01
1.130721066330665181e+01
1.145235401816782961e+01
1.159749737302900741e+01
1.174264072789018520e+01
1.188778408275136300e+01
1.203292743761254080e+01
1.217807079247372037e+01
1.232321414733489817e+01
1.246835750219607597e+01
1.261350085705725377e+01
1.275864421191843157e+01
1.290378756677960936e+01
1.304893092164078716e+01
1.319407427650196496e+01
1.333921763136314453e+01
1.348436098622432588e+01
1.362950434108550368e+01
1.377464769594668148e+01
1.391979105080785928e+01
1.406493440566903708e+01
1.421007776053021487e+01
1.435522111539139267e+01
1.450036447025257047e+01
1.464550782511375004e+01
1.479065117997492784e+01
1.493579453483610564e+01
1.508093788969728344e+01
1.522608124455845946e+01
1.537122459941963726e+01
1.551636795428081506e+01
1.566151130914199463e+01
1.580665466400317243e+01
1.595179801886435023e+01
1.609694137372552802e+01
1.624208472858670760e+01
1.638722808344788362e+01
1.653237143830906319e+01
1.667751479317023922e+01
1.682265814803141879e+01
1.696780150289259481e+01
1.711294485775377794e+01
1.725808821261495396e+01
1.740323156747613353e+01
1.754837492233731311e+01
1.769351827719848913e+01
1.783866163205966870e+01
1.798380498692084473e+01
1.812894834178202430e+01
1.827409169664320032e+01
1.841923505150437990e+01
1.856437840636555592e+01
1.870952176122673549e+01
1.885466511608791507e+01
1.899980847094909109e+01
1.914495182581027066e+01
1.929009518067144668e+01
1.943523853553262626e+01
1.958038189039380228e+01
1.972552524525498185e+01
1.987066860011615788e+01
2.001581195497733745e+01
2.016095530983851702e+01
2.030609866469969305e+01
2.045124201956087262e+01
2.059638537442204864e+01
2.074152872928322822e+01
2.088667208414440779e+01
2.103181543900558736e+01
2.117695879386676339e+01
2.132210214872794296e+01
2.146724550358912254e+01
2.161238885845029856e+01
2.175753221331147813e+01
2.190267556817265415e+01
2.204781892303383373e+01
2.219296227789500975e+01
2.233810563275618932e+01
2.248324898761736890e+01
2.262839234247854492e+01
2.277353569733972449e+01
2.291867905220090051e+01
2.306382240706208009e+01
2.320896576192325611e+01
2.335410911678443568e+01
2.349925247164561171e+01
2.364439582650679128e+01
2.378953918136797085e+01
2.393468253622914688e+01
2.407982589109032645e+01
2.422496924595150247e+01
2.437011260081268205e+01
2.451525595567386162e+01
2.466039931053504120e+01
2.480554266539621722e+01
2.495068602025739679e+01
2.509582937511857637e+01
2.524097272997975239e+01
2.538611608484093196e+01
2.553125943970210798e+01
