-2.897851489598795016e+00
-2.753390245081031473e+00
-2.608929000563267930e+00
-2.464467756045503943e+00
-2.320006511527740400e+00
-2.175545267009976858e+00
-2.031084022492212871e+00
-1.886622777974449550e+00
-1.742161533456686007e+00
-1.597700288938922464e+00
-1.453239044421158699e+00
-1.308777799903395156e+00
-1.164316555385631391e+00
-1.019855310867867848e+00
-8.753940663501041941e-01
-7.309328218323406512e-01
-5.864715773145769973e-01
-4.420103327968134543e-01
-2.975490882790498559e-01
-1.530878437612862852e-01
-8.626599243522690280e-03
1.358346452742409116e-01
2.802958897920044823e-01
4.247571343097680807e-01
5.692183788275321232e-01
7.136796233452956661e-01
8.581408678630593201e-01
1.002602112380822419e+00
1.147063356898586406e+00
1.291524601416349727e+00
1.435985845934113714e+00
1.580447090451876813e+00
1.724908334969640800e+00
1.869369579487404787e+00
2.013830824005168108e+00
2.158292068522932095e+00
2.302753313040695193e+00
2.447214557558459180e+00
2.591675802076222279e+00
2.736137046593986266e+00
2.880598291111749365e+00
3.025059535629513352e+00
3.169520780147276895e+00
3.313982024665040882e+00
3.458443269182803981e+00
3.602904513700567968e+00
3.747365758218331067e+00
3.891827002736094610e+00
4.036288247253859041e+00
4.180749491771623028e+00
4.325210736289387015e+00
4.469671980807149225e+00
4.614133225324913212e+00
4.758594469842677199e+00
4.903055714360439410e+00
5.047516958878203397e+00
5.191978203395967384e+00
5.336439447913731371e+00
5.480900692431493582e+00
5.625361936949257569e+00
5.769823181467021556e+00
5.914284425984785543e+00
6.058745670502547753e+00
6.203206915020311740e+00
6.347668159538075727e+00
6.492129404055839714e+00
6.636590648573603701e+00
6.781051893091366800e+00
6.925513137609130787e+00
7.069974382126894774e+00
7.214435626644658761e+00
7.358896871162420972e+00
7.503358115680184959e+00
7.647819360197948946e+00
7.792280604715712933e+00
7.936741849233475143e+00
8.081203093751240019e+00
8.225664338269004006e+00
8.370125582786767993e+00
8.514586827304530203e+00
8.659048071822294190e+00
8.803509316340058177e+00
8.947970560857822164e+00
9.092431805375586151e+00
9.236893049893348362e+00
9.381354294411112349e+00
9.525815538928876336e+00
9.670276783446640323e+00
9.814738027964402534e+00
9.959199272482166521e+00
1.010366051699993051e+01
1.024812176151769449e+01
1.039258300603545671e+01
1.053704425055322069e+01
1.068150549507098468e+01
1.082596673958874867e+01
1.097042798410651265e+01
1.111488922862427486e+01
1.125935047314203885e+01
1.140381171765980284e+01
1.154827296217756682e+01
1.169273420669532904e+01
1.183719545121309302e+01
1.198165669573085701e+01
1.212611794024862100e+01
1.227057918476638498e+01
1.241504042928414897e+01
1.255950167380190940e+01
1.270396291831967339e+01
1.284842416283743738e+01
1.299288540735520137e+01
1.313734665187296535e+01
1.328180789639072934e+01
1.342626914090849333e+01
1.357073038542625731e+01
1.371519162994402130e+01
1.385965287446178351e+01
1.400411411897954750e+01
1.414857536349731149e+01
1.429303660801507547e+01
1.443749785253283946e+01
1.458195909705060345e+01
1.472642034156836743e+01
1.487088158608613142e+01
1.501534283060389185e+01
1.515980407512165762e+01
1.530426531963942161e+01
1.544872656415718559e+01
1.559318780867494958e+01
1.573764905319271357e+01
1.588211029771047755e+01
1.602657154222823976e+01
1.617103278674600375e+01
1.631549403126376419e+01
1.645995527578152817e+01
1.660441652029929571e+01
1.674887776481705970e+01
1.689333900933482369e+01
1.703780025385258767e+01
1.718226149837035166e+01
1.732672274288811565e+01
1.747118398740587608e+01
1.761564523192364007e+01
1.776010647644140406e+01
1.790456772095916804e+01
1.804902896547693203e+01
1.819349020999469602e+01
1.833795145451246000e+01
1.848241269903022399e+01
1.862687394354798798e+01
1.877133518806574841e+01
1.891579643258351240e+01
1.906025767710127639e+01
1.920471892161904037e+01
1.934918016613680436e+01
1.949364141065456835e+01
1.963810265517233233e+01
1.978256389969009632e+01
1.992702514420785675e+01
2.007148638872562074e+01
2.021594763324338473e+01
2.036040887776114872e+01
2.050487012227891270e+01
2.064933136679667669e+01
2.079379261131444068e+01
2.093825385583220466e+01
2.108271510034996865e+01
2.122717634486772909e+01
2.137163758938549307e+01
2.151609883390325706e+01
2.166056007842102105e+01
2.180502132293878503e+01
2.194948256745654902e+01
2.209394381197431301e+01
2.223840505649207699e+01
2.238286630100983743e+01
2.252732754552760142e+01
2.267178879004536540e+01
2.281625003456312939e+01
2.296071127908089338e+01
2.310517252359865736e+01
2.324963376811642135e+01
2.339409501263418534e+01
2.353855625715194932e+01
2.368301750166970976e+01
2.382747874618747375e+01
2.397193999070523773e+01
2.411640123522300172e+01
2.426086247974076571e+01
2.440532372425852969e+01
2.454978496877629368e+01
2.469424621329405767e+01
2.483870745781182166e+01
2.498316870232958209e+01
2.512762994684734608e+01
2.527209119136511006e+01
2.541655243588287405e+01
2.556101368040063804e+01
2.570547492491840202e+01
2.584993616943616246e+01
