0.000000000000000000e+00
2.644063870800661062e-02
5.288127741601322124e-02
7.932191612401982839e-02
1.057625548320264425e-01
1.322031935400330427e-01
1.586438322480396568e-01
1.850844709560462709e-01
2.115251096640528850e-01
2.379657483720594990e-01
2.644063870800660854e-01
2.908470257880726995e-01
3.172876644960793135e-01
3.447275428910244743e-01
3.721674212859696351e-01
3.996072996809147959e-01
4.270471780758599567e-01
4.544870564708051175e-01
4.819269348657502228e-01
5.093668132606954391e-01
5.368066916556405443e-01
5.642465700505857606e-01
5.642465700505857606e-01
5.893400082834678866e-01
6.144334465163500125e-01
6.395268847492321385e-01
6.646203229821142644e-01
6.897137612149963903e-01
7.148071994478786273e-01
7.399006376807607532e-01
7.649940759136428792e-01
7.900875141465250051e-01
8.151809523794071310e-01
8.402743906122892570e-01
8.653678288451713829e-01
8.904612670780535089e-01
9.155547053109356348e-01
9.406481435438178718e-01
9.657415817766998867e-01
9.905375717593863927e-01
1.015333561742072899e+00
1.040129551724759294e+00
1.064925541707445689e+00
1.089721531690132306e+00
1.114517521672818701e+00
1.139313511655505096e+00
1.164109501638191713e+00
1.188905491620878108e+00
1.213701481603564503e+00
1.238497471586251120e+00
1.263293461568937515e+00
1.288089451551623910e+00
1.312885441534310527e+00
1.312885441534310527e+00
1.337602672181670282e+00
1.362319902829030260e+00
1.387037133476390016e+00
1.411754364123749994e+00
1.436471594771109750e+00
1.461188825418469506e+00
1.485906056065829484e+00
1.510623286713189239e+00
1.535340517360549217e+00
1.560057748007908973e+00
1.584774978655268951e+00
1.609492209302628707e+00
1.634209439949988685e+00
1.658926670597348441e+00
1.683643901244708196e+00
1.708361131892068174e+00
1.733078362539427930e+00
1.757795593186787908e+00
1.782452823136660758e+00
1.807110053086533386e+00
1.831767283036406235e+00
1.856424512986278863e+00
1.881081742936151713e+00
1.905738972886024563e+00
1.930396202835897190e+00
1.955053432785770040e+00
1.979710662735642668e+00
2.004367892685515518e+00
2.029025122635388367e+00
2.029025122635388367e+00
2.053274778132927025e+00
2.077524433630466127e+00
2.101774089128004785e+00
2.126023744625543443e+00
2.150273400123082546e+00
2.174523055620621204e+00
2.198772711118159862e+00
2.223022366615698964e+00
2.247272022113237622e+00
2.271521677610776280e+00
2.295771333108315382e+00
2.320020988605854040e+00
2.344270644103392698e+00
2.368520299600931356e+00
2.392769955098470458e+00
2.417019610596009116e+00
