-2.251158093563579949e-07 -6.639415270163949135e-08 9.187555144975589411e-08 1.231657374311086706e+01 1.231657374311091679e+01 1.231657374311101627e+01
-9.548543624087215687e-01 5.457880349576774703e-01 9.895697661421398728e-01 1.232428039936708153e+01 1.239404274852568477e+01 1.249033771744666765e+01
-1.700156288203834132e+00 1.100044704851905530e+00 1.964790644691148946e+00 1.234581745526509700e+01 1.260398899459480937e+01 1.296033462960018845e+01
-2.090853536951818192e+00 1.667688802280660632e+00 2.907018932015597468e+00 1.237693704088989755e+01 1.288830422909201801e+01 1.361504660624045115e+01
-2.021443732074168498e+00 2.247845619125450778e+00 3.795317870297185703e+00 1.241202184265190134e+01 1.317425282216497529e+01 1.434660762636296027e+01
-1.232177355923690598e+00 2.833424612986021440e+00 4.614225510452951262e+00 1.244567931576135855e+01 1.339462245899168380e+01 1.507378634925806971e+01
1.773605901019957409e+00 3.412186823599344443e+00 5.361898814166012883e+00 1.247410944307901204e+01 1.349988338291701595e+01 1.573787389634694378e+01
3.040073848002303958e+00 3.968638853791838006e+00 6.052832612094006137e+00 1.249588024496109639e+01 1.346254513990406743e+01 1.629519337278883029e+01
3.990659363752302902e+00 4.486221116043147994e+00 6.710838750134323405e+00 1.251194668565795176e+01 1.327702330730013536e+01 1.671375619380123112e+01
4.742872626549067050e+00 4.949498828755906743e+00 7.354089909161466210e+00 1.252492266122774467e+01 1.295789119595240457e+01 1.697365183308493286e+01
5.346156301364910490e+00 5.346156301365058816e+00 7.985258076857334686e+00 1.253779285144545774e+01 1.253779285144551991e+01 1.706949797174832639e+01
5.668491183273139278e+00 5.833256411166131805e+00 8.595139964669067822e+00 1.206481864720278097e+01 1.255246875226111314e+01 1.701395581611831176e+01
5.913957604795420764e+00 6.215898114666731367e+00 9.166515466088425157e+00 1.159787124623958832e+01 1.256877364856089940e+01 1.684197309011177524e+01
6.084385675844950825e+00 6.490403999185353712e+00 9.666462303550423130e+00 1.119775221860757064e+01 1.258438077070894323e+01 1.661477424045126128e+01
6.183956276544882336e+00 6.652738088817170770e+00 1.003649353094433572e+01 1.091542699056285670e+01 1.259580984459076802e+01 1.641801874991192634e+01
6.216617113771544467e+00 6.705821884522479515e+00 1.018546408592140828e+01 1.080360804654730700e+01 1.260001891516550820e+01 1.633922489352296736e+01
6.297143702677443500e+00 6.737216953336264247e+00 1.011787295148593913e+01 1.093461745618341396e+01 1.259118208699331731e+01 1.629179127431826757e+01
6.513083575447120133e+00 6.837675725457377673e+00 9.943931345573661318e+00 1.127769446483511828e+01 1.257292089579802408e+01 1.614933479970732222e+01
6.784505498648483623e+00 7.031305248998279467e+00 9.694127511919434781e+00 1.175028900832713141e+01 1.256922519548435702e+01 1.591279764504075978e+01
7.012763581327768669e+00 7.333148381461301213e+00 9.396931360619813489e+00 1.223569188817979203e+01 1.264417310878092238e+01 1.558760492908884920e+01
7.180875102343067695e+00 7.659996698001558357e+00 9.095006582432004549e+00 1.247661589553361949e+01 1.300471107591567410e+01 1.518762500834549556e+01
7.266310210341988096e+00 7.913727421159694408e+00 8.860180638946019371e+00 1.256457155155186811e+01 1.350684492119465219e+01 1.474311827426699573e+01
7.238306825345858009e+00 7.963771358628719987e+00 8.819468741391384370e+00 1.262381993933411017e+01 1.386896681392334330e+01 1.440208549461176446e+01
7.094674241955382321e+00 7.958384933023280539e+00 8.928918934600259760e+00 1.267228214625783345e+01 1.363191712643838649e+01 1.449295065287730111e+01
6.667070178068933650e+00 8.060756023807631010e+00 9.060246066397603215e+00 1.263853198860189231e+01 1.335773088670878828e+01 1.473367760287382922e+01
6.188290034431068953e+00 8.163711982137343171e+00 9.174298932369241655e+00 1.250145206651820651e+01 1.324481530785976879e+01 1.494043456992142005e+01
5.821734957518028608e+00 8.230123394138106008e+00 9.251836756317008081e+00 1.235969529379650034e+01 1.322715565506899793e+01 1.507475061538214156e+01
5.684062975460355993e+00 8.252609942958455846e+00 9.279509263352929693e+00 1.230383963310445594e+01 1.322819732029267747e+01 1.512107602751759394e+01
5.418553525643159396e+00 8.610637883250074509e+00 9.048351110151413579e+00 1.240153986669385056e+01 1.357556476493945219e+01 1.466438241522619101e+01
5.127487886040531961e+00 8.427864599904470566e+00 9.017193636143504776e+00 1.239638300697037465e+01 1.384855368948000631e+01 1.448205311971594433e+01
4.808725989512663723e+00 7.899469589935420366e+00 8.974662022617147628e+00 1.234306356267456728e+01 1.367739591374686370e+01 1.494999238343806347e+01
4.428590230265849748e+00 7.232855719026572316e+00 8.785835907208022988e+00 1.232299620738422163e+01 1.351746971451260393e+01 1.554790392689714196e+01
3.911884820429481824e+00 6.495928779067922321e+00 8.497866387481307626e+00 1.241661465332980896e+01 1.348794258149631631e+01 1.605311620858894273e+01
3.146290840780251674e+00 5.750846356497984146e+00 8.157790730775777988e+00 1.266267296076805948e+01 1.355819371492340331e+01 1.638392284204024918e+01
1.898488454960676419e+00 5.040975160153243984e+00 7.785705261214588724e+00 1.303266620684637900e+01 1.366580953816425037e+01 1.650520587778980897e+01
-1.710443884612913967e+00 4.377641881127714463e+00 7.369771452598364192e+00 1.344427960244389020e+01 1.374636578582060586e+01 1.641301182442016682e+01
-2.975529223910457155e+00 3.743237184958655650e+00 6.873773437064525815e+00 1.375031336310493657e+01 1.379756091560623688e+01 1.612333869114339890e+01
-3.654227184625633118e+00 3.108219820345905937e+00 6.254561493253675053e+00 1.365293199883219444e+01 1.400566814945531746e+01 1.566209929311508731e+01
-3.961319582558805674e+00 2.452305680494142770e+00 5.482498240784079435e+00 1.345652550396688696e+01 1.401238242489891306e+01 1.506077844512099517e+01
-3.917279342317736113e+00 1.780676643986391694e+00 4.555385802762118352e+00 1.318576366457426907e+01 1.380170826650715377e+01 1.436186728407133550e+01
-3.499082607794150590e+00 1.131071187136754919e+00 3.499914003042205124e+00 1.288155697159509394e+01 1.340595447256849759e+01 1.363111042755420321e+01
-2.679083139067006680e+00 5.707926386522371720e-01 2.361254032587005725e+00 1.259708758770139347e+01 1.291628634076296223e+01 1.296648868907677787e+01
-1.470663414149376402e+00 1.809269575163466315e-01 1.185102777835565835e+00 1.239184357658585078e+01 1.249016132549594005e+01 1.249084423974729496e+01
-2.251158093563579949e-07 -6.639415270163949135e-08 9.187555144975589411e-08 1.231657374311086706e+01 1.231657374311091679e+01 1.231657374311101627e+01
-2.317039317669969734e+00 4.630655065756927868e-01 1.376207187987444458e+00 1.241091381812708150e+01 1.250733235299294144e+01 1.267970691924679905e+01
-3.974693260920904248e+00 1.131429007043995849e+00 2.659070050229798365e+00 1.266026209452284768e+01 1.301993405915638569e+01 1.344544490734322295e+01
-4.821090213793635115e+00 1.882942913422252396e+00 3.789554533945530768e+00 1.297121881664942400e+01 1.373872030882430195e+01 1.413215786247866035e+01
-4.935427040805969945e+00 2.504542962096038661e+00 4.756629504385203155e+00 1.322045060511974413e+01 1.447958118853105169e+01 1.457100265239519921e+01
-4.408701450249595588e+00 2.872682613794742768e+00 5.590046533829641007e+00 1.330783798217727920e+01 1.441057163040101941e+01 1.543716384560575605e+01
-3.252071585035877010e+00 3.000368751277835422e+00 6.350228287519337655e+00 1.319872965823710231e+01 1.397353198845413225e+01 1.623623032662207777e+01
-7.816456713365870224e-01 3.016289295266220361e+00 7.106090593868194638e+00 1.292910444646599011e+01 1.331834806632665824e+01 1.685726391108047650e+01
2.737534313458851898e+00 3.105559449864957244e+00 7.892696470169276779e+00 1.258375963750725290e+01 1.267146357421758651e+01 1.721983828698866859e+01
3.390925693214437153e+00 3.401860672695924404e+00 8.683402584870155039e+00 1.225855733961909877e+01 1.226114526377094727e+01 1.730688081652967725e+01
3.425667012066459183e+00 3.835667831692811447e+00 9.399223692739390401e+00 1.203569719061119692e+01 1.216164539503807163e+01 1.717540109046430175e+01
3.184480816567061279e+00 4.298189320245625389e+00 9.944866806966674133e+00 1.193273359903539976e+01 1.227212702965862690e+01 1.694107218320948860e+01
2.953283685176789408e+00 4.637811413459075105e+00 1.026081079423681430e+01 1.192166862212976319e+01 1.241903354537059379e+01 1.673582884191680265e+01
2.865744324839333057e+00 4.761797755128212906e+00 1.035807351559353506e+01 1.193174948656930390e+01 1.248163912447902923e+01 1.665626808969600248e+01
3.076425497762190986e+00 4.792686989079018467e+00 1.034610775595071708e+01 1.195150825206027001e+01 1.250759023326874342e+01 1.659914025021547701e+01
3.594576007404900686e+00 4.909351117166475653e+00 1.030690693143406023e+01 1.200329039867245839e+01 1.258990778795936016e+01 1.643116084063500892e+01
4.159859313357024746e+00 5.211964765007786049e+00 1.023296111722773993e+01 1.206912304967633354e+01 1.273658169760856573e+01 1.616289586789941168e+01
4.539389179134141195e+00 5.812858470381402576e+00 1.011662930522526693e+01 1.213292478322794743e+01 1.294592019361811275e+01 1.581342984887416314e+01
4.787928667350836776e+00 6.575268127901746418e+00 9.951922545307750667e+00 1.218813851214809851e+01 1.319855009747834806e+01 1.541427194155516034e+01
5.007441524862401572e+00 7.329146585039451267e+00 9.735126671437214441e+00 1.223421969580678770e+01 1.345183090661195990e+01 1.502269793418301091e+01
5.222379889581477030e+00 7.977933017184973608e+00 9.471035743759363967e+00 1.227266397317094437e+01 1.359975855326964123e+01 1.476672850385115332e+01
5.425830545691978202e+00 8.409801393128969238e+00 9.217355144107427734e+00 1.230664541089186592e+01 1.348867072018882141e+01 1.482448034513301494e+01
5.599602630505668088e+00 8.366132495550029802e+00 9.206742715307731473e+00 1.234175935156531168e+01 1.320868803113795842e+01 1.512083833210219908e+01
5.801534115560906812e+00 8.348426901485341389e+00 9.171303754557483146e+00 1.236567923175725880e+01 1.320432366547377079e+01 1.508180374662201828e+01
6.193498999016913587e+00 8.287100351162228762e+00 9.078168921613087861e+00 1.248975781313964539e+01 1.321745526915248270e+01 1.496305858284149437e+01
6.665905162429377917e+00 8.189500912849988268e+00 8.949518899291902585e+00 1.262680833113042311e+01 1.331926210413746681e+01 1.477569812894538437e+01
7.073068600319476928e+00 8.075701367380114348e+00 8.832059602582075897e+00 1.266663129809097832e+01 1.358396966595395838e+01 1.454782098785444688e+01
7.238306825345858009e+00 7.963771358628719987e+00 8.819468741391384370e+00 1.262381993933411017e+01 1.386896681392334330e+01 1.440208549461176446e+01
7.056291613365336168e+00 8.108999107322890865e+00 8.842234689635144917e+00 1.271295768912150947e+01 1.374963978607072335e+01 1.428283795857807448e+01
6.645087655002947180e+00 8.192404109261714140e+00 8.951401336552693877e+00 1.272530734589391876e+01 1.369184027106793877e+01 1.425240543820823369e+01
6.165987824829246122e+00 8.020257069341310441e+00 9.186246049968570304e+00 1.266671833845450301e+01 1.363561426740143290e+01 1.436303618908339708e+01
5.670796291076692697e+00 7.662797654901264188e+00 9.452457407180489213e+00 1.258341674121720821e+01 1.351431628304723631e+01 1.461919243327539064e+01
5.185928071758056923e+00 7.192213493829485493e+00 9.695457202460021406e+00 1.250584670646678731e+01 1.333654849080669003e+01 1.495743940154107854e+01
4.727897297741752602e+00 6.660062310392801166e+00 9.900199920111475649e+00 1.244202998859735487e+01 1.312277173873233593e+01 1.532427941293727969e+01
4.303547095086354801e+00 6.117587047718578752e+00 1.006384170311089221e+01 1.238589051995666246e+01 1.289587588608307911e+01 1.568368323783446883e+01
3.908830599771076386e+00 5.620758996388150130e+00 1.018725028700442259e+01 1.231682309030703770e+01 1.269272693781087291e+01 1.600948409756934510e+01
3.536962295194166828e+00 5.222952658133338311e+00 1.027285886736205889e+01 1.220476312984700940e+01 1.256278963758661327e+01 1.628198949210104018e+01
3.202582321592111647e+00 4.953700498101231808e+00 1.032500887604567907e+01 1.206960621722442362e+01 1.250713758319800384e+01 1.648664050614355503e+01
2.957377146284262626e+00 4.807149735208235519e+00 1.035074550082401323e+01 1.196825431657106442e+01 1.248681014255184429e+01 1.661337276226511150e+01
2.865744324839333057e+00 4.761797755128212906e+00 1.035807351559353506e+01 1.193174948656930390e+01 1.248163912447902923e+01 1.665626808969600248e+01
2.928019727982019038e+00 4.822277877887194641e+00 1.035096233946533140e+01 1.198326381226652337e+01 1.247910062025420785e+01 1.660996299837063006e+01
3.105889836420117955e+00 5.007781775101594945e+00 1.032411741416952644e+01 1.213339004146268962e+01 1.247123862932592964e+01 1.647343331374459297e+01
3.376623077474909529e+00 5.323452873602882995e+00 1.026651015319744609e+01 1.236716539078092936e+01 1.245748213144918992e+01 1.625393298125251107e+01
3.711878374548588599e+00 5.762213517845637512e+00 1.016967678223264571e+01 1.243739001954972068e+01 1.265937998323011549e+01 1.596398024149541506e+01
4.083604679554466266e+00 6.298009171597192868e+00 1.002975295204201522e+01 1.241125685175302706e+01 1.297980217807640102e+01 1.562256901679903009e+01
4.466242540473825962e+00 6.888215719922174962e+00 9.846612385450873361e+00 1.238069326838164130e+01 1.329561143001155088e+01 1.525927560074891964e+01
4.836912893091237287e+00 7.478219220699327430e+00 9.625562448995745868e+00 1.234900705846111713e+01 1.355832996559754200e+01 1.492981817095061992e+01
5.175143976939489576e+00 7.997113362945920123e+00 9.388573878668077910e+00 1.232124734399032207e+01 1.366062544652632837e+01 1.475772253567863679e+01
5.462771208150192237e+00 8.315550311420730978e+00 9.222762464299837148e+00 1.230383953535294239e+01 1.350992351648714873e+01 1.485608446503609414e+01
5.684062975460355993e+00 8.252609942958455846e+00 9.279509263352929693e+00 1.230383963310445594e+01 1.322819732029267747e+01 1.512107602751759394e+01
5.599602630505668088e+00 8.366132495550029802e+00 9.206742715307731473e+00 1.234175935156531168e+01 1.320868803113795842e+01 1.512083833210219908e+01
5.799740968143733078e+00 8.034253684624200531e+00 9.402236935663234263e+00 1.215904686328404338e+01 1.292705717753319661e+01 1.550680336534313675e+01
6.013846519637895405e+00 7.625255666024430390e+00 9.613714440196849509e+00 1.187469186213729699e+01 1.272602313261963403e+01 1.583127129583298931e+01
6.241078512940864798e+00 7.153540860455676054e+00 9.836697555085521572e+00 1.152427392487016533e+01 1.261569919847723042e+01 1.607187367512462473e+01
6.462272698242831126e+00 6.692381693371983076e+00 1.002769141284512777e+01 1.117136521758530598e+01 1.258293900158536083e+01 1.622837297535825130e+01
6.345013187448299341e+00 6.638396132593566534e+00 1.014756871896880597e+01 1.090342606247158841e+01 1.259130318909955548e+01 1.631295474371485810e+01
6.216617113771544467e+00 6.705821884522479515e+00 1.018546408592140828e+01 1.080360804654730700e+01 1.260001891516550820e+01 1.633922489352296736e+01
