0.000000000000000000e+00
9.569418014738868827e-02
1.913883602947773765e-01
2.870825404421660787e-01
3.827767205895547531e-01
4.784709007369434275e-01
5.741650808843321574e-01
6.698592610317207763e-01
7.655534411791095062e-01
8.612476213264982361e-01
9.569418014738868550e-01
1.052635981621275585e+00
1.148330161768664315e+00
1.244024341916053045e+00
1.339718522063441553e+00
1.435412702210830282e+00
1.537942180940175430e+00
1.640471659669520355e+00
1.743001138398865280e+00
1.845530617128210427e+00
1.948060095857555574e+00
2.050589574586900277e+00
2.153119053316245424e+00
2.254618058869704011e+00
2.356117064423162155e+00
2.457616069976620743e+00
2.559115075530079331e+00
2.660614081083537918e+00
2.755769398789905011e+00
2.850924716496272548e+00
2.946080034202639641e+00
3.041235351909007179e+00
3.136390669615374271e+00
3.231545987321741809e+00
3.326701305028108901e+00
3.421856622734476439e+00
3.517011940440843532e+00
3.612167258147211069e+00
3.707322575853578162e+00
3.802477893559945699e+00
3.897633211266312792e+00
3.992788528972679885e+00
4.087943846679047866e+00
4.183099164385414959e+00
4.278722538618449533e+00
4.374345912851483220e+00
4.469969287084517795e+00
4.565592661317552370e+00
4.661216035550586945e+00
4.756839409783621520e+00
4.852462784016655206e+00
4.948086158249689781e+00
5.043709532482724356e+00
5.139332906715758043e+00
5.234956280948792617e+00
5.330579655181827192e+00
5.426203029414861767e+00
5.523870493046143082e+00
5.621537956677423509e+00
5.719205420308704824e+00
5.816872883939985250e+00
5.914540347571266565e+00
6.012207811202546992e+00
6.109875274833828307e+00
6.207542738465109622e+00
6.305210202096390049e+00
6.406709207649848636e+00
6.508208213203307224e+00
6.609707218756765812e+00
6.711206224310224400e+00
6.812705229863682099e+00
6.897287734491563960e+00
6.981870239119445820e+00
7.066452743747328569e+00
7.151035248375210429e+00
7.235617753003092290e+00
7.320200257630974150e+00
7.404782762258856899e+00
7.489365266886738759e+00
7.573947771514620619e+00
7.658530276142502480e+00
7.743112780770385228e+00
7.827695285398267089e+00
7.915596002666419828e+00
8.003496719934572567e+00
8.091397437202726195e+00
8.179298154470878046e+00
8.267198871739031674e+00
8.355099589007183525e+00
8.443000306275337152e+00
8.530901023543489003e+00
8.618801740811642631e+00
8.706702458079796259e+00
8.706702458079796259e+00
8.791284962707678119e+00
8.875867467335559979e+00
8.960449971963441840e+00
9.045032476591323700e+00
9.129614981219205561e+00
9.214197485847089197e+00
