0.000000000000000000e+00
2.602195164871007674e-02
5.204390329742015348e-02
7.806585494613023368e-02
1.040878065948403070e-01
1.301097582435503941e-01
1.561317098922604674e-01
1.821536615409705406e-01
2.081756131896806139e-01
2.341975648383906872e-01
2.602195164871007882e-01
2.862414681358108615e-01
3.122634197845209347e-01
3.382853714332310080e-01
3.646365612691103708e-01
3.909877511049896781e-01
4.173389409408690409e-01
4.436901307767484037e-01
4.700413206126277110e-01
4.963925104485070738e-01
5.227437002843864366e-01
5.490948901202657995e-01
5.754460799561451623e-01
5.754460799561451623e-01
6.007392556162580721e-01
6.260324312763710930e-01
6.513256069364840029e-01
6.766187825965969127e-01
7.019119582567099336e-01
7.272051339168228434e-01
7.524983095769357533e-01
7.777914852370487742e-01
8.030846608971616840e-01
8.283778365572747049e-01
8.536710122173876147e-01
8.789641878775005246e-01
9.042573635376134344e-01
9.295505391977264553e-01
9.548437148578393652e-01
9.801368905179523860e-01
1.005178880554711718e+00
1.030220870591471272e+00
1.055262860628230603e+00
1.080304850664990157e+00
1.105346840701749489e+00
1.130388830738508821e+00
1.155430820775268375e+00
1.180472810812027706e+00
1.205514800848787260e+00
1.230556790885546592e+00
1.255598780922305924e+00
1.280640770959065478e+00
1.305682760995824809e+00
1.305682760995824809e+00
1.329968764071135512e+00
1.354254767146445992e+00
1.378540770221756695e+00
1.402826773297067398e+00
1.427112776372377878e+00
1.451398779447688581e+00
1.475684782522999061e+00
1.499970785598309764e+00
1.524256788673620466e+00
1.548542791748930947e+00
1.572828794824241649e+00
1.597114797899552130e+00
1.621400800974862833e+00
1.645686804050173535e+00
1.669972807125484238e+00
1.694258810200794718e+00
1.718544813276105199e+00
1.742210143271220479e+00
1.765875473266335760e+00
1.789540803261450819e+00
1.813206133256566099e+00
1.836871463251681380e+00
1.860536793246796661e+00
1.884202123241911941e+00
1.907867453237027000e+00
1.931532783232142281e+00
1.955198113227257561e+00
1.978863443222372842e+00
2.002528773217488123e+00
2.002528773217488123e+00
2.025764513795401012e+00
2.049000254373313901e+00
2.072235994951226790e+00
2.095471735529139679e+00
2.118707476107052567e+00
2.141943216684965456e+00
2.165178957262878345e+00
2.188414697840791234e+00
2.211650438418704123e+00
2.234886178996617012e+00
2.258121919574529901e+00
2.281357660152442790e+00
2.304593400730355679e+00
2.327829141308268568e+00
2.351064881886181013e+00
2.374300622464094346e+00
