6.510863083712160881e-03
1.283673921471844837e-01
2.502239212106568411e-01
3.720804502741291153e-01
4.939369793376014450e-01
6.157935084010738302e-01
7.376500374645461600e-01
8.595065665280183786e-01
9.813630955914908194e-01
1.103219624654963260e+00
1.225076153718435590e+00
1.346932682781907697e+00
1.468789211845380027e+00
1.590645740908852357e+00
1.712502269972324687e+00
1.834358799035797016e+00
1.956215328099269124e+00
2.078071857162741232e+00
2.199928386226214450e+00
2.321784915289686335e+00
2.443641444353158665e+00
2.565497973416630995e+00
2.687354502480102880e+00
2.809211031543576098e+00
2.931067560607048428e+00
3.052924089670520313e+00
3.174780618733992643e+00
3.296637147797464529e+00
3.418493676860936858e+00
3.540350205924410076e+00
3.662206734987881962e+00
3.784063264051354292e+00
3.905919793114826621e+00
4.027776322178298507e+00
4.149632851241770837e+00
4.271489380305244055e+00
4.393345909368715496e+00
4.515202438432187826e+00
4.637058967495660156e+00
4.758915496559132485e+00
4.880772025622605703e+00
5.002628554686078033e+00
5.124485083749549474e+00
5.246341612813021804e+00
5.368198141876494134e+00
5.490054670939966464e+00
5.611911200003439681e+00
5.733767729066911123e+00
5.855624258130383453e+00
5.977480787193855782e+00
6.099337316257328112e+00
6.221193845320801330e+00
6.343050374384272772e+00
6.464906903447745101e+00
6.586763432511217431e+00
6.708619961574689761e+00
6.830476490638162090e+00
6.952333019701634420e+00
7.074189548765106750e+00
7.196046077828579079e+00
7.317902606892051409e+00
7.439759135955523739e+00
7.561615665018996957e+00
7.683472194082467510e+00
7.805328723145940728e+00
7.927185252209413946e+00
8.049041781272885387e+00
8.170898310336358605e+00
8.292754839399830047e+00
8.414611368463303265e+00
8.536467897526774706e+00
8.658324426590246148e+00
8.780180955653719366e+00
8.902037484717190807e+00
9.023894013780664025e+00
9.145750542844137243e+00
9.267607071907608685e+00
9.389463600971081902e+00
9.511320130034553344e+00
9.633176659098026562e+00
9.755033188161499780e+00
9.876889717224969445e+00
9.998746246288442663e+00
1.012060277535191410e+01
1.024245930441538732e+01
1.036431583347885876e+01
1.048617236254233198e+01
1.060802889160580520e+01
1.072988542066927664e+01
1.085174194973274986e+01
1.097359847879622130e+01
1.109545500785969452e+01
1.121731153692316596e+01
1.133916806598663740e+01
1.146102459505011062e+01
1.158288112411358206e+01
1.170473765317705528e+01
1.182659418224052850e+01
1.194845071130399994e+01
1.207030724036747316e+01
1.219216376943094460e+01
1.231402029849441782e+01
1.243587682755788926e+01
1.255773335662136070e+01
1.267958988568483392e+01
1.280144641474830536e+01
1.292330294381177858e+01
1.304515947287525179e+01
1.316701600193872324e+01
1.328887253100219645e+01
1.341072906006566789e+01
1.353258558912914111e+01
1.365444211819261255e+01
1.377629864725608400e+01
1.389815517631955721e+01
1.402001170538302866e+01
1.414186823444650187e+01
1.426372476350997331e+01
1.438558129257344653e+01
1.450743782163691975e+01
1.462929435070039119e+01
1.475115087976386441e+01
1.487300740882733585e+01
1.499486393789080729e+01
1.511672046695428229e+01
1.523857699601775373e+01
1.536043352508122517e+01
1.548229005414470016e+01
1.560414658320817161e+01
1.572600311227164305e+01
1.584785964133511804e+01
1.596971617039858948e+01
1.609157269946205915e+01
1.621342922852553059e+01
1.633528575758900558e+01
1.645714228665247703e+01
1.657899881571594847e+01
1.670085534477942346e+01
1.682271187384289490e+01
1.694456840290636634e+01
1.706642493196984134e+01
1.718828146103331278e+01
1.731013799009678422e+01
1.743199451916025566e+01
1.755385104822373066e+01
1.767570757728720210e+01
1.779756410635067354e+01
1.791942063541414853e+01
1.804127716447761998e+01
1.816313369354108787e+01
1.828499022260456286e+01
1.840684675166803430e+01
1.852870328073150574e+01
1.865055980979497718e+01
1.877241633885845218e+01
1.889427286792192362e+01
1.901612939698539506e+01
1.913798592604887006e+01
1.925984245511234150e+01
1.938169898417581294e+01
1.950355551323928793e+01
1.962541204230275937e+01
1.974726857136623082e+01
1.986912510042970226e+01
1.999098162949317725e+01
2.011283815855664869e+01
2.023469468762012013e+01
2.035655121668359513e+01
2.047840774574706657e+01
2.060026427481053801e+01
2.072212080387400590e+01
2.084397733293748090e+01
2.096583386200095234e+01
2.108769039106442378e+01
2.120954692012789877e+01
2.133140344919137021e+01
2.145325997825484166e+01
2.157511650731831665e+01
2.169697303638178809e+01
2.181882956544525953e+01
2.194068609450873097e+01
2.206254262357220597e+01
2.218439915263567741e+01
2.230625568169914885e+01
2.242811221076262385e+01
2.254996873982609529e+01
2.267182526888956673e+01
2.279368179795304172e+01
2.291553832701651316e+01
2.303739485607998461e+01
2.315925138514345605e+01
2.328110791420692749e+01
2.340296444327039893e+01
2.352482097233387037e+01
2.364667750139734537e+01
2.376853403046081681e+01
2.389039055952428825e+01
2.401224708858775969e+01
2.413410361765123469e+01
2.425596014671470613e+01
