-2.674451556238747862e+00
-2.538938050403857893e+00
-2.403424544568967924e+00
-2.267911038734077511e+00
-2.132397532899187542e+00
-1.996884027064297573e+00
-1.861370521229407382e+00
-1.725857015394517191e+00
-1.590343509559627222e+00
-1.454830003724737031e+00
-1.319316497889846840e+00
-1.183802992054956871e+00
-1.048289486220066902e+00
-9.127759803851765996e-01
-7.772624745502864085e-01
-6.417489687153965505e-01
-5.062354628805063594e-01
-3.707219570456161128e-01
-2.352084512107263103e-01
-9.969494537583606375e-02
3.581856045905415509e-02
1.713320662939439576e-01
3.068455721288341764e-01
4.423590779637244230e-01
5.778725837986142810e-01
7.133860896335044721e-01
8.488995954683946632e-01
9.844131013032849653e-01
1.119926607138175045e+00
1.255440112973064570e+00
1.390953618807954761e+00
1.526467124642844952e+00
1.661980630477735144e+00
1.797494136312625557e+00
1.933007642147515748e+00
2.068521147982405939e+00
2.204034653817295464e+00
2.339548159652185433e+00
2.475061665487075846e+00
2.610575171321965815e+00
2.746088677156856228e+00
2.881602182991746641e+00
3.017115688826635722e+00
3.152629194661526135e+00
3.288142700496416104e+00
3.423656206331306517e+00
3.559169712166196931e+00
3.694683218001086900e+00
3.830196723835976425e+00
3.965710229670866394e+00
4.101223735505756807e+00
4.236737241340646776e+00
4.372250747175537633e+00
4.507764253010427602e+00
4.643277758845317571e+00
4.778791264680207540e+00
4.914304770515098397e+00
5.049818276349987478e+00
5.185331782184876559e+00
5.320845288019768304e+00
5.456358793854657385e+00
5.591872299689548242e+00
5.727385805524438211e+00
5.862899311359329069e+00
5.998412817194218150e+00
6.133926323029108119e+00
6.269439828863998976e+00
6.404953334698888057e+00
6.540466840533778914e+00
6.675980346368668883e+00
6.811493852203559740e+00
6.947007358038448821e+00
7.082520863873338790e+00
7.218034369708229647e+00
7.353547875543118728e+00
7.489061381378010473e+00
7.624574887212898666e+00
7.760088393047789523e+00
7.895601898882680381e+00
8.031115404717567685e+00
8.166628910552459431e+00
8.302142416387351176e+00
8.437655922222241145e+00
8.573169428057129338e+00
8.708682933892021083e+00
8.844196439726911052e+00
8.979709945561799245e+00
9.115223451396690990e+00
9.250736957231580959e+00
9.386250463066472705e+00
9.521763968901360897e+00
9.657277474736250866e+00
9.792790980571142612e+00
9.928304486406030804e+00
1.006381799224092077e+01
1.019933149807581252e+01
1.033484500391069894e+01
1.047035850974559068e+01
1.060587201558048243e+01
1.074138552141537239e+01
1.087689902725026059e+01
1.101241253308515233e+01
1.114792603892004230e+01
1.128343954475493049e+01
1.141895305058982224e+01
1.155446655642471221e+01
1.168998006225960395e+01
1.182549356809449215e+01
1.196100707392938212e+01
1.209652057976427386e+01
1.223203408559916205e+01
1.236754759143405202e+01
1.250306109726894377e+01
1.263857460310383196e+01
1.277408810893872193e+01
1.290960161477361368e+01
1.304511512060850187e+01
1.318062862644339184e+01
1.331614213227828358e+01
1.345165563811317355e+01
1.358716914394806174e+01
1.372268264978295349e+01
1.385819615561784346e+01
1.399370966145273165e+01
1.412922316728762340e+01
1.426473667312251337e+01
1.440025017895740511e+01
1.453576368479229330e+01
1.467127719062718327e+01
1.480679069646207502e+01
1.494230420229696321e+01
1.507781770813185318e+01
1.521333121396674493e+01
1.534884471980163489e+01
1.548435822563652309e+01
1.561987173147141483e+01
1.575538523730630480e+01
1.589089874314119299e+01
1.602641224897608296e+01
1.616192575481097649e+01
1.629743926064586645e+01
1.643295276648075287e+01
1.656846627231564639e+01
1.670397977815053636e+01
1.683949328398542278e+01
1.697500678982031630e+01
1.711052029565520627e+01
1.724603380149009624e+01
1.738154730732498621e+01
1.751706081315987618e+01
1.765257431899476614e+01
1.778808782482965611e+01
1.792360133066454608e+01
1.805911483649943605e+01
1.819462834233432602e+01
1.833014184816921599e+01
1.846565535400410596e+01
1.860116885983899948e+01
1.873668236567388590e+01
1.887219587150877587e+01
1.900770937734366939e+01
1.914322288317855580e+01
1.927873638901344577e+01
1.941424989484833930e+01
1.954976340068322926e+01
1.968527690651811568e+01
1.982079041235300920e+01
1.995630391818789917e+01
2.009181742402278559e+01
2.022733092985767556e+01
2.036284443569256908e+01
2.049835794152745905e+01
2.063387144736234546e+01
2.076938495319723899e+01
2.090489845903212895e+01
2.104041196486701537e+01
2.117592547070190889e+01
2.131143897653679886e+01
2.144695248237168883e+01
2.158246598820657880e+01
2.171797949404146877e+01
2.185349299987635874e+01
2.198900650571124871e+01
2.212452001154613868e+01
2.226003351738102864e+01
2.239554702321592217e+01
2.253106052905080858e+01
2.266657403488569855e+01
2.280208754072059207e+01
2.293760104655547849e+01
2.307311455239036846e+01
2.320862805822526198e+01
2.334414156406014840e+01
2.347965506989503837e+01
2.361516857572993189e+01
2.375068208156482186e+01
2.388619558739970827e+01
2.402170909323460180e+01
2.415722259906949176e+01
2.429273610490437818e+01
