0.000000000000000000e+00
6.905067448525452345e-02
1.381013489705090469e-01
2.071520234557635565e-01
2.762026979410180938e-01
3.452533724262726311e-01
4.143040469115271129e-01
4.833547213967816503e-01
5.524053958820361876e-01
6.214560703672906694e-01
6.905067448525451512e-01
7.595574193377997441e-01
8.286080938230542259e-01
8.976587683083088187e-01
9.667094427935633005e-01
1.035760117278817782e+00
1.104810791764072375e+00
1.173861466249326746e+00
1.242912140734581339e+00
1.305688683815474871e+00
1.368465226896368625e+00
1.431241769977262379e+00
1.494018313058155911e+00
1.556794856139049443e+00
1.619571399219943197e+00
1.682347942300836952e+00
1.745124485381730484e+00
1.807901028462624016e+00
1.870677571543517770e+00
1.933454114624411524e+00
1.996230657705305056e+00
2.059007200786198588e+00
2.121783743867092120e+00
2.189024923940160239e+00
2.256266104013227913e+00
2.323507284086296032e+00
2.390748464159363706e+00
2.457989644232431825e+00
2.525230824305499500e+00
2.592472004378567618e+00
2.659713184451635293e+00
2.726954364524703411e+00
2.789099971561432412e+00
2.851245578598161412e+00
2.913391185634890412e+00
2.975536792671619857e+00
3.037682399708348857e+00
3.099828006745077857e+00
3.161973613781806858e+00
3.224119220818535858e+00
3.286264827855265303e+00
3.348410434891993859e+00
3.410556041928722859e+00
3.472701648965451859e+00
3.534847256002181304e+00
3.596992863038910304e+00
3.659138470075639304e+00
3.721284077112368305e+00
3.783429684149097305e+00
3.845575291185826305e+00
3.907720898222555306e+00
3.969866505259284750e+00
4.028457945468118417e+00
4.087049385676952973e+00
4.145640825885786640e+00
4.204232266094621195e+00
4.262823706303454863e+00
4.321415146512289418e+00
4.380006586721123085e+00
4.438598026929957641e+00
4.497189467138791308e+00
4.555780907347624975e+00
4.614372347556459530e+00
4.672963787765294086e+00
4.731555227974127753e+00
4.790146668182961420e+00
4.848738108391795976e+00
4.848738108391795976e+00
4.903753619360669447e+00
4.958769130329543806e+00
5.013784641298417277e+00
5.068800152267290748e+00
5.123815663236165108e+00
5.178831174205038579e+00
5.233846685173912050e+00
5.288862196142785521e+00
5.343877707111659880e+00
5.398893218080533352e+00
5.453908729049406823e+00
5.453908729049406823e+00
5.514425791115168174e+00
5.574942853180928637e+00
5.635459915246689988e+00
5.695976977312451339e+00
5.756494039378212690e+00
5.817011101443973153e+00
5.877528163509734505e+00
5.938045225575495856e+00
5.998562287641257207e+00
6.059079349707017670e+00
