0.000000000000000000e+00
2.885187739405978627e-02
5.770375478811957254e-02
8.655563218217936228e-02
1.154075095762391451e-01
1.442593869702989418e-01
1.731112643643587246e-01
2.019631417584185074e-01
2.308150191524782902e-01
2.596668965465380730e-01
2.885187739405978835e-01
3.173706513346576386e-01
3.467094756274125000e-01
3.760482999201673615e-01
4.053871242129222230e-01
4.347259485056770845e-01
4.640647727984319459e-01
4.934035970911868074e-01
5.227424213839416689e-01
5.520812456766965859e-01
5.814200699694513919e-01
6.107588942622061978e-01
6.400977185549611148e-01
6.694365428477160318e-01
6.694365428477160318e-01
6.972015316178492572e-01
7.249665203879823716e-01
7.527315091581155970e-01
7.804964979282487114e-01
8.082614866983819368e-01
8.360264754685150512e-01
8.637914642386482766e-01
8.915564530087813910e-01
9.193214417789146164e-01
9.470864305490478419e-01
9.748514193191809563e-01
1.002616408089314071e+00
1.030381396859447296e+00
1.058146385629580521e+00
1.085911374399713747e+00
1.113676363169846750e+00
1.141441351939979976e+00
1.171203135876834001e+00
1.200964919813687803e+00
1.230726703750541606e+00
1.260488487687395631e+00
1.290250271624249656e+00
1.320012055561103459e+00
1.349773839497957262e+00
1.379535623434811287e+00
1.409297407371665312e+00
1.409297407371665312e+00
1.437456178747534175e+00
1.465614950123403037e+00
1.493773721499271900e+00
1.521932492875140985e+00
1.550091264251009848e+00
1.578250035626878711e+00
1.606408807002747574e+00
1.634567578378616437e+00
1.662726349754485522e+00
1.690885121130354385e+00
1.719043892506223248e+00
1.747202663882092111e+00
1.775361435257960974e+00
1.801223619297520395e+00
1.827085803337079817e+00
1.852947987376639238e+00
1.878810171416198882e+00
1.904672355455758304e+00
1.930534539495317725e+00
1.956396723534877147e+00
1.982258907574436568e+00
2.008121091613995990e+00
2.033983275653555634e+00
2.059845459693114833e+00
2.085707643732674477e+00
2.111569827772233676e+00
2.137432011811793320e+00
2.163294195851352519e+00
2.189156379890912163e+00
2.189156379890912163e+00
2.215892186082273341e+00
2.242627992273634963e+00
2.269363798464996140e+00
2.296099604656357318e+00
2.322835410847718940e+00
2.349571217039080118e+00
2.376307023230441295e+00
2.403042829421802473e+00
2.429778635613164095e+00
2.456514441804525273e+00
2.483250247995886451e+00
2.509986054187248072e+00
2.536721860378609250e+00
2.563457666569970428e+00
2.590193472761331606e+00
2.616929278952693227e+00
2.643665085144054405e+00
2.670400891335415583e+00
