0.000000000000000000e+00
4.575939310023294238e-02
9.151878620046588475e-02
1.372781793006988271e-01
1.830375724009317695e-01
2.287969655011647119e-01
2.745563586013976543e-01
3.203157517016306244e-01
3.660751448018635390e-01
4.118345379020964536e-01
4.575939310023294238e-01
5.029782832148289584e-01
5.483626354273285486e-01
5.937469876398281388e-01
6.391313398523277289e-01
6.845156920648273191e-01
7.299000442773269093e-01
7.752843964898263884e-01
8.206687487023260896e-01
8.660531009148255688e-01
8.660531009148255688e-01
9.124189381550018574e-01
9.587847753951781460e-01
1.005150612635354435e+00
1.051516449875530501e+00
1.097882287115706790e+00
1.144248124355883078e+00
1.190613961596059367e+00
1.236979798836235656e+00
1.283345636076411944e+00
1.329711473316588233e+00
1.376077310556764299e+00
1.422443147796940810e+00
1.466698503626477246e+00
1.510953859456013459e+00
1.555209215285549895e+00
1.599464571115086109e+00
1.643719926944622545e+00
1.687975282774158980e+00
1.732230638603695194e+00
1.776485994433231630e+00
1.820741350262767844e+00
1.864996706092304279e+00
1.909252061921840493e+00
1.953507417751376929e+00
1.997762773580913365e+00
2.042018129410449578e+00
2.086273485239986236e+00
2.130528841069522450e+00
2.130528841069522450e+00
2.176231512818149305e+00
2.221934184566775716e+00
2.267636856315402571e+00
2.313339528064028983e+00
2.359042199812655838e+00
2.404744871561282693e+00
2.450447543309909104e+00
2.496150215058535959e+00
2.541852886807162371e+00
2.587555558555789226e+00
2.633258230304415637e+00
2.678960902053042492e+00
2.724663573801668903e+00
2.770366245550295758e+00
2.816068917298922614e+00
2.861771589047549025e+00
2.904785868340374222e+00
2.947800147633199419e+00
2.990814426926024616e+00
3.033828706218849369e+00
3.076842985511674566e+00
3.119857264804499763e+00
3.162871544097324961e+00
3.205885823390150158e+00
3.248900102682975355e+00
3.291914381975800552e+00
3.334928661268625305e+00
3.377942940561450502e+00
3.420957219854275699e+00
3.463971499147100896e+00
3.506985778439926094e+00
3.550000057732750847e+00
3.593014337025576044e+00
3.593014337025576044e+00
3.637269692855112257e+00
3.681525048684648915e+00
3.725780404514185129e+00
3.770035760343721343e+00
3.814291116173257556e+00
3.858546472002794214e+00
3.902801827832330428e+00
3.947057183661866642e+00
3.991312539491402855e+00
4.035567895320939513e+00
4.079823251150475727e+00
4.124078606980011941e+00
4.168333962809548154e+00
4.212589318639084368e+00
4.256844674468620582e+00
4.301100030298157684e+00
