-4.177726619647361694e+00 -4.177726619646950468e+00 -4.177726619646263018e+00 -2.380894460853418635e-07 -6.242370242784953151e-08 1.524006434428938260e-07
-4.563081196593739008e+00 -4.194496334012701055e+00 -4.194496334011985184e+00 -5.399657970943175789e-01 -5.399657970942333129e-01 3.692313291450587176e+00
-4.395895095737293090e+00 -4.242955909328494535e+00 -4.242955909327774222e+00 -1.071978872894496115e+00 -1.071978872894375101e+00 6.498494350842818790e+00
-4.317862551729188425e+00 -4.317862551728452125e+00 -3.041804844554558240e+00 -1.588240892814316796e+00 -1.588240892814154925e+00 8.946141680839124533e+00
-4.411388328664717307e+00 -4.411388328663949032e+00 -2.081254304512095032e+00 -2.081254304511892972e+00 2.912148263115649893e+00 1.116652677478719546e+01
-4.514174073220984518e+00 -4.514174073220166505e+00 -2.543950091816665537e+00 -2.543950091816435055e+00 5.664765435038684238e+00 1.318098178761863970e+01
-4.616378074058809844e+00 -4.616378074057937653e+00 -2.969778897746270019e+00 -2.969778897746019997e+00 7.705324416962424650e+00 1.498082877462666751e+01
-4.708590397394644356e+00 -4.708590397393717986e+00 -3.352729229279959977e+00 -3.352729229279697964e+00 9.376852239439998016e+00 1.654815107650412642e+01
-4.782649465773660680e+00 -4.782649465772685460e+00 -3.687189182765835849e+00 -3.687189182765566287e+00 1.073927630163210800e+01 1.786310519169147781e+01
-4.832601152114211374e+00 -4.832601152113200627e+00 -3.967440787667940505e+00 -3.967440787667674496e+00 1.180397005592830872e+01 1.890713957604627637e+01
-4.856392829301412029e+00 -4.856392829300361313e+00 -4.186251495475619144e+00 -4.186251495475354467e+00 1.256937177130512140e+01 1.966466039447792014e+01
-4.859281194418701766e+00 -4.859281194417608418e+00 -4.331638277117679792e+00 -4.331638277117415115e+00 1.303104966188137936e+01 2.012398537975778012e+01
-4.856502656354636294e+00 -4.856502656353518077e+00 -4.384295689003103291e+00 -4.384295689002856378e+00 1.318538832464095556e+01 2.027790533382496463e+01
-4.873800983231628692e+00 -4.840384190227743133e+00 -4.416045602226241762e+00 -3.955949218203813622e+00 1.316950881745292889e+01 2.014571918925258487e+01
-4.924168846905677022e+00 -4.575077823690287815e+00 -4.507840742729418260e+00 -2.704032674196839903e+00 1.312479599216996640e+01 1.975421798184867583e+01
-5.003255447071818907e+00 -4.650124929290162967e+00 -3.949404044882211195e+00 2.063073298167210634e+00 1.305991194447463144e+01 1.911920912599847000e+01
-5.104505967961532775e+00 -4.829243083098345934e+00 -2.844551781814016689e+00 4.244563514261219694e+00 1.298871749517720176e+01 1.826950177502709849e+01
-5.220000530029489383e+00 -5.029735127256826921e+00 7.790221030727394469e-01 5.711932941467042113e+00 1.292867844825378931e+01 1.725200842743961260e+01
-5.341381083861795886e+00 -5.236136098536898764e+00 3.066152892193596546e+00 6.801665236795423120e+00 1.289710636725449611e+01 1.614227692332973518e+01
-5.462076085476448739e+00 -5.432681667783646695e+00 4.155506645584266856e+00 7.513721185923282420e+00 1.290405140642800141e+01 1.506288292904954496e+01
-5.616492842706986899e+00 -5.565283862130373294e+00 4.842009966978752189e+00 7.765382004248874814e+00 1.294196128934629009e+01 1.419499555714511096e+01
-5.764880440215141455e+00 -5.657284934864144965e+00 5.243839322590766017e+00 7.518272267141846044e+00 1.298041381147569595e+01 1.370647484850909592e+01
-5.876635300089429137e+00 -5.726433166114028417e+00 5.395049697131995892e+00 6.976110551441821350e+00 1.300352426455549271e+01 1.356592090000103390e+01
-5.945864331747274356e+00 -5.769423611959852316e+00 5.304037936076675841e+00 6.552350173029387825e+00 1.302881463751867308e+01 1.356914028388026949e+01
-5.969298610864922416e+00 -5.784008437530450131e+00 5.194472700323544245e+00 6.431119875693632970e+00 1.304196978927112127e+01 1.358196348859008395e+01
-5.948739375308856658e+00 -5.770666025793016018e+00 5.414158376123193506e+00 6.440197101585069639e+00 1.300575896155696043e+01 1.359184797149328539e+01
-5.888771637966212502e+00 -5.729366012044191159e+00 5.976951376467082966e+00 6.474306260802413782e+00 1.289080766696512725e+01 1.362551265331047112e+01
-5.796611496368019090e+00 -5.654195474488035167e+00 6.549523229538562141e+00 6.676331930167092032e+00 1.268018187993687107e+01 1.369344760300846175e+01
-5.688607730503536963e+00 -5.530951311090997358e+00 6.680064631791488239e+00 7.315261296645418909e+00 1.235129328843088459e+01 1.380588702063003836e+01
-5.577527402237829612e+00 -5.349820836530221335e+00 6.866813333152533616e+00 7.756880411675992626e+00 1.188157891115899645e+01 1.395781455647049896e+01
-5.461170841889971150e+00 -5.116729450526134038e+00 7.090578582356505066e+00 7.934906159309362828e+00 1.125361443985074139e+01 1.411238291724805904e+01
-5.336597161138397993e+00 -4.839081382042548896e+00 7.309232213157849323e+00 7.842009189952515946e+00 1.046131680179220780e+01 1.420142706573725455e+01
-5.204158850329231534e+00 -4.521700349335707081e+00 7.442561399161563784e+00 7.500702212142058123e+00 9.530418093594771989e+00 1.414698240747766000e+01
-5.065878254929279123e+00 -4.168438638270290930e+00 6.935952566686308884e+00 7.253152487170867246e+00 8.640038372853487303e+00 1.388357443533427471e+01
-4.924610314757312146e+00 -3.783005088925394332e+00 6.160388272623925410e+00 6.255595674792227001e+00 8.206037901143433899e+00 1.336780487984874455e+01
-4.783788205603305421e+00 -3.369201881112125818e+00 4.581457356647650414e+00 5.164363748457713399e+00 7.973952613189421612e+00 1.257841933341467744e+01
-4.647362153900936654e+00 -2.930937110103943866e+00 2.003624150536206017e+00 3.888332366881598556e+00 7.645442667538751458e+00 1.151304127894058915e+01
-4.519760534326481505e+00 -3.120000649531311510e+00 -2.472153199314747862e+00 2.032863210978259616e+00 7.135945127997477044e+00 1.018427779086836793e+01
-4.405780675592832374e+00 -4.383832536353224008e+00 -2.335992476975663923e+00 -1.996729890678405672e+00 6.406541503668373494e+00 8.615132156083262771e+00
-4.895898382199273868e+00 -4.310350879737500307e+00 -3.581017402195321164e+00 -1.508394839588472314e+00 5.423555597393060701e+00 6.831505561703631990e+00
-4.909105701521344400e+00 -4.238141974901220799e+00 -4.147035590765137059e+00 -1.010664668236524566e+00 4.133752008311826209e+00 4.845149123135103153e+00
-4.538799234665957805e+00 -4.264361619123424596e+00 -4.193061320754934762e+00 -5.068314801673995396e-01 2.408010885168650361e+00 2.609240364108849519e+00
-4.177726619647361694e+00 -4.177726619646950468e+00 -4.177726619646263018e+00 -2.380894460853418635e-07 -6.242370242784953151e-08 1.524006434428938260e-07
-4.408751798102846564e+00 -4.408751798102144903e+00 -4.132473571386459099e+00 1.868029933494114392e+00 1.868029933494453232e+00 2.067880397510321266e+00
-4.719717927185291373e+00 -4.719717927184730932e+00 -3.936251708351208745e+00 3.278713294959510804e+00 3.278713294959911817e+00 4.020719267303098476e+00
-4.811937091017644441e+00 -4.811937091017113310e+00 -3.523356150530406072e+00 4.323424743776731027e+00 4.323424743777159129e+00 5.830625176822652911e+00
-4.599109208827791839e+00 -4.599109208827203865e+00 -2.830271720960553239e+00 5.096614735256028261e+00 5.096614735256487450e+00 7.472625584918573871e+00
-4.010397062306562788e+00 -4.010397062305812277e+00 -1.608749149222631125e+00 5.648795111404496083e+00 5.648795111404986358e+00 8.914477229592939977e+00
-2.861613668015584810e+00 -2.861613668014397316e+00 1.872889198930762777e+00 6.016344696630965494e+00 6.016344696631502842e+00 1.012840297089447361e+01
1.407285761593501272e+00 1.407285761596173357e+00 3.146839831146488908e+00 6.236010766519488158e+00 6.236010766520069026e+00 1.109735142035757249e+01
3.691133898425537296e+00 3.691133898426625315e+00 4.025393036654329570e+00 6.353566521807936240e+00 6.353566521808565071e+00 1.181782665451093450e+01
4.692972020200318894e+00 5.057631477835529132e+00 5.057631477836339151e+00 6.442368413234444091e+00 6.442368413235127100e+00 1.230102275916041954e+01
5.198496265446853393e+00 5.907408682611327677e+00 5.907408682611999140e+00 6.714188051553289682e+00 6.714188051554016212e+00 1.257248711096114846e+01
5.566077648799812927e+00 6.182136646315727013e+00 6.182136646316372719e+00 7.376269920814650938e+00 7.376269920815294867e+00 1.266984019410556606e+01
5.820068909377154931e+00 6.329031378535467489e+00 6.329031378536097208e+00 8.063357771733045354e+00 8.063357771733594248e+00 1.263796328460360918e+01
5.996873366256101789e+00 6.524822486501215657e+00 6.524822486501809848e+00 8.649927936321141431e+00 8.649927936321612165e+00 1.252183373019550139e+01
6.149189741875678017e+00 6.797797080149002191e+00 6.797797080149544868e+00 9.134696546331801059e+00 9.134696546332207845e+00 1.235891654095885883e+01
6.339199917127798400e+00 7.141044747522276914e+00 7.141044747522760971e+00 9.531802045128085155e+00 9.531802045128433321e+00 1.217431149768144039e+01
6.620141845691403404e+00 7.534442551090879014e+00 7.534442551091294682e+00 9.854913011469532691e+00 9.854913011469836448e+00 1.198062223418116723e+01
7.015987105786752664e+00 7.955206333757812054e+00 7.955206333758161996e+00 1.011258119459376026e+01 1.011258119459402671e+01 1.178137130055852921e+01
7.513893709411693322e+00 8.383348468870698511e+00 8.383348468870980952e+00 1.030679666851166587e+01 1.030679666851189680e+01 1.157501955724031539e+01
8.073813026622181255e+00 8.802764699450932540e+00 8.802764699451159913e+00 1.043411099263669328e+01 1.043411099263689934e+01 1.135755606521022365e+01
8.645852890453625150e+00 9.199557623348889379e+00 9.199557623349063462e+00 1.048875834171519017e+01 1.048875834171537136e+01 1.112355021819596779e+01
9.183735258691775982e+00 9.559353989658836426e+00 9.559353989658964323e+00 1.046686927848140947e+01 1.046686927848156579e+01 1.086747778040448864e+01
9.643308581822100933e+00 9.861948502162778851e+00 9.861948502162864116e+00 1.037365770473983062e+01 1.037365770473997806e+01 1.059348220582188382e+01
9.889781259922852286e+00 1.002703488152722500e+01 1.002703488152725875e+01 1.027952192222610961e+01 1.027952192222628014e+01 1.041163897260053872e+01
9.683444902105728502e+00 9.787880186185997644e+00 9.987005455433562773e+00 1.023046208888283459e+01 1.048363290602723374e+01 1.055956306369860975e+01
9.286558817367767560e+00 9.419132564085099801e+00 9.867406090183427736e+00 1.008362235493028081e+01 1.073521499299320325e+01 1.080114420628843064e+01
8.824157420773730109e+00 8.995826801948657803e+00 9.669343953620186838e+00 9.840304447750659378e+00 1.095677446904372054e+01 1.103706041248710257e+01
8.321272186604353749e+00 8.529242839775569962e+00 9.392145836794520974e+00 9.504933074372759805e+00 1.115255126800607499e+01 1.126368940613819980e+01
7.779485126186702182e+00 8.039714708096591167e+00 9.015813395050807699e+00 9.102180645033939754e+00 1.133633545008075139e+01 1.149199509514264683e+01
7.181967513233671774e+00 7.558257505914087737e+00 8.502984226789903843e+00 8.674353451881376742e+00 1.152196843856302699e+01 1.174293639750765728e+01
6.511246765213838827e+00 7.102706548266477959e+00 7.880133153898115417e+00 8.199194732668971142e+00 1.171082235821137374e+01 1.205479837243905905e+01
5.756971799360814934e+00 6.664018867381270361e+00 7.158919245391519581e+00 7.666948666781744137e+00 1.189453178506189701e+01 1.247298719784227394e+01
4.902894373962531027e+00 6.216867848967883248e+00 6.337048458944418705e+00 7.076698855775606312e+00 1.206878002596413602e+01 1.302602883192361816e+01
3.910158095016496915e+00 5.402368845185799628e+00 5.730467344180499190e+00 6.426533391172135623e+00 1.223382113067743404e+01 1.371657356913089743e+01
2.662809161038577344e+00 4.321144051926927965e+00 5.174573336023862602e+00 5.710570772746515367e+00 1.239037387435401705e+01 1.452380567991028215e+01
-6.132659384527689994e-01 2.987178140067080712e+00 4.518871740089125844e+00 4.915109624797372234e+00 1.253824441292403691e+01 1.541013140269248893e+01
-2.636592314649291335e+00 4.445146287607681379e-01 3.722481376939890119e+00 4.009244917434184430e+00 1.267621574589751177e+01 1.632947525945011691e+01
-3.537158322442837566e+00 -2.701802739424600475e+00 2.694623376290922412e+00 2.911352753715675146e+00 1.280228355814072394e+01 1.723422990570984226e+01
-4.119861422963364994e+00 -3.663804060706907340e+00 9.260894513122823746e-01 1.214892363909464867e+00 1.291402379334206607e+01 1.807971889045856173e+01
-4.505302238418293470e+00 -4.253293648545337646e+00 -2.260188765838328617e+00 -2.193823336208592156e+00 1.300898497945460441e+01 1.882660214283092515e+01
-4.741968548637266245e+00 -4.613304258759048260e+00 -3.224132044509454786e+00 -3.204057572018807143e+00 1.308500977601929627e+01 1.944203591034604273e+01
-4.856606003691893214e+00 -4.801927995510068214e+00 -3.842654994872954255e+00 -3.837475589116761121e+00 1.314042537197204474e+01 1.990020149857992848e+01
-4.874455985246505030e+00 -4.860237554372088375e+00 -4.234064702943670433e+00 -4.234046454730052922e+00 1.317409700233545422e+01 2.018254729015439253e+01
-4.856502656354636294e+00 -4.856502656353518077e+00 -4.384295689003103291e+00 -4.384295689002856378e+00 1.318538832464095556e+01 2.027790533382496463e+01
-5.969298610864922416e+00 -5.784008437530450131e+00 5.194472700323544245e+00 6.431119875693632970e+00 1.304196978927112127e+01 1.358196348859008395e+01
-5.815116402725867495e+00 -5.592245313488347414e+00 5.266278200344009619e+00 6.467830713838041312e+00 1.302087858561570499e+01 1.355152218056984914e+01
-5.324011494707351133e+00 -4.998087131750061474e+00 5.472958279689603245e+00 6.575918985081583124e+00 1.295798335329717688e+01 1.346121416674909632e+01
-4.403320651099731364e+00 -3.885123032013218847e+00 5.791589988264366440e+00 6.749628445492684925e+00 1.285440026717159512e+01 1.331404759522759917e+01
-2.722016682971333257e+00 -1.499596332847624058e+00 6.192392322898622403e+00 6.980474039212864135e+00 1.271192740668871224e+01 1.311489908296973894e+01
2.629119824740759004e+00 3.576420197221979347e+00 6.645572576714022794e+00 7.258487710343614729e+00 1.253295512853734550e+01 1.287029138996174460e+01
4.768284936327340517e+00 5.398957087912473973e+00 7.125475835334246000e+00 7.573380263540388846e+00 1.232034877804095352e+01 1.258805178766969490e+01
6.254397457319416986e+00 6.773333317686234700e+00 7.612629182400127981e+00 7.915407955261084538e+00 1.207731396369759658e+01 1.227683228048050879e+01
7.418032813531693748e+00 7.872919281033263772e+00 8.097468053128480392e+00 8.275883597802495828e+00 1.180726136261824522e+01 1.194549508157446382e+01
8.316331980395373691e+00 8.575007815873499695e+00 8.647359328840236614e+00 8.762884589155953918e+00 1.151370221681824368e+01 1.160243847783206661e+01
8.902553050114400790e+00 9.023500917116200171e+00 9.135545007113941907e+00 9.437682743049570888e+00 1.120025085087971917e+01 1.125515637754816822e+01
9.324952008681744786e+00 9.398443399306337653e+00 9.621806860443536280e+00 9.917898911603380441e+00 1.087103936576654917e+01 1.091122341499090531e+01
9.686635624605409944e+00 9.763291927879265586e+00 9.922744843806507120e+00 1.020229026808780048e+01 1.053395916792394615e+01 1.058857136324819415e+01
9.889781259922852286e+00 1.002703488152722500e+01 1.002703488152725875e+01 1.027952192222610961e+01 1.027952192222628014e+01 1.041163897260053872e+01
