-6.021878651075605937e+00
-5.889543534488072218e+00
-5.757208417900538500e+00
-5.624873301313003893e+00
-5.492538184725470174e+00
-5.360203068137936455e+00
-5.227867951550401848e+00
-5.095532834962868129e+00
-4.963197718375334411e+00
-4.830862601787799804e+00
-4.698527485200266085e+00
-4.566192368612731478e+00
-4.433857252025197759e+00
-4.301522135437664041e+00
-4.169187018850129434e+00
-4.036851902262595715e+00
-3.904516785675061996e+00
-3.772181669087527833e+00
-3.639846552499993670e+00
-3.507511435912459508e+00
-3.375176319324925789e+00
-3.242841202737391626e+00
-3.110506086149857463e+00
-2.978170969562323744e+00
-2.845835852974789582e+00
-2.713500736387255419e+00
-2.581165619799721700e+00
-2.448830503212187537e+00
-2.316495386624653374e+00
-2.184160270037119655e+00
-2.051825153449585493e+00
-1.919490036862051330e+00
-1.787154920274517389e+00
-1.654819803686983448e+00
-1.522484687099449285e+00
-1.390149570511915345e+00
-1.257814453924381182e+00
-1.125479337336847241e+00
-9.931442207493131891e-01
-8.608091041617792483e-01
-7.284739875742451964e-01
-5.961388709867111446e-01
-4.638037543991771483e-01
-3.314686378116430965e-01
-1.991335212241090724e-01
-6.679840463657506222e-02
6.553671195095896185e-02
1.978718285384929998e-01
3.302069451260269961e-01
4.625420617135610479e-01
5.948771783010950998e-01
7.272122948886290406e-01
8.595474114761630924e-01
9.918825280636971442e-01
1.124217644651231085e+00
1.256552761238765248e+00
1.388887877826299189e+00
1.521222994413833352e+00
1.653558111001367292e+00
1.785893227588902121e+00
1.918228344176435396e+00
2.050563460763968671e+00
2.182898577351503278e+00
2.315233693939038329e+00
2.447568810526571603e+00
2.579903927114104434e+00
2.712239043701639485e+00
2.844574160289174536e+00
2.976909276876707366e+00
3.109244393464240641e+00
3.241579510051775692e+00
3.373914626639310299e+00
3.506249743226843574e+00
3.638584859814376848e+00
3.770919976401911455e+00
3.903255092989446506e+00
4.035590209576979781e+00
4.167925326164512612e+00
4.300260442752048107e+00
4.432595559339582714e+00
4.564930675927115544e+00
4.697265792514649263e+00
4.829600909102183870e+00
4.961936025689718477e+00
5.094271142277252196e+00
5.226606258864785026e+00
5.358941375452319633e+00
5.491276492039855128e+00
5.623611608627387959e+00
5.755946725214920789e+00
5.888281841802456285e+00
6.020616958389990891e+00
6.152952074977523722e+00
6.285287191565057441e+00
6.417622308152592048e+00
6.549957424740126655e+00
6.682292541327660373e+00
6.814627657915193204e+00
6.946962774502728699e+00
7.079297891090263306e+00
7.211633007677796137e+00
7.343968124265329855e+00
7.476303240852864462e+00
7.608638357440399069e+00
7.740973474027932788e+00
7.873308590615465619e+00
8.005643707203001114e+00
8.137978823790534832e+00
8.270313940378068551e+00
8.402649056965602270e+00
8.534984173553135989e+00
8.667319290140671484e+00
8.799654406728205203e+00
8.931989523315737145e+00
9.064324639903272640e+00
9.196659756490808135e+00
9.328994873078340078e+00
9.461329989665873796e+00
9.593665106253411068e+00
9.726000222840943010e+00
9.858335339428476729e+00
9.990670456016010448e+00
1.012300557260354239e+01
1.025534068919107966e+01
1.038767580577861338e+01
1.052001092236614532e+01
1.065234603895368259e+01
1.078468115554121631e+01
1.091701627212874826e+01
1.104935138871628197e+01
1.118168650530381569e+01
1.131402162189135119e+01
1.144635673847888491e+01
1.157869185506641863e+01
1.171102697165395412e+01
1.184336208824148784e+01
1.197569720482902156e+01
1.210803232141655528e+01
1.224036743800408722e+01
1.237270255459162449e+01
1.250503767117915821e+01
1.263737278776669015e+01
1.276970790435422742e+01
1.290204302094176114e+01
1.303437813752929308e+01
1.316671325411682680e+01
1.329904837070436052e+01
1.343138348729189602e+01
1.356371860387942974e+01
1.369605372046696345e+01
1.382838883705449895e+01
1.396072395364203267e+01
1.409305907022956639e+01
1.422539418681709833e+01
1.435772930340463205e+01
1.449006441999216932e+01
1.462239953657970126e+01
1.475473465316723498e+01
1.488706976975477225e+01
1.501940488634230420e+01
1.515174000292983791e+01
1.528407511951737163e+01
1.541641023610490357e+01
1.554874535269244085e+01
1.568108046927997457e+01
1.581341558586750651e+01
1.594575070245504378e+01
1.607808581904257750e+01
1.621042093563011122e+01
1.634275605221764494e+01
1.647509116880517510e+01
1.660742628539271237e+01
1.673976140198024609e+01
1.687209651856777981e+01
1.700443163515531708e+01
1.713676675174285080e+01
1.726910186833038097e+01
1.740143698491791469e+01
1.753377210150544840e+01
1.766610721809298568e+01
1.779844233468051939e+01
1.793077745126805311e+01
1.806311256785558683e+01
1.819544768444312055e+01
1.832778280103065427e+01
1.846011791761818799e+01
1.859245303420572171e+01
1.872478815079325898e+01
1.885712326738078914e+01
1.898945838396832286e+01
1.912179350055586013e+01
1.925412861714339385e+01
1.938646373373092757e+01
1.951879885031846129e+01
1.965113396690599146e+01
1.978346908349352873e+01
1.991580420008106245e+01
2.004813931666859617e+01
2.018047443325613344e+01
2.031280954984366360e+01
