-6.598946855448085957e-02
-4.918608476942606250e-02
-3.238270098437127237e-02
-1.557931719931647356e-02
1.224066585738322211e-03
1.802745037079311885e-02
3.483083415584791592e-02
5.163421794090271300e-02
6.843760172595750313e-02
8.524098551101230714e-02
1.020443692960670973e-01
1.188477530811218874e-01
1.356511368661766914e-01
1.524545206512314954e-01
1.692579044362862717e-01
1.860612882213411035e-01
2.028646720063958797e-01
2.196680557914506282e-01
2.364714395765054600e-01
2.532748233615602640e-01
2.700782071466150680e-01
2.868815909316698165e-01
3.036849747167246205e-01
3.204883585017794800e-01
3.372917422868342285e-01
3.540951260718890325e-01
3.708985098569438366e-01
3.877018936419986406e-01
4.045052774270534446e-01
4.213086612121081931e-01
4.381120449971630526e-01
4.549154287822178566e-01
4.717188125672726051e-01
4.885221963523274091e-01
5.053255801373821576e-01
5.221289639224370172e-01
5.389323477074917657e-01
5.557357314925465142e-01
5.725391152776014847e-01
5.893424990626562332e-01
6.061458828477109817e-01
6.229492666327658412e-01
6.397526504178205897e-01
6.565560342028753382e-01
6.733594179879300867e-01
6.901628017729848352e-01
7.069661855580398058e-01
7.237695693430946653e-01
7.405729531281494138e-01
7.573763369132041623e-01
7.741797206982589108e-01
7.909831044833136593e-01
8.077864882683685188e-01
8.245898720534232673e-01
8.413932558384782379e-01
8.581966396235329864e-01
8.750000234085877349e-01
8.918034071936424834e-01
9.086067909786973429e-01
9.254101747637520914e-01
9.422135585488070619e-01
9.590169423338618104e-01
9.758203261189165589e-01
9.926237099039713074e-01
1.009427093689026167e+00
1.026230477474080915e+00
1.043033861259135664e+00
1.059837245044190412e+00
1.076640628829245161e+00
1.093444012614300132e+00
1.110247396399354880e+00
1.127050780184409629e+00
1.143854163969464599e+00
1.160657547754519348e+00
1.177460931539574096e+00
1.194264315324628845e+00
1.211067699109683815e+00
1.227871082894738564e+00
1.244674466679793312e+00
1.261477850464848061e+00
1.278281234249902809e+00
1.295084618034957558e+00
1.311888001820012306e+00
1.328691385605067277e+00
1.345494769390122025e+00
1.362298153175176996e+00
1.379101536960231744e+00
1.395904920745286493e+00
1.412708304530341241e+00
1.429511688315395990e+00
1.446315072100450738e+00
1.463118455885505487e+00
1.479921839670560457e+00
1.496725223455615206e+00
1.513528607240669954e+00
1.530331991025724925e+00
1.547135374810779673e+00
1.563938758595834422e+00
1.580742142380889170e+00
1.597545526165943919e+00
1.614348909950998667e+00
1.631152293736053638e+00
1.647955677521108386e+00
1.664759061306163135e+00
1.681562445091217883e+00
1.698365828876272632e+00
1.715169212661327602e+00
1.731972596446382351e+00
1.748775980231437321e+00
1.765579364016492070e+00
1.782382747801546818e+00
1.799186131586601567e+00
1.815989515371656315e+00
1.832792899156711064e+00
1.849596282941765812e+00
1.866399666726820561e+00
1.883203050511875309e+00
1.900006434296930280e+00
1.916809818081985028e+00
1.933613201867039777e+00
1.950416585652094970e+00
1.967219969437149718e+00
1.984023353222204467e+00
2.000826737007259215e+00
2.017630120792313964e+00
2.034433504577368712e+00
2.051236888362423461e+00
2.068040272147478209e+00
2.084843655932532958e+00
2.101647039717587706e+00
2.118450423502642455e+00
2.135253807287697203e+00
2.152057191072751952e+00
2.168860574857806700e+00
2.185663958642861893e+00
2.202467342427916641e+00
2.219270726212971390e+00
2.236074109998026582e+00
2.252877493783081331e+00
2.269680877568136079e+00
2.286484261353190828e+00
2.303287645138245576e+00
2.320091028923300325e+00
2.336894412708355073e+00
2.353697796493409822e+00
2.370501180278464570e+00
2.387304564063519319e+00
2.404107947848574067e+00
2.420911331633628816e+00
2.437714715418683564e+00
2.454518099203738313e+00
2.471321482988793061e+00
2.488124866773848254e+00
2.504928250558903002e+00
2.521731634343957751e+00
2.538535018129012499e+00
2.555338401914067248e+00
2.572141785699121996e+00
2.588945169484177189e+00
2.605748553269231937e+00
2.622551937054286686e+00
2.639355320839341434e+00
2.656158704624396183e+00
2.672962088409450931e+00
2.689765472194505680e+00
2.706568855979560428e+00
2.723372239764615177e+00
2.740175623549669925e+00
2.756979007334724674e+00
2.773782391119779867e+00
2.790585774904834615e+00
2.807389158689889364e+00
2.824192542474944112e+00
2.840995926259998861e+00
2.857799310045053609e+00
2.874602693830108358e+00
2.891406077615163106e+00
2.908209461400217855e+00
2.925012845185272603e+00
2.941816228970327352e+00
2.958619612755382544e+00
2.975422996540437293e+00
2.992226380325492041e+00
3.009029764110546790e+00
3.025833147895601982e+00
3.042636531680656731e+00
3.059439915465711479e+00
3.076243299250766228e+00
3.093046683035820976e+00
3.109850066820875725e+00
3.126653450605930473e+00
3.143456834390985222e+00
3.160260218176039970e+00
3.177063601961094719e+00
3.193866985746149467e+00
3.210670369531204216e+00
3.227473753316258964e+00
3.244277137101313713e+00
3.261080520886368461e+00
3.277883904671423654e+00
