-1.534860379426175407e-04 -3.045048473950427863e-07 1.988163231602571567e-07 2.718696883680220999e+00 2.718698791226158651e+00 2.910314862442383355e+00 2.910318148965296725e+00 4.036607263697478132e+00 4.036611061780284615e+00 6.511805567577491516e+00 6.585487072611175385e+00 1.021081017270136115e+01 1.204489022668853870e+01 1.244911444500253594e+01 1.244914976222917957e+01 1.245343137757686414e+01 1.245344348154871383e+01 1.258131485681330552e+01 1.258134205789459337e+01 1.258520708765654561e+01 1.258521912613908178e+01 1.611955935638203385e+01 1.777883217079205735e+01 1.830532546566383800e+01
1.865680572885626276e-01 3.842015559486559040e-01 7.723787772064842905e-01 2.761679052800171785e+00 2.803941030606928564e+00 2.946039088578052301e+00 2.989876032030626796e+00 4.012670928153093008e+00 4.070823960247980544e+00 6.506955394261793479e+00 6.583840250085683188e+00 1.019999718006159561e+01 1.204295630684306850e+01 1.238106409036092437e+01 1.244797714636479924e+01 1.245432154647025413e+01 1.249629463578415844e+01 1.258128080712663888e+01 1.258916360457776129e+01 1.262806586877907122e+01 1.282313076687484710e+01 1.609056931997907469e+01 1.774098125520853486e+01 1.826344721876856170e+01
6.031041027447163749e-01 7.656698275193712933e-01 1.473655352211383773e+00 2.884477681686604456e+00 3.049352737872776498e+00 3.052088931280084072e+00 3.221033887247133354e+00 3.996012000839345824e+00 4.170152467202851376e+00 6.495019433991740421e+00 6.580907657894835339e+00 1.016770867096881936e+01 1.204248736658671071e+01 1.238608194481788694e+01 1.244519603688986109e+01 1.245666286593608163e+01 1.258308809642840131e+01 1.259852041967739211e+01 1.262286259463327198e+01 1.276403641769325503e+01 1.327663519862470132e+01 1.600467933115669084e+01 1.763100086544886125e+01 1.814123719781958854e+01
9.797827266324529161e-01 1.141226087694589664e+00 2.191262350193648789e+00 3.071340843968752399e+00 3.209904089094614221e+00 3.439753677750999383e+00 3.582797005821309888e+00 4.107733047014569649e+00 4.325510002776357332e+00 6.483768620195598409e+00 6.582729295849383711e+00 1.011419370587887556e+01 1.204908779051509882e+01 1.244185431663967911e+01 1.246034275210197073e+01 1.247233369493270594e+01 1.258702879826038057e+01 1.261177505221711215e+01 1.280400158962602042e+01 1.295998446157493511e+01 1.385833620272404509e+01 1.586527094563890827e+01 1.746007867154067128e+01 1.794942824257913827e+01
1.385795030099107317e+00 1.507080554289804253e+00 2.914217963924523147e+00 3.302569860792322842e+00 3.413652019164993501e+00 3.926470069217896430e+00 4.045648131633159394e+00 4.435122887406667935e+00 4.524160003291408216e+00 6.487945990697085996e+00 6.601100851491279009e+00 1.003945921177428069e+01 1.206169696740640518e+01 1.243893838817983877e+01 1.246534511007141077e+01 1.259275863273000873e+01 1.261461279619914144e+01 1.262776670332188367e+01 1.300054491249512978e+01 1.317642673627675975e+01 1.450542877353855964e+01 1.567896285467047690e+01 1.724831090759920826e+01 1.770740155875312993e+01
1.829883138639512907e+00 1.858974535423614682e+00 3.559184381852393830e+00 3.632839946243194618e+00 3.645661520219685592e+00 4.451589058717280167e+00 4.567447252037095673e+00 4.752019344624970110e+00 4.974303281809975275e+00 6.537815369031001467e+00 6.660864090283053152e+00 9.943111436950676563e+00 1.207781054997200165e+01 1.243722304606577467e+01 1.247158480784075962e+01 1.259997745507697431e+01 1.264535180719873608e+01 1.279411595743657060e+01 1.316575676827477714e+01 1.336687822731315833e+01 1.514416258922616976e+01 1.547125197987199030e+01 1.702597868140643911e+01 1.744492270877594819e+01
2.192465595031380943e+00 2.289106862006775600e+00 3.825104778065471667e+00 3.891915812995280444e+00 4.330728410655998672e+00 4.928749408550713973e+00 4.995400227218757649e+00 5.058834923278999973e+00 5.671254522569533663e+00 6.696336757950168916e+00 6.815656923757362762e+00 9.824411937283841212e+00 1.209541290689237769e+01 1.243722375469635821e+01 1.247889803722730306e+01 1.260837272009164600e+01 1.266350333393266858e+01 1.298960457995482543e+01 1.325650927108201493e+01 1.348362327474292854e+01 1.516264455201774375e+01 1.581997856273291525e+01 1.683171509080014872e+01 1.720190885921841684e+01
2.503203321865123510e+00 2.737073542798488468e+00 4.087531026032001691e+00 4.140134240185340708e+00 4.924182733297011616e+00 5.241976381274110253e+00 5.319382271406948526e+00 5.407999936995191881e+00 6.447521017163775348e+00 7.042396322493244654e+00 7.146667954960519431e+00 9.682624679167362913e+00 1.211240062146968199e+01 1.243919490851067522e+01 1.248704009358212197e+01 1.261760443716151237e+01 1.268132693056890758e+01 1.310859865843432281e+01 1.330649807627581183e+01 1.349625254145948006e+01 1.488984700204053091e+01 1.637496007404782361e+01 1.670244474580620420e+01 1.702097211019506773e+01
2.787122928539202960e+00 3.153100015289220792e+00 4.336562791912442094e+00 4.379921905831840157e+00 5.140576662799833940e+00 5.481156655089773011e+00 5.571622684684619742e+00 5.873433326024130707e+00 7.208566847374867415e+00 7.558101696276334103e+00 7.683956649421713969e+00 9.518334617820249477e+00 1.212564528399479791e+01 1.244313880303901065e+01 1.249569105873758090e+01 1.262728722018905536e+01 1.269806872148653554e+01 1.297275564538341186e+01 1.330837925556918044e+01 1.355976927243129815e+01 1.461408014533223465e+01 1.664399217295913047e+01 1.682332209873173667e+01 1.695731668769303013e+01
3.040565972501962921e+00 3.513444256157131296e+00 4.564618618226684355e+00 4.602681230853776562e+00 5.097034911803768331e+00 5.642666369549676375e+00 5.704119888948800288e+00 6.509358155403989876e+00 7.885308283214431668e+00 8.136800994824003652e+00 8.341362144520312327e+00 9.339556391545031033e+00 1.212915786256240480e+01 1.244880305120452846e+01 1.250447097992683609e+01 1.263699421326613148e+01 1.269913391430206850e+01 1.271335586579773036e+01 1.308702528333770765e+01 1.375461691105317108e+01 1.439558892920018351e+01 1.665788891114713621e+01 1.687369018313264490e+01 1.725808462230938289e+01
3.260343944085328793e+00 3.781446095384669803e+00 4.765882790240009825e+00 4.801467221318585388e+00 4.944005749194729127e+00 5.706624378312037393e+00 5.903675752498060980e+00 7.128640922735780983e+00 8.431836458101249931e+00 8.672799613408576747e+00 8.983147127380028962e+00 9.207423247278111234e+00 1.210901938804463640e+01 1.237079561461620258e+01 1.245572206065602572e+01 1.251296531562451797e+01 1.264627297591754740e+01 1.272610002037454713e+01 1.281166755939954882e+01 1.378921894669994508e+01 1.441189116715937146e+01 1.670471042842500253e+01 1.689376530283241706e+01 1.752811206598514815e+01
3.443767577727536722e+00 3.916391858655656311e+00 4.730370354593722126e+00 4.935887556874368975e+00 4.970822657810606060e+00 5.840118748000656446e+00 6.074106335265366141e+00 7.703885901579567985e+00 8.589767340994796996e+00 9.057033725535591273e+00 9.419066852835376480e+00 9.531332985672742453e+00 1.202863820257500294e+01 1.204831187168967155e+01 1.246310641418994258e+01 1.252070772482548477e+01 1.257607138724904239e+01 1.265466661347748278e+01 1.273666415698133747e+01 1.363892097775673840e+01 1.468912704659850199e+01 1.676025485526067982e+01 1.692593220938432808e+01 1.769373632768982318e+01
3.588655153041348189e+00 3.915840392049311447e+00 4.491685491951847631e+00 5.071259273447002336e+00 5.106574762291190339e+00 6.073119195466854414e+00 6.210979282380608701e+00 8.198844076726263808e+00 8.394157224516765936e+00 9.357806142993991827e+00 9.826945046870859457e+00 9.962051475179642068e+00 1.175492424306475137e+01 1.188513405422213687e+01 1.244580138765234523e+01 1.247016198468873860e+01 1.252744930075655638e+01 1.266172150569892985e+01 1.274474303215616899e+01 1.347890246296886296e+01 1.504482646446186500e+01 1.680900352726887803e+01 1.695481475421221162e+01 1.776059527738587818e+01
3.693328301041605144e+00 3.834699223758850639e+00 4.269299487760619627e+00 5.169561037773046763e+00 5.205644783239778306e+00 6.310985433944964917e+00 6.377373582632504423e+00 8.050267026660941738e+00 8.690956702907280729e+00 9.507801140352796665e+00 1.016299964019762747e+01 1.027552627728759482e+01 1.153729067416561449e+01 1.171662133255287941e+01 1.239439169870729884e+01 1.247597917374101328e+01 1.253256153893354607e+01 1.266706344515684535e+01 1.275037669157931042e+01 1.336115653762787936e+01 1.539095488340172224e+01 1.684464559387302884e+01 1.697420805627538343e+01 1.774950295769345843e+01
3.747010393824636409e+00 3.756602324112591873e+00 4.109661649552401208e+00 5.229161851524578353e+00 5.265913370003642235e+00 6.371888889337943951e+00 6.690280223909026880e+00 7.748644382065545066e+00 9.054420250204207932e+00 9.497634521047345402e+00 1.037680393785398536e+01 1.046780811961059676e+01 1.140301129184536855e+01 1.159682518898728887e+01 1.237492405845209298e+01 1.247981162919558251e+01 1.253580590553077201e+01 1.267039318933480985e+01 1.275367857132304295e+01 1.329344721056795109e+01 1.565249871781303170e+01 1.686621287180333795e+01 1.698463807730700381e+01 1.770141353565839637e+01
3.710459057560339335e+00 3.777770317736079075e+00 4.051406291567565709e+00 5.249129699802946192e+00 5.286139155909393317e+00 6.392334271664620537e+00 6.861111154840707549e+00 7.582231744917359073e+00 9.277397512706253124e+00 9.391664544515117896e+00 1.044997463988822872e+01 1.053266215569367326e+01 1.135791056237816754e+01 1.155449374923509787e+01 1.236964048232579749e+01 1.248114843003287433e+01 1.253691915142176860e+01 1.267152419457389101e+01 1.275476338940880616e+01 1.327186515673670009e+01 1.575232012318077146e+01 1.687358408067919413e+01 1.698801218817708047e+01 1.767441877144319662e+01
3.761876302540423378e+00 3.876737261387418254e+00 4.067857856071101175e+00 5.344671983456196429e+00 5.358294154113127483e+00 6.463027927612576384e+00 6.869160396773721367e+00 7.572484691715498428e+00 9.252767425135028034e+00 9.364701674461445080e+00 1.041986330883361056e+01 1.050753115799077797e+01 1.135338660495010821e+01 1.158838801452271916e+01 1.235393544615123851e+01 1.244347461925929466e+01 1.259706265737507636e+01 1.267424150064286970e+01 1.282345159803035273e+01 1.331284708029323482e+01 1.570321176527033025e+01 1.681743425960639726e+01 1.693253885668206493e+01 1.760459740628848735e+01
3.915638764459536958e+00 4.013776203691224786e+00 4.256045012778893799e+00 5.509736633556368446e+00 5.640959828084092464e+00 6.670209209850204601e+00 6.912592635266279650e+00 7.541600648881559010e+00 9.184030230649032234e+00 9.287998003316094042e+00 1.033268719567936955e+01 1.043535192901450159e+01 1.135747004048386088e+01 1.168600418807007912e+01 1.232462870067927696e+01 1.243319678315774546e+01 1.263028977701062239e+01 1.274835447032829450e+01 1.297952379866607941e+01 1.341718746329727452e+01 1.556155089726106944e+01 1.665252518214767008e+01 1.676960518547139856e+01 1.739765461529474777e+01
4.055442860414936845e+00 4.158926499654153730e+00 4.697938542201295142e+00 5.694065931741179476e+00 6.045396813626339849e+00 6.977895590730718745e+00 7.063727885243927140e+00 7.487874644587219741e+00 9.086771791247713281e+00 9.173823939858300136e+00 1.019782144588537598e+01 1.032436451535966526e+01 1.140180454360736029e+01 1.182877898396590943e+01 1.231027287078870458e+01 1.247999668047124722e+01 1.261978285846124948e+01 1.289229426670194023e+01 1.315813501730941404e+01 1.355163206828824052e+01 1.534433020876899256e+01 1.638887700393870617e+01 1.650999754935412156e+01 1.706227044690919925e+01
4.100170460050765797e+00 4.458074166177235398e+00 5.239352992237219730e+00 5.809083489406403622e+00 6.497988905177089158e+00 7.272085063085748757e+00 7.377628226289400182e+00 7.490822514292895029e+00 8.985341787427215010e+00 9.042558405486529338e+00 1.002690373032209337e+01 1.018318910418108736e+01 1.150112147711964816e+01 1.198066063170908357e+01 1.233429985698692555e+01 1.258315571228930629e+01 1.261317488805909193e+01 1.305088400771438373e+01 1.332614705699044677e+01 1.369319161558025932e+01 1.507987165546186148e+01 1.604167158642550461e+01 1.617248245370635473e+01 1.661683422928654252e+01
4.143931865990580832e+00 4.795093800177636645e+00 5.808342294575976616e+00 5.832508948686971451e+00 6.916537968919737267e+00 7.238307637514756365e+00 7.749694477282371707e+00 7.889963950524666814e+00 8.894914189170812335e+00 8.945541212561082034e+00 9.828497706548610324e+00 1.001660696865556943e+01 1.164632514420789633e+01 1.209423285528856873e+01 1.241246653463244876e+01 1.260861718690008004e+01 1.275775566287695817e+01 1.320959586337987623e+01 1.346934543999894451e+01 1.383326872974732602e+01 1.480789776952334158e+01 1.562998716410060140e+01 1.578413741681821492e+01 1.609692632570243731e+01
4.180167664940720229e+00 5.141734645948543125e+00 5.790105982296807952e+00 6.361650867261251285e+00 7.086717508404299259e+00 7.203763541651730939e+00 8.212523990047030154e+00 8.237431367049033781e+00 8.850799979439134546e+00 8.969952887273192843e+00 9.608201241792073688e+00 9.824093334068816574e+00 1.180569461721488800e+01 1.215373811376685786e+01 1.251925825882714172e+01 1.261842886707519007e+01 1.300122066642872731e+01 1.335488629957254858e+01 1.359170639772535516e+01 1.397124421445891507e+01 1.457730987153031244e+01 1.517870513584407810e+01 1.537997660004375966e+01 1.557085589836134787e+01
4.202929899070663389e+00 5.454011483356518752e+00 5.722958669208779270e+00 6.836639241548881252e+00 6.934971967713822849e+00 7.275427783705497475e+00 8.313511924816600285e+00 8.654207190611543865e+00 8.968865223348966964e+00 9.117188269701905767e+00 9.380282385702090053e+00 9.602770007486153503e+00 1.193139779665865774e+01 1.217972093755239626e+01 1.259910365457559145e+01 1.263182340973190243e+01 1.328475412376963050e+01 1.344242069364053016e+01 1.375694679547555133e+01 1.408120388891409824e+01 1.440401795125009343e+01 1.477717520380950234e+01 1.500668939137028168e+01 1.515453840440221178e+01
4.210120458566686708e+00 5.642780149658000788e+00 5.642797415026623575e+00 6.857526986909907585e+00 7.153351869765334214e+00 7.155462029255016176e+00 8.286771508390147645e+00 8.965816527108493972e+00 8.967474773209378469e+00 9.263395802025092607e+00 9.264031527646311659e+00 9.424045754922811824e+00 1.197914651729455038e+01 1.218665417535600604e+01 1.263142094022390438e+01 1.263237401770007295e+01 1.343969473087864941e+01 1.344020842707110930e+01 1.404104908976138688e+01 1.404201306183238351e+01 1.419896883564716283e+01 1.474150929804975263e+01 1.474247259086565442e+01 1.499253494893413396e+01
4.227297677453050184e+00 5.575641004664421807e+00 5.627676626558042017e+00 6.929421661816816957e+00 6.939375476937378551e+00 7.216833018096210139e+00 8.331061703681179154e+00 8.746745654666488790e+00 8.891060871418694944e+00 9.262291886905108740e+00 9.310505266742127972e+00 9.525425552148609754e+00 1.198398105839379646e+01 1.218544692256130269e+01 1.262260591645547514e+01 1.265037127866204081e+01 1.335732367805785437e+01 1.337133524951780927e+01 1.382755289920161346e+01 1.400422673285738639e+01 1.430722343441819078e+01 1.478322814455847833e+01 1.493394516178129905e+01 1.507837541342138543e+01
4.280466228239948379e+00 5.455186713936562626e+00 5.529160630413540112e+00 6.662933657842182278e+00 7.073939464777947883e+00 7.110399976529418353e+00 8.340530355339911495e+00 8.554809957127565312e+00 8.591500810750398287e+00 9.194543906095850261e+00 9.410726197736785537e+00 9.606466795401690462e+00 1.200174555848245284e+01 1.218094473834816860e+01 1.261601885730233086e+01 1.268739678927496506e+01 1.319277904397903356e+01 1.320248754592702767e+01 1.359918164917761629e+01 1.389687560717854709e+01 1.427823541173922095e+01 1.513102003259326089e+01 1.516671253383455564e+01 1.527592337619763718e+01
4.367825837517155030e+00 5.188326144660418748e+00 5.506617022862443811e+00 6.340899073711700140e+00 6.825176458161378079e+00 7.247840378969677921e+00 8.141905710224728310e+00 8.164943654310796717e+00 8.625965016396321516e+00 9.066389928249568797e+00 9.421665474426738740e+00 9.599855622740744110e+00 1.203459973846940123e+01 1.217266885839085511e+01 1.260487651328299208e+01 1.274199124841334196e+01 1.300108929419168469e+01 1.302640826315549738e+01 1.342366034489065996e+01 1.378691723320306117e+01 1.422425276445388498e+01 1.540243601323456879e+01 1.551345129063542139e+01 1.551583194186387615e+01
4.481248531766074628e+00 4.869255169890499779e+00 5.505615547268718935e+00 5.986887587758196183e+00 6.502462835622960569e+00 7.162694015893230848e+00 7.679367360020540545e+00 8.140645680496911396e+00 8.530135204888365408e+00 8.967173654087410739e+00 9.327170174730557761e+00 9.497309315782281658e+00 1.207854277948708166e+01 1.216026593375256581e+01 1.257856936485188371e+01 1.276440329812329288e+01 1.283466153892457129e+01 1.292210438717462218e+01 1.330637464429127803e+01 1.371218396776277082e+01 1.415796462069651440e+01 1.563066316113258658e+01 1.575969770039216655e+01 1.584923365847535415e+01
4.519198021301296997e+00 4.603065893696153488e+00 5.497604507313145206e+00 5.638144419960926079e+00 6.135802878832455676e+00 6.835975711907789965e+00 7.187233390316840165e+00 8.224585632560833304e+00 8.308707246774751809e+00 8.910818783591077263e+00 9.131192145212372324e+00 9.300664843982973551e+00 1.211884302066973262e+01 1.214424508330220043e+01 1.252720828045105428e+01 1.268188347623754808e+01 1.271011301555827266e+01 1.298634300634896732e+01 1.324399443147717292e+01 1.367719767134887299e+01 1.409559636789406234e+01 1.584301528031874007e+01 1.599170672650885550e+01 1.610894667393634450e+01
4.150359589090579782e+00 4.683800467927837552e+00 5.234971807021824297e+00 5.571562901278642954e+00 5.740540468243525929e+00 6.405357488543026001e+00 6.692005437936051848e+00 7.850029984072516953e+00 8.395768698797006380e+00 8.844872113825992699e+00 8.879732801871174530e+00 9.015645672553638690e+00 1.212632074197035159e+01 1.213361455632031571e+01 1.245425184786094519e+01 1.262428506062864741e+01 1.262919197986459885e+01 1.308547991457238169e+01 1.324577772687114141e+01 1.364290181364765431e+01 1.408611914282271904e+01 1.603460540616490348e+01 1.620710095997259259e+01 1.627544154655866393e+01
3.771136259621035158e+00 4.541465690572819014e+00 5.074738707680682026e+00 5.329222440471290234e+00 5.572018676799530112e+00 5.933473797432545993e+00 6.236726664255193064e+00 7.397302287714579094e+00 8.230209125676530846e+00 8.482685913539008027e+00 8.651852282375935843e+00 8.996136554696041898e+00 1.210887938404001751e+01 1.211775509779729276e+01 1.238156245895832441e+01 1.257650000152063363e+01 1.261291520494176233e+01 1.316473685084103451e+01 1.331901283810712400e+01 1.356517944144870569e+01 1.417289533211734565e+01 1.620585572492789339e+01 1.633832538707887849e+01 1.640793956002784171e+01
3.387774114179527896e+00 4.160524238627549387e+00 4.913362812412231939e+00 5.081049014502323935e+00 5.447399675036318278e+00 5.488965726149743318e+00 5.920773254409457564e+00 6.893257966692213579e+00 7.848291910349385780e+00 8.062962940911907239e+00 8.224927459410039887e+00 9.190229309619379450e+00 1.209153549913528813e+01 1.209372073128444747e+01 1.232539482413127807e+01 1.254058850151409210e+01 1.262124187253487761e+01 1.323595498359885703e+01 1.341585145492780207e+01 1.345104599817341473e+01 1.434018100696064302e+01 1.629258087088621210e+01 1.636268057901820683e+01 1.660141725360874432e+01
3.004530646045637798e+00 3.719273784278504635e+00 4.503584911242350941e+00 4.964641003639725270e+00 4.965377682021686390e+00 5.359917167464904431e+00 5.801893089131826109e+00 6.346403070245813183e+00 7.336821225465077312e+00 7.612413086254364636e+00 7.760740377374325760e+00 9.385479441131973743e+00 1.207436272951123257e+01 1.208116081429227329e+01 1.229099294445252433e+01 1.251762498251579636e+01 1.263097241333988130e+01 1.329921196178516851e+01 1.331918297458055456e+01 1.348703929580096528e+01 1.455579529084955226e+01 1.613819909094739913e+01 1.651516560219190666e+01 1.679729952172394292e+01
2.623238913346995993e+00 3.262273146994468132e+00 4.109198581333664002e+00 4.503894634746006709e+00 4.690574231178532116e+00 5.296528980346966620e+00 5.712162916482690811e+00 5.764156302278697019e+00 6.742982734292074731e+00 7.174100847010208781e+00 7.304970406279774231e+00 9.563244111407570358e+00 1.207057123631522089e+01 1.207462360599203599e+01 1.227774196884509728e+01 1.250592833322392927e+01 1.263781065017324146e+01 1.317804211548673798e+01 1.333068450341994726e+01 1.350771687900359375e+01 1.479585284504601894e+01 1.588060118109232199e+01 1.667420695673569853e+01 1.700376244091878775e+01
2.243276336245739522e+00 2.802928779807641213e+00 3.737170416815100094e+00 4.080295278053095664e+00 4.420268633394034197e+00 5.151118403987395844e+00 5.155105835746632614e+00 5.529102214827077866e+00 6.111595676575823255e+00 6.812312632131511059e+00 6.934249180938174106e+00 9.719060149914881208e+00 1.206153843517698654e+01 1.209377453685364046e+01 1.228146971745453087e+01 1.250402727547328574e+01 1.264145993220670583e+01 1.303184470815810414e+01 1.330970115867277315e+01 1.346769235568041445e+01 1.503744356151105066e+01 1.553513234842917257e+01 1.684666996814364737e+01 1.722318037859107775e+01
1.863715549922366765e+00 2.349618466707003694e+00 3.389133726373442457e+00 3.713120716140459798e+00 4.200152498029391168e+00 4.531209993583169116e+00 4.846740724419250412e+00 5.197564762690841889e+00 5.491953091949536514e+00 6.586674986953779509e+00 6.713033911693734090e+00 9.852286542866039554e+00 1.205400159463335008e+01 1.212993779213531909e+01 1.229638993713655992e+01 1.251008347816362054e+01 1.264122533783814006e+01 1.288527946492410869e+01 1.322947800459699863e+01 1.336941273390177543e+01 1.504985149883899176e+01 1.533372776216337563e+01 1.703166829247308200e+01 1.745040975076626921e+01
1.488675586479096369e+00 1.909450706861989921e+00 3.050682901629252708e+00 3.419036469548971446e+00 3.917290026101798883e+00 4.024437406799962424e+00 4.413688179915527421e+00 4.765075267901785594e+00 4.936832646271353653e+00 6.490656708572101863e+00 6.615180758462488875e+00 9.963443034751966465e+00 1.204788202140626474e+01 1.217964588488116107e+01 1.231678590402029982e+01 1.252150112342807908e+01 1.263547254245200868e+01 1.274554869556560455e+01 1.309856067151447512e+01 1.322574201277042150e+01 1.458198796300023581e+01 1.553755952458556422e+01 1.722053990785394362e+01 1.767438529039434769e+01
1.130643088961170939e+00 1.488434811796120139e+00 2.658678508285793107e+00 3.206079894123433416e+00 3.384566344228396417e+00 3.832675249422165198e+00 3.940590223328725550e+00 4.359660730164766740e+00 4.496115263810578355e+00 6.467893319178024569e+00 6.581095234153157669e+00 1.005329912062500242e+01 1.204319152748543509e+01 1.223867924785511718e+01 1.233742434306205737e+01 1.253370438302827772e+01 1.262174194156117579e+01 1.262438211564563773e+01 1.293777378418869795e+01 1.305660696387652919e+01 1.406597540800052748e+01 1.573441898185248355e+01 1.740005228503958179e+01 1.788137175303047144e+01
8.004443189618214438e-01 1.090180368014803669e+00 2.117617674115784610e+00 3.034423011420873451e+00 3.068512762848533360e+00 3.452301198096194401e+00 3.568346536746787923e+00 4.136206173686775678e+00 4.205510796351339842e+00 6.475817069111520219e+00 6.574574647628677937e+00 1.012254164061083728e+01 1.204039299989934086e+01 1.230248273070472109e+01 1.235330512383421642e+01 1.251456630775046008e+01 1.256425122798652083e+01 1.259568046529716234e+01 1.277678682103328534e+01 1.288578910900386987e+01 1.355886628491890811e+01 1.589771036494600764e+01 1.755620292838564112e+01 1.805787883071831246e+01
4.866198987756406580e-01 7.138277478604426740e-01 1.462045706834140590e+00 2.845813044643343837e+00 2.979975885813804570e+00 3.069642256887487708e+00 3.235308656549224615e+00 4.062755793432127227e+00 4.068028310683843074e+00 6.492482507049432527e+00 6.578222298148940439e+00 1.017167903068399504e+01 1.204039231867897719e+01 1.236417851442330829e+01 1.236616793786200041e+01 1.246864568612433466e+01 1.254617574006327629e+01 1.257053731741105729e+01 1.265516311161257690e+01 1.273747700827122564e+01 1.310815196875566357e+01 1.601933855474273827e+01 1.767682863204803922e+01 1.819247530603505325e+01
1.047660052810066023e-01 3.532631991399074467e-01 7.708371969380654054e-01 2.748944770321163578e+00 2.810602432114305493e+00 2.928116109950881008e+00 2.996360432942210661e+00 4.035879640464703932e+00 4.041103860121996405e+00 6.506483306610750361e+00 6.583324673847737785e+00 1.020104161936050957e+01 1.204304243951808928e+01 1.239407159690978055e+01 1.242279468161033940e+01 1.245285099715706600e+01 1.248009320248253928e+01 1.257794371061294036e+01 1.259643304077501291e+01 1.263153858361251380e+01 1.276081596307640176e+01 1.609426284685081754e+01 1.775287194432065974e+01 1.827668005455863209e+01
-1.534860379426175407e-04 -3.045048473950427863e-07 1.988163231602571567e-07 2.718696883680220999e+00 2.718698791226158651e+00 2.910314862442383355e+00 2.910318148965296725e+00 4.036607263697478132e+00 4.036611061780284615e+00 6.511805567577491516e+00 6.585487072611175385e+00 1.021081017270136115e+01 1.204489022668853870e+01 1.244911444500253594e+01 1.244914976222917957e+01 1.245343137757686414e+01 1.245344348154871383e+01 1.258131485681330552e+01 1.258134205789459337e+01 1.258520708765654561e+01 1.258521912613908178e+01 1.611955935638203385e+01 1.777883217079205735e+01 1.830532546566383800e+01
5.116881633454524181e-01 5.116886563095949247e-01 1.060235834514268616e+00 2.403087025324127435e+00 2.403089093867395665e+00 3.180234190143585771e+00 3.180237273615645677e+00 4.000226666110296314e+00 4.000230430569565065e+00 5.539217447140526218e+00 7.478379643855371128e+00 1.007731247134279506e+01 1.244941623830036370e+01 1.244941770061285702e+01 1.245315479391982194e+01 1.245316690072570509e+01 1.258157913602652478e+01 1.258157929224558913e+01 1.258495086718862233e+01 1.258496287136131997e+01 1.315299485440865901e+01 1.619551484833441890e+01 1.742895701080414383e+01 1.854532125351434502e+01
1.016033522324837346e+00 1.016034460944817308e+00 1.971343600744193347e+00 1.971345396096968461e+00 2.230365308793071488e+00 3.475439446743469496e+00 3.475442732336877949e+00 3.892169190487045238e+00 3.892172861593761635e+00 4.480761002689138905e+00 8.341002670121605789e+00 9.690508932332567937e+00 1.245023121286850731e+01 1.245024198536255966e+01 1.245238964387963954e+01 1.245240171413519192e+01 1.258229978076359856e+01 1.258231021755450207e+01 1.258424729307253465e+01 1.258425917804671457e+01 1.538362581969781928e+01 1.645217988118437447e+01 1.703293508673440115e+01 1.840117987712359593e+01
1.505370665378955142e+00 1.505372035431947531e+00 1.505376425024979703e+00 1.505377793848766022e+00 3.368979525431025301e+00 3.405522810963332869e+00 3.715559396873910902e+00 3.715562869059050310e+00 3.715563749928075588e+00 3.715567219901836360e+00 9.089998235215128730e+00 9.111932788180109100e+00 1.245132244324619641e+01 1.245132302840512573e+01 1.245133425377175662e+01 1.245133487131296590e+01 1.258327736181625589e+01 1.258327841144656389e+01 1.258328891229166935e+01 1.258328996472347505e+01 1.662570540542022357e+01 1.668549632425132501e+01 1.738137061675159245e+01 1.747004904897219646e+01
1.553836777163605243e+00 1.555909364936721273e+00 1.641727749936233938e+00 1.648905085453274744e+00 3.378632399346795268e+00 3.414864419172522592e+00 3.728669080944319258e+00 3.744960693040712219e+00 3.745922359340791985e+00 3.747117943757508396e+00 9.080902541789900084e+00 9.103144018618088751e+00 1.238893693395959339e+01 1.245092909372186618e+01 1.245134246746741091e+01 1.247076291408221316e+01 1.258480073655178444e+01 1.258533280315464609e+01 1.266848148518622352e+01 1.274988839229215110e+01 1.659136854012037432e+01 1.665043803914850074e+01 1.735133655007999565e+01 1.744300508937338634e+01
1.689569108429679112e+00 1.696763223293453304e+00 1.986070079394473220e+00 2.004989968178510384e+00 3.398110755151420470e+00 3.453027877043333582e+00 3.811403910557054520e+00 3.834462522878386626e+00 3.838725621312558456e+00 3.852393309995797210e+00 9.054119078486824179e+00 9.077177999751675941e+00 1.237834545298259670e+01 1.245021647770354356e+01 1.245114338020781375e+01 1.253007817694508219e+01 1.258934704536416582e+01 1.259112614460128476e+01 1.290236010340129269e+01 1.305151280999826824e+01 1.648836576965661394e+01 1.655206532770942118e+01 1.726358598592510418e+01 1.736430931973204750e+01
1.890227928842863836e+00 1.903398266189507027e+00 2.408499397276256282e+00 2.437484483362760912e+00 3.459796040669161243e+00 3.574525424339367596e+00 3.973897464354466891e+00 3.982294028777344064e+00 4.020322535465295388e+00 4.070056774460210747e+00 9.010569024754600420e+00 9.035530784307322705e+00 1.243693691719514938e+01 1.244951563743231127e+01 1.245108416734563228e+01 1.259659394278789790e+01 1.260008173698799183e+01 1.263465271484415453e+01 1.322142960873246231e+01 1.341285520966082778e+01 1.632502277983077477e+01 1.640465170374603332e+01 1.712776184374500232e+01 1.724033677236819884e+01
2.132072596301469947e+00 2.150265134835986913e+00 2.766569562986653352e+00 2.818372215900482036e+00 3.684570498494341706e+00 3.866751993536500454e+00 4.153915206621284995e+00 4.166458983120821635e+00 4.368219781115489475e+00 4.416911731048675627e+00 8.951145601443531774e+00 8.980742727807095704e+00 1.244924557173269264e+01 1.245154815304905860e+01 1.254374405540074022e+01 1.260613210609193402e+01 1.261140207501767740e+01 1.276665839524406287e+01 1.355815409637951241e+01 1.376867279010476253e+01 1.613080707229439170e+01 1.622524931302331908e+01 1.696474833259913595e+01 1.708261479226722201e+01
2.395717256537158946e+00 2.416983449393295569e+00 3.011390513974750771e+00 3.068835607943297905e+00 4.145460306679913387e+00 4.338902783777607297e+00 4.362916189646869114e+00 4.378664124709502836e+00 4.850657396096059060e+00 4.895110075441567510e+00 8.877750036119028465e+00 8.915572734279560763e+00 1.244982247943401532e+01 1.245287745336510987e+01 1.261747897828899134e+01 1.262422971333477051e+01 1.267490443762533481e+01 1.290479722565530984e+01 1.382327765259547370e+01 1.403122966401935479e+01 1.595581030823360358e+01 1.604475171618545914e+01 1.680973810719421735e+01 1.691601519926682329e+01
2.666704071753207561e+00 2.688716285697383857e+00 3.198755498084952187e+00 3.250673621671377411e+00 4.589401710442692739e+00 4.606736031278121146e+00 4.745712057616913171e+00 4.908050763318035692e+00 5.443233361535227743e+00 5.482875922191953855e+00 8.795006642348671022e+00 8.843545661001339653e+00 1.245158440913466791e+01 1.245526636851240099e+01 1.263015980468414057e+01 1.263776229394098749e+01 1.280559447186259270e+01 1.302192647672416115e+01 1.392058542006050104e+01 1.410510416556142310e+01 1.583771818699698031e+01 1.590623464838742862e+01 1.671133150827251512e+01 1.679945324965274978e+01
2.934349202207003682e+00 2.954776303071097399e+00 3.370261947170318795e+00 3.415926425304561587e+00 4.822806767948961237e+00 4.839746839766386088e+00 5.391213510610934456e+00 5.511726276088580789e+00 6.099023781481644590e+00 6.133227117125708006e+00 8.713657615211035434e+00 8.772954725364764172e+00 1.245476723712031131e+01 1.245876183425111527e+01 1.264366239625153021e+01 1.265127908912175059e+01 1.290667982322644569e+01 1.307730105865984882e+01 1.382674694026717788e+01 1.396255043661666484e+01 1.573240583614731136e+01 1.581329263599034718e+01 1.671735612105668167e+01 1.682209872896107328e+01
3.190571772435234710e+00 3.207312480772590568e+00 3.538542458984826222e+00 3.576950592229027226e+00 5.053845956781303883e+00 5.068342035484593389e+00 6.030078335907202991e+00 6.110632122409612066e+00 6.751889201935840745e+00 6.781365778244786036e+00 8.661491533973302737e+00 8.727553573308094670e+00 1.245947036183954459e+01 1.246326900496136503e+01 1.265747819365826032e+01 1.266416107103261979e+01 1.293115302529588995e+01 1.300857942827480684e+01 1.363887593933417364e+01 1.369132536155941082e+01 1.562091734861930625e+01 1.570159419211560703e+01 1.685610507730066843e+01 1.697022058503020858e+01
3.429076341499693203e+00 3.440422098298902220e+00 3.705765719588525187e+00 3.734799612069301222e+00 5.274579494450647665e+00 5.284764017478464915e+00 6.609666105050020946e+00 6.652252414209617548e+00 7.314428817143080686e+00 7.345245127015513020e+00 8.710170232684346203e+00 8.769796178872727666e+00 1.246562486144176773e+01 1.246857263631861024e+01 1.267106974480422110e+01 1.267588956229267794e+01 1.275921094107726539e+01 1.281524308941208545e+01 1.340842077949255717e+01 1.348590738157208513e+01 1.553807748267328215e+01 1.559305657109990939e+01 1.706740134560766009e+01 1.715782310183866244e+01
3.644841147611522558e+00 3.649600165526885043e+00 3.872032120528572374e+00 3.887083484633045760e+00 5.478332492456905456e+00 5.482731979654126064e+00 7.011078160810770399e+00 7.019435950974372673e+00 7.761751628968165839e+00 7.776186559622530581e+00 8.960638112441793979e+00 8.988105720556509581e+00 1.244084314921272139e+01 1.247289523884968965e+01 1.247434238463534761e+01 1.248671329306943889e+01 1.268407720308455211e+01 1.268619472371913481e+01 1.324529029741580999e+01 1.330291297399073791e+01 1.551800442475744468e+01 1.554143461808120641e+01 1.728036443554007562e+01 1.732247114839401192e+01
3.831397267364642811e+00 3.833809232807229517e+00 4.028951604867756053e+00 4.038117474597041401e+00 5.657275850100094594e+00 5.659569873218170954e+00 7.087655634427740381e+00 7.095308164137180462e+00 8.208392173206428666e+00 8.214618949465375408e+00 9.346760675441409205e+00 9.359347234014393280e+00 1.208815141409251304e+01 1.212051899422637113e+01 1.248030944957885069e+01 1.248109417558988099e+01 1.269471124269339768e+01 1.269583555951894915e+01 1.308039414382397503e+01 1.311367496823337042e+01 1.556289091080792630e+01 1.557863630614789052e+01 1.743123596947777898e+01 1.745775229336226531e+01
3.983195560088485188e+00 3.992705009091142454e+00 4.153661504797696580e+00 4.205448725942136257e+00 5.804563584299960333e+00 5.813774799301887342e+00 6.925931000459160991e+00 6.981435410961842614e+00 8.665530009337016892e+00 8.689692162476672976e+00 9.709109754236795453e+00 9.747921092422323852e+00 1.170928466999091100e+01 1.184908183975031015e+01 1.248593696660106644e+01 1.248930412468127393e+01 1.270142816630527527e+01 1.270601796403750861e+01 1.283297890806098174e+01 1.297999415288310665e+01 1.564188603679883194e+01 1.572041547106000436e+01 1.746936827615195398e+01 1.758489971189749923e+01
4.103050696017328747e+00 4.118927230424381136e+00 4.253617632737387133e+00 4.374417040248055777e+00 5.921736195709221384e+00 5.937350933844900425e+00 6.666415457804372835e+00 6.802295677344788238e+00 9.087275072048855762e+00 9.131499795210007875e+00 9.988806407427397005e+00 1.003866027887965373e+01 1.139186011923647790e+01 1.164955032501998744e+01 1.249085860989225161e+01 1.249686030041979912e+01 1.259303409542988561e+01 1.270639442556144161e+01 1.271430654785071823e+01 1.285409328917064897e+01 1.575255458354128990e+01 1.592805142757219805e+01 1.743364761954747166e+01 1.766107128571780294e+01
4.189573063231271099e+00 4.210488731813541108e+00 4.323308800717714284e+00 4.538813345756570250e+00 6.006756221257505857e+00 6.027553036313094914e+00 6.390156154734542682e+00 6.630285552474190602e+00 9.439079241855049318e+00 9.504874982862945743e+00 1.015178570297977068e+01 1.020486058442252464e+01 1.115821949785248890e+01 1.152680055574324847e+01 1.239242393401141662e+01 1.249471044284742050e+01 1.250307314148575166e+01 1.270973146897705597e+01 1.272034801953976135e+01 1.275216184140395015e+01 1.586627663396726362e+01 1.617311552910092587e+01 1.733198554684041071e+01 1.769549289072961784e+01
4.241837098795965488e+00 4.265984518281471516e+00 4.362188596076260971e+00 4.674771744691237352e+00 6.058275335080922197e+00 6.082441128175140932e+00 6.167676350780708638e+00 6.510287747065752306e+00 9.690907861932867462e+00 9.779167444794939712e+00 1.020247279016853348e+01 1.025876908843618018e+01 1.101884070433192520e+01 1.146906368114954233e+01 1.225805171645166780e+01 1.249714583968154002e+01 1.250708123823154594e+01 1.268617908698315055e+01 1.271165431407841950e+01 1.272412981062807624e+01 1.595256473623010507e+01 1.640768490672599000e+01 1.719301008393430763e+01 1.770443541888622008e+01
4.259315392871749317e+00 4.284576073407531993e+00 4.374249164045886928e+00 4.731839886657300376e+00 6.075514841809951605e+00 6.078392664839177506e+00 6.100885923042675074e+00 6.467645317863880194e+00 9.790685778737154621e+00 9.893171787980111986e+00 1.019863491412313827e+01 1.025654261384296539e+01 1.097339464022540767e+01 1.145391132103150156e+01 1.221037249154371551e+01 1.249798151607230245e+01 1.250847948063776549e+01 1.266344382171996408e+01 1.271226518582130716e+01 1.272536531519733671e+01 1.598498441709188356e+01 1.652433751549709484e+01 1.710997105398183749e+01 1.770489305755145892e+01
4.202319375688221115e+00 4.289775522878187530e+00 4.533206441251700802e+00 4.819601837429526192e+00 6.059307445660357061e+00 6.120030142221637881e+00 6.199255177643499870e+00 6.467993106705646866e+00 9.775570223204738340e+00 9.868788199340031042e+00 1.017781958129384989e+01 1.023972540412216148e+01 1.100682132073610475e+01 1.145123970241049349e+01 1.220178985354334955e+01 1.245404087510022784e+01 1.254636640366981304e+01 1.263421970763981328e+01 1.274277572794104429e+01 1.285690811835125658e+01 1.594849295480571705e+01 1.647998488717221832e+01 1.706296352482092615e+01 1.765101988328997962e+01
4.186822071312826132e+00 4.323962454311964798e+00 4.832855965958778199e+00 5.057210454080300011e+00 6.070729794683368929e+00 6.234498483094440324e+00 6.404910000561169880e+00 6.498128926373613723e+00 9.728882293623550837e+00 9.798681332632572349e+00 1.011837691030077124e+01 1.019013782338774732e+01 1.110409010067535185e+01 1.145433793592414595e+01 1.219951522949731171e+01 1.237187288948660857e+01 1.263129025090157498e+01 1.270681637732802827e+01 1.281258840619010542e+01 1.304957441902671533e+01 1.584176550361562619e+01 1.635095052740339483e+01 1.692317116643014785e+01 1.749103441297080508e+01
4.235762047538104369e+00 4.391975193056270044e+00 5.214397384441333827e+00 5.393709453806103227e+00 6.101161839525143016e+00 6.311513276967566810e+00 6.628185315640055641e+00 6.742631768220233468e+00 9.649135336057831580e+00 9.691973349685058636e+00 1.002769494976549147e+01 1.011066589908532265e+01 1.125469746547922867e+01 1.148439973318000362e+01 1.221949127729353357e+01 1.233551207642300618e+01 1.271395833264678110e+01 1.284843993049266508e+01 1.291983371669233094e+01 1.324246034226975688e+01 1.567315169771864269e+01 1.614849218264888719e+01 1.669507296997465318e+01 1.723007639065310670e+01
4.337504361862701607e+00 4.491615528833990290e+00 5.618357599605096730e+00 5.733841406708164001e+00 6.185363597454602846e+00 6.336998693701622720e+00 6.954961982007927368e+00 7.117078859305779659e+00 9.538512496862789902e+00 9.561978790964751340e+00 9.914903572199790460e+00 1.000600391791714117e+01 1.143944599694654585e+01 1.155449536724023041e+01 1.225674704425859396e+01 1.235850837941978497e+01 1.281989549895506286e+01 1.300219078023897445e+01 1.305680400361252325e+01 1.341625634132313394e+01 1.545683777355858624e+01 1.588929195807421557e+01 1.638825384402788288e+01 1.687757672942288778e+01
4.483190604601795748e+00 4.620591306611300020e+00 5.853343547358657695e+00 5.891140399392737592e+00 6.466262448669977125e+00 6.515196495305762170e+00 7.359303784950081528e+00 7.519790191246384481e+00 9.405331308030977056e+00 9.421253298849357805e+00 9.789594528526336603e+00 9.882146178434835448e+00 1.163023039928382829e+01 1.166649820407423910e+01 1.231477126554125334e+01 1.242286147192573864e+01 1.295334528117124151e+01 1.314929975715537047e+01 1.322063048680136355e+01 1.356010500909009941e+01 1.521301412376825724e+01 1.559381700729239206e+01 1.601958600282839384e+01 1.644879395040009840e+01
4.666206955442503634e+00 4.776635464822923893e+00 5.817789522845668415e+00 5.881884801080714098e+00 6.876804652123417405e+00 6.930113740704104686e+00 7.774650902004295538e+00 7.899600495755283447e+00 9.267217994128099434e+00 9.281111961181951031e+00 9.662125720506185900e+00 9.746566122765313978e+00 1.178567231944564853e+01 1.182102546456557945e+01 1.239856588507975665e+01 1.249943177290107421e+01 1.311566357505166813e+01 1.328329705932747729e+01 1.340961473982612162e+01 1.367185354942836462e+01 1.496800587237373925e+01 1.528549509434052034e+01 1.561602903541257703e+01 1.596751881621249503e+01
4.879394239348530782e+00 4.955508269340556105e+00 5.706465519953285437e+00 5.760779326376620268e+00 7.316319967780731126e+00 7.353560293667674053e+00 8.115842474099494552e+00 8.189096822580612667e+00 9.151546092026002555e+00 9.167619427516459751e+00 9.547676534133582749e+00 9.611201018122821793e+00 1.191990581451604747e+01 1.195491935809433848e+01 1.249729991640682236e+01 1.256547505489293748e+01 1.330310629180868531e+01 1.340561490319916516e+01 1.361294547712528491e+01 1.376253077611222686e+01 1.475555125907611398e+01 1.499039194480574189e+01 1.522069467839835610e+01 1.547129627782495476e+01
5.113438000629312974e+00 5.151130982768513000e+00 5.549709383026657505e+00 5.581408985490166508e+00 7.679217986525506134e+00 7.693409284394828518e+00 8.294211066469999949e+00 8.317928129326888964e+00 9.095238830397608609e+00 9.106849932908525957e+00 9.476509410442195858e+00 9.504287044096267678e+00 1.202108680903555182e+01 1.203455959774761119e+01 1.257989437315063519e+01 1.260604010727805679e+01 1.347537917742898728e+01 1.350418634402077522e+01 1.380363044547438456e+01 1.386217619443573668e+01 1.462460235585913715e+01 1.473961996697286736e+01 1.490769684586678423e+01 1.502533750928132683e+01
5.350504197634802672e+00 5.350619993826497556e+00 5.363435462985068902e+00 5.363466252538727552e+00 7.832952138967754330e+00 7.832953251607728262e+00 8.333676618490152066e+00 8.333678906636050598e+00 9.081477708403035365e+00 9.081548358587939518e+00 9.467258695302648519e+00 9.467278096483152439e+00 1.205951657900825680e+01 1.205952225882712092e+01 1.261468967778344208e+01 1.261473519954239109e+01 1.354209857532769412e+01 1.354210861053571691e+01 1.391710191041874900e+01 1.391710240271361876e+01 1.462174827600723503e+01 1.462179758301029331e+01 1.478318245262233965e+01 1.478325641096300025e+01
5.145847934254414113e+00 5.151885612977983087e+00 5.565670443569055159e+00 5.567482771231092364e+00 7.732216244597204913e+00 7.739090628845862518e+00 8.289507487574333311e+00 8.298903617704675995e+00 9.114396693155601525e+00 9.118136094911033496e+00 9.465710304398267994e+00 9.465873095371035717e+00 1.205977830071801371e+01 1.206686906784104885e+01 1.261482362248472811e+01 1.262120215415276014e+01 1.348705687740865322e+01 1.348858328465193246e+01 1.383615230530752882e+01 1.384194324048142200e+01 1.461481932570997699e+01 1.463840687228630344e+01 1.491069605667694375e+01 1.494164379502668538e+01
4.925994872081246534e+00 4.940684059104800241e+00 5.780076268773753689e+00 5.785461694140799693e+00 7.512268643182473227e+00 7.530566944245414618e+00 8.121787271044155432e+00 8.148946745745281106e+00 9.208857619339726241e+00 9.210474162711495438e+00 9.424850572462847964e+00 9.433992991649757798e+00 1.206793476634802431e+01 1.208323588501488821e+01 1.262394760444539266e+01 1.263473049935167225e+01 1.335806622227828910e+01 1.336134187926695915e+01 1.368033913224369691e+01 1.370041598839937436e+01 1.465060555697509592e+01 1.468747172772030041e+01 1.519151988719353064e+01 1.522878070355108626e+01
4.701798606091331045e+00 4.727427823870973711e+00 5.982835746509623576e+00 5.993021311613359714e+00 7.243873519493225110e+00 7.279374039043851496e+00 7.856126449271758183e+00 7.905581815947735791e+00 9.247443215085297652e+00 9.257056333279166438e+00 9.364452605261547546e+00 9.389581768876009704e+00 1.208445682679250766e+01 1.210837731737518652e+01 1.263832387897320686e+01 1.265080641473290335e+01 1.319422017418000515e+01 1.322132613554510527e+01 1.355446039623326904e+01 1.356786223530433233e+01 1.471333344528672882e+01 1.475183057977836576e+01 1.550509905584447701e+01 1.553852485011063145e+01
4.477344821632096128e+00 4.515486346246106564e+00 6.133100285042219824e+00 6.144158804711126187e+00 6.973002461880506431e+00 7.043633943518191387e+00 7.531423773458721271e+00 7.613545096600886630e+00 9.102487111554934174e+00 9.105491749990878958e+00 9.387750042969638997e+00 9.402086808900941506e+00 1.210724725792055345e+01 1.213977246876718752e+01 1.264636248254591777e+01 1.265977755118206538e+01 1.304066668716498434e+01 1.310212773202500181e+01 1.347966055297574250e+01 1.348436522808136395e+01 1.478325502695767568e+01 1.482033145507039684e+01 1.580588017678750568e+01 1.583344126485931724e+01
4.256339131943863485e+00 4.307649647193358966e+00 6.127891161213284477e+00 6.130668731838643915e+00 6.760188122518143494e+00 6.911966010419146933e+00 7.191177432889566568e+00 7.334346393642866779e+00 8.858197263786680153e+00 8.868325526134457348e+00 9.365011728660340040e+00 9.371735529923016728e+00 1.213075448422184976e+01 1.217092378902865413e+01 1.263862484193371571e+01 1.264879266861526830e+01 1.293481870699951841e+01 1.301894932411012640e+01 1.345184633281488651e+01 1.346859506646799964e+01 1.485839932079405479e+01 1.489359957058104023e+01 1.607182681544227520e+01 1.609343283657742774e+01
4.041945680238876015e+00 4.106048976221099878e+00 5.895969731865463359e+00 5.909291202337295879e+00 6.544897181694580901e+00 6.695052976969688707e+00 7.082139215700443913e+00 7.203157571914375445e+00 8.555414106536964880e+00 8.569327437186323948e+00 9.267221895746436289e+00 9.268887943937757612e+00 1.214623982193344531e+01 1.219149050651476074e+01 1.261123495615883705e+01 1.262389446773221735e+01 1.290173845341006853e+01 1.296974921872106457e+01 1.348297394743958932e+01 1.349741713018709355e+01 1.494402005329933125e+01 1.497704819471395865e+01 1.629056327462095055e+01 1.630663048492653289e+01
3.836627353402710661e+00 3.912058813442063077e+00 5.554601272790669064e+00 5.574171974899918780e+00 6.206660953022828053e+00 6.304724075979684983e+00 7.183249233332585248e+00 7.236639313437027710e+00 8.203777275688688420e+00 8.220286321577749078e+00 9.100431192426535532e+00 9.102826273285284486e+00 1.214720050497357384e+01 1.219329248284175904e+01 1.256787045126584879e+01 1.261628958022565428e+01 1.293122201784065872e+01 1.295088833205483070e+01 1.355184181441018154e+01 1.356135184752991663e+01 1.504604138788411305e+01 1.507584577640604984e+01 1.645619739508709856e+01 1.646752877127303805e+01
3.641975216151619676e+00 3.726139932290788881e+00 5.171548962533189631e+00 5.199255885094935081e+00 5.814493181667712562e+00 5.898339026362501514e+00 7.247599964764482650e+00 7.275185667535217782e+00 7.812590811772776256e+00 7.834289318442016814e+00 8.898511494388635867e+00 8.902964644866047550e+00 1.213697007295030517e+01 1.217878485246620635e+01 1.253892487351656015e+01 1.261470480390524784e+01 1.296178388295295925e+01 1.299272087083376803e+01 1.363387208626730995e+01 1.365621604789103039e+01 1.516674748121848815e+01 1.519156713896299316e+01 1.656853353088865077e+01 1.657757212102698574e+01
3.458427567106669098e+00 3.547490963252917684e+00 4.772781797411854932e+00 4.810395473000507849e+00 5.419352704269438270e+00 5.502483765640649338e+00 7.152504077178494235e+00 7.182113818259641569e+00 7.411263843421295405e+00 7.449350155403967833e+00 8.723364219676662756e+00 8.730833109652897051e+00 1.212573469787847635e+01 1.215920937259045864e+01 1.252693797005492904e+01 1.261088701517282828e+01 1.299197465481558567e+01 1.305363006681353610e+01 1.373184530255938185e+01 1.376447888060384095e+01 1.530155330988351636e+01 1.532051536454801521e+01 1.663397006685652357e+01 1.664631386191510032e+01
3.284638290692794449e+00 3.373234143935286866e+00 4.373208207069555264e+00 4.420955183292912594e+00 5.046500853981072510e+00 5.130781347684164828e+00 6.797189453632032752e+00 6.822832999651881281e+00 7.072430652389754435e+00 7.109882316272088332e+00 8.637418204667060451e+00 8.651081330823382487e+00 1.212196139881299572e+01 1.214505329931712119e+01 1.252755818341334759e+01 1.260415379287762505e+01 1.301682439281847081e+01 1.308714806459821389e+01 1.384242360342356193e+01 1.387725704565038676e+01 1.543744126511406201e+01 1.545496798865205967e+01 1.666961681795022443e+01 1.669011390288064334e+01
3.115947206015435178e+00 3.196629227025734821e+00 3.986928910122558456e+00 4.044594784824226963e+00 4.711754105401943171e+00 4.793394561814039889e+00 6.313874452795889880e+00 6.330798201403836423e+00 6.678988464892241517e+00 6.705596155752088450e+00 8.642461465450718805e+00 8.662997903437034353e+00 1.212958933893198044e+01 1.214186296988161295e+01 1.253626377274447812e+01 1.259750482998629373e+01 1.301488666944328010e+01 1.308011588040922923e+01 1.394652371906783905e+01 1.397887903510389762e+01 1.556034969557026848e+01 1.558477207156271405e+01 1.670137933751617254e+01 1.673255305686913275e+01
2.941129547334118577e+00 3.004243171591711725e+00 3.632879100184647658e+00 3.701671348264914840e+00 4.424551140210127187e+00 4.497661132838039144e+00 5.790001806867611123e+00 5.799359591521572987e+00 6.206858607741614797e+00 6.222768872216876801e+00 8.697487647907504282e+00 8.722933770312899071e+00 1.214911783429376513e+01 1.215120089991701136e+01 1.254924344221800503e+01 1.259268052728365106e+01 1.297808901976743279e+01 1.303386241193375561e+01 1.400832576051898926e+01 1.403712685134916072e+01 1.567103780326813123e+01 1.570372451010981507e+01 1.675511226790453279e+01 1.679700960252918307e+01
2.740196701532879420e+00 2.778015646740978450e+00 3.337265610355233392e+00 3.417525032332904278e+00 4.188264524288127788e+00 4.247518656186429098e+00 5.248014560101453618e+00 5.252094941769369640e+00 5.703453590186268407e+00 5.706971958148303159e+00 8.770467501961901391e+00 8.798607217982661766e+00 1.217226423305906735e+01 1.217907351985183873e+01 1.256312700251436176e+01 1.258964312452678946e+01 1.290986125586828415e+01 1.295716549894602920e+01 1.398836976553162437e+01 1.401326469008267672e+01 1.578691920997735743e+01 1.582428171840650677e+01 1.684188829853799518e+01 1.689252718353119675e+01
2.500683863551370401e+00 2.515941305876630452e+00 3.114728688579604832e+00 3.198296997620502236e+00 3.999233829463820999e+00 4.041784405128683311e+00 4.703970707772518800e+00 4.717230958452627299e+00 5.200963878865198176e+00 5.210031014486160572e+00 8.845330504747158429e+00 8.874428972165606666e+00 1.220304259082914733e+01 1.221685678997457458e+01 1.257469882510698866e+01 1.258717467382685662e+01 1.281972105925930450e+01 1.286150323531913209e+01 1.386618324847871264e+01 1.388848477662969572e+01 1.592556374449508283e+01 1.596522163636732827e+01 1.695275039311764687e+01 1.701027660206130321e+01
2.243214380190272195e+00 2.245003370946916821e+00 2.932382206184144913e+00 3.005767403763698553e+00 3.839650090030977569e+00 3.867007634313021303e+00 4.215076818280127036e+00 4.233922108851312593e+00 4.740891305215633622e+00 4.758270889132131920e+00 8.914651032699911326e+00 8.943457519315291648e+00 1.224085511513316682e+01 1.225931773688264670e+01 1.258012740198430279e+01 1.258295069328928584e+01 1.272048167332121871e+01 1.276031629920641564e+01 1.365426677497030994e+01 1.367706212512515052e+01 1.608561721192069882e+01 1.612792683263641180e+01 1.706998209673600542e+01 1.713375986298478892e+01
1.996603057206690401e+00 2.001083261932483648e+00 2.709713223072764077e+00 2.759093615474582428e+00 3.652077852181726758e+00 3.676476100747915421e+00 3.905300042237035640e+00 3.917214226958729562e+00 4.353683077052662220e+00 4.372608685859942668e+00 8.974813819350972111e+00 9.002459902612672593e+00 1.228284039284050344e+01 1.230286899717381210e+01 1.256897633115173285e+01 1.257123331910014308e+01 1.263204901288565551e+01 1.267261169878032767e+01 1.338799045269029797e+01 1.341358655518589060e+01 1.625069308234133558e+01 1.629679083306121967e+01 1.717803158217856208e+01 1.724816988922901118e+01
1.790598513007093606e+00 1.795548291923397155e+00 2.373612223588072556e+00 2.395260331531936515e+00 3.480099410390749881e+00 3.511410589192229814e+00 3.789914639926190265e+00 3.793676121362711928e+00 4.056167242119538940e+00 4.070812176585994813e+00 9.023762216482396070e+00 9.049706624755616602e+00 1.232647926549222461e+01 1.234345373854864647e+01 1.252003465485431377e+01 1.253231203164363983e+01 1.259360701594804333e+01 1.262548906552216721e+01 1.310853510746951223e+01 1.313763721209607738e+01 1.640152628179545857e+01 1.645212607799793503e+01 1.726671679539865423e+01 1.734332988132640452e+01
1.636140154576765537e+00 1.638612069577562558e+00 1.974317301294861826e+00 1.980458011139179408e+00 3.404025627211905380e+00 3.440430005070025832e+00 3.741231161406288752e+00 3.741756971603193982e+00 3.855334213454202352e+00 3.863512520793308092e+00 9.060032157792754504e+00 9.084104036802420623e+00 1.237085244575987275e+01 1.237744194787969576e+01 1.247330469341152970e+01 1.248674417444548190e+01 1.258288597889830562e+01 1.260658756547455539e+01 1.285444077691150788e+01 1.288610083706037024e+01 1.652172787023777545e+01 1.657679354208769951e+01 1.733081987760179388e+01 1.741342288618933765e+01
1.538979374224410224e+00 1.539367030517412971e+00 1.640274594612718406e+00 1.641023870778071769e+00 3.376837544100452781e+00 3.413933015351460210e+00 3.720665824413475598e+00 3.720733117740296247e+00 3.747102045749485022e+00 3.750293965578867184e+00 9.082416114486887793e+00 9.104956426188582697e+00 1.241011583612222324e+01 1.241822678489096532e+01 1.245621874481545710e+01 1.246312084882350035e+01 1.257904020022806435e+01 1.259278175057010252e+01 1.266006045992102713e+01 1.268928917200225115e+01 1.659903852378652189e+01 1.665752473760210606e+01 1.736886098862343530e+01 1.745588367514788430e+01
1.505370665378955142e+00 1.505372035431947531e+00 1.505376425024979703e+00 1.505377793848766022e+00 3.368979525431025301e+00 3.405522810963332869e+00 3.715559396873910902e+00 3.715562869059050310e+00 3.715563749928075588e+00 3.715567219901836360e+00 9.089998235215128730e+00 9.111932788180109100e+00 1.245132244324619641e+01 1.245132302840512573e+01 1.245133425377175662e+01 1.245133487131296590e+01 1.258327736181625589e+01 1.258327841144656389e+01 1.258328891229166935e+01 1.258328996472347505e+01 1.662570540542022357e+01 1.668549632425132501e+01 1.738137061675159245e+01 1.747004904897219646e+01
4.259315392871749317e+00 4.284576073407531993e+00 4.374249164045886928e+00 4.731839886657300376e+00 6.075514841809951605e+00 6.078392664839177506e+00 6.100885923042675074e+00 6.467645317863880194e+00 9.790685778737154621e+00 9.893171787980111986e+00 1.019863491412313827e+01 1.025654261384296539e+01 1.097339464022540767e+01 1.145391132103150156e+01 1.221037249154371551e+01 1.249798151607230245e+01 1.250847948063776549e+01 1.266344382171996408e+01 1.271226518582130716e+01 1.272536531519733671e+01 1.598498441709188356e+01 1.652433751549709484e+01 1.710997105398183749e+01 1.770489305755145892e+01
4.069501368787771689e+00 4.159043576966012346e+00 4.505625988195631315e+00 4.660942348468180008e+00 5.922980849717592200e+00 6.219114705820211420e+00 6.220592391338038318e+00 6.687578997368391676e+00 9.682668199253695818e+00 9.822813561953788408e+00 1.023748135695265127e+01 1.034140653448804059e+01 1.097252992440494168e+01 1.158899015151220091e+01 1.217326864137592857e+01 1.249280999882728871e+01 1.251516811249677552e+01 1.270158085066221787e+01 1.273324986735770281e+01 1.273574520398766019e+01 1.595658628942646473e+01 1.656189548338986484e+01 1.710604102933816506e+01 1.770020961651210101e+01
3.860682436914352866e+00 3.912409451954363959e+00 4.426284927882784714e+00 4.756722628221185190e+00 5.728575941098133839e+00 6.315155177324319524e+00 6.526573145595788716e+00 7.098696118656127929e+00 9.501666776698856509e+00 9.641978863618273721e+00 1.034186726874527196e+01 1.044580265124736584e+01 1.104266727619738120e+01 1.175771630882267793e+01 1.218210736178156317e+01 1.248655079607897989e+01 1.252531591692431689e+01 1.268706757760634929e+01 1.274526362724174255e+01 1.291347438039361784e+01 1.588250577397336549e+01 1.666070523687491090e+01 1.708747045368164308e+01 1.768921845967349782e+01
3.720320115667160810e+00 3.812228745651420780e+00 4.175430894101480384e+00 5.013773800589341079e+00 5.508612700093084236e+00 6.372957495869605360e+00 6.772342280435251993e+00 7.444940337883754644e+00 9.343963077217248170e+00 9.466046073021265883e+00 1.042181772513413307e+01 1.051117622179988942e+01 1.120914151327539621e+01 1.168096623552344049e+01 1.231414451827253664e+01 1.248251968203188156e+01 1.253363045621755489e+01 1.267583463771682517e+01 1.275232472536625217e+01 1.314958761847835156e+01 1.579487833931825058e+01 1.678768645365881440e+01 1.704057592645361652e+01 1.767866280719094618e+01
3.710459057560339335e+00 3.777770317736079075e+00 4.051406291567565709e+00 5.249129699802946192e+00 5.286139155909393317e+00 6.392334271664620537e+00 6.861111154840707549e+00 7.582231744917359073e+00 9.277397512706253124e+00 9.391664544515117896e+00 1.044997463988822872e+01 1.053266215569367326e+01 1.135791056237816754e+01 1.155449374923509787e+01 1.236964048232579749e+01 1.248114843003287433e+01 1.253691915142176860e+01 1.267152419457389101e+01 1.275476338940880616e+01 1.327186515673670009e+01 1.575232012318077146e+01 1.687358408067919413e+01 1.698801218817708047e+01 1.767441877144319662e+01
4.210120458566686708e+00 5.642780149658000788e+00 5.642797415026623575e+00 6.857526986909907585e+00 7.153351869765334214e+00 7.155462029255016176e+00 8.286771508390147645e+00 8.965816527108493972e+00 8.967474773209378469e+00 9.263395802025092607e+00 9.264031527646311659e+00 9.424045754922811824e+00 1.197914651729455038e+01 1.218665417535600604e+01 1.263142094022390438e+01 1.263237401770007295e+01 1.343969473087864941e+01 1.344020842707110930e+01 1.404104908976138688e+01 1.404201306183238351e+01 1.419896883564716283e+01 1.474150929804975263e+01 1.474247259086565442e+01 1.499253494893413396e+01
4.295136362301166244e+00 5.594238869795793434e+00 5.594288642430919722e+00 6.692281642563676414e+00 7.236786578901307720e+00 7.238828305284610742e+00 8.399948778304635155e+00 8.873284571767955597e+00 8.874895660863687752e+00 9.316667593921172497e+00 9.317298589623227656e+00 9.404071343980032083e+00 1.198409539936051438e+01 1.217458172125868998e+01 1.262882891947396402e+01 1.262970126737969245e+01 1.345248218005879970e+01 1.345294361371196779e+01 1.402469455530164133e+01 1.402556914827464141e+01 1.423371883782561476e+01 1.474808781571578642e+01 1.474895814958002127e+01 1.496565959678660640e+01
4.537197136751822235e+00 5.489885696808546101e+00 5.489965843564007741e+00 6.306361680797007985e+00 7.443717771313741238e+00 7.445594883576060141e+00 8.635833336675547756e+00 8.681316888087629025e+00 8.682886772339323045e+00 9.342739148318083053e+00 9.395556469740956373e+00 9.396044299278297984e+00 1.199913952934412720e+01 1.214274498614740061e+01 1.262275292135011462e+01 1.262340631611177244e+01 1.348577189171095192e+01 1.348609849756388002e+01 1.398338276586646600e+01 1.398403013572630726e+01 1.432999601401692225e+01 1.476321753270270065e+01 1.476385516100986273e+01 1.488802543943081425e+01
4.903108221352458607e+00 5.398468015699324773e+00 5.398525927058352991e+00 5.834863370265428451e+00 7.689571478160696749e+00 7.691081001986998622e+00 8.463248876502012408e+00 8.464621476106582776e+00 8.877575349614621913e+00 9.236481170866037260e+00 9.448891056850730052e+00 9.449149581545208676e+00 1.202451780318375008e+01 1.210110883324801989e+01 1.261694605659122637e+01 1.261729252842615701e+01 1.352400908771788934e+01 1.352416783819230162e+01 1.393787666093457034e+01 1.393822208827898024e+01 1.446764639658254659e+01 1.476840714330444904e+01 1.477757243523989672e+01 1.477778639986022924e+01
5.350504197634802672e+00 5.350619993826497556e+00 5.363435462985068902e+00 5.363466252538727552e+00 7.832952138967754330e+00 7.832953251607728262e+00 8.333676618490152066e+00 8.333678906636050598e+00 9.081477708403035365e+00 9.081548358587939518e+00 9.467258695302648519e+00 9.467278096483152439e+00 1.205951657900825680e+01 1.205952225882712092e+01 1.261468967778344208e+01 1.261473519954239109e+01 1.354209857532769412e+01 1.354210861053571691e+01 1.391710191041874900e+01 1.391710240271361876e+01 1.462174827600723503e+01 1.462179758301029331e+01 1.478318245262233965e+01 1.478325641096300025e+01
