-1.343362125855634970e-01
-1.743065778243199290e-02
9.947489702069951811e-02
2.163804518238310048e-01
3.332860066269625055e-01
4.501915614300940893e-01
5.670971162332254512e-01
6.840026710363570350e-01
8.009082258394886189e-01
9.178137806426200918e-01
1.034719335445751565e+00
1.151624890248883260e+00
1.268530445052014510e+00
1.385435999855145983e+00
1.502341554658277678e+00
1.619247109461409151e+00
1.736152664264540624e+00
1.853058219067672097e+00
1.969963773870804014e+00
2.086869328673935264e+00
2.203774883477067181e+00
2.320680438280198210e+00
2.437585993083330127e+00
2.554491547886461600e+00
2.671397102689592629e+00
2.788302657492724546e+00
2.905208212295856018e+00
3.022113767098987491e+00
3.139019321902118964e+00
3.255924876705250881e+00
3.372830431508381910e+00
3.489735986311513827e+00
3.606641541114645300e+00
3.723547095917776328e+00
3.840452650720907801e+00
3.957358205524040162e+00
4.074263760327171191e+00
4.191169315130302664e+00
4.308074869933434137e+00
4.424980424736566498e+00
4.541885979539697082e+00
4.658791534342828555e+00
4.775697089145960028e+00
4.892602643949091501e+00
5.009508198752223862e+00
5.126413753555355335e+00
5.243319308358485920e+00
5.360224863161617392e+00
5.477130417964748865e+00
5.594035972767881226e+00
5.710941527571012699e+00
5.827847082374144172e+00
5.944752637177274757e+00
6.061658191980407118e+00
6.178563746783538591e+00
6.295469301586670063e+00
6.412374856389801536e+00
6.529280411192933009e+00
6.646185965996064482e+00
6.763091520799195955e+00
6.879997075602327428e+00
6.996902630405458900e+00
7.113808185208591262e+00
7.230713740011721846e+00
7.347619294814853319e+00
7.464524849617984792e+00
7.581430404421116265e+00
7.698335959224247738e+00
7.815241514027379210e+00
7.932147068830511571e+00
8.049052623633643933e+00
8.165958178436774517e+00
8.282863733239905102e+00
8.399769288043037463e+00
8.516674842846168048e+00
8.633580397649300409e+00
8.750485952452430993e+00
8.867391507255563354e+00
8.984297062058695715e+00
9.101202616861826300e+00
9.218108171664958661e+00
9.335013726468089246e+00
9.451919281271221607e+00
9.568824836074352191e+00
9.685730390877482776e+00
9.802635945680615137e+00
9.919541500483745722e+00
1.003644705528687986e+01
1.015335261009001044e+01
1.027025816489314103e+01
1.038716371969627339e+01
1.050406927449940397e+01
1.062097482930253634e+01
1.073788038410566692e+01
1.085478593890879928e+01
1.097169149371192987e+01
1.108859704851506045e+01
1.120550260331819459e+01
1.132240815812132517e+01
1.143931371292445753e+01
1.155621926772758812e+01
1.167312482253071870e+01
1.179003037733385106e+01
1.190693593213698165e+01
1.202384148694011401e+01
1.214074704174324459e+01
1.225765259654637696e+01
1.237455815134950932e+01
1.249146370615263990e+01
1.260836926095577226e+01
1.272527481575890285e+01
1.284218037056203521e+01
1.295908592536516579e+01
1.307599148016829638e+01
1.319289703497142874e+01
1.330980258977456110e+01
1.342670814457769346e+01
1.354361369938082404e+01
1.366051925418395463e+01
1.377742480898708699e+01
1.389433036379021758e+01
1.401123591859334994e+01
1.412814147339648052e+01
1.424504702819961288e+01
1.436195258300274524e+01
1.447885813780587583e+01
1.459576369260900819e+01
1.471266924741213877e+01
1.482957480221527113e+01
1.494648035701840172e+01
1.506338591182153230e+01
1.518029146662466289e+01
1.529719702142779347e+01
1.541410257623092583e+01
1.553100813103405642e+01
1.564791368583718878e+01
1.576481924064031936e+01
1.588172479544344995e+01
1.599863035024658586e+01
1.611553590504971822e+01
1.623244145985284703e+01
1.634934701465597939e+01
1.646625256945911175e+01
1.658315812426224056e+01
1.670006367906537292e+01
1.681696923386850528e+01
1.693387478867163765e+01
1.705078034347476645e+01
1.716768589827789881e+01
1.728459145308103118e+01
1.740149700788415998e+01
1.751840256268729235e+01
1.763530811749042471e+01
1.775221367229355707e+01
1.786911922709668588e+01
1.798602478189981824e+01
1.810293033670295415e+01
1.821983589150608296e+01
1.833674144630921532e+01
1.845364700111234768e+01
1.857055255591547649e+01
1.868745811071860885e+01
1.880436366552174121e+01
1.892126922032487357e+01
1.903817477512800238e+01
1.915508032993113474e+01
1.927198588473426710e+01
1.938889143953739591e+01
1.950579699434052827e+01
1.962270254914366063e+01
1.973960810394679299e+01
1.985651365874992180e+01
1.997341921355305416e+01
2.009032476835618652e+01
2.020723032315931889e+01
2.032413587796245125e+01
2.044104143276558361e+01
2.055794698756871242e+01
2.067485254237184478e+01
2.079175809717497714e+01
2.090866365197810950e+01
2.102556920678123831e+01
2.114247476158437067e+01
2.125938031638750303e+01
2.137628587119063184e+01
2.149319142599376420e+01
2.161009698079689656e+01
2.172700253560002892e+01
2.184390809040315773e+01
2.196081364520629009e+01
2.207771920000942245e+01
2.219462475481255126e+01
2.231153030961568362e+01
2.242843586441881953e+01
2.254534141922194834e+01
2.266224697402508070e+01
2.277915252882821306e+01
2.289605808363134543e+01
2.301296363843447423e+01
2.312986919323760659e+01
