-3.456748110704390797e-04 -1.182117410736310467e-04 -6.565633459474832281e-08 2.901700407740237964e+00 3.715447031312832049e+00 4.636033096811149612e+00 4.769374916801647935e+00 7.031732781521712106e+00 7.912315106927245267e+00 8.532607730514852662e+00 8.548240984122969621e+00 9.992927093091966029e+00 1.004518257672568282e+01 1.092639696105083402e+01 1.097624045473151710e+01 1.135253760231951681e+01 1.149581461966658935e+01 1.208790232268262876e+01 1.229799339705584948e+01 1.319428509692153106e+01 1.457497656353514337e+01 1.552591675906945845e+01 1.598489073060111565e+01 1.758928940446651623e+01
-4.415768113898845826e-01 3.347824028140191088e-01 4.242912429860485890e-01 2.914359385083756582e+00 3.702827812731575907e+00 4.615805489667534900e+00 4.757404984356144340e+00 6.911589770197433147e+00 7.714239065766849812e+00 8.622848100118060799e+00 8.681934668600590044e+00 9.961528652504483716e+00 1.000018742669167793e+01 1.091142715999850310e+01 1.098607710981505292e+01 1.124915145878008005e+01 1.163031707280866911e+01 1.205731637156711500e+01 1.261246990335735774e+01 1.318772189569459741e+01 1.456751047044635072e+01 1.558519626258893354e+01 1.603532923520167586e+01 1.761380919346894558e+01
-8.091686822290747316e-02 6.646390099390404593e-01 8.434205206617071404e-01 2.952598648443572671e+00 3.665004109508507746e+00 4.556817361594764471e+00 4.722464797752168764e+00 6.620577117272615553e+00 7.322863187511349459e+00 8.825902062589031871e+00 8.878919261385464168e+00 9.796374768560403012e+00 1.001749561975362823e+01 1.086481736360581962e+01 1.100642979878074179e+01 1.121105497458062317e+01 1.171934443300586892e+01 1.205106601596663474e+01 1.315113579433839419e+01 1.327344337355989445e+01 1.466460565146350881e+01 1.573469431114649275e+01 1.618288082456577115e+01 1.768907798394272390e+01
9.868198349418818571e-01 1.253210644908367977e+00 1.380009683878907101e+00 3.016002424497751910e+00 3.602147558934648774e+00 4.464622467803839534e+00 4.666545004153872966e+00 6.257617095406061480e+00 6.873012031593016324e+00 8.973050847149380616e+00 9.061584879948256344e+00 9.653404967729805719e+00 1.004743769960830768e+01 1.079945235092374034e+01 1.103368203091973498e+01 1.123097888401284905e+01 1.176353300009470360e+01 1.206164946805266425e+01 1.313124791879084086e+01 1.363012762136722067e+01 1.520608429897708724e+01 1.593124974179759867e+01 1.643408093271416348e+01 1.782066711557270011e+01
1.299734595155613626e+00 1.650195610274386215e+00 2.470714929406391036e+00 3.111362240641736054e+00 3.514824178906803986e+00 4.350418751184821353e+00 4.592156582374784968e+00 5.880503125931570985e+00 6.405743997316268867e+00 8.903879800860220683e+00 9.261853415485971297e+00 9.606145172989931424e+00 1.008937610898395576e+01 1.072870588897065858e+01 1.106963515364952322e+01 1.126845363901433039e+01 1.179693966424021134e+01 1.207356750809022827e+01 1.309852373714389628e+01 1.363152846788940664e+01 1.592578405857831925e+01 1.616141569199292860e+01 1.689849556772703920e+01 1.802270753580822316e+01
1.598958069140363980e+00 2.026313714861834647e+00 3.127735356568728697e+00 3.404709185424366957e+00 3.608594814866178613e+00 4.233606228334021004e+00 4.503036629995692763e+00 5.521002077630465799e+00 5.947085314735125472e+00 8.673129812237384328e+00 9.421719388037349319e+00 9.634755055806611068e+00 1.014185591659415486e+01 1.065767417683595752e+01 1.111419531130921001e+01 1.130663110654109715e+01 1.182992867527711844e+01 1.207753226887171927e+01 1.307111005324636288e+01 1.353252037402679164e+01 1.626619115670739646e+01 1.642614585222412060e+01 1.762025480533122490e+01 1.835707011755223306e+01
1.881622243896180935e+00 2.369943809790704403e+00 3.240887744479632904e+00 3.277708288128682756e+00 4.134430624042082947e+00 4.404930874885500280e+00 4.563037618736210277e+00 5.200668053001407110e+00 5.521046938116624503e+00 8.345759015032880868e+00 9.537697527108866424e+00 9.674604643058403397e+00 1.020144010973790571e+01 1.058814244052653919e+01 1.116540681795876644e+01 1.133594128555366076e+01 1.186543446680084912e+01 1.206878921440054420e+01 1.305789104586598981e+01 1.341832740821724990e+01 1.645521930516970599e+01 1.660985357071265867e+01 1.812137745585270210e+01 1.895615545262994317e+01
2.144853994507469164e+00 2.646429997947830959e+00 3.158805045527916189e+00 3.312075877760460418e+00 4.087934592732322514e+00 4.306559537574360164e+00 4.921854109861772741e+00 5.152701143402581785e+00 5.436480527889883341e+00 7.947729912345044667e+00 9.616289047735866902e+00 9.700807276165789972e+00 1.026405922350230782e+01 1.052064716118967347e+01 1.121948576040587042e+01 1.134910759256039192e+01 1.190300457339493079e+01 1.204786582379896664e+01 1.306449442559701524e+01 1.331252488261407407e+01 1.659701142285000586e+01 1.671690141531088258e+01 1.838110595970286454e+01 1.959263250051962757e+01
2.385275283457295004e+00 2.730905945372631205e+00 3.155747643784544199e+00 3.330982115080644235e+00 4.097529153254508394e+00 4.218624162604351469e+00 4.748760272412067884e+00 4.875767038061626479e+00 6.170134536214680665e+00 7.491232304232654293e+00 9.665887306334722595e+00 9.709318448654633116e+00 1.032722840854784963e+01 1.045511177288597437e+01 1.127102572443902773e+01 1.134193621366956428e+01 1.193988314483480728e+01 1.201959296623295614e+01 1.309178633789214174e+01 1.322415854692870774e+01 1.669395662352322773e+01 1.676632411037513393e+01 1.852914699445499380e+01 2.002214609838750903e+01
2.593732607711078053e+00 2.595292459067513935e+00 3.268452467659425764e+00 3.271046180269051806e+00 4.141778513814457163e+00 4.153861073282620886e+00 4.703902507466779959e+00 4.749070484067637210e+00 6.624675735226119855e+00 7.130199883405567540e+00 9.687736146410735216e+00 9.705889080827658333e+00 1.038652055345768055e+01 1.039506964542417400e+01 1.130935705292017879e+01 1.131904054271293880e+01 1.196396863951412115e+01 1.199813076969300241e+01 1.312316508150030891e+01 1.317232757297667511e+01 1.673389817734361884e+01 1.677487823959378233e+01 1.857916187635584748e+01 2.017109805198095529e+01
2.591026604955111612e+00 2.716801421137153394e+00 3.069224104118926988e+00 3.422665109273392403e+00 4.018669550875189955e+00 4.161890219119328549e+00 4.714311378364267391e+00 4.942411712499943377e+00 6.625602261520104896e+00 7.115688778562960337e+00 9.662874309571016340e+00 9.701788991599732626e+00 1.038374715558787109e+01 1.043736038038494840e+01 1.110954987411633610e+01 1.162165188444866004e+01 1.197265309260436261e+01 1.201768391733294550e+01 1.306945740644316878e+01 1.324647027751991857e+01 1.669974416856118538e+01 1.676557037492013436e+01 1.852029438201823908e+01 2.008830083483377749e+01
2.571662696416815219e+00 2.934155275024312282e+00 3.011018323133855201e+00 3.511330547928774415e+00 3.939942505824717500e+00 4.078434508626320287e+00 4.793961701221148175e+00 5.284011474134273634e+00 6.629723551999711084e+00 7.079752923662901765e+00 9.625544132986240342e+00 9.688680002449324036e+00 1.045311278538647670e+01 1.048609876734809276e+01 1.103100008509676400e+01 1.188795471591288866e+01 1.199665608207149248e+01 1.213941816499810500e+01 1.301261022381223142e+01 1.336656496787265347e+01 1.661795922477852017e+01 1.672173303292719737e+01 1.835222965432427600e+01 1.984358685230479225e+01
2.450176712067547946e+00 3.161737446234215820e+00 3.252967976285709106e+00 3.541364611810385643e+00 3.969814254466316417e+00 4.069116845998018483e+00 4.907819413555778887e+00 5.626951094242389928e+00 6.640940036817402081e+00 7.043086954397041133e+00 9.631170605919873395e+00 9.671504236400728871e+00 1.052821709078785695e+01 1.057671469879360160e+01 1.107066490891805444e+01 1.198385745154369353e+01 1.203460056455192984e+01 1.240082288184175141e+01 1.296739881908945868e+01 1.351741615836879973e+01 1.650896039072911847e+01 1.663617153061543164e+01 1.809974790615595452e+01 1.944989561457178340e+01
2.421618313592500016e+00 3.257338892523666374e+00 3.602575801863318716e+00 3.662408111409701572e+00 4.118861780451379850e+00 4.226039774913947333e+00 5.045504419369960303e+00 5.928521986008322031e+00 6.666430166178262340e+00 7.035108105187772409e+00 9.645682785730114617e+00 9.691405024195915985e+00 1.056535913572095176e+01 1.070837824137067962e+01 1.122132059566546047e+01 1.204595186733943102e+01 1.209402304397815620e+01 1.260380543757668725e+01 1.293053941584655142e+01 1.367899090120762118e+01 1.638880656754012932e+01 1.650765730672679510e+01 1.780222680037718064e+01 1.893571786668193369e+01
2.512448365121254579e+00 3.256391105361522431e+00 3.875746623468735663e+00 4.059907442201189376e+00 4.372492050683240095e+00 4.492639029397534678e+00 5.202847891699097893e+00 6.189909585067328024e+00 6.724419465140801577e+00 7.087007755615698734e+00 9.614478969061748259e+00 9.760966724461692223e+00 1.059735619545667973e+01 1.085382272621169619e+01 1.142192053745709934e+01 1.210848013750208452e+01 1.219656752682699441e+01 1.270042369020806561e+01 1.289669839669150875e+01 1.380524404645592895e+01 1.625958983115327428e+01 1.632674146065486909e+01 1.751324355997612514e+01 1.835822663111132158e+01
2.671740355210004303e+00 3.253171094389720519e+00 4.230072973189535901e+00 4.443749512904735077e+00 4.739548933529964536e+00 4.772838433570773198e+00 5.385505749664168285e+00 6.430228510600229264e+00 6.858311954197100491e+00 7.219348694459896798e+00 9.570048812997335119e+00 9.800707328229153248e+00 1.062359045961309256e+01 1.104464986540665628e+01 1.157899790028352349e+01 1.216802266959194334e+01 1.236195509072525134e+01 1.270549915863774082e+01 1.286076775487753565e+01 1.386677857541969949e+01 1.604595219007246243e+01 1.610070380635174203e+01 1.729785097883493350e+01 1.782222115482822744e+01
2.852749933615937206e+00 3.236060925556035972e+00 4.611162689832486450e+00 4.710862800670785333e+00 4.997362420366501468e+00 5.179004781468959706e+00 5.644992398289569557e+00 6.677921061729898966e+00 7.125765459544114222e+00 7.434417245078319247e+00 9.509847090336810638e+00 9.789259606975521777e+00 1.064303368850334230e+01 1.128320485562787034e+01 1.165540979702404201e+01 1.220860498445437337e+01 1.255663606128859300e+01 1.265371758299922789e+01 1.282490769671784925e+01 1.387755780323947974e+01 1.562449197553320346e+01 1.586902992199285123e+01 1.719882263256806709e+01 1.745538922202973353e+01
3.026133969266765700e+00 3.195953303285312241e+00 4.831824868696899422e+00 4.929839687201892140e+00 5.158328266989632205e+00 5.501007165489969708e+00 6.086424682169671030e+00 6.973589485177114966e+00 7.536944594782546858e+00 7.716858659193444936e+00 9.431610822714702635e+00 9.726890695843088963e+00 1.065440245721468493e+01 1.149765865969326484e+01 1.171386881927340795e+01 1.219398201145281568e+01 1.261285102672451686e+01 1.266324588930294048e+01 1.284090045949234593e+01 1.386716636245049372e+01 1.511174584753772621e+01 1.559591178682273949e+01 1.718885285933909657e+01 1.728969377803947438e+01
3.125882446533964298e+00 3.174126853619620103e+00 4.865116659559165946e+00 5.050699372290639921e+00 5.298387043088125026e+00 5.726958228541360718e+00 6.630046886503355275e+00 7.331943209380719750e+00 8.012776634634816375e+00 8.044365982559300576e+00 9.335722117590430358e+00 9.628592122417167332e+00 1.065573079861170491e+01 1.148768727628224084e+01 1.192934041988483962e+01 1.211539684626983515e+01 1.261026004895185437e+01 1.263933967879125753e+01 1.293493178828474832e+01 1.385160700186222549e+01 1.469631639736091522e+01 1.531832762724637576e+01 1.720161882058072322e+01 1.726574335003956051e+01
3.029200086870173614e+00 3.265590315975746005e+00 4.742640633165376762e+00 5.134204821041880251e+00 5.404399761459996121e+00 5.931545851747118903e+00 7.159719835293840262e+00 7.719360708823423955e+00 8.357046479659707927e+00 8.437753872404051947e+00 9.230719383592351335e+00 9.547106907121252206e+00 1.064458304165472669e+01 1.136191541694316420e+01 1.202653676412757733e+01 1.215203194038534562e+01 1.251844665763697506e+01 1.270303971478451288e+01 1.301250303585905677e+01 1.383188076055877325e+01 1.454126886589926038e+01 1.506804001533592441e+01 1.718310935374768533e+01 1.732467618846492030e+01
2.887728525927088175e+00 3.291382493671539677e+00 4.548854435528215667e+00 5.203089071847974978e+00 5.493709226740626228e+00 6.137490849443489438e+00 7.618937536409980282e+00 8.072247219850881450e+00 8.622110555281087940e+00 8.641820003534519401e+00 9.150795613170863874e+00 9.598977794801461627e+00 1.062036292180374097e+01 1.121760770934120188e+01 1.197904007037770668e+01 1.224178181093288131e+01 1.244696795383877763e+01 1.278566120783069948e+01 1.308569802037916396e+01 1.380276188644075397e+01 1.468664379836969047e+01 1.486984310881782179e+01 1.712805900616209343e+01 1.739728832064334441e+01
2.714352019246314196e+00 3.245904351326195147e+00 4.375606548217067626e+00 5.244036907052139540e+00 5.605669153850017850e+00 6.351522468555121037e+00 7.956649504438218834e+00 8.222024064364624962e+00 8.721546449101861498e+00 8.797802679482224164e+00 9.196521120186321951e+00 9.771600813813611452e+00 1.058741639175016402e+01 1.110823349541433913e+01 1.197830181429004348e+01 1.218586326854628510e+01 1.245241965774874338e+01 1.287374024001842621e+01 1.314529350011375897e+01 1.376071045552033389e+01 1.472249807450422843e+01 1.507598334186168465e+01 1.703211097152061271e+01 1.744205128563721630e+01
2.577481841692346176e+00 3.144388312718209733e+00 4.270083943620813116e+00 5.261390231698551467e+00 5.754648635762841025e+00 6.572003630631530591e+00 8.076351725834928885e+00 8.120080537367185158e+00 8.861938368945038391e+00 8.960426109337420897e+00 9.376566082480840336e+00 9.926031975287678222e+00 1.055415737018690159e+01 1.105347069504271929e+01 1.200855469496795358e+01 1.210850366000728329e+01 1.247325393175436403e+01 1.296142542585492841e+01 1.317544682902515696e+01 1.371047458857185397e+01 1.464314369231376034e+01 1.558074952767468524e+01 1.690080807512390138e+01 1.743056965986267315e+01
2.564911598866904452e+00 3.017987189069464726e+00 4.223327093748186378e+00 5.276302787459353105e+00 5.932037366967733760e+00 6.790022713506935759e+00 7.864980565708894922e+00 8.103868754639185212e+00 8.960936284274097829e+00 9.164656646700757747e+00 9.566698634385582878e+00 1.002677431185848711e+01 1.052793364849573976e+01 1.104184476338759779e+01 1.203159897092049491e+01 1.208159548067928135e+01 1.248608425006874612e+01 1.304061083616423389e+01 1.318062074637202841e+01 1.366388455803496171e+01 1.460846672206692887e+01 1.611601528228356273e+01 1.674838474826838208e+01 1.734726751563354341e+01
2.687447623780713002e+00 2.907587664626381407e+00 4.200741230700749007e+00 5.306873880579190406e+00 6.123525371765694558e+00 6.986406099982925610e+00 7.652935135876864692e+00 8.031706539870581807e+00 9.035141733621394167e+00 9.259863919069770688e+00 9.721806108281434433e+00 1.009912433242539898e+01 1.051317849552881611e+01 1.105265366431380691e+01 1.203853789274374364e+01 1.210702702106718753e+01 1.248909898509878680e+01 1.309483284816086091e+01 1.317415484634313927e+01 1.362964931445140060e+01 1.460410610753532090e+01 1.657681194299951599e+01 1.662133034812047683e+01 1.720080059219499091e+01
2.754334035272536063e+00 3.026710085071931289e+00 4.043266843750465078e+00 5.370927898273450296e+00 6.484336930921572595e+00 7.000204435746506526e+00 7.438777606300399192e+00 8.100177750850953373e+00 8.952025384755158299e+00 9.292241504279433073e+00 9.895717656719975608e+00 1.016265446386893245e+01 1.049825883037363816e+01 1.110442784949292871e+01 1.211997103472944026e+01 1.217360860276539114e+01 1.251355189964176340e+01 1.308379501082997365e+01 1.325733427647662666e+01 1.353437617380322422e+01 1.457292593726033125e+01 1.647236814543221683e+01 1.692458464787286943e+01 1.723291685220781844e+01
2.768774851341536003e+00 3.121251400599653003e+00 4.039035271186719456e+00 5.386133434961974942e+00 6.442738768933818250e+00 6.936389647230416067e+00 7.351160181552903516e+00 8.096641686420618100e+00 8.916729246409623499e+00 9.333111611231846183e+00 9.892848978398621540e+00 1.014506190509186823e+01 1.052234822643120360e+01 1.112225220570777751e+01 1.199750531666808051e+01 1.222450388408764610e+01 1.252234693952479461e+01 1.305050353390454276e+01 1.327841493138799756e+01 1.356107927162556237e+01 1.456224318498175663e+01 1.643289737662170324e+01 1.693833549437113817e+01 1.724596380140510732e+01
2.814407572008615244e+00 3.377990595827389253e+00 4.033976354690238963e+00 5.427393413028080538e+00 6.314135959083888139e+00 6.733332699174565228e+00 7.141491645440818381e+00 8.052257312315219906e+00 8.889799957923614215e+00 9.393740490036719848e+00 9.884234754879628326e+00 1.011021334854502385e+01 1.058197262697519569e+01 1.116217304065702010e+01 1.181486619231767321e+01 1.222038417050084469e+01 1.254986605803918209e+01 1.299379916988810812e+01 1.329438528943368247e+01 1.362715277762597665e+01 1.452838780224181114e+01 1.632723487778163118e+01 1.697710192488173675e+01 1.727809022575600650e+01
2.887519173196261058e+00 3.709708745479662007e+00 4.076797641051856047e+00 5.482699922967575468e+00 6.047358960348169887e+00 6.431311495521894628e+00 6.912935929384914857e+00 7.951931480006817488e+00 8.906766151722143476e+00 9.425281182221146636e+00 9.868811487628271095e+00 1.008172823409127439e+01 1.066386168768478448e+01 1.118779038553995164e+01 1.164337380137933131e+01 1.216720163816616207e+01 1.258572032156370923e+01 1.294413506827881299e+01 1.326450618561706740e+01 1.371199071576331008e+01 1.446837685286821618e+01 1.618005079422405856e+01 1.703619834289351687e+01 1.731683339286949064e+01
2.975220331177796496e+00 3.866805238276233680e+00 4.373722848855743806e+00 5.510070331511530917e+00 5.599865583730246676e+00 6.204021889878638341e+00 6.705595904227862114e+00 7.810329580409977268e+00 8.905993191489434579e+00 9.449163468512329800e+00 9.844935189886736993e+00 1.005780358871805547e+01 1.075758903373227149e+01 1.115707681051464739e+01 1.154000771074553633e+01 1.209221868542368483e+01 1.261548173003753881e+01 1.289749023936801819e+01 1.319291430890984529e+01 1.380760084423592993e+01 1.438318085175227701e+01 1.601375466609274056e+01 1.710848501513151021e+01 1.735403521239988223e+01
3.050858892750852647e+00 3.877491330452812246e+00 4.827902436896827965e+00 5.070906836462448553e+00 5.582322416724746716e+00 6.064856354644237335e+00 6.525656015359164286e+00 7.616799312232560126e+00 8.854591131848566832e+00 9.500276248281775082e+00 9.810554968549597632e+00 1.001859664039591458e+01 1.081664465660360186e+01 1.111185667588465442e+01 1.150912146863762331e+01 1.201034542726313070e+01 1.262604975315768741e+01 1.282973192335522583e+01 1.313372905938962987e+01 1.390793633426824627e+01 1.428231635733691007e+01 1.584735571423865785e+01 1.718251753202767773e+01 1.738644664275289387e+01
3.070140679455512611e+00 3.864594893405826959e+00 4.646474247260978352e+00 5.336184690730160440e+00 5.611201966246365913e+00 6.008724685316622072e+00 6.389615300357406547e+00 7.349350371746261601e+00 8.790474427722838158e+00 9.566113581952205180e+00 9.761368685778515797e+00 9.958027084818622754e+00 1.077676712673597059e+01 1.116545292651358601e+01 1.150164529686031223e+01 1.193089327000595823e+01 1.259734163552649377e+01 1.275631842633534418e+01 1.312571318950222832e+01 1.400164280035206232e+01 1.418466063193867477e+01 1.570009065569374407e+01 1.724470180611319137e+01 1.741307220851991033e+01
3.021184262077491134e+00 3.853409586314247459e+00 4.475120945763902292e+00 5.483346378728256809e+00 5.801000927865274548e+00 6.077308517704735458e+00 6.346833954459230931e+00 7.004922147359827989e+00 8.751219425747425618e+00 9.611981159836798128e+00 9.708810671231390188e+00 9.900906607675446836e+00 1.071579684819206157e+01 1.126159378796204891e+01 1.148984232309201836e+01 1.186725134897951861e+01 1.253623242580039232e+01 1.272644929920594237e+01 1.314153658601871477e+01 1.406950812694245556e+01 1.411515329073276881e+01 1.559501195539906249e+01 1.728444211698316479e+01 1.743207056338572158e+01
2.985224275874660549e+00 3.851022672233642030e+00 4.435737217486675377e+00 5.481883814593098592e+00 5.867580203581732157e+00 6.153558685353171853e+00 6.549618701333760562e+00 6.667127314035640850e+00 8.740201453382354657e+00 9.614895406109077669e+00 9.696320365043080258e+00 9.877680461948608936e+00 1.069251777629007982e+01 1.131125502963361384e+01 1.147757724815143199e+01 1.184149945933496895e+01 1.250694573061580606e+01 1.272073416322258055e+01 1.315037701990436148e+01 1.407847330095437144e+01 1.410631999863012531e+01 1.555619477136363216e+01 1.729775672944050413e+01 1.743927020844034814e+01
3.262148196558738888e+00 3.612587641312292597e+00 5.075543648228757476e+00 5.585261664690644778e+00 5.939895193074260504e+00 6.185641480129042691e+00 6.513015756349515684e+00 6.594921241631676700e+00 8.607173485393301959e+00 9.572637670631143791e+00 9.740717308113818973e+00 9.922370056417497253e+00 1.072816770006537368e+01 1.128535345851440219e+01 1.139662357616925803e+01 1.183104569036491505e+01 1.254666570404343595e+01 1.274428056782265450e+01 1.311751970406354495e+01 1.407444766579345696e+01 1.428142791460484062e+01 1.549992603694565041e+01 1.711678821137308049e+01 1.738512952500243358e+01
3.371399313387129393e+00 3.632587117385193132e+00 5.276085379348767646e+00 5.592743625610552272e+00 6.069921224769793788e+00 6.173063512599485492e+00 6.575427039535075124e+00 6.623013558321795280e+00 8.569229742176082354e+00 9.527861192869794493e+00 9.749148799335335625e+00 9.943098947593314918e+00 1.075137066096368166e+01 1.127849617266036120e+01 1.133754278205332255e+01 1.182805652672133334e+01 1.257120025695801857e+01 1.276580224143850550e+01 1.313083700963920641e+01 1.401942986964250792e+01 1.441514190468543610e+01 1.542575852020293148e+01 1.700543530769543921e+01 1.733814199728097094e+01
3.534762328139453569e+00 3.727641959152382167e+00 5.361160143798947786e+00 5.590744495851521556e+00 6.179642766452535518e+00 6.244591579659162228e+00 6.606678531297615287e+00 6.786671568072579319e+00 8.547746862479616681e+00 9.462793728114034408e+00 9.746072012292618325e+00 9.949161905364302783e+00 1.078414229070867592e+01 1.121205756959912669e+01 1.134623784126362622e+01 1.182896428391400079e+01 1.258926560812339268e+01 1.277839474554463628e+01 1.315250507728472051e+01 1.392022258107065369e+01 1.456262044877091988e+01 1.533461665287722475e+01 1.689228431784320961e+01 1.727702535248062787e+01
3.748771788846691155e+00 3.891980272556027742e+00 5.322501365715385013e+00 5.579561402797239111e+00 6.305706910821093913e+00 6.355320500246415705e+00 6.703374574122380913e+00 6.954243133786770059e+00 8.555648207012598760e+00 9.380765589542431115e+00 9.730594502498318477e+00 9.938340180425560888e+00 1.081733740748117079e+01 1.113092605503661225e+01 1.139755465308939542e+01 1.182662384250589227e+01 1.258889790297734912e+01 1.277712543020498259e+01 1.318397035537700113e+01 1.378521654468285185e+01 1.470805513160662592e+01 1.523975900655176652e+01 1.679149956732318927e+01 1.720432535208895075e+01
3.975876061936391093e+00 4.133687390565011555e+00 5.222353093356765896e+00 5.571289045300263254e+00 6.373327648858951200e+00 6.489392574133479918e+00 6.859532807756656858e+00 7.091229996301388283e+00 8.607489516406268137e+00 9.289629239441094199e+00 9.703564346116841932e+00 9.912937695221527790e+00 1.084359476106114606e+01 1.105979612458031980e+01 1.146983968745102267e+01 1.181484236874201166e+01 1.256399374677239855e+01 1.275796799999221598e+01 1.322338276775984589e+01 1.363598339016631655e+01 1.483641165255676420e+01 1.515498766982983625e+01 1.671556119785430994e+01 1.712260373905645139e+01
4.193661607413004866e+00 4.430146244745305495e+00 5.110126146782752343e+00 5.566268447678308640e+00 6.384206291282690238e+00 6.602193686048487997e+00 7.026853263097078361e+00 7.187941869801774075e+00 8.706877526797256905e+00 9.201389292079381832e+00 9.671006464836468197e+00 9.875187548138733007e+00 1.085931683105861012e+01 1.100345718004318485e+01 1.154672689389053275e+01 1.179206245429991462e+01 1.252173805973396803e+01 1.271881133671059416e+01 1.326163182709556132e+01 1.350262464596491618e+01 1.493546041560775528e+01 1.509165932797210274e+01 1.667389168630398188e+01 1.703444998825731815e+01
4.396038409272178704e+00 4.722542094748404473e+00 5.017065621770870898e+00 5.545747434757242189e+00 6.388184117349597457e+00 6.635742584091731011e+00 7.163432066246340213e+00 7.260913199483259639e+00 8.832871838126401087e+00 9.128565402141312290e+00 9.646648116935029549e+00 9.825216343027657118e+00 1.086145282969147807e+01 1.096476696113991878e+01 1.160893240466392129e+01 1.176490864877969678e+01 1.248208270862880731e+01 1.266284155061404704e+01 1.328747316476509610e+01 1.341074724167763321e+01 1.499635518689454194e+01 1.505735105345552149e+01 1.667099858613533669e+01 1.694315326850940195e+01
4.563879871281372402e+00 4.839201051293287037e+00 5.079796629416232001e+00 5.478051994974062922e+00 6.417217701195658819e+00 6.592916003575278516e+00 7.242250872366122749e+00 7.322016064992618034e+00 8.944976032823696244e+00 9.076876433133802990e+00 9.649175108441257365e+00 9.764572956366562195e+00 1.085184635603291881e+01 1.094566487657769649e+01 1.164102489115497363e+01 1.174750692362631099e+01 1.246365706276345087e+01 1.260584336617018408e+01 1.329470025009560352e+01 1.336820960369071543e+01 1.501310365683023917e+01 1.505686766278685518e+01 1.670426400935383171e+01 1.685406186059679357e+01
4.651380543331808504e+00 4.796052681224047376e+00 5.226348089668260144e+00 5.389426952248895120e+00 6.459975061369251925e+00 6.538263837739870965e+00 7.266223307302087875e+00 7.347874360437018915e+00 9.000500760884586171e+00 9.047464028188867857e+00 9.673744138890626232e+00 9.718128417513998585e+00 1.084525952066270271e+01 1.094078377138038860e+01 1.164752864725886994e+01 1.174393720218118808e+01 1.246264424565526419e+01 1.257876849577803213e+01 1.329312347560868091e+01 1.335912658049138635e+01 1.501302871437153463e+01 1.506238411133183064e+01 1.675097657381702376e+01 1.678904360257408257e+01
4.619118004931817012e+00 4.751431436378604545e+00 5.189226444430670604e+00 5.366362822805102795e+00 6.460471970863739699e+00 6.526174348717708185e+00 7.300626417625714737e+00 7.383221423435690767e+00 9.000588917366696862e+00 9.045293835155252538e+00 9.662404228817718987e+00 9.709023761221814652e+00 1.084365929295172215e+01 1.093764898647432382e+01 1.165673550668261349e+01 1.174689832028905379e+01 1.245363773927200590e+01 1.257343474773747971e+01 1.329673309247098345e+01 1.335805532917560967e+01 1.502070317785999976e+01 1.506899063031580432e+01 1.674894901528006841e+01 1.678853903980050788e+01
4.524909046637473509e+00 4.622573822126613940e+00 5.082946357486171962e+00 5.312624598394052988e+00 6.462771133647279953e+00 6.501316560051731308e+00 7.383439605961619634e+00 7.474070076774630422e+00 9.001167523036290419e+00 9.038951819318100434e+00 9.634126316326174333e+00 9.684746100411436132e+00 1.083807163620326719e+01 1.092738726346590994e+01 1.168228943321961211e+01 1.175560858799589958e+01 1.242986237648372949e+01 1.255928846325438641e+01 1.330339696480035272e+01 1.335420994436765518e+01 1.504349525079476457e+01 1.508826114825099829e+01 1.674358931033905051e+01 1.678646210411783812e+01
4.378876270898206968e+00 4.429682344480441181e+00 4.919305882979486455e+00 5.256322952314090635e+00 6.458951806511541882e+00 6.483885807012877756e+00 7.482927403211347084e+00 7.586407572467101623e+00 9.000269256727873923e+00 9.027730151503936540e+00 9.603194523478189026e+00 9.655367480562668803e+00 1.082687762686392041e+01 1.090896004018702392e+01 1.171888807826899281e+01 1.176966098443174147e+01 1.239919116774713181e+01 1.254108442351253672e+01 1.330389815999739866e+01 1.334589918492602045e+01 1.507929889326002382e+01 1.511836369584360185e+01 1.673675720825019297e+01 1.678203467902590162e+01
4.196980818415449122e+00 4.209543275080624092e+00 4.717460004937426454e+00 5.208827337961692727e+00 6.438571629834330956e+00 6.482698249979832461e+00 7.578733505623535649e+00 7.693167707118393039e+00 8.985337878378743426e+00 9.011228309676347692e+00 9.587011701056324497e+00 9.637239897076650408e+00 1.080873855806886752e+01 1.088389868477661437e+01 1.175970798044264498e+01 1.178925544584036800e+01 1.236975348654168450e+01 1.252434860989615295e+01 1.329134932587662909e+01 1.333070115969535152e+01 1.512168243362963160e+01 1.515587109496188489e+01 1.673096704007072688e+01 1.677579145226759039e+01
3.972925493912951467e+00 4.025725219609349814e+00 4.497396529861963366e+00 5.170728123983865387e+00 6.414149399267094154e+00 6.481481233948983345e+00 7.661457497141805462e+00 7.783690606718084659e+00 8.943058536235552580e+00 8.984975567936775320e+00 9.598502612429561154e+00 9.644933336188792339e+00 1.078345142839733661e+01 1.085692685821356562e+01 1.179609252900969629e+01 1.181752205435652137e+01 1.234610187553550809e+01 1.251298083775684056e+01 1.326522585301233548e+01 1.330771551486922100e+01 1.516107308588490099e+01 1.519503559703317563e+01 1.672864567029676763e+01 1.677008933967531945e+01
3.758042113997441813e+00 3.871535560777518370e+00 4.283707413728368607e+00 5.141671361701583898e+00 6.389356653024552024e+00 6.477762674105387752e+00 7.728335725255121247e+00 7.857993020249817384e+00 8.882609742233626093e+00 8.939184096937649926e+00 9.637467214418590444e+00 9.677584315752223887e+00 1.075389744877104548e+01 1.083281605851899876e+01 1.182394910775520458e+01 1.185343749493917898e+01 1.232867423505379278e+01 1.250798507601487408e+01 1.322965553959663509e+01 1.328061708480244540e+01 1.519086220984878999e+01 1.522746903491078641e+01 1.673080379225575243e+01 1.676784402705139598e+01
3.569634544665399645e+00 3.760108623180483445e+00 4.107753951979576712e+00 5.121453010536283657e+00 6.367141840680428544e+00 6.473796836556953593e+00 7.778165918021979763e+00 7.917888431359060064e+00 8.821089626026871855e+00 8.882204891870154384e+00 9.689023740747593649e+00 9.719055728036973818e+00 1.072650500998247658e+01 1.081374023038709886e+01 1.184724201807127919e+01 1.188613761129369273e+01 1.231620728306159585e+01 1.250782692089153159e+01 1.319266321848711421e+01 1.325552928154472632e+01 1.520962763726238087e+01 1.524734787145343695e+01 1.673607500711566942e+01 1.676998043112871883e+01
3.432633139803133560e+00 3.695851925993433262e+00 3.995131360743965576e+00 5.109665248245876867e+00 6.351612343768734625e+00 6.471134780037674616e+00 7.809294630069469889e+00 7.959917862109995745e+00 8.776028588035067912e+00 8.833869470109283029e+00 9.732498798017520159e+00 9.750888857304252255e+00 1.070766155538610676e+01 1.080102520915495390e+01 1.186391667450441822e+01 1.190866668017578789e+01 1.230821639232179976e+01 1.250964226062522044e+01 1.316457302721611811e+01 1.323793633203047015e+01 1.521912144010342871e+01 1.525576254887241312e+01 1.674135325472765956e+01 1.677400596794023713e+01
3.381368056415479106e+00 3.675296031521410711e+00 3.956874582864643219e+00 5.105811223590534631e+00 6.346043510212592942e+00 6.470231161793803309e+00 7.819948395787693407e+00 7.975560298042013940e+00 8.759684822639053792e+00 8.814602469937627305e+00 9.750158482053548070e+00 9.761828648428979349e+00 1.070103468511328160e+01 1.079646296828639151e+01 1.187005304103948333e+01 1.191672114729403908e+01 1.230538100944203705e+01 1.251064388500036628e+01 1.315407594542197778e+01 1.323161347506205132e+01 1.522190999935426703e+01 1.525767172549005934e+01 1.674354769935318643e+01 1.677596574911516569e+01
3.121865374274039873e+00 3.708916263545862346e+00 3.977044224661470562e+00 5.197357553907899330e+00 6.356895563588843778e+00 6.483309666922240311e+00 7.792489247687488962e+00 7.992347771280798874e+00 8.712558380207319431e+00 8.912659330624903120e+00 9.686900226359632882e+00 9.818248060830045532e+00 1.069948669559847154e+01 1.080071141708261173e+01 1.183424147319212949e+01 1.194887437970302457e+01 1.233190634580066813e+01 1.252153146008365248e+01 1.307331822625350348e+01 1.332174838549366491e+01 1.508095655053295481e+01 1.542361428734622741e+01 1.671723279130891981e+01 1.679621508146836106e+01
2.657485290614871154e+00 3.683006677882052493e+00 4.014897726596451832e+00 5.333928561117137868e+00 6.365551923315243776e+00 6.540640453316981073e+00 7.761011315605151673e+00 8.010482563366949194e+00 8.705336711804410044e+00 9.050202166452507413e+00 9.617541703147608700e+00 9.873350253644115782e+00 1.068804489418593562e+01 1.081738417669545527e+01 1.180278201904229185e+01 1.197349273536713277e+01 1.240638979968044175e+01 1.255400609720364713e+01 1.298661636927469054e+01 1.343910708342215266e+01 1.494935282363831952e+01 1.562798513234360165e+01 1.668186647758728824e+01 1.681540603927818722e+01
2.242060751656327788e+00 3.594719065424931248e+00 4.068000780902087499e+00 5.405333208106586795e+00 6.240879250088032570e+00 6.728024713941885615e+00 7.758998881193032382e+00 7.999342952047475030e+00 8.761012734910490707e+00 9.165432273725910406e+00 9.560050724388736043e+00 9.923869795687423334e+00 1.066055765032097469e+01 1.084767736709111219e+01 1.180494086745656368e+01 1.197683802839960698e+01 1.249214027603294141e+01 1.261557463937398715e+01 1.294178285065688705e+01 1.354553997247132990e+01 1.484280845376148328e+01 1.584907331036564493e+01 1.665455508356455638e+01 1.682225337890924521e+01
2.019878474930814516e+00 3.463796295974892914e+00 4.141422200072412352e+00 5.442814121505470837e+00 6.045689211574501343e+00 6.935628604142426212e+00 7.763366253534921491e+00 7.953034517016632776e+00 8.870117828340104538e+00 9.231727292267237317e+00 9.528509538533221246e+00 9.970725008370266096e+00 1.062227601936938370e+01 1.088577566799679808e+01 1.184061409696716005e+01 1.197293273057390017e+01 1.252612281895602919e+01 1.272036027149838233e+01 1.296068572012716125e+01 1.362981378618731121e+01 1.476096857113756400e+01 1.607750062239872335e+01 1.663903059037087928e+01 1.682275947794545345e+01
2.034817700927371575e+00 3.310893783749281560e+00 4.221954743601455284e+00 5.459371185497261969e+00 5.878312791425007511e+00 7.083172559205624275e+00 7.752686015792803254e+00 7.899246248905488876e+00 9.002511687962938325e+00 9.240738401765902665e+00 9.533312674140775655e+00 1.001312205092122554e+01 1.058269668731511004e+01 1.092715399970610157e+01 1.189631677059969483e+01 1.197658253870961076e+01 1.251826909157843026e+01 1.283417628526081700e+01 1.303114945554067106e+01 1.368198276606062791e+01 1.470250025772299018e+01 1.629545046332633262e+01 1.663364896645148505e+01 1.683524524248807452e+01
2.213779932787036220e+00 3.156500613385489373e+00 4.277309087027398427e+00 5.404931857244490878e+00 5.858278691497718960e+00 7.124809925585634751e+00 7.730224723276083232e+00 7.887068006429394096e+00 9.125355421078129581e+00 9.199260955142952056e+00 9.575111777741296848e+00 1.004853552144468765e+01 1.054946315145713598e+01 1.096998184621915406e+01 1.195144037074249077e+01 1.200257966424758571e+01 1.250093582723618368e+01 1.293751047045173230e+01 1.310736778511415146e+01 1.369563135550028043e+01 1.466203896213400171e+01 1.646593717150339131e+01 1.663275949537153764e+01 1.689597028453344052e+01
2.453503455923276011e+00 3.017704827862639938e+00 4.271450631287992294e+00 5.327988912967531299e+00 5.971609413309721504e+00 7.070039503256820623e+00 7.696637433906124315e+00 7.941925365853788499e+00 9.123623749072493183e+00 9.216545890558862197e+00 9.643155665162860046e+00 1.007583432762092990e+01 1.052618903416646390e+01 1.101277858705173607e+01 1.199451392513468306e+01 1.205418776444064832e+01 1.248962123262134050e+01 1.302714790081841834e+01 1.315649771592540596e+01 1.367383904354297286e+01 1.463063400520141855e+01 1.655403999030061968e+01 1.662906936396582225e+01 1.703146690703228927e+01
2.687447623780700567e+00 2.907587664626367197e+00 4.200741230700749007e+00 5.306873880579187741e+00 6.123525371765693670e+00 6.986406099982923834e+00 7.652935135876864692e+00 8.031706539870580031e+00 9.035141733621392390e+00 9.259863919069768912e+00 9.721806108281434433e+00 1.009912433242539898e+01 1.051317849552881611e+01 1.105265366431380691e+01 1.203853789274373831e+01 1.210702702106718753e+01 1.248909898509878857e+01 1.309483284816085735e+01 1.317415484634313749e+01 1.362964931445139527e+01 1.460410610753531913e+01 1.657681194299951599e+01 1.662133034812047327e+01 1.720080059219499446e+01
3.262148196558745106e+00 3.612587641312308140e+00 5.075543648228761917e+00 5.585261664690644778e+00 5.939895193074261392e+00 6.185641480129041803e+00 6.513015756349515684e+00 6.594921241631671371e+00 8.607173485393296630e+00 9.572637670631145568e+00 9.740717308113818973e+00 9.922370056417497253e+00 1.072816770006537723e+01 1.128535345851440219e+01 1.139662357616925981e+01 1.183104569036492215e+01 1.254666570404343773e+01 1.274428056782265983e+01 1.311751970406354495e+01 1.407444766579345696e+01 1.428142791460484418e+01 1.549992603694565574e+01 1.711678821137308404e+01 1.738512952500243003e+01
3.531057614364643271e+00 3.684688141206445167e+00 5.287568014568204688e+00 5.671260289539870492e+00 5.910406642213929196e+00 6.184310002174846055e+00 6.501724272733026666e+00 6.562671001077335475e+00 8.456392448306347731e+00 9.485168393510004847e+00 9.761634069109408784e+00 9.957188214676431670e+00 1.078118516778118874e+01 1.126611956282376426e+01 1.137323820706608757e+01 1.185554076848066885e+01 1.257423877006002932e+01 1.273414952713166315e+01 1.303696930516085040e+01 1.408842363617831950e+01 1.435457832905199282e+01 1.551455530857099419e+01 1.700655414431594892e+01 1.735983635257909796e+01
3.781685547637251954e+00 3.862611922006274234e+00 5.397196374593782764e+00 5.656360765543306357e+00 5.973903698527219142e+00 6.203108115633574116e+00 6.547749177328590520e+00 6.593082447281992664e+00 8.260175027826333505e+00 9.342547123290904310e+00 9.739747502893893127e+00 9.934671391664466000e+00 1.086130013468419442e+01 1.127109897552913864e+01 1.134281810585506278e+01 1.190171781531518391e+01 1.262209773700268123e+01 1.272789755933867895e+01 1.294051949747667152e+01 1.406590794197808769e+01 1.444456293302578764e+01 1.553868376250647820e+01 1.689075127660257181e+01 1.732739183848680398e+01
4.006279407213511057e+00 4.064174978080776768e+00 5.368854367924275728e+00 5.568865095442022906e+00 6.070236882376110366e+00 6.322997222149833618e+00 6.601153425990760937e+00 6.671580791168985947e+00 8.030899942057500240e+00 9.154469425817602257e+00 9.637759270222826302e+00 9.807203679536739216e+00 1.095057297760868309e+01 1.132254135555560559e+01 1.133364305281940965e+01 1.196769358317570742e+01 1.265547103071432389e+01 1.272924023483083822e+01 1.289022444863434735e+01 1.401095960441371879e+01 1.455489366231440052e+01 1.558235941604848485e+01 1.677808258212839831e+01 1.728753452106125366e+01
4.201280921222711129e+00 4.232481856784364282e+00 5.264923996094394987e+00 5.448835483865334339e+00 6.141844729382295753e+00 6.465344030332859759e+00 6.683597045998131314e+00 6.738716782940503691e+00 7.797192314332621166e+00 8.929338591781268875e+00 9.427808240085276736e+00 9.578790587915843702e+00 1.103664607223727678e+01 1.134259161089844170e+01 1.142010020328386943e+01 1.204626990417832211e+01 1.260609595881377309e+01 1.271172118383791094e+01 1.299609850360342023e+01 1.393186765388414727e+01 1.468678180571349934e+01 1.566033607005922157e+01 1.668059548308088225e+01 1.724036309619702223e+01
4.280538926517096776e+00 4.412829013457435501e+00 5.140328218152021122e+00 5.304429272779638715e+00 6.180256828071640562e+00 6.534135569204899241e+00 6.759971744983830355e+00 6.775638276856793318e+00 7.613353564972617171e+00 8.680243576625706226e+00 9.114426756633669413e+00 9.287335121738838239e+00 1.111696263391291239e+01 1.138249415321469904e+01 1.150467351275943528e+01 1.212174704695536143e+01 1.250544602959478091e+01 1.272866549459917351e+01 1.315950840955841272e+01 1.383323294679043514e+01 1.484270867020789453e+01 1.579062013953733157e+01 1.661558569422921749e+01 1.718751915887955306e+01
4.299294316787076298e+00 4.499939163214944138e+00 5.030666267285627491e+00 5.141773632129570615e+00 6.176960613999653127e+00 6.456754430852833515e+00 6.777855359144246528e+00 6.796765617792300596e+00 7.534143344137504528e+00 8.429645140072219434e+00 8.733097510045856993e+00 8.981460864627576868e+00 1.117599122497371766e+01 1.142791132676333099e+01 1.156357703550940741e+01 1.217390628374038464e+01 1.242426499386471228e+01 1.275442486243233198e+01 1.330062606994899888e+01 1.371514412639937142e+01 1.502524737642513841e+01 1.598645489066311320e+01 1.660455891670591200e+01 1.713357684611071718e+01
4.265437899498899732e+00 4.418940882262617720e+00 4.945951380552989107e+00 4.994792771526658015e+00 6.115240619059052918e+00 6.253806621634093510e+00 6.732378058611804050e+00 6.777360151590167803e+00 7.537746593037440768e+00 8.207700654533185869e+00 8.338608391954746679e+00 8.711458883439235024e+00 1.118524673572826700e+01 1.146366573521779486e+01 1.159525386642119216e+01 1.218909815809385222e+01 1.238723459010822125e+01 1.276485998205777683e+01 1.338214686866357539e+01 1.357791235128936691e+01 1.523465281747982658e+01 1.624303166390614450e+01 1.666670809251555241e+01 1.708854417071414034e+01
4.172275669381183327e+00 4.184422517458192381e+00 4.768679565161919598e+00 4.950782234027537143e+00 5.982483653419346403e+00 6.009771751113069271e+00 6.594030845439387001e+00 6.708593186775330786e+00 7.557938108405024558e+00 8.004406293169147091e+00 8.037303634100329219e+00 8.517353621691786003e+00 1.112282771628067657e+01 1.147891996866012221e+01 1.160799868861787587e+01 1.216318070165206500e+01 1.239417052263221741e+01 1.273383523696059605e+01 1.339687020591467537e+01 1.342986373160268698e+01 1.546877394913861714e+01 1.652630435555381894e+01 1.680821653318237807e+01 1.707601276369799592e+01
3.823822767837543157e+00 4.054609932458800081e+00 4.567707956586801288e+00 4.878671174947032618e+00 5.768724193785145893e+00 5.785292428434763323e+00 6.393099384547688224e+00 6.565129408057746474e+00 7.526365005005621889e+00 7.826585552712899130e+00 7.917683618676179869e+00 8.409800443063295106e+00 1.099407948348675568e+01 1.146479058189189182e+01 1.160665667065507911e+01 1.209555741838550524e+01 1.241918064459847493e+01 1.264605330778901227e+01 1.328821281124870701e+01 1.335751049465419626e+01 1.572576211636431687e+01 1.675417998313828249e+01 1.701611644597500117e+01 1.716004765067559035e+01
3.407156834753453101e+00 3.900611328303402736e+00 4.347471470177437070e+00 4.759691605675865134e+00 5.537840811256559803e+00 5.547425380508422599e+00 6.180332107725776680e+00 6.360479203475149390e+00 7.437158602940376895e+00 7.808883335506900281e+00 7.835910775036941445e+00 8.368006236373380702e+00 1.082365660539140073e+01 1.141116083198213715e+01 1.159133365100338686e+01 1.198591183952705741e+01 1.242702315906704769e+01 1.251128873049225021e+01 1.316767916354901224e+01 1.328219276490789724e+01 1.600454550606986359e+01 1.686445240638972720e+01 1.726142189540982130e+01 1.738744771593496807e+01
2.964381176782459715e+00 3.739364501169150312e+00 4.119621918142519768e+00 4.619923330523627136e+00 5.262179836302741442e+00 5.340979996519974016e+00 5.994344686424007307e+00 6.134127783306539961e+00 7.362550167472189599e+00 7.775145982865632632e+00 7.844398136083063022e+00 8.361445227134497671e+00 1.063808022096401196e+01 1.130975452063230335e+01 1.156278412418346058e+01 1.183779653385611219e+01 1.235742681772551599e+01 1.239559495658822996e+01 1.306542103171469371e+01 1.319102951984690364e+01 1.630141733807392157e+01 1.694492034300162686e+01 1.751010841003316543e+01 1.765916505405882830e+01
2.541648292457047820e+00 3.578919439958406556e+00 3.921309569010664298e+00 4.498088422869847669e+00 4.970891907836065826e+00 5.146798479730467335e+00 5.846620587467638686e+00 5.908840485905139772e+00 7.315663742420972504e+00 7.731268603247578142e+00 7.885493193979330684e+00 8.365472637909411091e+00 1.046086462876758461e+01 1.116374276840193147e+01 1.151701581296756594e+01 1.166737892133530785e+01 1.221940349224590250e+01 1.231132274918912195e+01 1.296874622783469455e+01 1.310286012456121263e+01 1.660704742604986350e+01 1.705061716258837379e+01 1.773503318041426269e+01 1.790617045899933402e+01
2.197613667832616358e+00 3.419660636241585117e+00 3.789172172399429606e+00 4.414889344688966766e+00 4.682574824670814095e+00 4.965186258471336878e+00 5.678708125196593848e+00 5.742234901399243086e+00 7.298228962662233421e+00 7.697378265127338359e+00 7.924543865774955620e+00 8.363197757950782574e+00 1.031276337260990417e+01 1.098890031929444788e+01 1.142622440359817304e+01 1.152166801327272516e+01 1.209366888831448072e+01 1.220267852775534401e+01 1.286751268863737963e+01 1.303130595482960530e+01 1.690575753337386899e+01 1.718883055217571609e+01 1.791693178827101463e+01 1.810419594806278454e+01
2.001897093981976905e+00 3.269488722488622212e+00 3.714460858990670467e+00 4.342454237692361829e+00 4.444389651292842025e+00 4.805149290068559509e+00 5.477700726295783973e+00 5.648654740201161317e+00 7.313281377318241461e+00 7.671409113873696839e+00 7.959728940886794391e+00 8.344309625927776253e+00 1.021147216870378571e+01 1.080346534661519975e+01 1.128261104065859755e+01 1.143242247569463643e+01 1.196664144161828780e+01 1.211174064084129576e+01 1.276596514415537698e+01 1.297868216754929449e+01 1.717487241654492891e+01 1.735061764019892294e+01 1.804523802883796790e+01 1.824430126926587903e+01
2.005015787177782727e+00 3.093191004508886177e+00 3.687956065400722405e+00 4.218697624800523016e+00 4.321563229934743511e+00 4.678836878541279276e+00 5.331929859089412638e+00 5.567439310625478477e+00 7.355279888662135335e+00 7.653270519951927753e+00 7.991139250571629660e+00 8.306616996997176372e+00 1.016976099225330366e+01 1.062043191864739988e+01 1.116399473451824953e+01 1.135084814305717593e+01 1.184893972558964848e+01 1.205657887422944263e+01 1.267816600445621944e+01 1.294229235088124952e+01 1.738484368286207271e+01 1.752031458075694204e+01 1.811861010518059345e+01 1.832722524478008808e+01
2.192049883122921372e+00 2.827879595568528526e+00 3.752274935112104526e+00 4.080867142905392875e+00 4.255566156698332492e+00 4.586284481193080964e+00 5.275562451616024440e+00 5.497618938132115218e+00 7.402307823668929032e+00 7.644114266483029496e+00 8.016746774711730694e+00 8.261821319681446951e+00 1.019058714514020103e+01 1.045498872394645851e+01 1.109830549595755755e+01 1.127962910604552071e+01 1.176911454380225130e+01 1.202864772923314263e+01 1.261855290438703925e+01 1.292064913623362443e+01 1.751598508407814236e+01 1.766125751614157480e+01 1.814668685977210671e+01 1.836379653033348092e+01
2.448295866251021469e+00 2.546687554460566716e+00 3.892307407170091604e+00 3.916972547750614098e+00 4.244636877186076518e+00 4.546631921416224742e+00 5.272604295555453291e+00 5.464635016726694161e+00 7.423079078323083557e+00 7.642172541336271330e+00 8.028090190281295335e+00 8.239617186765132217e+00 1.023520159455431511e+01 1.036018554380203582e+01 1.107993860160353705e+01 1.124908465645379430e+01 1.174155866576638374e+01 1.202019467556558041e+01 1.259743566033383821e+01 1.291343809459951153e+01 1.756147869547733009e+01 1.771761807234259578e+01 1.815100162607163981e+01 1.837244977167879156e+01
2.436976787153619650e+00 2.549762427021950550e+00 3.840016393851487742e+00 3.901073868266472289e+00 4.192937214961467873e+00 4.642462193897483935e+00 4.998809269834052493e+00 5.803977348556487392e+00 7.390050712553390078e+00 7.561335745089770022e+00 8.098552772532457311e+00 8.326045247076084621e+00 1.025363037051449311e+01 1.036384256585852448e+01 1.110006565827860570e+01 1.124818109195240190e+01 1.175783031384359845e+01 1.202009248672018416e+01 1.254729315104663279e+01 1.299844404955839572e+01 1.747107508126198638e+01 1.759919985284635757e+01 1.821896192603416864e+01 1.841687123110938984e+01
2.403563140322621638e+00 2.546357796796850259e+00 3.727123537213398397e+00 3.790633963729207689e+00 4.229387257407689837e+00 4.383338930890667839e+00 5.151782423292569746e+00 6.220025207288880864e+00 7.301648704895369768e+00 7.404644650161164243e+00 8.270547034044264834e+00 8.500443500448266576e+00 1.030046305028326969e+01 1.037600226407658255e+01 1.115605663423282223e+01 1.124597910804855516e+01 1.180999205655211881e+01 1.202202940605245729e+01 1.247489258949435431e+01 1.317655824989260438e+01 1.725010194190951651e+01 1.735494509253447859e+01 1.831986804937538693e+01 1.850540340107476922e+01
2.350887748274031797e+00 2.517064546702715511e+00 3.499352110466960486e+00 3.718931228814695178e+00 4.009627034056468808e+00 4.317574593047058151e+00 5.521627182189798866e+00 6.626004678174885143e+00 7.139667710696769198e+00 7.280160375595598587e+00 8.479555797509991777e+00 8.682178975728611192e+00 1.034782277315287757e+01 1.040460119443168630e+01 1.121124006249491778e+01 1.126280282840453140e+01 1.189529735445319325e+01 1.204316488543575048e+01 1.243344848281565618e+01 1.339265313479748976e+01 1.696930464346306167e+01 1.707307838449732884e+01 1.838542097118138230e+01 1.858706248871194688e+01
2.284326164528735603e+00 2.460587168323898677e+00 3.270776706923452348e+00 3.464832370297608044e+00 3.876872641107379280e+00 4.411601379770130116e+00 5.900658509239929295e+00 6.844557158869523761e+00 7.101022964038675056e+00 7.172538451103097401e+00 8.685830307737719025e+00 8.849559703094170615e+00 1.037323014692673340e+01 1.044946337153477955e+01 1.120505284998102091e+01 1.133242664653182175e+01 1.196354845292792923e+01 1.213487510331588126e+01 1.242667567672133266e+01 1.363034031855353589e+01 1.667424641454733347e+01 1.678857363492127419e+01 1.840850264805574454e+01 1.865075176900415599e+01
2.212969335400909010e+00 2.391741994501543012e+00 3.079249267848950478e+00 3.164112035547402613e+00 3.891257941352603389e+00 4.500123867652723320e+00 6.216060739656951384e+00 6.638451759588464896e+00 7.059857035644679257e+00 7.437376400029452661e+00 8.881616996922760521e+00 9.005086163555898082e+00 1.039042250725090710e+01 1.048480559108874033e+01 1.118415623798085257e+01 1.138980705256667569e+01 1.200803693703532282e+01 1.225959996470712454e+01 1.245131775173450173e+01 1.387152761091880038e+01 1.639410680600813208e+01 1.652533386766342716e+01 1.839970930594401821e+01 1.870902029897478513e+01
2.151916313341414977e+00 2.319707390172575767e+00 2.942282698520393147e+00 2.995361863456475593e+00 3.932203747829846829e+00 4.577945054509860334e+00 6.311021105128533648e+00 6.453525274675260270e+00 6.995677231537338336e+00 7.743474124011085813e+00 9.080827589195182625e+00 9.158650654840132077e+00 1.040941202764948947e+01 1.050290727439329430e+01 1.116137957455114282e+01 1.141749585772489439e+01 1.206179031354656139e+01 1.232490390655000390e+01 1.250127253877857214e+01 1.408415798172888778e+01 1.614472580236916599e+01 1.630102154934487402e+01 1.837692586973505016e+01 1.878311518366053789e+01
2.115774763433886374e+00 2.232963234849429490e+00 2.922421758375652434e+00 2.982196349764769217e+00 3.978292028023064919e+00 4.641972035705044242e+00 6.061716826982027406e+00 6.360360869251108440e+00 7.048958565146519639e+00 7.971855695371353079e+00 9.272792723929985215e+00 9.338706364899836743e+00 1.043785112358266431e+01 1.050915064790124198e+01 1.114031134537226642e+01 1.141447981710927451e+01 1.212424506358523679e+01 1.233776440539887354e+01 1.252876278900136064e+01 1.423427690409479140e+01 1.593058643515513850e+01 1.612260584334626756e+01 1.835796918992290827e+01 1.888832659633629163e+01
2.102336172108026258e+00 2.136495828760042848e+00 3.045059700674141556e+00 3.099471791409106558e+00 4.020858163858002321e+00 4.689894618666675008e+00 5.766644429132342431e+00 6.162336874732516456e+00 7.138198352050354245e+00 8.120907320318925926e+00 9.428809955502282847e+00 9.553257371522530406e+00 1.047876629928813230e+01 1.051995537093193889e+01 1.112216147847619574e+01 1.138580564688405161e+01 1.218258705565860112e+01 1.232832986116109808e+01 1.251058094614098692e+01 1.430987394489904396e+01 1.575565242642032970e+01 1.598263760981708437e+01 1.835299806218755592e+01 1.902014793654466729e+01
2.050079262614092013e+00 2.102867627295713859e+00 3.249335143757169586e+00 3.309227515738822678e+00 4.054739860721613631e+00 4.718974851457272912e+00 5.473474682117858592e+00 5.935653270004094040e+00 7.197258120673860837e+00 8.208381484082245549e+00 9.561442062684799126e+00 9.731746895520526408e+00 1.049326024621754705e+01 1.059047771756511835e+01 1.110795616047146517e+01 1.133864830637338450e+01 1.222200269004159168e+01 1.230834168915398052e+01 1.247110726800306324e+01 1.432598194019684534e+01 1.563057857443521037e+01 1.587048676204733688e+01 1.836084938200631811e+01 1.915229214403078473e+01
1.996131745492455423e+00 2.101958296901260237e+00 3.464309588676669271e+00 3.509208204877627857e+00 4.076479367500544626e+00 4.725461330614931121e+00 5.233811406212135253e+00 5.747584496915497887e+00 7.224212622972820519e+00 8.253231030830171733e+00 9.655712855624880575e+00 9.835216099701211689e+00 1.049440536382972589e+01 1.069167031305341808e+01 1.109968270904231780e+01 1.128485726800853328e+01 1.223579696103589320e+01 1.228444549407472053e+01 1.244569009217531352e+01 1.431334131338396176e+01 1.556242776363979452e+01 1.578944652190404696e+01 1.837228729296055718e+01 1.924988479419539544e+01
1.977458894398536504e+00 2.101708374693720405e+00 3.565396033423598343e+00 3.592843396256211630e+00 4.083882353857538838e+00 4.719475656793943763e+00 5.136923397590465790e+00 5.671330095870534826e+00 7.231249880826241316e+00 8.266973793499026613e+00 9.690448883550111248e+00 9.866536004554777861e+00 1.049472240035922788e+01 1.074255367583447729e+01 1.109780990044493976e+01 1.125655517210506851e+01 1.223665970871923570e+01 1.227242772189239517e+01 1.244007847620785867e+01 1.430429086135079153e+01 1.554284536155735630e+01 1.575814656435798078e+01 1.837745622201839168e+01 1.928573542420168252e+01
2.593732607711078053e+00 2.595292459067513935e+00 3.268452467659425764e+00 3.271046180269051806e+00 4.141778513814457163e+00 4.153861073282620886e+00 4.703902507466779959e+00 4.749070484067637210e+00 6.624675735226119855e+00 7.130199883405567540e+00 9.687736146410735216e+00 9.705889080827658333e+00 1.038652055345768055e+01 1.039506964542417400e+01 1.130935705292017879e+01 1.131904054271293880e+01 1.196396863951412115e+01 1.199813076969300241e+01 1.312316508150030891e+01 1.317232757297667511e+01 1.673389817734361884e+01 1.677487823959378233e+01 1.857916187635584748e+01 2.017109805198095529e+01
2.582278684737818519e+00 2.604061870251397348e+00 3.254612569408467770e+00 3.314934134786466924e+00 4.138237757494814595e+00 4.151166649637196393e+00 4.717555624775330081e+00 4.761971755816500895e+00 6.622879406118650891e+00 7.124246718079079166e+00 9.674639981169805836e+00 9.692870021074350362e+00 1.037148276271396874e+01 1.039925217289021653e+01 1.130554693163129976e+01 1.131629488520428417e+01 1.195562630480708854e+01 1.200316991525193622e+01 1.312306789426864917e+01 1.318114652513495422e+01 1.674211075826720929e+01 1.678334329610830977e+01 1.857462659803604055e+01 2.012934956622357774e+01
2.565066165845235169e+00 2.610840481184805828e+00 3.243010131963032450e+00 3.416600035530277690e+00 4.120840756918694225e+00 4.154761519184394736e+00 4.750989868540203886e+00 4.808379551185788081e+00 6.617944388147509294e+00 7.109396867368706019e+00 9.631603027105359871e+00 9.651361795747693151e+00 1.034478096887539600e+01 1.039756158383281992e+01 1.129406099065980840e+01 1.130805694699005848e+01 1.193746820470412473e+01 1.201340278401240269e+01 1.311465729582649686e+01 1.320717003759870956e+01 1.676734964524874272e+01 1.680916419662846195e+01 1.856074946948628224e+01 2.000987357879694173e+01
2.540904569820595427e+00 2.613230660055598786e+00 3.251211486883040624e+00 3.555578849597927249e+00 4.096764644350862739e+00 4.169140875807946678e+00 4.802080800512000813e+00 4.891172422863741431e+00 6.611858800327954810e+00 7.093965599213049700e+00 9.550498433364223771e+00 9.574782448540839042e+00 1.031467925652463080e+01 1.039163110715529470e+01 1.127416741878466588e+01 1.129601045051318664e+01 1.191685644982725911e+01 1.202425829846157157e+01 1.308993782847298526e+01 1.323682651358010354e+01 1.681148105403290671e+01 1.685405895068088356e+01 1.853652559404933697e+01 1.982877174617595273e+01
2.512591863172410456e+00 2.610026729361690112e+00 3.304187999271360976e+00 3.695051093999217606e+00 4.074274289912797720e+00 4.199897734220333412e+00 4.877170900192784764e+00 5.002207063909524187e+00 6.609951755370557791e+00 7.090202618731193951e+00 9.422286587107283395e+00 9.457891407721195520e+00 1.028640235899054467e+01 1.038587085259326592e+01 1.124633907504739305e+01 1.128300985241725130e+01 1.189604547124995015e+01 1.203292433828755392e+01 1.304463305443199062e+01 1.324862312404526676e+01 1.687729133923170366e+01 1.692227074505510132e+01 1.849988135715129545e+01 1.960868923048007062e+01
2.487201702772960932e+00 2.601410642170827181e+00 3.414095884363838707e+00 3.801473400339848929e+00 4.058615785853713298e+00 4.253396648187034224e+00 4.973197444582361904e+00 5.130957674280849368e+00 6.623588181191585988e+00 7.113177564805639896e+00 9.242557830915130168e+00 9.298559913800191978e+00 1.026351299999683242e+01 1.038183736807307689e+01 1.121338321269792893e+01 1.127108249202937529e+01 1.187364101644590164e+01 1.203749040890940591e+01 1.297573686821429106e+01 1.322586189365753206e+01 1.696647242900414554e+01 1.702163483998740645e+01 1.844783432093724329e+01 1.937259615239906196e+01
2.469446625445760990e+00 2.588710583083992489e+00 3.569127662955826619e+00 3.864540303256086329e+00 4.055674568357591880e+00 4.326396139025431964e+00 5.076789136959117599e+00 5.258092915437488024e+00 6.672416402054574647e+00 7.178742150058535110e+00 9.013300350344769285e+00 9.098238960657713648e+00 1.024795030344190572e+01 1.037829366795692820e+01 1.117832914773612352e+01 1.126150637703047153e+01 1.184738056635275427e+01 1.203722328966157562e+01 1.288459501905356319e+01 1.316530601535852441e+01 1.707827764861680109e+01 1.715952068349893267e+01 1.837785307664681511e+01 1.913707891701612596e+01
2.458790785750335939e+00 2.574063135743275055e+00 3.729081600858590306e+00 3.895767625084168184e+00 4.077264100458454443e+00 4.405665828396577055e+00 5.169456155824325272e+00 5.359383457605200185e+00 6.781964036190857747e+00 7.297286309795640413e+00 8.739526736951328090e+00 8.865556790797583631e+00 1.023961858525106372e+01 1.037358825136705143e+01 1.114357343148404844e+01 1.125488116769345659e+01 1.181617114508540389e+01 1.203279041159295737e+01 1.278133972005049657e+01 1.308083277682652046e+01 1.721030533189469480e+01 1.733295063211053488e+01 1.829089139360847582e+01 1.890910346335709491e+01
2.452679491463929828e+00 2.560254004229896463e+00 3.837647008945201943e+00 3.909559128184965981e+00 4.138377428444862005e+00 4.477205342947044642e+00 5.233814150438541368e+00 5.423276716808103970e+00 6.970754454268350386e+00 7.462158887386133088e+00 8.433114117754284322e+00 8.616304277756912100e+00 1.023638382571663819e+01 1.036762624014063938e+01 1.111202886969522652e+01 1.125110467411685278e+01 1.178206630445741432e+01 1.202661009163774430e+01 1.268606747946748037e+01 1.299655940236164575e+01 1.735481093410243503e+01 1.752182964429980316e+01 1.819794798743466657e+01 1.868963929873214980e+01
2.449373913976204964e+00 2.550315056735410923e+00 3.881968589400043523e+00 3.915249863795130292e+00 4.212720634781002005e+00 4.528027507169237964e+00 5.264803441421297414e+00 5.455256702607276686e+00 7.226948495804017547e+00 7.625341499629382014e+00 8.139555611031198623e+00 8.376594707711765508e+00 1.023543644914115092e+01 1.036231929584969969e+01 1.108872720856104443e+01 1.124947864766933670e+01 1.175318624551703373e+01 1.202185065694295041e+01 1.262046989096340432e+01 1.293558134955313399e+01 1.749145065277059174e+01 1.767373732267984110e+01 1.813879739582534967e+01 1.848697842836980954e+01
2.448295866251021469e+00 2.546687554460566716e+00 3.892307407170091604e+00 3.916972547750614098e+00 4.244636877186076518e+00 4.546631921416224742e+00 5.272604295555453291e+00 5.464635016726694161e+00 7.423079078323083557e+00 7.642172541336271330e+00 8.028090190281295335e+00 8.239617186765132217e+00 1.023520159455431511e+01 1.036018554380203582e+01 1.107993860160353705e+01 1.124908465645379430e+01 1.174155866576638374e+01 1.202019467556558041e+01 1.259743566033383821e+01 1.291343809459951153e+01 1.756147869547733009e+01 1.771761807234259578e+01 1.815100162607163981e+01 1.837244977167879156e+01
