0.000000000000000000e+00
7.190284785044474825e-02
1.438056957008894965e-01
2.157085435513342309e-01
2.876113914017789930e-01
3.595142392522237551e-01
4.314170871026684617e-01
5.033199349531132238e-01
5.752227828035579860e-01
6.471256306540027481e-01
7.139777045736840355e-01
7.808297784933652119e-01
8.476818524130464994e-01
9.145339263327276758e-01
9.813860002524089632e-01
1.048238074172090251e+00
1.115090148091771427e+00
1.181942222011452603e+00
1.248794295931134002e+00
1.315646369850815178e+00
1.382498443770496355e+00
1.449350517690177753e+00
1.516202591609858930e+00
1.583054665529540106e+00
1.649906739449221504e+00
1.649906739449221504e+00
1.718845754756136213e+00
1.787784770063050699e+00
1.856723785369965407e+00
1.925662800676879893e+00
1.994601815983794602e+00
2.063540831290709310e+00
2.132479846597624018e+00
2.201418861904538282e+00
2.201418861904538282e+00
2.266774941162739143e+00
2.332131020420940004e+00
2.397487099679140421e+00
2.462843178937341282e+00
2.528199258195542143e+00
2.593555337453743004e+00
2.658911416711943865e+00
2.724267495970144282e+00
2.785546620687401553e+00
2.846825745404659269e+00
2.908104870121916541e+00
2.969383994839173813e+00
3.030663119556431528e+00
3.091942244273688800e+00
3.153221368990946516e+00
3.214500493708203788e+00
3.275779618425461059e+00
3.341135697683661920e+00
3.406491776941862781e+00
3.471847856200063198e+00
3.537203935458264059e+00
3.602560014716464920e+00
3.667916093974665781e+00
3.733272173232866642e+00
3.798628252491067059e+00
3.798628252491067059e+00
3.857615376537844476e+00
3.916602500584622337e+00
3.975589624631399754e+00
4.034576748678177616e+00
4.093563872724955033e+00
4.152550996771732450e+00
4.211538120818509867e+00
4.270525244865287284e+00
4.329512368912065590e+00
4.388499492958843007e+00
4.447486617005620424e+00
4.506473741052397841e+00
4.565460865099175258e+00
4.624447989145952675e+00
4.683435113192730981e+00
4.742422237239508398e+00
4.801409361286285815e+00
4.860238964073013257e+00
4.919068566859740699e+00
4.977898169646468141e+00
5.036727772433195582e+00
5.095557375219923912e+00
5.154386978006651354e+00
5.213216580793378796e+00
5.272046183580106238e+00
5.330875786366833680e+00
5.389705389153561121e+00
5.448534991940288563e+00
5.448534991940288563e+00
5.503686204185820330e+00
5.558837416431352096e+00
5.613988628676883863e+00
5.669139840922415630e+00
5.724291053167947396e+00
5.779442265413479163e+00
5.834593477659010041e+00
5.889744689904541808e+00
5.944895902150073574e+00
6.000047114395605341e+00
