-5.990996221376222036e-02
-4.400900081633852406e-02
-2.810803941891482777e-02
-1.220707802149112800e-02
3.693883375932570465e-03
1.959484477335626806e-02
3.549580617077996436e-02
5.139676756820366760e-02
6.729772896562735696e-02
8.319869036305106713e-02
9.909965176047476343e-02
1.150006131578984597e-01
1.309015745553221699e-01
1.468025359527458662e-01
1.627034973501695625e-01
1.786044587475932310e-01
1.945054201450169551e-01
2.104063815424406791e-01
2.263073429398643477e-01
2.422083043372880162e-01
2.581092657347117680e-01
2.740102271321354643e-01
2.899111885295591606e-01
3.058121499269828014e-01
3.217131113244065532e-01
3.376140727218302495e-01
3.535150341192539458e-01
3.694159955166775866e-01
3.853169569141013384e-01
4.012179183115250347e-01
4.171188797089486755e-01
4.330198411063723718e-01
4.489208025037961236e-01
4.648217639012198199e-01
4.807227252986435717e-01
4.966236866960672125e-01
5.125246480934909643e-01
5.284256094909146606e-01
5.443265708883382459e-01
5.602275322857619422e-01
5.761284936831857495e-01
5.920294550806094458e-01
6.079304164780331421e-01
6.238313778754567274e-01
6.397323392728805347e-01
6.556333006703042310e-01
6.715342620677278163e-01
6.874352234651516236e-01
7.033361848625753199e-01
7.192371462599990162e-01
7.351381076574227125e-01
7.510390690548464088e-01
7.669400304522701051e-01
7.828409918496938014e-01
7.987419532471173866e-01
8.146429146445411940e-01
8.305438760419648903e-01
8.464448374393885866e-01
8.623457988368122829e-01
8.782467602342359791e-01
8.941477216316595644e-01
9.100486830290833717e-01
9.259496444265070680e-01
9.418506058239308754e-01
9.577515672213544606e-01
9.736525286187780459e-01
9.895534900162019643e-01
1.005454451413625439e+00
1.021355412811049357e+00
1.037256374208473053e+00
1.053157335605896527e+00
1.069058297003320446e+00
1.084959258400744142e+00
1.100860219798167616e+00
1.116761181195591535e+00
1.132662142593015231e+00
1.148563103990438705e+00
1.164464065387862624e+00
1.180365026785286098e+00
1.196265988182710016e+00
1.212166949580133712e+00
1.228067910977557187e+00
1.243968872374981105e+00
1.259869833772404801e+00
1.275770795169828498e+00
1.291671756567252194e+00
1.307572717964675668e+00
1.323473679362099586e+00
1.339374640759523283e+00
1.355275602156946757e+00
1.371176563554370675e+00
1.387077524951794372e+00
1.402978486349217846e+00
1.418879447746641764e+00
1.434780409144065461e+00
1.450681370541489157e+00
1.466582331938912853e+00
1.482483293336336327e+00
1.498384254733760246e+00
1.514285216131183942e+00
1.530186177528607638e+00
1.546087138926031335e+00
1.561988100323455031e+00
1.577889061720878727e+00
1.593790023118302424e+00
1.609690984515726120e+00
1.625591945913149816e+00
1.641492907310573512e+00
1.657393868707996987e+00
1.673294830105420905e+00
1.689195791502844601e+00
1.705096752900268298e+00
1.720997714297691994e+00
1.736898675695115690e+00
1.752799637092539387e+00
1.768700598489963083e+00
1.784601559887386779e+00
1.800502521284810475e+00
1.816403482682234172e+00
1.832304444079657868e+00
1.848205405477081342e+00
1.864106366874505261e+00
1.880007328271928957e+00
1.895908289669352875e+00
1.911809251066776350e+00
1.927710212464200046e+00
1.943611173861623964e+00
1.959512135259047438e+00
1.975413096656471135e+00
1.991314058053895053e+00
2.007215019451318305e+00
2.023115980848742446e+00
2.039016942246166142e+00
2.054917903643589394e+00
2.070818865041013090e+00
2.086719826438437231e+00
2.102620787835860927e+00
2.118521749233284179e+00
2.134422710630708320e+00
2.150323672028132016e+00
2.166224633425555268e+00
2.182125594822979409e+00
2.198026556220403105e+00
2.213927517617826357e+00
2.229828479015250497e+00
2.245729440412674194e+00
2.261630401810097446e+00
2.277531363207521586e+00
2.293432324604945283e+00
2.309333286002368535e+00
2.325234247399792675e+00
2.341135208797216372e+00
2.357036170194639624e+00
2.372937131592063320e+00
2.388838092989487460e+00
2.404739054386911157e+00
2.420640015784334409e+00
2.436540977181758549e+00
2.452441938579182246e+00
2.468342899976605498e+00
2.484243861374029638e+00
2.500144822771453335e+00
2.516045784168876587e+00
2.531946745566300727e+00
2.547847706963724423e+00
2.563748668361147676e+00
2.579649629758571816e+00
2.595550591155995512e+00
2.611451552553419209e+00
2.627352513950842905e+00
2.643253475348266601e+00
2.659154436745690298e+00
2.675055398143113994e+00
2.690956359540537690e+00
2.706857320937961386e+00
2.722758282335384639e+00
2.738659243732808779e+00
2.754560205130232475e+00
2.770461166527655728e+00
2.786362127925079868e+00
2.802263089322503564e+00
2.818164050719926816e+00
2.834065012117350957e+00
2.849965973514774653e+00
2.865866934912197905e+00
2.881767896309622046e+00
2.897668857707045742e+00
2.913569819104469438e+00
2.929470780501893135e+00
2.945371741899316831e+00
2.961272703296740527e+00
2.977173664694164223e+00
2.993074626091587920e+00
3.008975587489011616e+00
3.024876548886435312e+00
3.040777510283859009e+00
3.056678471681282705e+00
3.072579433078705957e+00
3.088480394476130098e+00
3.104381355873553794e+00
