-1.463909837774061584e+00
-1.437159722097506087e+00
-1.410409606420950368e+00
-1.383659490744394871e+00
-1.356909375067839374e+00
-1.330159259391283655e+00
-1.303409143714727936e+00
-1.276659028038172439e+00
-1.249908912361616942e+00
-1.223158796685061223e+00
-1.196408681008505503e+00
-1.169658565331950006e+00
-1.142908449655394287e+00
-1.116158333978838790e+00
-1.089408218302283071e+00
-1.062658102625727574e+00
-1.035907986949171855e+00
-1.009157871272616136e+00
-9.824077555960607500e-01
-9.556576399195049198e-01
-9.289075242429495338e-01
-9.021574085663938147e-01
-8.754072928898382067e-01
-8.486571772132825986e-01
-8.219070615367269905e-01
-7.951569458601712714e-01
-7.684068301836157744e-01
-7.416567145070601663e-01
-7.149065988305044472e-01
-6.881564831539489502e-01
-6.614063674773932311e-01
-6.346562518008377340e-01
-6.079061361242821260e-01
-5.811560204477264069e-01
-5.544059047711709098e-01
-5.276557890946151907e-01
-5.009056734180596937e-01
-4.741555577415040301e-01
-4.474054420649483665e-01
-4.206553263883927030e-01
-3.939052107118372614e-01
-3.671550950352815978e-01
-3.404049793587259898e-01
-3.136548636821703262e-01
-2.869047480056146626e-01
-2.601546323290589990e-01
-2.334045166525035575e-01
-2.066544009759479217e-01
-1.799042852993922581e-01
-1.531541696228366223e-01
-1.264040539462809587e-01
-9.965393826972551716e-02
-7.290382259316986746e-02
-4.615370691661421082e-02
-1.940359124005855765e-02
7.346524436497095523e-03
3.409664011305274522e-02
6.084675578960819370e-02
8.759687146616383646e-02
1.143469871427195000e-01
1.410971028192751497e-01
1.678472184958308133e-01
1.945973341723862549e-01
2.213474498489418907e-01
2.480975655254975543e-01
2.748476812020532178e-01
3.015977968786088259e-01
3.283479125551642674e-01
3.550980282317199310e-01
3.818481439082755946e-01
4.085982595848312582e-01
4.353483752613869218e-01
4.620984909379423633e-01
4.888486066144981934e-01
5.155987222910536349e-01
5.423488379676091320e-01
5.690989536441649621e-01
5.958490693207203481e-01
6.225991849972762893e-01
6.493493006738316753e-01
6.760994163503871723e-01
7.028495320269430024e-01
7.295996477034984995e-01
7.563497633800543296e-01
7.830998790566097156e-01
8.098499947331656568e-01
8.366001104097210428e-01
8.633502260862765398e-01
8.901003417628323700e-01
9.168504574393877560e-01
9.436005731159436971e-01
9.703506887924990831e-01
9.971008044690545802e-01
1.023850920145610521e+00
1.050601035822165796e+00
1.077351151498721737e+00
1.104101267175277235e+00
1.130851382851832510e+00
1.157601498528388451e+00
1.184351614204943948e+00
1.211101729881499667e+00
1.237851845558055164e+00
1.264601961234610661e+00
1.291352076911166602e+00
1.318102192587721877e+00
1.344852308264277818e+00
1.371602423940833315e+00
1.398352539617388812e+00
1.425102655293944531e+00
1.451852770970500028e+00
1.478602886647055970e+00
1.505353002323611245e+00
1.532103118000167186e+00
1.558853233676722683e+00
1.585603349353278180e+00
1.612353465029833899e+00
1.639103580706389396e+00
1.665853696382945337e+00
1.692603812059500612e+00
1.719353927736056109e+00
1.746104043412612050e+00
1.772854159089167325e+00
1.799604274765723266e+00
1.826354390442278763e+00
1.853104506118834260e+00
1.879854621795389980e+00
1.906604737471945477e+00
1.933354853148501418e+00
1.960104968825056693e+00
1.986855084501612190e+00
2.013605200178167909e+00
2.040355315854723628e+00
2.067105431531279347e+00
2.093855547207834622e+00
2.120605662884390341e+00
2.147355778560946060e+00
2.174105894237501779e+00
2.200856009914057498e+00
2.227606125590612773e+00
2.254356241267168492e+00
2.281106356943724212e+00
2.307856472620279487e+00
2.334606588296835650e+00
2.361356703973391369e+00
2.388106819649946200e+00
2.414856935326502363e+00
2.441607051003058082e+00
2.468357166679612913e+00
2.495107282356169076e+00
2.521857398032724795e+00
2.548607513709280070e+00
2.575357629385835789e+00
2.602107745062391508e+00
2.628857860738947672e+00
2.655607976415502502e+00
2.682358092092058222e+00
2.709108207768614385e+00
2.735858323445169216e+00
2.762608439121724935e+00
2.789358554798281098e+00
2.816108670474835929e+00
2.842858786151391648e+00
2.869608901827947811e+00
2.896359017504503530e+00
2.923109133181058805e+00
2.949859248857614524e+00
2.976609364534170243e+00
3.003359480210725518e+00
3.030109595887281237e+00
3.056859711563836957e+00
3.083609827240393120e+00
3.110359942916947951e+00
3.137110058593503670e+00
3.163860174270059833e+00
3.190610289946614664e+00
3.217360405623170383e+00
3.244110521299726546e+00
3.270860636976281377e+00
3.297610752652837096e+00
3.324360868329393259e+00
3.351110984005948978e+00
3.377861099682504253e+00
3.404611215359059972e+00
3.431361331035615692e+00
3.458111446712170967e+00
3.484861562388726686e+00
3.511611678065282405e+00
3.538361793741837680e+00
3.565111909418393399e+00
3.591862025094949118e+00
3.618612140771505281e+00
3.645362256448060112e+00
3.672112372124615831e+00
3.698862487801171994e+00
3.725612603477726825e+00
3.752362719154282988e+00
3.779112834830838707e+00
3.805862950507394427e+00
3.832613066183949702e+00
3.859363181860505421e+00
