-5.364493379076701096e+00
-5.232565390297477137e+00
-5.100637401518252290e+00
-4.968709412739027442e+00
-4.836781423959803483e+00
-4.704853435180579524e+00
-4.572925446401355565e+00
-4.440997457622131606e+00
-4.309069468842906758e+00
-4.177141480063682799e+00
-4.045213491284457952e+00
-3.913285502505234437e+00
-3.781357513726010033e+00
-3.649429524946785630e+00
-3.517501536167561671e+00
-3.385573547388337268e+00
-3.253645558609112864e+00
-3.121717569829888905e+00
-2.989789581050664502e+00
-2.857861592271440543e+00
-2.725933603492215695e+00
-2.594005614712991736e+00
-2.462077625933767777e+00
-2.330149637154543374e+00
-2.198221648375318971e+00
-2.066293659596095011e+00
-1.934365670816870608e+00
-1.802437682037646427e+00
-1.670509693258422468e+00
-1.538581704479198287e+00
-1.406653715699973439e+00
-1.274725726920749480e+00
-1.142797738141525299e+00
-1.010869749362301118e+00
-8.789417605830771585e-01
-7.470137718038522001e-01
-6.150857830246281299e-01
-4.831577942454040597e-01
-3.512298054661799895e-01
-2.193018166869559193e-01
-8.737382790773100261e-02
4.455416087149308146e-02
1.764821496507171517e-01
3.084101384299412496e-01
4.403381272091653198e-01
5.722661159883893900e-01
7.041941047676143484e-01
8.361220935468384186e-01
9.680500823260624887e-01
1.099978071105286448e+00
1.231906059884510629e+00
1.363834048663735476e+00
1.495762037442959658e+00
1.627690026222183617e+00
1.759618015001407798e+00
1.891546003780631757e+00
2.023473992559855716e+00
2.155401981339081008e+00
2.287329970118304079e+00
2.419257958897528926e+00
2.551185947676753774e+00
2.683113936455977289e+00
2.815041925235202136e+00
2.946969914014425207e+00
3.078897902793650054e+00
3.210825891572875346e+00
3.342753880352098417e+00
3.474681869131323264e+00
3.606609857910546335e+00
3.738537846689771627e+00
3.870465835468996474e+00
4.002393824248219545e+00
4.134321813027444392e+00
4.266249801806667463e+00
4.398177790585892311e+00
4.530105779365117158e+00
4.662033768144341117e+00
4.793961756923565964e+00
4.925889745702789035e+00
5.057817734482013883e+00
5.189745723261238730e+00
5.321673712040461801e+00
5.453601700819686648e+00
5.585529689598910608e+00
5.717457678378135455e+00
5.849385667157358526e+00
5.981313655936583373e+00
6.113241644715808221e+00
6.245169633495031292e+00
6.377097622274256139e+00
6.509025611053479210e+00
6.640953599832704946e+00
6.772881588611929793e+00
6.904809577391152864e+00
7.036737566170377711e+00
7.168665554949600782e+00
7.300593543728825630e+00
7.432521532508050477e+00
7.564449521287273548e+00
7.696377510066498395e+00
7.828305498845722354e+00
7.960233487624947202e+00
8.092161476404172049e+00
8.224089465183395120e+00
8.356017453962619967e+00
8.487945442741843038e+00
8.619873431521067886e+00
8.751801420300292733e+00
8.883729409079515804e+00
9.015657397858740651e+00
9.147585386637963722e+00
9.279513375417188570e+00
9.411441364196413417e+00
9.543369352975638265e+00
9.675297341754863112e+00
9.807225330534086183e+00
9.939153319313309254e+00
1.007108130809253588e+01
1.020300929687175895e+01
1.033493728565098202e+01
1.046686527443020864e+01
1.059879326320943171e+01
1.073072125198865479e+01
1.086264924076788141e+01
1.099457722954710448e+01
1.112650521832632755e+01
1.125843320710555062e+01
1.139036119588477725e+01
1.152228918466400209e+01
1.165421717344322516e+01
1.178614516222245179e+01
1.191807315100167486e+01
1.205000113978089793e+01
1.218192912856012100e+01
1.231385711733934762e+01
1.244578510611857070e+01
1.257771309489779377e+01
1.270964108367702039e+01
1.284156907245624346e+01
1.297349706123546653e+01
1.310542505001469316e+01
1.323735303879391623e+01
1.336928102757313930e+01
1.350120901635236237e+01
1.363313700513158899e+01
1.376506499391081384e+01
1.389699298269003691e+01
1.402892097146926353e+01
1.416084896024848661e+01
1.429277694902770968e+01
1.442470493780693630e+01
1.455663292658615937e+01
1.468856091536538244e+01
1.482048890414460551e+01
1.495241689292383214e+01
1.508434488170305521e+01
1.521627287048227828e+01
1.534820085926150490e+01
1.548012884804072797e+01
1.561205683681995104e+01
1.574398482559917767e+01
1.587591281437840252e+01
1.600784080315762381e+01
1.613976879193684866e+01
1.627169678071607350e+01
1.640362476949529835e+01
1.653555275827451965e+01
1.666748074705374805e+01
1.679940873583296934e+01
1.693133672461219419e+01
1.706326471339141904e+01
1.719519270217064388e+01
1.732712069094986873e+01
1.745904867972909003e+01
1.759097666850831843e+01
1.772290465728753972e+01
1.785483264606676457e+01
1.798676063484598941e+01
1.811868862362521426e+01
1.825061661240443556e+01
1.838254460118366040e+01
1.851447258996288525e+01
1.864640057874211010e+01
1.877832856752133139e+01
1.891025655630055979e+01
1.904218454507978464e+01
1.917411253385900594e+01
1.930604052263823434e+01
1.943796851141745563e+01
1.956989650019668048e+01
1.970182448897590177e+01
1.983375247775513017e+01
1.996568046653435147e+01
2.009760845531357631e+01
2.022953644409280116e+01
2.036146443287202601e+01
2.049339242165124730e+01
2.062532041043047215e+01
2.075724839920969700e+01
2.088917638798892185e+01
