0.000000000000000000e+00
5.183775258427109067e-02
1.036755051685421813e-01
1.555132577528132720e-01
2.073510103370843627e-01
2.591887629213554534e-01
3.110265155056265440e-01
3.628642680898976347e-01
4.147020206741687254e-01
4.665397732584398161e-01
5.183775258427109067e-01
5.702152784269820529e-01
6.220530310112530881e-01
6.738907835955241232e-01
7.257285361797952694e-01
7.775662887640664156e-01
8.294040413483374508e-01
8.812417939326084859e-01
9.330795465168796321e-01
9.849172991011507783e-01
1.036755051685421813e+00
1.088592804269692849e+00
1.140430556853964106e+00
1.192268309438235141e+00
1.244106062022506176e+00
1.292979163854250935e+00
1.341852265685995693e+00
1.390725367517740452e+00
1.439598469349485210e+00
1.488471571181229969e+00
1.537344673012974727e+00
1.586217774844719486e+00
1.635090876676464244e+00
1.683963978508209003e+00
1.732837080339953761e+00
1.781710182171698520e+00
1.830583284003443278e+00
1.879456385835188037e+00
1.928329487666932796e+00
1.977202589498677554e+00
2.026075691330422313e+00
2.074948793162167071e+00
2.123821894993911830e+00
2.170666566937986097e+00
2.217511238882060365e+00
2.264355910826134632e+00
2.311200582770208900e+00
2.358045254714283168e+00
2.404889926658357435e+00
2.451734598602431703e+00
2.498579270546506415e+00
2.545423942490580238e+00
2.592268614434654950e+00
2.639113286378729217e+00
2.685957958322803485e+00
2.732802630266877753e+00
2.779647302210952020e+00
2.826491974155026288e+00
2.873336646099100555e+00
2.920181318043174823e+00
2.967025989987249091e+00
3.013870661931323358e+00
3.060715333875397626e+00
3.107560005819471893e+00
3.154404677763546161e+00
3.201249349707620873e+00
3.245235141356191289e+00
3.289220933004761260e+00
3.333206724653331676e+00
3.377192516301902092e+00
3.421178307950472064e+00
3.465164099599042480e+00
3.509149891247612896e+00
3.553135682896183312e+00
3.597121474544753283e+00
3.641107266193323699e+00
3.685093057841894115e+00
3.729078849490464087e+00
3.773064641139034503e+00
3.817050432787604919e+00
3.861036224436174891e+00
3.905022016084745307e+00
3.949007807733315722e+00
3.992993599381885694e+00
4.036979391030456554e+00
4.080965182679026526e+00
4.080965182679026526e+00
4.128815415833738456e+00
4.176665648988450386e+00
4.224515882143162315e+00
4.272366115297873357e+00
4.320216348452585287e+00
4.368066581607297216e+00
4.415916814762009146e+00
4.463767047916721076e+00
4.511617281071432117e+00
4.559467514226144047e+00
4.607317747380855977e+00
4.655167980535567906e+00
4.703018213690279836e+00
