-4.871009533957368909e+00
-4.748118396760474091e+00
-4.625227259563580162e+00
-4.502336122366685345e+00
-4.379444985169791416e+00
-4.256553847972896598e+00
-4.133662710776000893e+00
-4.010771573579106963e+00
-3.887880436382212146e+00
-3.764989299185317773e+00
-3.642098161988423399e+00
-3.519207024791528138e+00
-3.396315887594633764e+00
-3.273424750397739391e+00
-3.150533613200844130e+00
-3.027642476003949756e+00
-2.904751338807055383e+00
-2.781860201610161010e+00
-2.658969064413266192e+00
-2.536077927216371375e+00
-2.413186790019477002e+00
-2.290295652822582184e+00
-2.167404515625687367e+00
-2.044513378428792993e+00
-1.921622241231898398e+00
-1.798731104035003803e+00
-1.675839966838109429e+00
-1.552948829641214390e+00
-1.430057692444320017e+00
-1.307166555247425421e+00
-1.184275418050530382e+00
-1.061384280853636453e+00
-9.384931436567414131e-01
-8.156020064598464847e-01
-6.927108692629524445e-01
-5.698197320660575160e-01
-4.469285948691634203e-01
-3.240374576722684918e-01
-2.011463204753735357e-01
-7.825518327847943989e-02
4.463595391841548854e-02
1.675270911153104170e-01
2.904182283122044850e-01
4.133093655090994134e-01
5.362005027059943973e-01
6.590916399028884376e-01
7.819827770997833660e-01
9.048739142966775173e-01
1.027765051493572335e+00
1.150656188690467374e+00
1.273547325887361525e+00
1.396438463084256343e+00
1.519329600281150494e+00
1.642220737478045312e+00
1.765111874674940351e+00
1.888003011871834502e+00
2.010894149068729320e+00
2.133785286265624137e+00
2.256676423462518510e+00
2.379567560659413328e+00
2.502458697856308145e+00
2.625349835053202519e+00
2.748240972250096448e+00
2.871132109446992153e+00
2.994023246643886083e+00
3.116914383840780456e+00
3.239805521037676161e+00
3.362696658234570091e+00
3.485587795431464464e+00
3.608478932628360170e+00
3.731370069825254099e+00
3.854261207022148472e+00
3.977152344219042401e+00
4.100043481415938551e+00
4.222934618612832480e+00
4.345825755809726409e+00
4.468716893006622115e+00
4.591608030203516044e+00
4.714499167400409974e+00
4.837390304597305679e+00
4.960281441794200497e+00
5.083172578991094426e+00
5.206063716187990131e+00
5.328954853384884061e+00
5.451845990581777990e+00
5.574737127778673695e+00
5.697628264975567625e+00
5.820519402172462442e+00
5.943410539369358148e+00
6.066301676566252077e+00
6.189192813763146006e+00
6.312083950960039935e+00
6.434975088156935641e+00
6.557866225353830458e+00
6.680757362550724388e+00
6.803648499747620093e+00
6.926539636944514022e+00
7.049430774141407952e+00
7.172321911338303657e+00
7.295213048535197586e+00
7.418104185732092404e+00
7.540995322928988109e+00
7.663886460125882039e+00
7.786777597322775968e+00
7.909668734519669897e+00
8.032559871716566491e+00
8.155451008913459532e+00
8.278342146110354349e+00
8.401233283307249167e+00
8.524124420504143984e+00
8.647015557701038801e+00
8.769906694897933619e+00
8.892797832094828436e+00
9.015688969291721477e+00
9.138580106488618071e+00
9.261471243685511112e+00
9.384362380882405930e+00
9.507253518079302523e+00
9.630144655276195564e+00
9.753035792473090382e+00
9.875926929669985199e+00
9.998818066866880017e+00
1.012170920406377306e+01
1.024460034126066965e+01
1.036749147845756269e+01
1.049038261565445751e+01
1.061327375285135410e+01
1.073616489004824537e+01
1.085905602724514196e+01
1.098194716444203678e+01
1.110483830163892982e+01
1.122772943883582641e+01
1.135062057603272123e+01
1.147351171322961427e+01
1.159640285042650909e+01
1.171929398762340568e+01
1.184218512482029873e+01
1.196507626201719354e+01
1.208796739921409014e+01
1.221085853641098140e+01
1.233374967360787799e+01
1.245664081080477281e+01
1.257953194800166585e+01
1.270242308519856067e+01
1.282531422239545371e+01
1.294820535959235031e+01
1.307109649678924512e+01
1.319398763398613816e+01
1.331687877118303298e+01
1.343976990837992957e+01
1.356266104557682262e+01
1.368555218277371743e+01
1.380844331997061403e+01
1.393133445716750529e+01
1.405422559436440189e+01
1.417711673156129670e+01
1.430000786875818974e+01
1.442289900595508634e+01
1.454579014315198116e+01
1.466868128034887420e+01
1.479157241754576901e+01
1.491446355474266561e+01
1.503735469193955687e+01
1.516024582913645524e+01
1.528313696633334828e+01
1.540602810353023955e+01
1.552891924072713969e+01
1.565181037792403096e+01
1.577470151512092400e+01
1.589759265231782237e+01
1.602048378951471719e+01
1.614337492671160845e+01
1.626626606390850682e+01
1.638915720110539809e+01
1.651204833830229290e+01
1.663493947549919127e+01
1.675783061269608254e+01
1.688072174989297736e+01
1.700361288708987573e+01
1.712650402428676699e+01
1.724939516148365826e+01
1.737228629868056018e+01
1.749517743587745144e+01
1.761806857307434271e+01
1.774095971027124108e+01
1.786385084746813590e+01
1.798674198466502716e+01
1.810963312186192553e+01
1.823252425905882035e+01
1.835541539625571161e+01
1.847830653345260998e+01
1.860119767064950480e+01
1.872408880784639607e+01
1.884697994504329444e+01
1.896987108224018570e+01
1.909276221943708052e+01
1.921565335663397889e+01
1.933854449383087015e+01
1.946143563102776497e+01
1.958432676822465623e+01
