0.000000000000000000e+00
1.030933535679983692e-01
2.061867071359967385e-01
3.092800607039951077e-01
4.123734142719934770e-01
5.154667678399917907e-01
6.185601214079902155e-01
7.216534749759886402e-01
8.247468285439869540e-01
9.278401821119852677e-01
1.030933535679983581e+00
1.134026889247982117e+00
1.237120242815980431e+00
1.340213596383978745e+00
1.443306949951977280e+00
1.546400303519975594e+00
1.656857468057116645e+00
1.767314632594257695e+00
1.877771797131398746e+00
1.988228961668539796e+00
2.098686126205680846e+00
2.209143290742821897e+00
2.319600455279963391e+00
2.428947469384754587e+00
2.538294483489545339e+00
2.647641497594336535e+00
2.756988511699127287e+00
2.866335525803918483e+00
2.968848351527160201e+00
3.071361177250401475e+00
3.173874002973643194e+00
3.276386828696884912e+00
3.378899654420126186e+00
3.481412480143367905e+00
3.583925305866609179e+00
3.686438131589850897e+00
3.788950957313092616e+00
3.891463783036333890e+00
3.993976608759575608e+00
4.096489434482816883e+00
4.199002260206058601e+00
4.301515085929300319e+00
4.404027911652542038e+00
4.506540737375782868e+00
4.609557810242572273e+00
4.712574883109362567e+00
4.815591955976151972e+00
4.918609028842941377e+00
5.021626101709730783e+00
5.124643174576521076e+00
5.227660247443310482e+00
5.330677320310099887e+00
5.433694393176889292e+00
5.536711466043679586e+00
5.639728538910468991e+00
5.742745611777258397e+00
5.845762684644048690e+00
5.950981898024853223e+00
6.056201111405658644e+00
6.161420324786463176e+00
6.266639538167267709e+00
6.371858751548073130e+00
6.477077964928877662e+00
6.582297178309682195e+00
6.687516391690486728e+00
6.792735605071292149e+00
6.902082619176082900e+00
7.011429633280874540e+00
7.120776647385665292e+00
7.230123661490456044e+00
7.339470675595246796e+00
7.430593187349239237e+00
7.521715699103231678e+00
7.612838210857224119e+00
7.703960722611216561e+00
7.795083234365209002e+00
7.886205746119201443e+00
7.977328257873193884e+00
8.068450769627187213e+00
8.159573281381179655e+00
8.250695793135172096e+00
8.341818304889164537e+00
8.432940816643156978e+00
8.527638108685881235e+00
8.622335400728605492e+00
8.717032692771329749e+00
8.811729984814054006e+00
8.906427276856778263e+00
9.001124568899502520e+00
9.095821860942226778e+00
9.190519152984951035e+00
9.285216445027675292e+00
9.379913737070399549e+00
9.379913737070399549e+00
9.471036248824391990e+00
9.562158760578384431e+00
9.653281272332376872e+00
9.744403784086369313e+00
9.835526295840361755e+00
9.926648807594354196e+00
