-3.856429266170150250e+00
-3.742228323846657823e+00
-3.628027381523165396e+00
-3.513826439199672969e+00
-3.399625496876180542e+00
-3.285424554552688114e+00
-3.171223612229195687e+00
-3.057022669905703260e+00
-2.942821727582210833e+00
-2.828620785258718406e+00
-2.714419842935225979e+00
-2.600218900611733552e+00
-2.486017958288241125e+00
-2.371817015964748698e+00
-2.257616073641255827e+00
-2.143415131317763400e+00
-2.029214188994270973e+00
-1.915013246670778324e+00
-1.800812304347285897e+00
-1.686611362023793470e+00
-1.572410419700301043e+00
-1.458209477376808616e+00
-1.344008535053316189e+00
-1.229807592729823762e+00
-1.115606650406331335e+00
-1.001405708082838908e+00
-8.872047657593465919e-01
-7.730038234358537208e-01
-6.588028811123612938e-01
-5.446019387888688668e-01
-4.304009964653764397e-01
-3.162000541418840127e-01
-2.019991118183915579e-01
-8.779816949489914479e-02
2.640277282859370550e-02
1.406037151520861395e-01
2.548046574755785665e-01
3.690055997990709935e-01
4.832065421225634205e-01
5.974074844460558475e-01
7.116084267695482746e-01
8.258093690930407016e-01
9.400103114165331286e-01
1.054211253740025445e+00
1.168412196063517872e+00
1.282613138387010299e+00
1.396814080710502726e+00
1.511015023033995153e+00
1.625215965357487580e+00
1.739416907680980007e+00
1.853617850004472434e+00
1.967818792327964861e+00
2.082019734651457288e+00
2.196220676974949715e+00
2.310421619298443030e+00
2.424622561621935457e+00
2.538823503945427884e+00
2.653024446268920311e+00
2.767225388592412738e+00
2.881426330915905165e+00
2.995627273239397592e+00
3.109828215562890019e+00
3.224029157886382446e+00
3.338230100209874873e+00
3.452431042533367300e+00
3.566631984856859727e+00
3.680832927180352154e+00
3.795033869503844581e+00
3.909234811827337897e+00
4.023435754150829879e+00
4.137636696474322306e+00
4.251837638797814733e+00
4.366038581121307161e+00
4.480239523444799588e+00
4.594440465768292015e+00
4.708641408091784442e+00
4.822842350415276869e+00
4.937043292738769296e+00
5.051244235062261723e+00
5.165445177385754150e+00
5.279646119709246577e+00
5.393847062032738116e+00
5.508048004356231431e+00
5.622248946679722970e+00
5.736449889003216285e+00
5.850650831326707824e+00
5.964851773650201139e+00
6.079052715973694454e+00
6.193253658297185993e+00
6.307454600620679308e+00
6.421655542944170847e+00
6.535856485267664162e+00
6.650057427591155701e+00
6.764258369914649016e+00
6.878459312238140555e+00
6.992660254561633870e+00
7.106861196885125409e+00
7.221062139208618724e+00
7.335263081532110263e+00
7.449464023855603578e+00
7.563664966179095117e+00
7.677865908502588432e+00
7.792066850826079971e+00
7.906267793149573286e+00
8.020468735473064825e+00
8.134669677796559029e+00
8.248870620120049679e+00
8.363071562443543883e+00
8.477272504767036310e+00
8.591473447090528737e+00
8.705674389414021164e+00
8.819875331737513591e+00
8.934076274061006018e+00
9.048277216384498445e+00
9.162478158707990872e+00
9.276679101031483299e+00
9.390880043354975726e+00
9.505080985678468153e+00
9.619281928001960580e+00
9.733482870325453007e+00
9.847683812648945434e+00
9.961884754972437861e+00
1.007608569729593029e+01
1.019028663961942271e+01
1.030448758194291514e+01
1.041868852426640757e+01
1.053288946658990000e+01
1.064709040891339242e+01
1.076129135123688485e+01
1.087549229356037905e+01
1.098969323588386970e+01
1.110389417820736391e+01
1.121809512053085456e+01
1.133229606285434876e+01
1.144649700517783941e+01
1.156069794750133184e+01
1.167489888982482604e+01
1.178909983214831847e+01
1.190330077447180912e+01
1.201750171679530155e+01
1.213170265911879575e+01
1.224590360144228818e+01
1.236010454376577883e+01
1.247430548608927126e+01
1.258850642841276546e+01
1.270270737073625789e+01
1.281690831305974854e+01
1.293110925538324096e+01
1.304531019770673517e+01
1.315951114003022759e+01
1.327371208235371824e+01
1.338791302467721422e+01
1.350211396700070487e+01
1.361631490932419730e+01
1.373051585164768795e+01
1.384471679397118393e+01
1.395891773629467458e+01
1.407311867861816701e+01
1.418731962094165766e+01
1.430152056326515364e+01
1.441572150558864429e+01
1.452992244791213672e+01
1.464412339023562737e+01
1.475832433255912335e+01
1.487252527488261400e+01
1.498672621720610643e+01
1.510092715952959708e+01
1.521512810185309306e+01
1.532932904417658371e+01
1.544352998650007613e+01
1.555773092882356679e+01
1.567193187114706276e+01
1.578613281347055342e+01
1.590033375579404584e+01
1.601453469811754005e+01
1.612873564044103247e+01
1.624293658276452490e+01
1.635713752508801377e+01
1.647133846741150975e+01
1.658553940973500218e+01
1.669974035205849461e+01
1.681394129438198348e+01
1.692814223670547946e+01
1.704234317902897189e+01
1.715654412135246432e+01
1.727074506367595319e+01
1.738494600599944917e+01
1.749914694832294160e+01
1.761334789064643402e+01
1.772754883296992290e+01
1.784174977529341888e+01
1.795595071761691131e+01
1.807015165994040373e+01
1.818435260226389616e+01
1.829855354458738859e+01
1.841275448691088101e+01
1.852695542923437344e+01
1.864115637155786587e+01
1.875535731388135829e+01
1.886955825620485072e+01
