0.000000000000000000e+00
9.728810478845895116e-02
1.945762095769179023e-01
2.918643143653768535e-01
3.891524191538358046e-01
4.864405239422947558e-01
5.837286287307537069e-01
6.810167335192126581e-01
7.783048383076716092e-01
8.755929430961305604e-01
9.728810478845895116e-01
1.070169152673048352e+00
1.167457257461507414e+00
1.317241036056664427e+00
1.467024814651821440e+00
1.467024814651821440e+00
1.568148869482577812e+00
1.669272924313333961e+00
1.770396979144090333e+00
1.871521033974846704e+00
1.972645088805602853e+00
2.073769143636359225e+00
2.174893198467115596e+00
2.174893198467115596e+00
2.272158749957412738e+00
2.369424301447709436e+00
2.466689852938006577e+00
2.563955404428303719e+00
2.661220955918600417e+00
2.758486507408897559e+00
2.855752058899194701e+00
2.953017610389491399e+00
3.050283161879788540e+00
3.147548713370085238e+00
3.244814264860382380e+00
3.342079816350679522e+00
3.439345367840976664e+00
3.536610919331273362e+00
3.633559259129529373e+00
3.730507598927785384e+00
3.827455938726041396e+00
3.924404278524296963e+00
4.021352618322553418e+00
4.118300958120808986e+00
4.215249297919065441e+00
4.312197637717321008e+00
4.409145977515576575e+00
4.506094317313833031e+00
4.603042657112088598e+00
4.699990996910344165e+00
4.699990996910344165e+00
4.800778236793717291e+00
4.901565476677089528e+00
5.002352716560462653e+00
5.103139956443835779e+00
5.203927196327208016e+00
5.304714436210581141e+00
5.405501676093954266e+00
5.405501676093954266e+00
5.502935635057943031e+00
5.600369594021931796e+00
5.697803552985920561e+00
5.795237511949909326e+00
5.892671470913898091e+00
5.990105429877886856e+00
6.087539388841875621e+00
6.184973347805864385e+00
6.282407306769853150e+00
6.379841265733841027e+00
6.477275224697830680e+00
6.574709183661818557e+00
6.672143142625808210e+00
6.769577101589796087e+00
6.860967925426120217e+00
6.952358749262443460e+00
7.043749573098767591e+00
7.135140396935091722e+00
7.226531220771414965e+00
7.317922044607739096e+00
7.409312868444063227e+00
7.500703692280386470e+00
7.592094516116710601e+00
7.683485339953033844e+00
7.774876163789357975e+00
7.866266987625682106e+00
7.957657811462005348e+00
7.957657811462005348e+00
8.052054063795798911e+00
8.146450316129591585e+00
8.240846568463384259e+00
8.335242820797178709e+00
8.429639073130971383e+00
8.524035325464764057e+00
8.618431577798556731e+00
8.712827830132351181e+00
8.807224082466143855e+00
8.901620334799936529e+00
8.996016587133730980e+00
9.090412839467523654e+00
9.184809091801316328e+00
