0.000000000000000000e+00
2.981281439646991591e-02
5.962562879293983181e-02
8.943844318940974425e-02
1.192512575858796636e-01
1.435977276115302514e-01
1.679441976371808254e-01
1.922906676628314271e-01
2.166371376884820288e-01
2.409836077141326027e-01
2.653300777397831767e-01
2.896765477654337784e-01
3.140230177910843801e-01
3.383694878167349818e-01
3.627159578423855280e-01
3.870624278680361297e-01
4.114088978936867314e-01
4.357553679193373330e-01
4.601018379449878792e-01
4.844483079706384809e-01
5.087947779962890271e-01
5.087947779962890271e-01
5.335884632206545630e-01
5.583821484450202099e-01
5.831758336693857458e-01
6.079695188937512818e-01
6.327632041181169287e-01
6.575568893424824646e-01
6.823505745668481115e-01
7.071442597912136474e-01
7.319379450155791833e-01
7.567316302399447192e-01
7.815253154643103661e-01
8.063190006886759020e-01
8.311126859130415490e-01
8.559063711374070849e-01
8.807000563617726208e-01
9.054937415861381567e-01
9.296728637757263325e-01
9.538519859653145083e-01
9.780311081549026841e-01
1.002210230344490860e+00
1.026389352534079036e+00
1.050568474723667212e+00
1.074747596913255387e+00
1.098926719102843563e+00
1.123105841292431739e+00
1.147284963482019915e+00
1.171464085671608091e+00
1.195643207861196267e+00
1.219822330050784664e+00
1.219822330050784664e+00
1.244817280489116440e+00
1.269812230927448216e+00
1.294807181365780213e+00
1.319802131804111989e+00
1.344797082242443764e+00
1.369792032680775540e+00
1.394786983119107315e+00
1.419781933557439091e+00
1.444776883995770866e+00
1.469771834434102864e+00
1.494766784872434640e+00
1.519761735310766415e+00
1.544756685749098191e+00
1.569089146934069534e+00
1.593421608119040878e+00
1.617754069304012443e+00
1.642086530488983787e+00
1.666418991673955130e+00
1.690751452858926474e+00
1.715083914043897817e+00
1.739416375228869160e+00
1.763748836413840504e+00
1.788081297598811847e+00
1.812413758783783413e+00
1.836746219968754756e+00
1.861078681153726100e+00
1.885411142338697443e+00
1.909743603523668787e+00
1.934076064708640352e+00
1.958408525893611696e+00
1.958408525893611696e+00
1.982611586255563330e+00
2.006814646617514963e+00
2.031017706979466375e+00
2.055220767341418231e+00
2.079423827703369643e+00
2.103626888065321054e+00
2.127829948427272910e+00
2.152033008789224322e+00
2.176236069151176178e+00
2.200439129513127590e+00
2.224642189875079445e+00
2.248845250237030857e+00
2.273048310598982269e+00
2.297251370960934125e+00
2.321454431322885537e+00
2.345657491684837392e+00
2.369860552046788804e+00
