-1.514350825060315209e-01
-4.710266977209685152e-02
5.722974296183782478e-02
1.615621556957724803e-01
2.658945684297071566e-01
3.702269811636418329e-01
4.745593938975765647e-01
5.788918066315112965e-01
6.832242193654459728e-01
7.875566320993806491e-01
8.918890448333151033e-01
9.962214575672497796e-01
1.100553870301184567e+00
1.204886283035119243e+00
1.309218695769053920e+00
1.413551108502988596e+00
1.517883521236923272e+00
1.622215933970857948e+00
1.726548346704792625e+00
1.830880759438727079e+00
1.935213172172661755e+00
2.039545584906596432e+00
2.143877997640531330e+00
2.248210410374465784e+00
2.352542823108400682e+00
2.456875235842335137e+00
2.561207648576270035e+00
2.665540061310204489e+00
2.769872474044139388e+00
2.874204886778073842e+00
2.978537299512008740e+00
3.082869712245943195e+00
3.187202124979878093e+00
3.291534537713812547e+00
3.395866950447747445e+00
3.500199363181681900e+00
3.604531775915616798e+00
3.708864188649551252e+00
3.813196601383486151e+00
3.917529014117421049e+00
4.021861426851355503e+00
4.126193839585289957e+00
4.230526252319225300e+00
4.334858665053159754e+00
4.439191077787094208e+00
4.543523490521028663e+00
4.647855903254964005e+00
4.752188315988898459e+00
4.856520728722832914e+00
4.960853141456767368e+00
5.065185554190702710e+00
5.169517966924637165e+00
5.273850379658571619e+00
5.378182792392506961e+00
5.482515205126441415e+00
5.586847617860375870e+00
5.691180030594310324e+00
5.795512443328245666e+00
5.899844856062180121e+00
6.004177268796114575e+00
6.108509681530049029e+00
6.212842094263984372e+00
6.317174506997918826e+00
6.421506919731853280e+00
6.525839332465787734e+00
6.630171745199723077e+00
6.734504157933657531e+00
6.838836570667591985e+00
6.943168983401526440e+00
7.047501396135461782e+00
7.151833808869396236e+00
7.256166221603330690e+00
7.360498634337266033e+00
7.464831047071199599e+00
7.569163459805134053e+00
7.673495872539068507e+00
7.777828285273003850e+00
7.882160698006938304e+00
7.986493110740872758e+00
8.090825523474807213e+00
8.195157936208742555e+00
8.299490348942676121e+00
8.403822761676611464e+00
8.508155174410546806e+00
8.612487587144480372e+00
8.716819999878415715e+00
8.821152412612351057e+00
8.925484825346284623e+00
9.029817238080219965e+00
9.134149650814155308e+00
9.238482063548088874e+00
9.342814476282024216e+00
9.447146889015957782e+00
9.551479301749893125e+00
9.655811714483828467e+00
9.760144127217762033e+00
9.864476539951697376e+00
9.968808952685632718e+00
1.007314136541956628e+01
1.017747377815350163e+01
1.028180619088743519e+01
1.038613860362137054e+01
1.049047101635530588e+01
1.059480342908923944e+01
1.069913584182317479e+01
1.080346825455711013e+01
1.090780066729104369e+01
1.101213308002497904e+01
1.111646549275891438e+01
1.122079790549284795e+01
1.132513031822678329e+01
1.142946273096071685e+01
1.153379514369465220e+01
1.163812755642858754e+01
1.174245996916252111e+01
1.184679238189645645e+01
1.195112479463039179e+01
1.205545720736432536e+01
1.215978962009826070e+01
1.226412203283219604e+01
1.236845444556612961e+01
1.247278685830006495e+01
1.257711927103399852e+01
1.268145168376793386e+01
1.278578409650186920e+01
1.289011650923580277e+01
1.299444892196973811e+01
1.309878133470367345e+01
1.320311374743760702e+01
1.330744616017154236e+01
1.341177857290547593e+01
1.351611098563941127e+01
1.362044339837334661e+01
1.372477581110728018e+01
1.382910822384121552e+01
1.393344063657515086e+01
1.403777304930908443e+01
1.414210546204301977e+01
1.424643787477695511e+01
1.435077028751088868e+01
1.445510270024482402e+01
1.455943511297875759e+01
1.466376752571269293e+01
1.476809993844662827e+01
1.487243235118056184e+01
1.497676476391449540e+01
1.508109717664843075e+01
1.518542958938236431e+01
1.528976200211629966e+01
1.539409441485023500e+01
1.549842682758416856e+01
1.560275924031810391e+01
1.570709165305203747e+01
1.581142406578597281e+01
1.591575647851990816e+01
1.602008889125384172e+01
1.612442130398777707e+01
1.622875371672171241e+01
1.633308612945564775e+01
1.643741854218957954e+01
1.654175095492351488e+01
1.664608336765745022e+01
1.675041578039138557e+01
1.685474819312532091e+01
1.695908060585925625e+01
1.706341301859318804e+01
1.716774543132712338e+01
1.727207784406105873e+01
1.737641025679499407e+01
1.748074266952892941e+01
1.758507508226286120e+01
1.768940749499679654e+01
1.779373990773073189e+01
1.789807232046466723e+01
1.800240473319860257e+01
1.810673714593253436e+01
1.821106955866646970e+01
1.831540197140040505e+01
1.841973438413434039e+01
1.852406679686827573e+01
1.862839920960221107e+01
1.873273162233614286e+01
1.883706403507007821e+01
1.894139644780401355e+01
1.904572886053794889e+01
1.915006127327188423e+01
1.925439368600581602e+01
1.935872609873975136e+01
1.946305851147368671e+01
1.956739092420762205e+01
1.967172333694155739e+01
1.977605574967549273e+01
1.988038816240942452e+01
1.998472057514335987e+01
2.008905298787729521e+01
2.019338540061123055e+01
2.029771781334516589e+01
2.040205022607909768e+01
2.050638263881303303e+01
2.061071505154696837e+01
