-2.031070971816177462e+00
-1.890065909448225945e+00
-1.749060847080274650e+00
-1.608055784712323355e+00
-1.467050722344371838e+00
-1.326045659976420321e+00
-1.185040597608469026e+00
-1.044035535240517509e+00
-9.030304728725661034e-01
-7.620254105046145865e-01
-6.210203481366631806e-01
-4.800152857687118857e-01
-3.390102234007603688e-01
-1.980051610328089073e-01
-5.700009866485763327e-02
8.400496370309384897e-02
2.250100260710453381e-01
3.660150884389968273e-01
5.070201508069482887e-01
6.480252131748998057e-01
7.890302755428512116e-01
9.300353379108022844e-01
1.071040400278753690e+00
1.212045462646705207e+00
1.353050525014656724e+00
1.494055587382608241e+00
1.635060649750559758e+00
1.776065712118511275e+00
1.917070774486462348e+00
2.058075836854414309e+00
2.199080899222365382e+00
2.340085961590316899e+00
2.481091023958267971e+00
2.622096086326219044e+00
2.763101148694171005e+00
2.904106211062122078e+00
3.045111273430074039e+00
3.186116335798025112e+00
3.327121398165977073e+00
3.468126460533928146e+00
3.609131522901880107e+00
3.750136585269831180e+00
3.891141647637782697e+00
4.032146710005733325e+00
4.173151772373684842e+00
4.314156834741637248e+00
4.455161897109588764e+00
4.596166959477539393e+00
4.737172021845490910e+00
4.878177084213441539e+00
5.019182146581394832e+00
5.160187208949345461e+00
5.301192271317296090e+00
5.442197333685247607e+00
5.583202396053200012e+00
5.724207458421151529e+00
5.865212520789102157e+00
6.006217583157053674e+00
6.147222645525006079e+00
6.288227707892957596e+00
6.429232770260908225e+00
6.570237832628859742e+00
6.711242894996812147e+00
6.852247957364762776e+00
6.993253019732714293e+00
7.134258082100664922e+00
7.275263144468616439e+00
7.416268206836568844e+00
7.557273269204520361e+00
7.698278331572470989e+00
7.839283393940422506e+00
7.980288456308374911e+00
8.121293518676326428e+00
8.262298581044277057e+00
8.403303643412227686e+00
8.544308705780180091e+00
8.685313768148132496e+00
8.826318830516083125e+00
8.967323892884033754e+00
9.108328955251984382e+00
9.249334017619938564e+00
9.390339079987889193e+00
9.531344142355839821e+00
9.672349204723790450e+00
9.813354267091742855e+00
9.954359329459695260e+00
1.009536439182764589e+01
1.023636945419559652e+01
1.037737451656354892e+01
1.051837957893149955e+01
1.065938464129945196e+01
1.080038970366740259e+01
1.094139476603535321e+01
1.108239982840330562e+01
1.122340489077125802e+01
1.136440995313920865e+01
1.150541501550715928e+01
1.164642007787511169e+01
1.178742514024306232e+01
1.192843020261101472e+01
1.206943526497896535e+01
1.221044032734691775e+01
1.235144538971486838e+01
1.249245045208282079e+01
1.263345551445077142e+01
1.277446057681872205e+01
1.291546563918667445e+01
1.305647070155462508e+01
1.319747576392257749e+01
1.333848082629052634e+01
1.347948588865848052e+01
1.362049095102643292e+01
1.376149601339438178e+01
1.390250107576233418e+01
1.404350613813028481e+01
1.418451120049823722e+01
1.432551626286618962e+01
1.446652132523413847e+01
1.460752638760209088e+01
1.474853144997004506e+01
1.488953651233799391e+01
1.503054157470594632e+01
1.517154663707389517e+01
1.531255169944184935e+01
1.545355676180980176e+01
1.559456182417775061e+01
1.573556688654570301e+01
1.587657194891365364e+01
1.601757701128160605e+01
1.615858207364955845e+01
1.629958713601750731e+01
1.644059219838545971e+01
1.658159726075340856e+01
1.672260232312136097e+01
1.686360738548931693e+01
1.700461244785726578e+01
1.714561751022521818e+01
1.728662257259316704e+01
1.742762763496111944e+01
1.756863269732907185e+01
1.770963775969702070e+01
1.785064282206497310e+01
1.799164788443292551e+01
1.813265294680087791e+01
1.827365800916883032e+01
1.841466307153677917e+01
1.855566813390473158e+01
1.869667319627268398e+01
1.883767825864063283e+01
1.897868332100858524e+01
1.911968838337653409e+01
1.926069344574449005e+01
1.940169850811244245e+01
1.954270357048039131e+01
1.968370863284834371e+01
1.982471369521629256e+01
1.996571875758424497e+01
2.010672381995219737e+01
2.024772888232014623e+01
2.038873394468809863e+01
2.052973900705605459e+01
2.067074406942400344e+01
2.081174913179195585e+01
2.095275419415990470e+01
2.109375925652785710e+01
2.123476431889580951e+01
2.137576938126375836e+01
2.151677444363171077e+01
2.165777950599966317e+01
2.179878456836761558e+01
2.193978963073556798e+01
2.208079469310351683e+01
2.222179975547146924e+01
2.236280481783941809e+01
2.250380988020737050e+01
2.264481494257532290e+01
2.278582000494327175e+01
2.292682506731122771e+01
2.306783012967917657e+01
2.320883519204712897e+01
2.334984025441508138e+01
2.349084531678303023e+01
2.363185037915098263e+01
2.377285544151893504e+01
2.391386050388688389e+01
2.405486556625483630e+01
2.419587062862278870e+01
2.433687569099074111e+01
2.447788075335869351e+01
2.461888581572664236e+01
2.475989087809459477e+01
2.490089594046254362e+01
2.504190100283049603e+01
2.518290606519844843e+01
2.532391112756640084e+01
2.546491618993435324e+01
2.560592125230230209e+01
2.574692631467025450e+01
2.588793137703820690e+01
2.602893643940615931e+01
