-1.531099290837372395e+00 3.884232156857204465e+00 8.508579805946620667e+00 9.642589407943084723e+00 1.348589895793602977e+01 1.559347395058059327e+01 1.997744246725091699e+01 2.705605994325896546e+01 3.429914902082887096e+01 5.190230453927346588e+01 6.620291134221200480e+01 5.200861787357601997e+02
-1.740686420165672432e+00 4.159423171073459713e+00 8.669980167887251454e+00 9.687702317617613801e+00 1.345325721400424612e+01 1.562029363789378777e+01 1.990252135965882729e+01 2.693563902375583652e+01 3.435034346980776832e+01 5.178412651582853954e+01 6.619026873030345826e+01 5.200755753770445153e+02
-1.964458697501282103e+00 4.708614874039869669e+00 8.952669170407059340e+00 9.929521207631239577e+00 1.335655278726371797e+01 1.566780886669737427e+01 1.968244367349538848e+01 2.657714756398975808e+01 3.450300041727281553e+01 5.143928092553892384e+01 6.614961265354091324e+01 5.200467855127244547e+02
-1.935186118506947217e+00 5.226354638281994092e+00 9.031309579850734792e+00 1.046042584531400976e+01 1.321207875557409572e+01 1.564855176387078117e+01 1.932509548441824165e+01 2.599101947790897427e+01 3.475097220459164760e+01 5.089965271709323247e+01 6.607167956057655545e+01 5.200080538438904796e+02
-1.657897506429777623e+00 5.592787661640822527e+00 8.929884339031159968e+00 1.096528666386454098e+01 1.308353244370045587e+01 1.546311193830295139e+01 1.882231753459330292e+01 2.519819563695423881e+01 3.507691535844503505e+01 5.022440403943556220e+01 6.593982335607215362e+01 5.199706150907502433e+02
-1.130230540593938349e+00 5.757679604967817610e+00 8.688077984264049647e+00 1.110849907885727994e+01 1.307799822742090790e+01 1.506170600344985466e+01 1.813355726004315827e+01 2.422760115514255475e+01 3.545091810514460207e+01 4.949929048685378774e+01 6.573379259699996169e+01 5.199456300373263957e+02
5.380383252829358254e-01 5.690972584817411750e+00 8.277046170706519490e+00 1.080959878136012442e+01 1.312961984451059294e+01 1.448778760844262870e+01 1.721765320818416356e+01 2.311023476643867269e+01 3.583607031318435077e+01 4.882280306721382601e+01 6.543933836669435777e+01 5.199411113829024771e+02
1.275267540450202075e+00 5.356712842930025253e+00 7.688450554819742599e+00 1.017279205989177626e+01 1.281143872891942870e+01 1.399283274749604900e+01 1.612344812149967055e+01 2.188693916950291651e+01 3.619749523934738988e+01 4.827914839949470149e+01 6.505974039797543185e+01 5.199596752423711905e+02
1.534389133449885367e+00 4.715171873569090621e+00 6.967511714161992664e+00 9.240959665816134816e+00 1.168724339756358077e+01 1.382198652078050927e+01 1.506397256300976828e+01 2.063852453528791742e+01 3.650960749356251256e+01 4.791052153653129864e+01 6.462306342540149728e+01 5.199977396422635820e+02
1.412029451006217684e+00 3.813098548425796874e+00 6.061509708252708073e+00 8.070230514983304460e+00 9.969074420218822397e+00 1.365654094569068100e+01 1.432714627909638949e+01 1.949956136101011239e+01 3.675812187646949525e+01 4.770733801776692218e+01 6.418086431855915919e+01 5.200463969587542579e+02
6.841635335353628555e-01 2.799822345732585482e+00 4.686079507535459321e+00 6.622295490805830021e+00 8.326534571049737821e+00 1.330229885119511835e+01 1.404224249023107163e+01 1.861344214578621248e+01 3.693715190716288532e+01 4.762303378011619515e+01 6.379814066282590801e+01 5.200937254996862293e+02
-9.499976877999356528e-01 1.606926039831537478e+00 2.631161763924231956e+00 4.918094099856710422e+00 7.579310364627596996e+00 1.298204724249919551e+01 1.395908330788322438e+01 1.806806438506160717e+01 3.704489362165622168e+01 4.760120107894810104e+01 6.353794023150952341e+01 5.201279133689205310e+02
-1.103448172611954270e+00 -8.096419028489707653e-03 -2.447122318995085098e-06 4.181522101700252847e+00 7.395789765993288967e+00 1.286258320747231920e+01 1.393708394093376057e+01 1.788649791443068793e+01 3.708084892429402402e+01 4.759912346433200270e+01 6.344570339830847416e+01 5.201403566642003398e+02
-8.607826246596280706e-01 1.408651887370427014e+00 2.269277421379962689e+00 4.250379202920647970e+00 7.408775777486968472e+00 1.295638532028360324e+01 1.395195211732768037e+01 1.805317794460671976e+01 3.704096586181056239e+01 4.770334393690109920e+01 6.347961023899234334e+01 5.201364916405946133e+02
3.851446445831469556e-01 2.717785112291656535e+00 4.258490740160751464e+00 4.622934641295597835e+00 7.517879141749680194e+00 1.322352796287392529e+01 1.401952802597650738e+01 1.851698114352033642e+01 3.692390441576957016e+01 4.801419629035004277e+01 6.357926128280956846e+01 5.201251229489495245e+02
9.521196802153601979e-01 3.825046223553774993e+00 4.956030003390184291e+00 6.031466602497393303e+00 7.994886127999752290e+00 1.362768056229444902e+01 1.421115289088122502e+01 1.918890394107232922e+01 3.673701981086299639e+01 4.852487603338651212e+01 6.373863461990860202e+01 5.201069161697253094e+02
1.176122091761082400e+00 4.631427725509378313e+00 5.794000470141087433e+00 6.757276194755969634e+00 9.047405969136205428e+00 1.410639760516104069e+01 1.466181326805669194e+01 1.996431337936061112e+01 3.649137549472293074e+01 4.921998580239156240e+01 6.394827496858334115e+01 5.200829362921842858e+02
1.418021901786455707e+00 5.238436879244273925e+00 6.630986756902656154e+00 7.201827546935595237e+00 1.006711668060324882e+01 1.462838209935618927e+01 1.547094806642620135e+01 2.075062227952338745e+01 3.620043332850507767e+01 5.007134313553115845e+01 6.419603778313636155e+01 5.200545842511121464e+02
1.787873455874937179e+00 5.725850965708766616e+00 7.059247433544894257e+00 7.910645070717305494e+00 1.073184557910388115e+01 1.521158337002218985e+01 1.656128581631033470e+01 2.148148835042356453e+01 3.587893766447454880e+01 5.103556277756396042e+01 6.446791871872838442e+01 5.200235138378768625e+02
2.241928970372716101e+00 6.091252031095094388e+00 7.279127478736846513e+00 8.687946958893087768e+00 1.112097104542248971e+01 1.582038460551527059e+01 1.776725558090274149e+01 2.212087511792806538e+01 3.554232283521084668e+01 5.205535079113978725e+01 6.474883740969282542e+01 5.199915341959701891e+02
2.701318439945208816e+00 6.318867119008499067e+00 7.465861630979000907e+00 9.355887675998760145e+00 1.137589514668058222e+01 1.640613526474989925e+01 1.893266401405407251e+01 2.265941328501132190e+01 3.520676036145672327e+01 5.306469112456753123e+01 6.502329178095037321e+01 5.199605038868962765e+02
3.104277501214070867e+00 6.417937669349925933e+00 7.651529295618796134e+00 9.870963887529875080e+00 1.158930322795339229e+01 1.692968088024015572e+01 1.995310752294968637e+01 2.310517763632594068e+01 3.488968093935989856e+01 5.399621302884446550e+01 6.527588301995427855e+01 5.199322228667919035e+02
3.411963790369367366e+00 6.433925170836016783e+00 7.825699293719519112e+00 1.022336509575333530e+01 1.179726462541763610e+01 1.736183234226557914e+01 2.076645551356389063e+01 2.347052472309907856e+01 3.461027684242849745e+01 5.478836075970551889e+01 6.549182221928442971e+01 5.199083286570046312e+02
3.610536000385262678e+00 6.419205389819702567e+00 7.966646314901482562e+00 1.043455702031107890e+01 1.198643300428411429e+01 1.768238029323555693e+01 2.134258646340917309e+01 2.375706836772013375e+01 3.438916275776780651e+01 5.539066159083510854e+01 6.565761980285125787e+01 5.198902025668776332e+02
3.712127471910755983e+00 6.405230010942264407e+00 8.057636787515496835e+00 1.054200308454580259e+01 1.211992639159005059e+01 1.787889322169679218e+01 2.167917978624574360e+01 2.394728279904101953e+01 3.424626969624134887e+01 5.576655983115882265e+01 6.576212550757857400e+01 5.198788911007529805e+02
3.741743821313134433e+00 6.400572647042630514e+00 8.089023874476549025e+00 1.057449963339350774e+01 1.216790568863210709e+01 1.794502645581930622e+01 2.178889451612222672e+01 2.401486753571291288e+01 3.419672678604619165e+01 5.589425960245534242e+01 6.579784660507391436e+01 5.198750467293855309e+02
-7.775336654183407248e+00 7.646213318348090482e+00 9.124363583661596167e+00 1.156277956136557172e+01 1.308172568925407298e+01 1.576282674036456655e+01 1.773260456151076525e+01 3.490124400138255112e+01 3.696868582628516009e+01 5.640007568490689494e+01 6.471465329247757836e+01 5.200480728082410451e+02
-7.750885314070082188e+00 7.652871119947466383e+00 9.148844299249049072e+00 1.153574864028131230e+01 1.308810243207127755e+01 1.567712306294537150e+01 1.781574838523623328e+01 3.469573315832025884e+01 3.704281795861563609e+01 5.631349826345743992e+01 6.476244778263757951e+01 5.200386828956749241e+02
-7.678318223539474907e+00 7.655801321938842996e+00 9.213959376748277919e+00 1.145618552634735998e+01 1.310353490554379619e+01 1.543747783354724135e+01 1.805532370908926865e+01 3.416279637869405406e+01 3.718380715594799568e+01 5.605777026684386044e+01 6.489693114798041051e+01 5.200118990776607006e+02
-7.558550364235220975e+00 7.621199674070710195e+00 9.291977733338564249e+00 1.133449476722947225e+01 1.311359132309778985e+01 1.507940558109492279e+01 1.843069420322236951e+01 3.342077772054954465e+01 3.728018131437092819e+01 5.564463292998998156e+01 6.509331073506463383e+01 5.199716629669757140e+02
-7.389259449972390037e+00 7.526487472600476458e+00 9.339847504486661123e+00 1.119174576748149086e+01 1.309718291793770817e+01 1.463870891679375141e+01 1.890935697288265516e+01 3.253495085476686199e+01 3.727924715151945634e+01 5.509283286086937181e+01 6.531599053384748288e+01 5.199238615113443984e+02
-7.162418288919202958e+00 7.368507773169985953e+00 9.319984206024225060e+00 1.104330259105770473e+01 1.304248788740156328e+01 1.415279035975734701e+01 1.943206025524790803e+01 3.153814459208172849e+01 3.716850907266436366e+01 5.442706868252862051e+01 6.552531973138577825e+01 5.198754292495601703e+02
-6.865850248195235928e+00 7.154902426075528510e+00 9.219634775547852712e+00 1.088170734536414130e+01 1.294534234655956162e+01 1.367594943569863908e+01 1.990973225208743358e+01 3.044978591516515820e+01 3.696002719535125891e+01 5.367666207594198369e+01 6.568433977516109223e+01 5.198333178910056631e+02
-6.489276005774582856e+00 6.891166465188136137e+00 9.049021482425741780e+00 1.068139787125906004e+01 1.276045748989784379e+01 1.332219516300781237e+01 2.023395063748960254e+01 2.928527606922606452e+01 3.668550826745417481e+01 5.287392460965233454e+01 6.576426582283291111e+01 5.198035055517067349e+02
-6.031284782790856447e+00 6.571287798458171459e+00 8.826163567309960101e+00 1.041509355291131023e+01 1.245389413408688917e+01 1.319635588900002432e+01 2.029113098414137895e+01 2.806189971925563142e+01 3.639334801035801803e+01 5.205223432766020153e+01 6.574800747277016910e+01 5.197902021988394381e+02
-5.501426935395081763e+00 6.181931255301296169e+00 8.563878084419579650e+00 1.006089522199392050e+01 1.216526849654238163e+01 1.321017884827403321e+01 1.998104387554433359e+01 2.680067330325558927e+01 3.614147554803537332e+01 5.124397177804886638e+01 6.563154913843507643e+01 5.197953628755736872e+02
-4.913438966173182543e+00 5.722152987450583872e+00 8.257752928017755067e+00 9.607115486528902792e+00 1.197664607641289969e+01 1.328309585633671830e+01 1.924790229922041362e+01 2.552004910995761477e+01 3.598308242075855645e+01 5.047859071572471379e+01 6.542338801476408605e+01 5.198185569951554044e+02
-4.272082175486037414e+00 5.218173800771030102e+00 7.879086338627359964e+00 9.056257669057371729e+00 1.186597471197094578e+01 1.336635499354863654e+01 1.811916272534270078e+01 2.422722635000464564e+01 3.594931888650330620e+01 4.978107181808005066e+01 6.514245834070706564e+01 5.198571753499942361e+02
-3.564122291462316294e+00 4.714392830842925264e+00 7.385875919192788075e+00 8.416571885359219962e+00 1.172341756180029293e+01 1.342233123698378172e+01 1.673306122510335925e+01 2.292679377548294539e+01 3.603947561703186864e+01 4.917078794270833697e+01 6.481507312409877386e+01 5.199069014483285400e+02
-2.767290425301041967e+00 4.248754147325457531e+00 6.752442771396353294e+00 7.686639663017613699e+00 1.131193875948639160e+01 1.344918560247790040e+01 1.536377982045250157e+01 2.164505557647763112e+01 3.622476942065311789e+01 4.866060969970408223e+01 6.447141772004087557e+01 5.199623412767284663e+02
-1.889090057554981827e+00 3.812243782579518570e+00 5.994931029682113000e+00 6.854093213413919194e+00 1.034659206165286172e+01 1.348184819715694260e+01 1.436202056227873314e+01 2.044087943437910582e+01 3.646077236854102921e+01 4.825622259051303331e+01 6.414207433243964829e+01 5.200176997135612282e+02
-1.037937508189854752e+00 3.276822845677763052e+00 5.091615079373098318e+00 5.967612808939006364e+00 8.993242274405277570e+00 1.344749168583499888e+01 1.386987355942272515e+01 1.939318571406159464e+01 3.670014297177848306e+01 4.795610758558605369e+01 6.385498416185637183e+01 5.200674094279097517e+02
-5.802031622642224162e-01 2.457971451100227966e+00 3.786756804371189666e+00 5.156518641892371413e+00 7.910767913190281497e+00 1.318204866035428324e+01 1.384308803833575929e+01 1.857987842113834276e+01 3.690157093073580086e+01 4.775294241463495126e+01 6.363317046845671854e+01 5.201066504469052916e+02
-8.385020687068320822e-01 1.345997715173821607e+00 1.978017154898277452e+00 4.464012455312692751e+00 7.474881913663836919e+00 1.294883673432148363e+01 1.390839987632531916e+01 1.806368256399022698e+01 3.703453534725687746e+01 4.763675740174085860e+01 6.349339978261246387e+01 5.201317344248974450e+02
-1.103448172611954270e+00 -8.096419028489707653e-03 -2.447122318995085098e-06 4.181522101700252847e+00 7.395789765993288967e+00 1.286258320747231920e+01 1.393708394093376057e+01 1.788649791443068793e+01 3.708084892429402402e+01 4.759912346433200270e+01 6.344570339830847416e+01 5.201403566642003398e+02
-1.793930644791433382e+00 1.749948629282300994e+00 3.572766076267378299e+00 4.851680974845735683e+00 7.511187052660622143e+00 1.293048000957560184e+01 1.388460632583791643e+01 1.800532809447876303e+01 3.707609205748984493e+01 4.750116257805377273e+01 6.349363680286872125e+01 5.201169787113773282e+02
-2.379194553130190570e+00 3.300205290814918424e+00 5.564334746324436587e+00 6.977897366458713613e+00 8.138715257299404371e+00 1.313876130475863668e+01 1.380033097717931589e+01 1.837408055677635943e+01 3.704918453823732705e+01 4.722055207222327766e+01 6.363358137724011954e+01 5.200503944047177356e+02
-2.495626076746804589e+00 4.495762761822548192e+00 6.461246563031576962e+00 8.130704503843876552e+00 1.011890496147789520e+01 1.356783840444221845e+01 1.392680540152576896e+01 1.907368310921386723e+01 3.696819430899984127e+01 4.679591031403887769e+01 6.385214341704453744e+01 5.199507175761681310e+02
-2.345640871872838318e+00 5.305430333375559471e+00 6.985242449427951250e+00 9.011645053393619875e+00 1.108918479855724470e+01 1.418524432990224504e+01 1.471387171929045756e+01 2.028523611738721044e+01 3.679767178003120875e+01 4.628745130578595735e+01 6.412308760367389482e+01 5.198331000533270299e+02
-2.246088691104019208e+00 5.833345031117707968e+00 7.240675279558105970e+00 9.825989934082391741e+00 1.116037196129014397e+01 1.470940386660193688e+01 1.570475295993527531e+01 2.200624536082418459e+01 3.652044524701038597e+01 4.577031229046585281e+01 6.440706868677244756e+01 5.197154384360987933e+02
-2.446500233745763975e+00 6.200992203898776367e+00 7.303841678438224960e+00 1.042764948836417638e+01 1.110864606046723146e+01 1.514699396983612267e+01 1.633365680974248946e+01 2.379210833979793449e+01 3.616476236694148838e+01 4.532467059752698901e+01 6.465711558088963784e+01 5.196156551541902218e+02
-2.785883798318664173e+00 6.440941754215677939e+00 7.282016622756688484e+00 1.070079587038953228e+01 1.118212984120509468e+01 1.541452943444725321e+01 1.668609369383330687e+01 2.512247584265021771e+01 3.583347397852603677e+01 4.502299863217981368e+01 6.482856001641398791e+01 5.195489643940410360e+02
-2.942107694860988332e+00 6.526544712173636853e+00 7.265152398436081072e+00 1.074620276528093932e+01 1.125869635135724067e+01 1.550054526373508068e+01 1.680437725429563756e+01 2.561776215508700005e+01 3.569174746255556840e+01 4.491629623103322189e+01 6.488954532571742106e+01 5.195255423467004903e+02
-7.520506719315793731e+00 4.370762486707482353e+00 7.526699751490945722e+00 1.041215569177017741e+01 1.208170171387318348e+01 1.440292508284943018e+01 1.672432686850569539e+01 2.899428000479568723e+01 3.738249552506612616e+01 5.109622807417606083e+01 6.534828593339769043e+01 5.198191472615750399e+02
-7.206268265262688821e+00 4.442781326318137936e+00 7.532451814201134965e+00 1.040074058994643735e+01 1.201629200061422686e+01 1.424949723913671384e+01 1.660928327621155276e+01 2.888403901199973234e+01 3.734013054282035426e+01 5.105008991370134908e+01 6.532102172671056906e+01 5.198357379718127049e+02
-6.286314809248898960e+00 4.669068707745823943e+00 7.567647067032408081e+00 1.035996036606551307e+01 1.179959912346058104e+01 1.383332963554925144e+01 1.631534896019236314e+01 2.855737357277322985e+01 3.723965688274301300e+01 5.090645943248826910e+01 6.525300084623945907e+01 5.198793007139126985e+02
-4.841153811297392195e+00 5.053818264522630166e+00 7.680103502026329743e+00 1.023374601735054412e+01 1.142639303983089683e+01 1.329483873682333517e+01 1.597863022038410996e+01 2.802585429592889810e+01 3.714244065946902396e+01 5.065423502519824694e+01 6.517723543117227791e+01 5.199338618984451159e+02
-3.023269264893013730e+00 5.534508984110376950e+00 7.895689005044521203e+00 9.848160112103446551e+00 1.112745446790115622e+01 1.281479672185635366e+01 1.574303815730093348e+01 2.730527044316027130e+01 3.710613186471146463e+01 5.028749694865982889e+01 6.512651847232325508e+01 5.199804773547048171e+02
-6.767033748413729954e-01 6.004834705356275393e+00 8.032874908027286764e+00 9.382648037040372202e+00 1.107251963830855068e+01 1.251642240359378278e+01 1.566594368440514451e+01 2.641288360774693800e+01 3.715571919045989091e+01 4.981712824005148832e+01 6.511435015477967170e+01 5.200051933247206080e+02
1.824637484650275088e+00 6.367233443850786934e+00 7.872341347936410827e+00 9.209044799045633667e+00 1.101153635506803674e+01 1.256099834359953427e+01 1.569056328077800089e+01 2.537266617772575827e+01 3.727560765517598185e+01 4.927741267592048047e+01 6.512525367850606983e+01 5.200047362507622211e+02
2.445062293020110911e+00 6.405038540110782108e+00 7.709563653183801435e+00 9.032457317172045919e+00 1.080033596943172647e+01 1.294920072693193625e+01 1.568620952398450363e+01 2.422473512666016404e+01 3.741887336699010547e+01 4.872476674185377021e+01 6.511761854993936538e+01 5.199875093951949339e+02
3.037514569150568722e+00 5.957778689031896668e+00 7.559237247437565088e+00 8.838076036597492191e+00 1.042744833340163702e+01 1.341226955894185657e+01 1.552400009644793322e+01 2.302439022275354574e+01 3.752819789683311313e+01 4.822764583041307418e+01 6.503865985102947889e+01 5.199694966612095186e+02
3.453549033623410924e+00 5.111569331288866813e+00 7.221401317331254788e+00 8.697085856360791567e+00 9.808360913578127338e+00 1.374382385984379340e+01 1.515843719431667402e+01 2.182294429338182340e+01 3.756046640567464578e+01 4.784800417951818474e+01 6.484833942985800093e+01 5.199668604562344854e+02
3.313545527249087908e+00 4.192266430397585175e+00 6.679574326228302716e+00 8.403519254748205825e+00 8.898428465210249882e+00 1.383629245827438048e+01 1.469493847028674871e+01 2.065417111226050650e+01 3.750382783105845164e+01 4.761928295483556184e+01 6.454348397972144369e+01 5.199884707050681527e+02
2.093976608872270884e+00 3.632273938253470114e+00 5.903019463629320285e+00 7.337212327785261223e+00 8.231132540847786672e+00 1.362722782818960532e+01 1.434625832686861457e+01 1.956750596640434736e+01 3.738046488684582869e+01 4.753236646641478558e+01 6.416864980789358697e+01 5.200316663209017634e+02
-8.996588956375340951e-01 2.787483301117350099e+00 4.586237283712118362e+00 5.944521173926876401e+00 7.779645313954453023e+00 1.326714154467027740e+01 1.413259741324994856e+01 1.866990922652130180e+01 3.723634615456457198e+01 4.754011075903317618e+01 6.380494223606449111e+01 5.200831383453727312e+02
-1.501996373781216310e+00 1.572930787105351058e+00 2.491911380642041429e+00 4.793743221545331501e+00 7.486715279893961572e+00 1.297448233324978872e+01 1.398936667500143116e+01 1.808627805913370423e+01 3.712334604056621856e+01 4.757949385319749780e+01 6.354163862799284601e+01 5.201245426266084451e+02
-1.103448172611954270e+00 -8.096419028489707653e-03 -2.447122318995085098e-06 4.181522101700252847e+00 7.395789765993288967e+00 1.286258320747231920e+01 1.393708394093376057e+01 1.788649791443068793e+01 3.708084892429402402e+01 4.759912346433200270e+01 6.344570339830847416e+01 5.201403566642003398e+02
-7.250832067556838290e-01 1.768302342934432891e+00 2.136266125970501140e+00 4.279136530661424409e+00 7.521055566938437131e+00 1.299170975142594031e+01 1.393654010453498948e+01 1.802484745837795188e+01 3.707805335974499883e+01 4.764483478586586784e+01 6.347918046423493621e+01 5.201383764270206029e+02
1.274202395425751089e+00 3.443622356023526176e+00 3.825373254773757559e+00 4.714242944388268519e+00 7.926827367951061021e+00 1.333882849833912765e+01 1.395793852336191776e+01 1.843244790098549402e+01 3.706705216979646167e+01 4.778687013529555117e+01 6.357625292644357984e+01 5.201324402013328836e+02
2.185964489718511761e+00 4.403212022212912302e+00 5.046344661074464000e+00 5.797137166010974063e+00 8.665755771116318229e+00 1.371765541801236488e+01 1.414615695151075592e+01 1.908678733282674145e+01 3.704058488269682670e+01 4.803949573102583059e+01 6.372717753624009873e+01 5.201225799940252728e+02
2.917342580803256258e+00 4.722946673856565525e+00 6.320787142532357628e+00 6.765372277060569317e+00 9.582243662166902709e+00 1.393700139828431261e+01 1.465845808384954729e+01 1.994518663651062340e+01 3.698844765241121024e+01 4.842418854869750788e+01 6.391689226724680140e+01 5.201089063232356011e+02
3.524403708477229724e+00 4.962470769980211749e+00 7.066874738987839244e+00 7.767697481398426973e+00 1.027397847821968213e+01 1.425633639838334688e+01 1.522619816974641438e+01 2.093480901153610674e+01 3.690022116105817673e+01 4.896386137440902075e+01 6.412689693158898763e+01 5.200916786603781929e+02
4.003000283500639966e+00 5.144169285154244875e+00 7.502438936470827713e+00 8.671908533096418736e+00 1.053152165969359721e+01 1.474161762383933194e+01 1.571386213478567129e+01 2.195578714371677975e+01 3.676882325321520284e+01 4.967243042318407475e+01 6.433781756399270080e+01 5.200713767466522768e+02
4.329650545388218141e+00 5.270193011673918626e+00 7.799875390478513637e+00 9.273127451170150692e+00 1.049538211041947555e+01 1.525535055653818794e+01 1.608434086697181442e+01 2.290831284457990691e+01 3.659417998725236032e+01 5.054214706478922636e+01 6.453221243883484703e+01 5.200487525427282662e+02
4.481714561138370634e+00 5.330699739042717766e+00 7.978985453242626313e+00 9.309317611442681439e+00 1.056372659771880507e+01 1.565776749990616956e+01 1.634084637559492137e+01 2.372318382450075092e+01 3.638549926249613264e+01 5.153499027524078002e+01 6.469700124465548186e+01 5.200248452054278232e+02
4.441401369046134917e+00 5.293591975081206158e+00 7.998406122256534800e+00 8.864909049076779013e+00 1.082408001081987869e+01 1.590123617362571729e+01 1.650020059892508328e+01 2.437233598431739523e+01 3.616054355861974301e+01 5.258393614328957000e+01 6.482497606318248984e+01 5.200009479360126079e+02
4.140582577671829689e+00 5.126011015140234051e+00 7.681203835392103940e+00 8.501917444244574185e+00 1.105378870510338807e+01 1.601567208979527024e+01 1.657464311747618524e+01 2.485959899455791700e+01 3.594171392022103362e+01 5.360391356291105325e+01 6.491511751814046249e+01 5.199785245841111418e+02
3.341677134582673681e+00 4.882586301957457131e+00 7.152118903429173891e+00 8.386086062752527326e+00 1.119809167083250756e+01 1.605761823818115275e+01 1.658093989598255646e+01 2.520486494199660044e+01 3.575072526364785119e+01 5.450660386142457270e+01 6.497173135030062952e+01 5.199590837883081349e+02
1.595652996927367173e+00 4.677842488805645793e+00 6.764157877432706911e+00 8.330453857629320780e+00 1.126829859930642286e+01 1.606909031652138609e+01 1.655000105715481595e+01 2.543144699664168940e+01 3.560442356176468337e+01 5.521316941241291687e+01 6.500260925166207926e+01 5.199440272699937395e+02
-2.196789426160744796e+00 4.549066570942296828e+00 6.553557667417036825e+00 8.295645349770795818e+00 1.129273662827252700e+01 1.607051238837201268e+01 1.651601423973115601e+01 2.555895029021918319e+01 3.551330474669921244e+01 5.566266267144428070e+01 6.501649400063703865e+01 5.199344949130413625e+02
-2.767393692207923639e+00 4.504835457455062198e+00 6.486758755333092985e+00 8.283276891588782220e+00 1.129742197258422109e+01 1.607014067460016093e+01 1.650219121482429685e+01 2.560000748214264732e+01 3.548245735773627274e+01 5.581683508367002133e+01 6.502025262164052322e+01 5.199312311973217220e+02
5.718376616461192441e+00 7.381919766643699532e+00 1.042149442732700138e+01 1.126469353694100661e+01 1.249413352351083084e+01 1.631357119917696608e+01 2.156972929807518113e+01 3.111528861142910429e+01 3.992244497812211534e+01 5.697997167199399371e+01 6.519282292840036064e+01 5.201311363105991177e+02
5.694486153969396725e+00 7.356979781524991324e+00 1.036750530940939363e+01 1.127306915710684798e+01 1.248576022028457899e+01 1.627624908288180450e+01 2.150126446663140101e+01 3.109121634187986061e+01 3.983113615387587458e+01 5.687846485310193145e+01 6.522997312012010696e+01 5.201246740798568453e+02
5.616451427543611707e+00 7.292089806215365400e+00 1.022184132580644267e+01 1.129037700244458620e+01 1.245468238153890539e+01 1.617694679733949670e+01 2.130058381450501415e+01 3.101668554725719318e+01 3.956646308453490235e+01 5.657552515689567230e+01 6.533412269409073758e+01 5.201060203634796153e+02
5.468778741889314787e+00 7.205658268655815490e+00 1.002030035367296001e+01 1.130351781343797235e+01 1.239315624096218293e+01 1.604452061212328573e+01 2.097902918526802551e+01 3.088311100411641164e+01 3.915694604102230869e+01 5.607727557154652231e+01 6.548491101361166500e+01 5.200773137656449308e+02
5.241611259341214080e+00 7.101335992841668165e+00 9.803977982822361881e+00 1.130110888181449624e+01 1.230634606670533415e+01 1.590492514741339392e+01 2.054770358344210379e+01 3.067104248096211450e+01 3.865194444420122721e+01 5.539777932077198841e+01 6.565295155170338148e+01 5.200419156820645412e+02
4.942722858561522159e+00 6.969991302304185510e+00 9.606922638539922232e+00 1.126457642002423754e+01 1.221445519183070161e+01 1.576843850913082612e+01 2.001066884903441689e+01 3.034479671659394739e+01 3.812128099394869452e+01 5.456262865567426701e+01 6.580502448527902004e+01 5.200041015137554723e+02
4.593000029820789365e+00 6.818574949257498297e+00 9.432344530761744394e+00 1.115149631386785423e+01 1.215521791552281705e+01 1.562863699241203541e+01 1.936343050684424227e+01 2.985273226735049334e+01 3.764685456015406118e+01 5.361077296127176339e+01 6.590917489745787350e+01 5.199686275125466182e+02
4.225006818030832889e+00 6.664064554513551286e+00 9.240762263450161385e+00 1.090402445962537392e+01 1.217687138103460143e+01 1.546527917064934066e+01 1.860061040691860867e+01 2.914166577734744124e+01 3.729997131539322197e+01 5.259338212451600469e+01 6.593896990099749189e+01 5.199401899556725084e+02
3.883162927050584301e+00 6.498267927359806073e+00 8.951251769147484438e+00 1.052166053787465927e+01 1.228455683794831188e+01 1.524453960462765245e+01 1.773383827767046128e+01 2.818216112503409576e+01 3.711182049455584320e+01 5.156957750038170474e+01 6.587664344949975259e+01 5.199228184709209017e+02
3.608776237749149907e+00 6.279688703258614169e+00 8.456946855992001133e+00 1.007614325729967142e+01 1.242425486364685838e+01 1.491300451473902378e+01 1.682098122312565280e+01 2.698380547297288956e+01 3.706236979483526284e+01 5.059967383964761467e+01 6.571517004943335394e+01 5.199192748731104530e+02
3.420284310304125608e+00 5.936594956310681681e+00 7.741131568977952071e+00 9.588184502636783790e+00 1.248480805185640818e+01 1.441182304960871363e+01 1.599449931812819514e+01 2.559074303679674856e+01 3.709841979421477731e+01 4.973709218190347769e+01 6.545944678550502260e+01 5.199305529734336915e+02
3.293264635339408386e+00 5.365225280470077962e+00 6.972574711957109983e+00 8.960755625023516302e+00 1.218670264179977636e+01 1.390092852269044954e+01 1.536267505464864236e+01 2.407189497825803670e+01 3.716167853472276761e+01 4.902056601636025590e+01 6.512663709453838123e+01 5.199555830170874060e+02
3.092425801851178768e+00 4.603985214630404776e+00 6.300146617758838552e+00 8.091522257583614319e+00 1.126564150142908716e+01 1.373234451494680819e+01 1.485549530643673677e+01 2.251648723992849099e+01 3.720830401911292284e+01 4.846866389802545427e+01 6.474534382699839341e+01 5.199912290937963917e+02
2.464996104040765523e+00 4.066032413611393004e+00 5.599739005394273050e+00 6.992500324877144458e+00 1.003320792797575933e+01 1.375007889696087915e+01 1.437862359176697069e+01 2.103137420713655104e+01 3.721692384885309224e+01 4.807840249075818662e+01 6.435299735701232748e+01 5.200326265541617659e+02
1.391115360842682724e+00 3.705204527351838806e+00 4.579768707435794894e+00 5.910707324583420963e+00 8.832908673070569705e+00 1.370610201750942281e+01 1.398222664249717262e+01 1.973294943467548634e+01 3.718847597535837224e+01 4.782850745330184594e+01 6.399119814278420648e+01 5.200738435408683245e+02
-6.859131017846842315e-01 2.816178075240680645e+00 3.278942122621917310e+00 5.086510383668427338e+00 7.942696409366265975e+00 1.333582129962266727e+01 1.392298287640415211e+01 1.872953867682007001e+01 3.714054281478443187e+01 4.768656525838557059e+01 6.369975622603548260e+01 5.201087787046502626e+02
-1.118117077124120451e+00 1.256507093791626728e+00 1.905503902672214478e+00 4.461851065558483320e+00 7.505644805395971453e+00 1.299378985651409835e+01 1.393285620185949547e+01 1.810021015950514567e+01 3.709777092369608908e+01 4.761861623823178746e+01 6.351099813351627432e+01 5.201321450036300575e+02
-1.103448172611954270e+00 -8.096419028489707653e-03 -2.447122318995085098e-06 4.181522101700252847e+00 7.395789765993288967e+00 1.286258320747231920e+01 1.393708394093376057e+01 1.788649791443068793e+01 3.708084892429402402e+01 4.759912346433200270e+01 6.344570339830847416e+01 5.201403566642003398e+02
