-1.020597369213542755e-07 -5.340087405845224392e-08 1.426822869756621119e-07 6.537667279984203716e+00 7.282665709099421569e+00 7.282669656576615580e+00
-9.419215487538611375e-01 -2.442601312496960331e-01 8.421608763304996303e-01 6.508857238103484377e+00 7.300700542683880023e+00 7.908505917193778600e+00
-4.769641131721997773e-01 1.821689610232908596e-01 1.669569021299086131e+00 6.423529939203887373e+00 7.352539834679195252e+00 9.315887931683866086e+00
-6.867459063308333223e-01 2.467713416776958546e+00 2.517502657989312276e+00 6.285042221104649940e+00 7.431773673735077246e+00 1.096111679052328292e+01
-8.626774180230944999e-01 3.222534908532891595e+00 4.295026768165421061e+00 6.099164995140473167e+00 7.528813293328567191e+00 1.260917918610774713e+01
-9.946740083163674306e-01 3.920527214560142859e+00 5.874401123213919718e+00 5.933144729773016657e+00 7.632289778791077950e+00 1.415460964936066723e+01
-1.074270319084765779e+00 4.548705079049431887e+00 5.622536249221222526e+00 7.397504432003743524e+00 7.730654333010480883e+00 1.553712106096556589e+01
-1.096226930496837282e+00 5.094299316101847275e+00 5.359494519234405452e+00 7.813861685119557698e+00 8.649854748466262677e+00 1.671591385357401549e+01
-1.061879226121124731e+00 5.106419590926573271e+00 5.544120139304864914e+00 7.875147065972684324e+00 9.657954445872270810e+00 1.766126934094224410e+01
-9.854820884164319228e-01 4.890296735468314004e+00 5.883711774792420357e+00 7.912693559517017583e+00 1.039642171303452578e+01 1.835145428407905754e+01
-9.023980071970155725e-01 4.742028253610063970e+00 6.097254526280083020e+00 7.930328516641705683e+00 1.084691380786612669e+01 1.877145767717048130e+01
-8.650092103053619308e-01 4.688839600484755010e+00 6.170475494499182645e+00 7.934989335573455094e+00 1.099831914539052136e+01 1.891243384258024207e+01
-8.838930986278599189e-01 4.662008941075588275e+00 6.206467264569683451e+00 7.986743705794355108e+00 1.107568278794177807e+01 1.868710424474232212e+01
-9.266967504241944154e-01 4.585466688765238885e+00 6.358121525932146412e+00 8.209746680653925210e+00 1.124029651385957784e+01 1.803193446744483452e+01
-9.642471775713588045e-01 4.471821720924468835e+00 6.743973539234695558e+00 8.648636176305728895e+00 1.139051451862487951e+01 1.701196291268204064e+01
-9.743912620082375575e-01 4.344200084125919403e+00 7.400193802124077180e+00 9.178936466668289995e+00 1.154357162158131089e+01 1.574627834470326349e+01
-9.581728700425442558e-01 4.237320142438477433e+00 8.143420827244344906e+00 9.477507577312627163e+00 1.192655688492737909e+01 1.443919008928060066e+01
-9.441459599715628093e-01 4.193023886618991725e+00 8.549475303578661922e+00 9.441261329634068389e+00 1.240244102708872553e+01 1.364810053188814365e+01
-9.932673893725593173e-01 4.233364967131221235e+00 8.331502980301737082e+00 9.522148805837629126e+00 1.174652027429489110e+01 1.416167716619305850e+01
-1.117931988446671410e+00 4.356796230589877084e+00 7.872925835525975913e+00 9.577320314761998077e+00 1.070432823530839705e+01 1.477229226296282150e+01
-1.262097520520151894e+00 4.553026791503986814e+00 7.336479557496587312e+00 9.180500391789152559e+00 9.930335402940084322e+00 1.511395129853198505e+01
-1.378027766997686809e+00 4.800769194591311795e+00 6.765596833998671400e+00 8.167022888272292391e+00 9.639351258950878076e+00 1.513844839074976889e+01
-1.439911467871211714e+00 5.076950731925808924e+00 6.127783801404732777e+00 7.155426227740622203e+00 9.310292987759629213e+00 1.484221102478380594e+01
-1.437880789295582273e+00 5.306062625112521580e+00 5.361289780315805942e+00 6.389830648955742376e+00 8.870108802265054493e+00 1.424159443456483309e+01
-1.371128647836829639e+00 4.322339899337699798e+00 5.637203136363836187e+00 5.847758942672509619e+00 8.357682465897994462e+00 1.336933913104771854e+01
-1.243830508103249244e+00 3.305364679775568693e+00 5.324357938039678828e+00 5.891372205749368263e+00 7.865410705995915741e+00 1.227548661547881537e+01
-1.063062359807359192e+00 2.310608567604024888e+00 4.643878220120140732e+00 6.113150217497760330e+00 7.509133541497438280e+00 1.103113482432721959e+01
-8.377394024886434254e-01 1.361501117948876294e+00 3.727416593085967289e+00 6.294136622178664098e+00 7.331913825160389919e+00 9.736152070312524387e+00
-5.780218765376962109e-01 4.676315090948644504e-01 2.603990269753446718e+00 6.427930798930810319e+00 7.279039455079432841e+00 8.533550689662760647e+00
-3.050126000446848340e-01 -2.949229956202204517e-01 1.338559006793169193e+00 6.510008362986057229e+00 7.278005986155759111e+00 7.630240289545308308e+00
-1.020597369213542755e-07 -5.340087405845224392e-08 1.426822869756621119e-07 6.537667279984203716e+00 7.282665709099421569e+00 7.282669656576615580e+00
-1.644889615378641423e+00 -1.672628851278105400e-01 -1.672559963741082345e-01 7.248630170427783348e+00 7.248634328485384692e+00 7.542538590757597028e+00
-1.477871024697220870e+00 -3.228591489973617890e-01 -3.228506097872047009e-01 7.147976388076945575e+00 7.147981300211558420e+00 9.474738446973091754e+00
-4.547515118492764241e-01 -4.547210925020753747e-01 2.699966527619387158e+00 6.985096404730366082e+00 6.985102607226822968e+00 1.153049224795171135e+01
-5.498771958384041092e-01 -5.498390341386678593e-01 5.066875668934211596e+00 6.767435887345659040e+00 6.767444447236543148e+00 1.349857931779985876e+01
-5.931629898525470068e-01 -5.931122831487266600e-01 6.505732725373348124e+00 6.505737540838430810e+00 7.144717308537781086e+00 1.529666873485693479e+01
-5.644100528690886298e-01 -5.643391716018592019e-01 6.214453373119916080e+00 6.214463436053304868e+00 8.978514547031998916e+00 1.687686182172785365e+01
-4.241993199967292183e-01 -4.240809565845021223e-01 5.912504314714304599e+00 5.912517166307864613e+00 1.054185868459718023e+01 1.820608450951822022e+01
2.400910552747846094e-01 2.403414941141102656e-01 5.624158923292015722e+00 5.624174486740119328e+00 1.180093950636749867e+01 1.926065777953787617e+01
5.871819846529000575e-01 5.872996732368189754e-01 5.379542109250509796e+00 5.379560222214328391e+00 1.272492481746153814e+01 2.002415783355852597e+01
7.670189763503399982e-01 7.671176700108156554e-01 5.212541974957462187e+00 5.212562036191694226e+00 1.328962350542109405e+01 2.048606503511899390e+01
8.277444420793482749e-01 8.278389067094774623e-01 5.152784786277667450e+00 5.152805597834922757e+00 1.347962190826326889e+01 2.064063661714521913e+01
1.025397024464639095e+00 1.397381261727913548e+00 5.189177153428874867e+00 5.298988383166716609e+00 1.345932112178707385e+01 2.051782744554723337e+01
1.457804855749941009e+00 2.386076589431006312e+00 5.294388620641649723e+00 5.702742948023558966e+00 1.339988507868340051e+01 2.015360813586327637e+01
1.957876953730835368e+00 3.422289381472316538e+00 5.457579003798091577e+00 6.282795792269107338e+00 1.330569572764267683e+01 1.956080318680199426e+01
2.461561083057200339e+00 4.433970682501115590e+00 5.663201631724472662e+00 6.951583810960157983e+00 1.318399058523853995e+01 1.876150802326414890e+01
2.941340683790780730e+00 5.387743146794811366e+00 5.893622294881882162e+00 7.636479562481371275e+00 1.304471915529623338e+01 1.778837476172950005e+01
3.381305064221743706e+00 6.131272018714035710e+00 6.257424758844925883e+00 8.282448500474913544e+00 1.290018503587835497e+01 1.668685431077863868e+01
3.770268609902017953e+00 6.360050971319715529e+00 7.018094811335121364e+00 8.848466481062439826e+00 1.276407079006885326e+01 1.551886940881703936e+01
4.099637192547799458e+00 6.566070538823549185e+00 7.643379624909401038e+00 9.305089712998096729e+00 1.264860510310611375e+01 1.436839701135584590e+01
4.362669618242014380e+00 6.737960161337803733e+00 8.103823110534852603e+00 9.636713717757908526e+00 1.255421025162748805e+01 1.335072473547247540e+01
4.554210555107338187e+00 6.866940043116119163e+00 8.374778693477788138e+00 9.848385092104372518e+00 1.237080557714207174e+01 1.269395428961497707e+01
4.670598211109492581e+00 6.946794937692584604e+00 8.473896761496757080e+00 9.963821608025970278e+00 1.198861737160942020e+01 1.258023281387920456e+01
4.709637968901402516e+00 6.973822918330427889e+00 8.487342820971541357e+00 1.000129334169434081e+01 1.184339742203100698e+01 1.256745246860777065e+01
4.891207500295558397e+00 7.123159644798452206e+00 8.518630334456242181e+00 1.002613301441326144e+01 1.187103397052531051e+01 1.253503498404385752e+01
5.378740261366081299e+00 7.521606656907844801e+00 8.578967683467496386e+00 1.010374493701447740e+01 1.194530188442684882e+01 1.244175118412193193e+01
6.043928690481669364e+00 8.044141551856782257e+00 8.599229790848747612e+00 1.023491532664459314e+01 1.204001322438021049e+01 1.230081516686741061e+01
6.752919219218830982e+00 8.453211217715821846e+00 8.611350871712931010e+00 1.040940217440546078e+01 1.207286093541354077e+01 1.217903043096348448e+01
7.387503736270308430e+00 8.295786392160724887e+00 8.916690758073048784e+00 1.059745072725696247e+01 1.192871095347448396e+01 1.219923609768133410e+01
7.748944788116179261e+00 8.094870081260781447e+00 9.031765810190691468e+00 1.069563100142679701e+01 1.185026855353675046e+01 1.220411671617119431e+01
7.526963607894176178e+00 8.222249251027333727e+00 8.983118733520949917e+00 1.063437595194714724e+01 1.190751459012465752e+01 1.230645568062311490e+01
7.139945016654951182e+00 8.323286417288427330e+00 8.849784055044786157e+00 1.047944045271948710e+01 1.204150928132179565e+01 1.261213600858262218e+01
6.689173043671606145e+00 8.295616052186582934e+00 8.661284626872891579e+00 1.027761101568684587e+01 1.220093631673520918e+01 1.309358189866233957e+01
6.196075867159847483e+00 8.109480054548063421e+00 8.455910627119326506e+00 1.004433295140182381e+01 1.235585239586396433e+01 1.372097445688683415e+01
5.674531142441273879e+00 7.792796959171419680e+00 8.216972844425857403e+00 9.769736493228919016e+00 1.249712448875100534e+01 1.446486136431067138e+01
5.134616491157661500e+00 7.399735934983804775e+00 7.901654042754992169e+00 9.435494711241062760e+00 1.262790877692150637e+01 1.529155460509953990e+01
4.583534943311828869e+00 6.949831196654015386e+00 7.503619376215620029e+00 9.026997318660072267e+00 1.275464927127827330e+01 1.616324126131304340e+01
4.026624584385219308e+00 6.430831439884599376e+00 7.051366595613554722e+00 8.539690613002596464e+00 1.288153095576947216e+01 1.704046894306014082e+01
3.468388414422492350e+00 5.809409745172430917e+00 6.598265721245625492e+00 7.981181258308089888e+00 1.300851321669027882e+01 1.788492442786667169e+01
2.913637504607323958e+00 5.066719146412450137e+00 6.187460309217089893e+00 7.371449612295812415e+00 1.313180982322625567e+01 1.866150927939966664e+01
2.369111709606249061e+00 4.216039973628672222e+00 5.834575912235286488e+00 6.743103182921977634e+00 1.324538839485848740e+01 1.933959928320280497e+01
1.846385187422034502e+00 3.284913083911322307e+00 5.546535685945026550e+00 6.142488587431707892e+00 1.334251005489512387e+01 1.989371919745273942e+01
1.368450530138915600e+00 2.309989239666647265e+00 5.331497126453876412e+00 5.630604376509584341e+00 1.341692380326058576e+01 2.030387771887626869e+01
9.885409264313054223e-01 1.368310043210149818e+00 5.198082748587612656e+00 5.279093729496949550e+00 1.346367779744337767e+01 2.055572693321464683e+01
8.277444420793482749e-01 8.278389067094774623e-01 5.152784786277667450e+00 5.152805597834922757e+00 1.347962190826326889e+01 2.064063661714521913e+01
4.709637968901402516e+00 6.973822918330427889e+00 8.487342820971541357e+00 1.000129334169434081e+01 1.184339742203100698e+01 1.256745246860777065e+01
4.743984462470553609e+00 6.994401159519011202e+00 8.440211446996976008e+00 1.013506308273620782e+01 1.178555243937286434e+01 1.257026716071550609e+01
4.842784276570792912e+00 7.054169377976325706e+00 8.350400588357182130e+00 1.031558584806576206e+01 1.162339407718776485e+01 1.270332322154099103e+01
4.994375071436621738e+00 7.147506040830719165e+00 8.250769588819233391e+00 1.014773420182916475e+01 1.138135800931340036e+01 1.322085329060565861e+01
5.182275414672876224e+00 7.265888796118072257e+00 8.093438700097298266e+00 9.556709800523270459e+00 1.111168779939243478e+01 1.409323247946359459e+01
5.388140477988401678e+00 7.398928132005631930e+00 7.794210051994744148e+00 8.662102538023773945e+00 1.089889708174978544e+01 1.511288015603412838e+01
5.594133486689952584e+00 7.274137764455333333e+00 7.535459649302771901e+00 7.573653539955645719e+00 1.079867252893602725e+01 1.613370712376107363e+01
5.784408103908979193e+00 6.175431546819304174e+00 6.726028762950861939e+00 7.664543009457687184e+00 1.080058786507433943e+01 1.706448250572660186e+01
4.730698231110322283e+00 5.945840276720012696e+00 6.008344995181983172e+00 7.776250679370095398e+00 1.085800875255033660e+01 1.784359516007925706e+01
3.149862250845924194e+00 5.347978741334666886e+00 6.068282440856108018e+00 7.862302506004129832e+00 1.092727544533885009e+01 1.842828984730147468e+01
1.406525636946588609e+00 4.867307842982778965e+00 6.144575885858883701e+00 7.916493540424150765e+00 1.097931472570340183e+01 1.879005181931391988e+01
-8.650092103053619308e-01 4.688839600484755010e+00 6.170475494499182645e+00 7.934989335573455094e+00 1.099831914539052136e+01 1.891243384258024207e+01
-9.441459599715628093e-01 4.193023886618991725e+00 8.549475303578661922e+00 9.441261329634068389e+00 1.240244102708872553e+01 1.364810053188814365e+01
1.177580096660719722e+00 4.435041624931622017e+00 8.539437655333035337e+00 9.422930278833486994e+00 1.237705507739946853e+01 1.358736476245287328e+01
2.838668287615861097e+00 5.074747788163771034e+00 8.510266176000694571e+00 9.371042608505245397e+00 1.230210003661476570e+01 1.340799897799184848e+01
4.317596937910572308e+00 5.938333991408367929e+00 8.464712283429356887e+00 9.296871438545311506e+00 1.218117802935983818e+01 1.311872036818613552e+01
5.688503677921112001e+00 6.862481204925595435e+00 8.407110192032780205e+00 9.229959488727560668e+00 1.202027084012497404e+01 1.273482510066899209e+01
6.939252007746616435e+00 7.672934542090801280e+00 8.342974194484717998e+00 9.259826709153957225e+00 1.182770359298858942e+01 1.227998138662786154e+01
8.040853428390539293e+00 8.109944629406811600e+00 8.278397351016947070e+00 9.595912149785887024e+00 1.161408183346003220e+01 1.179131576503408141e+01
8.158213521558522530e+00 8.219249153179479350e+00 8.938303761014251947e+00 1.022402520510640400e+01 1.133739167632052336e+01 1.139217706541318442e+01
8.065508678719236713e+00 8.170238461686711418e+00 9.490566659985532283e+00 1.087967068134685888e+01 1.108039696671618835e+01 1.117668619820056541e+01
7.946540917471202725e+00 8.134031687522901066e+00 9.528237767791161161e+00 1.098374207158370375e+01 1.121833838119229121e+01 1.143950749672611167e+01
7.842476608931382209e+00 8.110783555543161327e+00 9.305409661951433264e+00 1.082988496908008536e+01 1.153073171218308701e+01 1.185881656727048927e+01
7.773159094657737356e+00 8.098563632216206898e+00 9.106366162936009090e+00 1.073020476113745580e+01 1.176655492835960359e+01 1.211702369771591314e+01
7.748944788116179261e+00 8.094870081260781447e+00 9.031765810190691468e+00 1.069563100142679701e+01 1.185026855353675046e+01 1.220411671617119431e+01
