0.000000000000000000e+00
9.445473400000027608e-02
1.889094680000005522e-01
2.833642020000008421e-01
3.778189360000011043e-01
4.722736700000013665e-01
5.667284040000016843e-01
6.611831380000019465e-01
7.556378720000022087e-01
8.500926060000024709e-01
9.445473400000027331e-01
1.039002074000002995e+00
1.133456808000003369e+00
1.133456808000003369e+00
1.240674919824273026e+00
1.347893031648542683e+00
1.441898342701591007e+00
1.535903653754639331e+00
1.629908964807687433e+00
1.723914275860735756e+00
1.817919586913784080e+00
1.911924897966832404e+00
2.005930209019880728e+00
2.005930209019880728e+00
2.096625161896507272e+00
2.187320114773133373e+00
2.278015067649759917e+00
2.368710020526386018e+00
2.459404973403012562e+00
2.550099926279638662e+00
2.640794879156265207e+00
2.731489832032891307e+00
2.822184784909517852e+00
2.912879737786143952e+00
3.003574690662770497e+00
3.094269643539396597e+00
3.184964596416023142e+00
3.275659549292649686e+00
3.367899520320795315e+00
3.460139491348940499e+00
3.552379462377086128e+00
3.644619433405231756e+00
3.736859404433377385e+00
3.829099375461522570e+00
3.921339346489668198e+00
4.013579317517813827e+00
4.105819288545959012e+00
4.198059259574105084e+00
4.290299230602250269e+00
4.382539201630395453e+00
4.382539201630395453e+00
4.472634559900223294e+00
4.562729918170050247e+00
4.652825276439878088e+00
4.742920634709705041e+00
4.833015992979532882e+00
4.923111351249360723e+00
5.013206709519187676e+00
5.013206709519187676e+00
5.105856638787424018e+00
5.198506568055661248e+00
5.291156497323897590e+00
5.383806426592134819e+00
5.476456355860371161e+00
5.569106285128608391e+00
5.661756214396844733e+00
5.754406143665081963e+00
5.847056072933318305e+00
5.939706002201555535e+00
6.032355931469791877e+00
6.125005860738028218e+00
6.217655790006265448e+00
6.310305719274501790e+00
6.396317003126842593e+00
6.482328286979182508e+00
6.568339570831523311e+00
6.654350854683863226e+00
6.740362138536204029e+00
6.826373422388543943e+00
6.912384706240884746e+00
6.998395990093225549e+00
7.084407273945565464e+00
7.170418557797906267e+00
7.256429841650246182e+00
7.342441125502586985e+00
7.428452409354926900e+00
7.428452409354926900e+00
7.514732550604453110e+00
7.601012691853978431e+00
7.687292833103504641e+00
7.773572974353030851e+00
7.859853115602557061e+00
7.946133256852082383e+00
8.032413398101608593e+00
8.118693539351134802e+00
8.204973680600661012e+00
8.291253821850187222e+00
8.377533963099711656e+00
8.463814104349237866e+00
8.550094245598764076e+00
