-5.326983804609310147e-02
-3.630380379731653478e-02
-1.933776954853996463e-02
-2.371735299763399682e-03
1.459429894901317221e-02
3.156033319778974583e-02
4.852636744656630557e-02
6.549240169534290001e-02
8.245843594411944588e-02
9.942447019289600563e-02
1.163905044416725931e-01
1.333565386904491668e-01
1.503225729392257126e-01
1.672886071880022862e-01
1.842546414367788876e-01
2.012206756855554057e-01
2.181867099343320071e-01
2.351527441831085807e-01
2.521187784318850711e-01
2.690848126806617002e-01
2.860508469294382738e-01
3.030168811782147920e-01
3.199829154269913656e-01
3.369489496757679392e-01
3.539149839245445128e-01
3.708810181733210865e-01
3.878470524220976601e-01
4.048130866708742337e-01
4.217791209196508073e-01
4.387451551684273809e-01
4.557111894172038991e-01
4.726772236659805282e-01
4.896432579147570463e-01
5.066092921635335644e-01
5.235753264123101935e-01
5.405413606610868227e-01
5.575073949098633408e-01
5.744734291586399699e-01
5.914394634074164880e-01
6.084054976561930062e-01
6.253715319049696353e-01
6.423375661537461534e-01
6.593036004025226715e-01
6.762696346512993006e-01
6.932356689000759298e-01
7.102017031488524479e-01
7.271677373976290770e-01
7.441337716464055951e-01
7.610998058951821132e-01
7.780658401439587424e-01
7.950318743927352605e-01
8.119979086415118896e-01
8.289639428902884077e-01
8.459299771390649259e-01
8.628960113878416660e-01
8.798620456366181841e-01
8.968280798853948133e-01
9.137941141341713314e-01
9.307601483829478495e-01
9.477261826317243676e-01
9.646922168805008857e-01
9.816582511292774038e-01
9.986242853780541440e-01
1.015590319626830773e+00
1.032556353875607291e+00
1.049522388124383809e+00
1.066488422373160327e+00
1.083454456621937068e+00
1.100420490870713586e+00
1.117386525119490104e+00
1.134352559368266622e+00
1.151318593617043140e+00
1.168284627865819658e+00
1.185250662114596398e+00
1.202216696363372916e+00
1.219182730612149435e+00
1.236148764860926175e+00
1.253114799109702693e+00
1.270080833358479211e+00
1.287046867607255951e+00
1.304012901856032469e+00
1.320978936104808987e+00
1.337944970353585505e+00
1.354911004602362024e+00
1.371877038851138542e+00
1.388843073099915282e+00
1.405809107348691800e+00
1.422775141597468318e+00
1.439741175846244836e+00
1.456707210095021354e+00
1.473673244343797872e+00
1.490639278592574613e+00
1.507605312841351131e+00
1.524571347090127649e+00
1.541537381338904167e+00
1.558503415587680907e+00
1.575469449836457425e+00
1.592435484085234165e+00
1.609401518334010683e+00
1.626367552582787201e+00
1.643333586831563720e+00
1.660299621080340238e+00
1.677265655329116978e+00
1.694231689577893496e+00
1.711197723826670014e+00
1.728163758075446532e+00
1.745129792324223050e+00
1.762095826572999568e+00
1.779061860821776309e+00
1.796027895070552827e+00
1.812993929319329345e+00
1.829959963568105863e+00
1.846925997816882603e+00
1.863892032065659121e+00
1.880858066314435861e+00
1.897824100563212602e+00
1.914790134811989120e+00
1.931756169060765638e+00
1.948722203309542156e+00
1.965688237558318674e+00
1.982654271807095192e+00
1.999620306055871710e+00
2.016586340304648228e+00
2.033552374553424968e+00
2.050518408802201709e+00
2.067484443050978449e+00
2.084450477299754745e+00
2.101416511548531485e+00
2.118382545797307781e+00
2.135348580046084521e+00
2.152314614294860817e+00
2.169280648543637557e+00
2.186246682792413853e+00
2.203212717041190594e+00
2.220178751289967334e+00
2.237144785538744074e+00
2.254110819787520370e+00
2.271076854036297110e+00
2.288042888285073406e+00
2.305008922533850146e+00
2.321974956782626442e+00
2.338940991031403183e+00
2.355907025280179923e+00
2.372873059528956219e+00
2.389839093777732959e+00
2.406805128026509255e+00
2.423771162275286439e+00
2.440737196524062735e+00
2.457703230772839476e+00
2.474669265021615772e+00
2.491635299270392512e+00
2.508601333519168808e+00
2.525567367767945548e+00
2.542533402016721844e+00
2.559499436265498584e+00
2.576465470514274880e+00
2.593431504763051620e+00
2.610397539011827917e+00
2.627363573260605101e+00
2.644329607509381397e+00
2.661295641758158137e+00
2.678261676006934877e+00
2.695227710255711173e+00
2.712193744504487913e+00
2.729159778753264209e+00
2.746125813002040950e+00
2.763091847250817246e+00
2.780057881499593986e+00
2.797023915748370282e+00
2.813989949997147466e+00
2.830955984245923762e+00
2.847922018494700502e+00
2.864888052743476798e+00
2.881854086992253539e+00
2.898820121241029835e+00
2.915786155489806575e+00
2.932752189738582871e+00
2.949718223987359611e+00
2.966684258236136351e+00
2.983650292484912647e+00
3.000616326733689387e+00
3.017582360982466128e+00
3.034548395231242868e+00
3.051514429480019164e+00
3.068480463728795904e+00
3.085446497977572200e+00
3.102412532226348940e+00
3.119378566475125236e+00
3.136344600723901976e+00
3.153310634972678272e+00
3.170276669221455013e+00
3.187242703470231309e+00
3.204208737719008049e+00
3.221174771967784789e+00
3.238140806216561529e+00
3.255106840465337825e+00
3.272072874714114565e+00
3.289038908962891306e+00
3.306004943211667602e+00
3.322970977460444342e+00
