0.000000000000000000e+00
4.900873484922862316e-02
9.801746969845724633e-02
1.470262045476858626e-01
1.960349393969144927e-01
2.450436742461431228e-01
2.940524090953717251e-01
3.430611439446003552e-01
3.920698787938289853e-01
4.410786136430576154e-01
4.900873484922862455e-01
5.390960833415148201e-01
5.881048181907434502e-01
6.371135530399720803e-01
6.853344803850741629e-01
7.335554077301762455e-01
7.817763350752783280e-01
8.299972624203804106e-01
8.782181897654824931e-01
9.264391171105845757e-01
9.719472280420111687e-01
1.017455338973437762e+00
1.062963449904864355e+00
1.108471560836290948e+00
1.153979671767717541e+00
1.199487782699144134e+00
1.244995893630570727e+00
1.290504004561997320e+00
1.336012115493423913e+00
1.381520226424850506e+00
1.427028337356277099e+00
1.472536448287703470e+00
1.518044559219130063e+00
1.563552670150556656e+00
1.611773597495658628e+00
1.659994524840760821e+00
1.708215452185862793e+00
1.756436379530964986e+00
1.804657306876066958e+00
1.852878234221169151e+00
1.910501354318854927e+00
1.968124474416540703e+00
2.025747594514226702e+00
2.068221831383558307e+00
2.110696068252889468e+00
2.153170305122221073e+00
2.195644541991552678e+00
2.238118778860884284e+00
2.280593015730215445e+00
2.323067252599547050e+00
2.365541489468878655e+00
2.408015726338209817e+00
2.450489963207541422e+00
2.492964200076873027e+00
2.535438436946204632e+00
2.577912673815535793e+00
2.620386910684867399e+00
2.662861147554198560e+00
2.711082074899300753e+00
2.759303002244402503e+00
2.807523929589504696e+00
2.855744856934606890e+00
2.903965784279709084e+00
2.952186711624810833e+00
2.994660948494142438e+00
3.037135185363473600e+00
3.079609422232805205e+00
3.122083659102136810e+00
3.164557895971467971e+00
3.207032132840799576e+00
3.249506369710131182e+00
3.291980606579462787e+00
3.334454843448793948e+00
3.376929080318125553e+00
3.419403317187457159e+00
3.461877554056788320e+00
3.504351790926119925e+00
3.546826027795451530e+00
3.589300264664783136e+00
3.630632488103441968e+00
3.671964711542100801e+00
3.713296934980760078e+00
3.754629158419418911e+00
3.795961381858077743e+00
3.837293605296736576e+00
3.878625828735395409e+00
3.878625828735395409e+00
3.921843168808659907e+00
3.965060508881923962e+00
4.008277848955188460e+00
4.051495189028452515e+00
4.051495189028452515e+00
4.094712529101716569e+00
4.137929869174981512e+00
4.181147209248245566e+00
4.224364549321509621e+00
4.224364549321509621e+00
4.281987669419195619e+00
4.339610789516881617e+00
4.397233909614566727e+00
