0.000000000000000000e+00
2.475610823935622470e-02
4.951221647871244941e-02
7.426832471806867064e-02
9.902443295742489882e-02
1.237805411967811270e-01
1.485366494361373413e-01
1.732927576754935695e-01
1.980488659148497976e-01
2.228049741542060258e-01
2.475610823935622540e-01
2.723171906329184822e-01
2.970732988722746826e-01
3.218294071116309385e-01
3.465855153509871389e-01
3.713416235903433948e-01
3.960977318296995953e-01
4.212555682106416954e-01
4.464134045915837956e-01
4.715712409725258958e-01
4.967290773534679960e-01
5.218869137344100961e-01
5.470447501153521408e-01
5.722025864962942965e-01
5.973604228772363411e-01
5.973604228772363411e-01
6.208189517896066656e-01
6.442774807019769900e-01
6.677360096143473145e-01
6.911945385267176389e-01
7.146530674390880744e-01
7.381115963514583989e-01
7.615701252638287233e-01
7.850286541761990478e-01
8.084871830885693722e-01
8.319457120009396967e-01
8.554042409133100211e-01
8.788627698256803455e-01
9.023212987380506700e-01
9.257798276504209944e-01
9.492383565627913189e-01
9.726968854751616433e-01
9.961554143875319678e-01
1.019613943299902292e+00
1.046007930603988001e+00
1.072401917908073488e+00
1.098795905212159196e+00
1.125189892516244683e+00
1.151583879820330392e+00
1.177977867124416100e+00
1.204371854428501587e+00
1.230765841732587296e+00
1.230765841732587296e+00
1.253925908856179827e+00
1.277085975979772581e+00
1.300246043103365112e+00
1.323406110226957866e+00
1.346566177350550397e+00
1.369726244474143151e+00
1.392886311597735682e+00
1.416046378721328214e+00
1.439206445844920967e+00
1.462366512968513499e+00
1.485526580092106252e+00
1.508686647215698784e+00
1.531846714339291537e+00
1.555006781462884069e+00
1.578166848586476601e+00
1.601326915710069354e+00
1.624486982833661886e+00
1.647647049957254417e+00
1.670807117080847171e+00
1.693420663893935751e+00
1.716034210707024332e+00
1.738647757520112913e+00
1.761261304333201494e+00
1.783874851146290075e+00
1.806488397959378656e+00
1.829101944772467236e+00
1.851715491585555817e+00
1.874329038398644398e+00
1.874329038398644398e+00
1.897327315561460059e+00
1.920325592724275499e+00
1.943323869887091160e+00
1.966322147049906821e+00
1.989320424212722260e+00
2.012318701375537700e+00
2.035316978538353361e+00
2.058315255701169022e+00
2.081313532863984683e+00
2.104311810026800345e+00
2.127310087189616006e+00
2.150308364352431223e+00
2.173306641515246884e+00
2.196304918678062545e+00
2.219303195840878207e+00
2.242301473003693424e+00
2.265299750166509085e+00
2.288298027329324746e+00
