0.000000000000000000e+00
2.496368447268533172e-02
4.992736894537066344e-02
7.489105341805599170e-02
9.985473789074132689e-02
1.248184223634266621e-01
1.497821068361119834e-01
1.747457913087973325e-01
1.997094757814826538e-01
2.246731602541679751e-01
2.496368447268533242e-01
2.732604373242982221e-01
2.968840299217431200e-01
3.205076225191880179e-01
3.441312151166329159e-01
3.677548077140778138e-01
3.913784003115227117e-01
4.150019929089676096e-01
4.386255855064125075e-01
4.622491781038574055e-01
4.858727707013023034e-01
5.094933625258223353e-01
5.331139543503424783e-01
5.567345461748625102e-01
5.803551379993825421e-01
6.039757298239025740e-01
6.275963216484226059e-01
6.512169134729427489e-01
6.748375052974627808e-01
6.984580971219828127e-01
7.220786889465029557e-01
7.446745499461983053e-01
7.672704109458935440e-01
7.898662719455888936e-01
8.124621329452841323e-01
8.350579939449794820e-01
8.576538549446748316e-01
8.802497159443700703e-01
9.028455769440654199e-01
9.254414379437607696e-01
9.480372989434560083e-01
9.706331599431513579e-01
9.942537517676713898e-01
1.017874343592191533e+00
1.041494935416711565e+00
1.065115527241231597e+00
1.088736119065751629e+00
1.112356710890271660e+00
1.135977302714791692e+00
1.159597894539311724e+00
1.183218486363831978e+00
1.206839078188352010e+00
1.206839078188352010e+00
1.229434939188047249e+00
1.252030800187742710e+00
1.274626661187437948e+00
1.297222522187133187e+00
1.319818383186828648e+00
1.342414244186523886e+00
1.365010105186219125e+00
1.387605966185914586e+00
1.410201827185609824e+00
1.432797688185305063e+00
1.455393549185000523e+00
1.455393549185000523e+00
1.989202755089748198e+00
2.012826347687193262e+00
2.036449940284637883e+00
2.060073532882082947e+00
2.083697125479528012e+00
2.107320718076972632e+00
2.130944310674417697e+00
2.154567903271862317e+00
2.178191495869307381e+00
2.201815088466752446e+00
2.225438681064197066e+00
2.246241751458101454e+00
2.267044821852005843e+00
2.287847892245910231e+00
2.308650962639815063e+00
2.329454033033719451e+00
2.350257103427623839e+00
2.371060173821528227e+00
2.391863244215432616e+00
2.412666314609337004e+00
2.433469385003241392e+00
2.454272455397145780e+00
2.475075525791050168e+00
2.475075525791050168e+00
2.497671386790745629e+00
2.520267247790440646e+00
2.542863108790136106e+00
2.565458969789831567e+00
2.588054830789526584e+00
2.610650691789222044e+00
2.633246552788917505e+00
2.655842413788612522e+00
2.678438274788307982e+00
2.701034135788003443e+00
2.723629996787698460e+00
