-2.862930696367696378e-07 1.248211415061078357e-07 1.519201853758931671e-07 6.093855350800815529e+00 7.064822280861893233e+00 7.064828177387863839e+00 9.500276810307401121e+00 1.247682474911114170e+01 1.249869252781348905e+01 1.249871039239905457e+01 1.267912367719987898e+01 1.267914064249795558e+01
3.836526066731040796e-01 6.632796485259980779e-01 8.725137129413398362e-01 6.113047005875785977e+00 7.034232494483079634e+00 7.091254765112310565e+00 9.486119766165250766e+00 1.244769345447539699e+01 1.247685368007005735e+01 1.248971448239084303e+01 1.269800701866316928e+01 1.289482205076342503e+01
7.608840157290306383e-01 1.323651089159370020e+00 1.740602979914448678e+00 6.169957591375080597e+00 7.004475297989329441e+00 7.168574138673607266e+00 9.443933181616950279e+00 1.236092154714376257e+01 1.242665773423768982e+01 1.252626931993584947e+01 1.273920750747543984e+01 1.341615439803979193e+01
1.125354976826742348e+00 1.977998355149600318e+00 2.599482988671315553e+00 6.262675916958088784e+00 7.091287270787400843e+00 7.291140093946719247e+00 9.374566857212069948e+00 1.221838970313993222e+01 1.236442703631964868e+01 1.260765211410084419e+01 1.278631251610679698e+01 1.411436602109004035e+01
1.470896216738749152e+00 2.622745204788189177e+00 3.443348922468938422e+00 6.388266291177489009e+00 7.359675080023300175e+00 7.450291224859586059e+00 9.279429555610255065e+00 1.202329207041133508e+01 1.229632964232582637e+01 1.272672398412565720e+01 1.283307832826711703e+01 1.487918142280232559e+01
1.791605400706072215e+00 3.253500697718021417e+00 4.264438589547937752e+00 6.543064793898078157e+00 7.635217197130394595e+00 7.790917641498888990e+00 9.160499074467624681e+00 1.178026733184455388e+01 1.222498640256394964e+01 1.287702311585294801e+01 1.288449300049601831e+01 1.562938961551154371e+01
2.081951417759396517e+00 3.864516802726225553e+00 5.052430977090303976e+00 6.722942846831506891e+00 7.833806241446355401e+00 8.306580570446124412e+00 9.020393040281497576e+00 1.149568518348997870e+01 1.215228949448331264e+01 1.291684497636161666e+01 1.308799880016768746e+01 1.631105540483655858e+01
2.336881049526839949e+00 4.447818501450493400e+00 5.794469928862811869e+00 6.923360509868466295e+00 8.033326731785466635e+00 8.807948828945587394e+00 8.862601866679682416e+00 1.117825168574229444e+01 1.208039970253270567e+01 1.295169118704028577e+01 1.334629114941068906e+01 1.689064907534145732e+01
2.551921962500709018e+00 4.991779244072138688e+00 6.475008429648678288e+00 7.138832964098317468e+00 8.220922258687611617e+00 8.692121001710082950e+00 9.210541319252525838e+00 1.084027540403717538e+01 1.201221959799307903e+01 1.298094168531872761e+01 1.365890569717986125e+01 1.735046507358292445e+01
2.723276647280066687e+00 5.478791830553652709e+00 7.074302619860516117e+00 7.360903677934844680e+00 8.384029024611612257e+00 8.517030893044823969e+00 9.469507866584230271e+00 1.050030581532558038e+01 1.195159024368878775e+01 1.300413208284494182e+01 1.400037070695151442e+01 1.768630993589989231e+01
2.847903344484615129e+00 5.881618474768817606e+00 7.564280811625984313e+00 7.572750954358274278e+00 8.352090530341193642e+00 8.510930745645836737e+00 9.588561408133292829e+00 1.018839264622211616e+01 1.190313189904960289e+01 1.302092370283444112e+01 1.431681915259379778e+01 1.790592094555054814e+01
2.923581301187638370e+00 6.159128748827630950e+00 7.739298696389198540e+00 7.901065013793847847e+00 8.224746183595948779e+00 8.591681312627953204e+00 9.612280273477150416e+00 9.954021949685129655e+00 1.187157294701151855e+01 1.303108684500262449e+01 1.454254483452159441e+01 1.802569511898645871e+01
2.948958591194244860e+00 6.260614149040045540e+00 7.805673339262685140e+00 8.024792747750650435e+00 8.174719197172107599e+00 8.619422343106229789e+00 9.607632787838033650e+00 9.863573899694822344e+00 1.186058602156290931e+01 1.303448897150480867e+01 1.462455619263629458e+01 1.806306089912163060e+01
3.062933935192751367e+00 6.289408391145906663e+00 7.824078043003258820e+00 8.012179894531280766e+00 8.159563576835216381e+00 8.629784869001474235e+00 9.617044603638062128e+00 9.837257181217649915e+00 1.180423525618595626e+01 1.304589034001531189e+01 1.465616052486154430e+01 1.794080570468761593e+01
3.367256440559863950e+00 6.374025668526592803e+00 7.879455695451336616e+00 7.980009582959914027e+00 8.113812524115783020e+00 8.656578690432192857e+00 9.644308606249376581e+00 9.759240513251462801e+00 1.168357634529118627e+01 1.308207330847614713e+01 1.472121900013357276e+01 1.758395299566834069e+01
3.776916382581728460e+00 6.509381409329353829e+00 7.945831392181335495e+00 7.972322124366287177e+00 8.036622951335187892e+00 8.681195040726201739e+00 9.632250235101059488e+00 9.694148615430480120e+00 1.159473314404367450e+01 1.315415993422547380e+01 1.476207186420601758e+01 1.702341236144038206e+01
4.201281407422883696e+00 6.687620227870627154e+00 7.926600198034263300e+00 7.933120621262943928e+00 8.103602722320799145e+00 8.668891616927909993e+00 9.460615938861614893e+00 9.789522878212094881e+00 1.160238102979359631e+01 1.328534947094166796e+01 1.473671868099636484e+01 1.631489701401700287e+01
4.561066470598087008e+00 6.898836595740068134e+00 7.781752126335511832e+00 7.965005072148942489e+00 8.274634646369865010e+00 8.589934480193269550e+00 9.250053892951878964e+00 9.944813402084882625e+00 1.170513665628316602e+01 1.350581724919081417e+01 1.463150993783857956e+01 1.554616345929748000e+01
4.794455413721665060e+00 7.131927233145457734e+00 7.599346973973672092e+00 8.065703041812357199e+00 8.443633478367267742e+00 8.486902314164971983e+00 9.007528377873965653e+00 1.010526929629988402e+01 1.184578239655814258e+01 1.384317759550910232e+01 1.445904561475154892e+01 1.484539009170835300e+01
4.871772748695008204e+00 7.375724005665351690e+00 7.375724005665422744e+00 8.243713310264086047e+00 8.249569588768656203e+00 8.741220388451401035e+00 8.741220388451692358e+00 1.017326757582820207e+01 1.191763682621395048e+01 1.427225538610486488e+01 1.427569107586388597e+01 1.438592644178062407e+01
4.804735405780933277e+00 7.125487619157601316e+00 7.604096700045341883e+00 8.020990175618450735e+00 8.464820551488154265e+00 8.479470791353328707e+00 9.015210826807086519e+00 1.010833828521343847e+01 1.189546507150741306e+01 1.398560217563699659e+01 1.414670189882503237e+01 1.480698833087514465e+01
4.627012019969920509e+00 6.830781182438403043e+00 7.749112813323131732e+00 7.827449636249697917e+00 8.213754334409362201e+00 8.688232288863524388e+00 9.319918042893780452e+00 9.926630474583861385e+00 1.183600848666040761e+01 1.367295082522879746e+01 1.404365208903021234e+01 1.521581696869193578e+01
4.367821874642371149e+00 6.489077906714201482e+00 7.434592123437850475e+00 7.951786242383416692e+00 8.042741749637155380e+00 8.877272481805377424e+00 9.648114455726469529e+00 9.648688978498311641e+00 1.175980731009974711e+01 1.340646214746109344e+01 1.395609003186600106e+01 1.551794773528108529e+01
4.049837510657928519e+00 6.100655204771185502e+00 7.075358637425708253e+00 7.698897772609799794e+00 8.248383000291143574e+00 9.003181693485030834e+00 9.299989043253180654e+00 9.991003163714568203e+00 1.169270799715822839e+01 1.319141515847879020e+01 1.387075092158740119e+01 1.569194688159811157e+01
3.690200653405713016e+00 5.668624304739153352e+00 6.668001714996276696e+00 7.457962036501337266e+00 8.443324968319640078e+00 8.910563072474213087e+00 9.046171748338402097e+00 1.033927815460386057e+01 1.165752359225972690e+01 1.302463926609105727e+01 1.377714064529367199e+01 1.572920711539961758e+01
3.302679775474058665e+00 5.197879940547041500e+00 6.208795980363559508e+00 7.230393351776887023e+00 8.511794120555904897e+00 8.626492152495140786e+00 8.997506419078563411e+00 1.068384758229845488e+01 1.166703782895058339e+01 1.289893511463269427e+01 1.366991109356596290e+01 1.563104831373428105e+01
2.899139024175591217e+00 4.693888652409578199e+00 5.694946088503519022e+00 7.017298093241600476e+00 8.132603206156042930e+00 8.796572759087544213e+00 8.860841068724290892e+00 1.101620120429667971e+01 1.172129796446017025e+01 1.280638413255878660e+01 1.354869133584808516e+01 1.540727660853195147e+01
2.490180186978948385e+00 4.161923862385892292e+00 5.125878294553269932e+00 6.820164107425164879e+00 7.796532308599924299e+00 8.649725838892384999e+00 8.952026347290246377e+00 1.132856205575017405e+01 1.181095480866285818e+01 1.273988179269951715e+01 1.341679139550114108e+01 1.507540869377068127e+01
2.085195394380976897e+00 3.606766700647701995e+00 4.503841240056373429e+00 6.641064173957129668e+00 7.520118902765457136e+00 8.383479945920131016e+00 9.091181236794268372e+00 1.161394564751400971e+01 1.192314727626799709e+01 1.269343584363513422e+01 1.327967427829522862e+01 1.466025849284600469e+01
1.692048029032075629e+00 3.032671362350621180e+00 3.833470751701087309e+00 6.482569646723463919e+00 7.312298407106248455e+00 8.084979370607475957e+00 9.212351363494082790e+00 1.186619278170694969e+01 1.204548995326836014e+01 1.266195817077340813e+01 1.314360417888880050e+01 1.419371047660533769e+01
1.316522899707408767e+00 2.443433822917245202e+00 3.120898496545414069e+00 6.347532935630775697e+00 7.174058748263950847e+00 7.780274924086379329e+00 9.313943145302784998e+00 1.208000129954160506e+01 1.216760499590748346e+01 1.264087868062776465e+01 1.301459302011319608e+01 1.371456041556297478e+01
9.616595370511410446e-01 1.842484840331783280e+00 2.373141145946703112e+00 6.238820815961625854e+00 7.097943215186671928e+00 7.498146491403925751e+00 9.394543387484219465e+00 1.225096198323930707e+01 1.228153367151951514e+01 1.262529389675838942e+01 1.289764376698095205e+01 1.326845289078396739e+01
6.271362690581525623e-01 1.232979019095870710e+00 1.597942302608731158e+00 6.159037944265534748e+00 7.068211858153497396e+00 7.268246489004758892e+00 9.452987463861278528e+00 1.237559613571713868e+01 1.238156495770701326e+01 1.260585278579328516e+01 1.279654890940594747e+01 1.290982651531288816e+01
3.089865427646236729e-01 6.178738371581784516e-01 8.038158374741513068e-01 6.110267397821151469e+00 7.063655980754195873e+00 7.117425163643230412e+00 9.488409530497117217e+00 1.245139040786809481e+01 1.246144309772396674e+01 1.255051148973950070e+01 1.271508635054257397e+01 1.271641733281152220e+01
-2.862930696367696378e-07 1.248211415061078357e-07 1.519201853758931671e-07 6.093855350800815529e+00 7.064822280861893233e+00 7.064828177387863839e+00 9.500276810307401121e+00 1.247682474911114170e+01 1.249869252781348905e+01 1.249871039239905457e+01 1.267912367719987898e+01 1.267914064249795558e+01
6.222099778341932952e-01 6.222104388133236075e-01 8.143173312766045502e-01 6.644156150793966376e+00 7.038188378900303910e+00 7.038194258422584504e+00 9.463908129418731718e+00 1.250089662229185272e+01 1.250091448377920145e+01 1.258682705081482744e+01 1.267829964712488788e+01 1.267831662460077879e+01
1.239176481564601362e+00 1.239177402366561820e+00 1.623106663354718870e+00 6.958489950453047967e+00 6.958495726527558212e+00 8.007906398752149713e+00 9.358406001732150870e+00 1.250734768347150272e+01 1.250736553941105633e+01 1.267583275318670921e+01 1.267584976351755266e+01 1.290374766263261641e+01
1.845769612729185161e+00 1.845770990900803321e+00 2.420760453124097378e+00 6.826334716384923063e+00 6.826340365032502078e+00 9.133901673609603478e+00 9.751061718360718444e+00 1.251758050953502455e+01 1.251759835434381074e+01 1.267173393150131133e+01 1.267175099627861456e+01 1.339569839960569375e+01
2.437071458100332322e+00 2.437073289369352747e+00 3.201538778116700623e+00 6.642727435848001960e+00 6.642732906568715734e+00 8.897821988110770519e+00 1.140956643590021358e+01 1.253087949985057215e+01 1.253089732695530500e+01 1.266600852045555392e+01 1.266602565628673815e+01 1.403302428097300769e+01
3.008447619790240335e+00 3.008449897375135240e+00 3.959672747838113516e+00 6.409054913415022092e+00 6.409060163990006664e+00 8.574588031922857567e+00 1.254636146093741011e+01 1.254637924632830881e+01 1.265864515903652077e+01 1.265866236085069474e+01 1.280919565156581363e+01 1.481008519925682876e+01
3.555586182996560041e+00 3.555588896886827222e+00 4.689507343228828340e+00 6.127062039587633180e+00 6.127067039487549494e+00 8.184016799502650485e+00 1.256307676147037000e+01 1.256309451507596542e+01 1.264961379927665419e+01 1.264963110164709192e+01 1.379018662331493950e+01 1.569033809326267637e+01
4.074505496790759018e+00 4.074508632977752676e+00 5.385590602157513729e+00 5.798820378166945844e+00 5.798825178450316642e+00 7.731076452608632188e+00 1.258011238038163349e+01 1.258013008274656030e+01 1.263888127819447149e+01 1.263889867178437143e+01 1.439812469357422664e+01 1.649891257430334335e+01
4.561538258926224998e+00 4.561541798213809784e+00 5.426694472798400781e+00 5.426698690172244710e+00 6.042698035026873526e+00 7.220192809921680777e+00 1.259667006063202344e+01 1.259668769939665722e+01 1.262645647328964316e+01 1.262647395569000786e+01 1.473416135521699744e+01 1.704696919775467379e+01
5.012047638317023157e+00 5.012051545138477060e+00 5.014569113170613157e+00 5.014573034787901840e+00 6.652111363510750053e+00 6.659576464867064338e+00 1.261084441627600228e+01 1.261086198151526006e+01 1.261372091399719686e+01 1.261373847856733832e+01 1.484297984824495131e+01 1.723849371601296454e+01
4.998097823816825880e+00 5.024389613037337554e+00 5.037285259937450022e+00 5.040049050326461000e+00 6.702247136423693519e+00 6.722809699194723265e+00 1.250356609013492104e+01 1.259432506924756012e+01 1.260834904974198345e+01 1.261138746406929378e+01 1.492570663095792050e+01 1.720913355282882407e+01
4.983853802272379951e+00 5.036163751755093898e+00 5.111042430906796774e+00 5.114357380290890376e+00 6.858105248967857115e+00 6.896252294692370555e+00 1.221108828405474256e+01 1.253240016264531320e+01 1.260092919753869545e+01 1.260438209095758211e+01 1.513567060305922318e+01 1.712943977083230962e+01
4.982723868662628952e+00 5.056735634623088060e+00 5.227688405075494593e+00 5.231583156773145227e+00 7.110665136677773113e+00 7.163096333109587377e+00 1.179869115589174378e+01 1.239512967908633279e+01 1.258888612405057295e+01 1.259286570446058562e+01 1.540681526041492688e+01 1.702264536650853444e+01
5.004465505542619042e+00 5.090833650508550967e+00 5.378658733662237346e+00 5.382988036498827178e+00 7.445752220352789053e+00 7.505955274926065179e+00 1.130998706614057525e+01 1.214379101042157139e+01 1.257266525855080985e+01 1.257716555331509589e+01 1.569249789086926761e+01 1.691975080570976431e+01
5.050464374237981779e+00 5.137922405812446414e+00 5.553558871543092579e+00 5.558099348304582854e+00 7.845843059782334983e+00 7.906189593853024000e+00 1.077268682047857062e+01 1.174869059714742470e+01 1.255288979462326893e+01 1.255782827977826699e+01 1.596554479681162597e+01 1.684687025957599715e+01
5.113835016709141534e+00 5.192617730887958416e+00 5.741218658813814102e+00 5.745726985177638468e+00 8.286119391808847823e+00 8.341327138884174985e+00 1.021269222733578452e+01 1.120632564744577664e+01 1.253039702991951465e+01 1.253564811343475505e+01 1.620988729242123938e+01 1.681373468243493008e+01
5.182577401539526285e+00 5.245350962459593092e+00 5.930514528513300299e+00 5.934761829377463549e+00 8.713929152108866205e+00 8.775747998168528241e+00 9.682379313903432205e+00 1.055121554724611599e+01 1.250626556629658914e+01 1.251168641163497242e+01 1.641614814015348145e+01 1.681290137201128232e+01
5.243275133957986611e+00 5.282170024092725846e+00 6.110936492403399534e+00 6.114727731731175453e+00 8.815909858206504524e+00 9.095504576473494751e+00 9.497356083956603356e+00 9.916924848874160148e+00 1.248181700167578434e+01 1.248726934625865148e+01 1.657978166730801917e+01 1.682883264087008612e+01
5.276021383384012609e+00 5.292223259923197531e+00 6.272962689760596788e+00 6.276145717703919935e+00 8.403465820761233829e+00 8.790864016807804049e+00 9.837840695942926317e+00 9.865687491162328016e+00 1.245857615578377597e+01 1.246394590514471012e+01 1.669974447468975498e+01 1.684804617135493388e+01
5.223094597407055062e+00 5.304504563530358929e+00 6.408327785395762533e+00 6.410794818878406076e+00 7.960709126529650348e+00 8.170075587707408715e+00 1.016095224431187383e+01 1.021339091422794887e+01 1.243817627737620946e+01 1.244339071448378498e+01 1.677622131210093315e+01 1.686578075085076023e+01
5.102479479915681182e+00 5.295471223925679816e+00 6.510253791183494343e+00 6.511937791413555665e+00 7.534070704381393035e+00 7.742834861314893402e+00 1.042458037477318555e+01 1.051645205787672310e+01 1.242220590992824825e+01 1.242724630354498139e+01 1.681073897553475405e+01 1.688558995832136134e+01
4.962888759399461946e+00 5.274920418996265070e+00 6.573672476136279919e+00 6.574544771038127067e+00 7.226595631284305377e+00 7.532382659537677938e+00 1.059632626417490187e+01 1.071208107370320306e+01 1.241201349320724567e+01 1.241691846751325734e+01 1.681889537869323092e+01 1.690277662908561140e+01
4.898831316086306842e+00 5.264340739949693315e+00 6.595353850176140398e+00 6.595580589788430537e+00 7.123824580923078464e+00 7.466461577452053078e+00 1.065565073441863042e+01 1.077966670713145447e+01 1.240850877282418274e+01 1.241336269205246623e+01 1.681957821563366906e+01 1.690907844452698683e+01
4.920155904032669447e+00 5.241350633714628060e+00 6.649077647393799140e+00 6.677395962672923346e+00 7.186241789124817814e+00 7.495504585577085876e+00 1.063646981895435140e+01 1.074806024399766358e+01 1.243502229236472267e+01 1.244547183239778754e+01 1.677223007206750438e+01 1.685398073915563089e+01
4.963607721129704053e+00 5.188364978095287405e+00 6.824597153598048749e+00 6.898214067543289474e+00 7.347233989735133086e+00 7.577082039568862726e+00 1.058321183482363459e+01 1.066357114185424315e+01 1.250942774767675658e+01 1.253093376719267660e+01 1.663609626441803258e+01 1.669656703477662063e+01
5.001932206065760944e+00 5.135902193989654307e+00 7.107048912261190843e+00 7.199290091705578654e+00 7.561953098473725987e+00 7.701420655821889838e+00 1.050589038900991135e+01 1.054848449178956393e+01 1.261831953561178388e+01 1.264855755490307132e+01 1.642867054485471101e+01 1.646017109997432470e+01
5.033633969745961778e+00 5.105878640567804716e+00 7.404909802001172991e+00 7.492698509641059879e+00 7.808687751649687314e+00 7.874658864888568033e+00 1.041693215178511878e+01 1.042651237373118001e+01 1.274616386447562100e+01 1.277862860659791977e+01 1.617778541602109854e+01 1.618387641546878086e+01
5.065633876760585963e+00 5.102332972538580869e+00 7.608334506872504122e+00 7.684980604274021410e+00 8.070948586314058204e+00 8.105152805455881904e+00 1.032302921362621895e+01 1.033310351981295483e+01 1.287456347971085968e+01 1.290234518527223351e+01 1.591423449896292119e+01 1.592983236116129930e+01
5.095361057317512987e+00 5.112520856523717683e+00 7.712308353060459254e+00 7.765229291074565054e+00 8.278649488354105301e+00 8.299099318528945446e+00 1.026420829047684080e+01 1.027560122047997915e+01 1.297712926872840988e+01 1.299395442283395674e+01 1.571867051223755318e+01 1.573411525216996942e+01
5.113916096487089114e+00 5.114021439990402484e+00 7.762767670269194120e+00 7.762901045906846598e+00 8.359292236478417237e+00 8.362988871672955682e+00 1.025504395308822936e+01 1.025510224100946743e+01 1.302015410395511275e+01 1.302497505220128815e+01 1.565234221774577250e+01 1.565234733826824076e+01
5.107526144745852648e+00 5.130651691531184611e+00 7.754029500307460410e+00 7.825231713242761344e+00 8.297025922870338022e+00 8.302131619735606094e+00 1.025235084010316022e+01 1.026543284120670130e+01 1.298278953298926552e+01 1.298906383800487596e+01 1.568682082913611353e+01 1.570740310748628410e+01
5.104062411414011180e+00 5.153839985311929439e+00 7.791079889513753187e+00 7.932632843810970336e+00 8.137645941484903389e+00 8.173105183986708155e+00 1.023232205053250432e+01 1.025931492457189975e+01 1.288613045111128130e+01 1.289657953794605127e+01 1.579278777511943055e+01 1.584019930683955835e+01
5.099824259981977193e+00 5.172892846138464229e+00 7.790331793500008928e+00 7.817566334601933953e+00 8.004951497583219222e+00 8.281155232704907831e+00 1.016592356796324736e+01 1.020907476711270689e+01 1.276348739135335464e+01 1.277974100150834325e+01 1.593619153141007949e+01 1.601892329532230974e+01
5.093100669637709466e+00 5.182071217486620363e+00 7.531042420661761660e+00 7.542328682466409973e+00 8.136261308234427503e+00 8.588805993517029336e+00 1.003872039795371052e+01 1.010602296275480150e+01 1.264541768283952372e+01 1.266751842765865277e+01 1.608247693302183379e+01 1.621237819659377521e+01
5.084718750277983368e+00 5.181578975443143165e+00 7.202564422395653310e+00 7.222346611370672242e+00 8.370783478648093023e+00 8.944341394077923724e+00 9.851513626416982916e+00 9.972653463820195796e+00 1.255052030051651357e+01 1.257721240829097376e+01 1.620506057744138317e+01 1.639815955698146155e+01
5.077202054715392876e+00 5.175074129621227037e+00 6.859140859053366235e+00 6.884626663373016875e+00 8.650016010916520059e+00 9.192517559422416440e+00 9.625134744446855350e+00 9.935948590050742268e+00 1.248561573379549294e+01 1.251493633173414466e+01 1.628612951689722266e+01 1.656332322026671378e+01
5.073220087608436124e+00 5.166681490796698917e+00 6.518593887898496142e+00 6.548951346695747411e+00 8.868193224624370430e+00 9.100541960831156629e+00 9.462148578142908661e+00 1.021005669259311865e+01 1.244991187494251861e+01 1.247970082295679362e+01 1.631503194545162927e+01 1.670261542858181514e+01
5.074202551607132960e+00 5.159148567493494930e+00 6.195723859088738905e+00 6.230179489798738146e+00 8.745002187928474058e+00 8.811045858912509132e+00 9.643487613531858571e+00 1.063793337853640786e+01 1.243906094301805787e+01 1.246730306559737045e+01 1.628658742321878350e+01 1.681639896731932637e+01
5.079535546737714569e+00 5.153119673009415536e+00 5.902524503266644018e+00 5.939898920786461645e+00 8.416644873178809050e+00 8.455588687163128725e+00 1.003546258431572724e+01 1.107840330659555406e+01 1.244753263552037659e+01 1.247259622096813025e+01 1.619985010416735705e+01 1.690866407304199726e+01
5.086372823842757462e+00 5.147082184061344101e+00 5.647733955226051705e+00 5.686267396830102960e+00 8.044045383357167012e+00 8.076672360720612787e+00 1.048199407538693784e+01 1.148584379158113755e+01 1.246960273645356132e+01 1.249041391148053215e+01 1.605737752893833914e+01 1.698504966732984656e+01
5.090046314717519671e+00 5.137763624085487812e+00 5.436520961327147461e+00 5.473921404184719286e+00 7.671828746613743810e+00 7.700938127806252531e+00 1.094581946496571412e+01 1.183874683579506559e+01 1.249970609861687798e+01 1.251584328807340363e+01 1.586506047899571747e+01 1.705085585482384403e+01
5.085299307183888118e+00 5.121124315346980538e+00 5.270615592844073660e+00 5.304281964589320886e+00 7.328521518107139698e+00 7.353543997717049585e+00 1.140681600201080492e+01 1.212603895136513721e+01 1.253262198573828812e+01 1.254430080901581057e+01 1.563277512520076229e+01 1.710929670532571834e+01
5.068882989695719488e+00 5.094342920145845888e+00 5.149113669178518649e+00 5.176266915556660742e+00 7.039506527152954440e+00 7.059245861518554932e+00 1.184404962670137706e+01 1.234406901538772949e+01 1.256366034576553581e+01 1.257160266074700594e+01 1.537657942678268874e+01 1.716050732752307084e+01
5.043481417375257791e+00 5.057691030899793105e+00 5.071055673460479696e+00 5.087258072572791612e+00 6.824857836484366835e+00 6.838796184095382813e+00 1.222735735205095331e+01 1.249457053904440862e+01 1.258887137565612768e+01 1.259409422348050178e+01 1.512398244225061994e+01 1.720177455896590146e+01
5.019951359325341755e+00 5.021795781942072878e+00 5.031538182151779282e+00 5.034104490665897380e+00 6.695128492353314975e+00 6.704395057772743804e+00 1.250706760647583948e+01 1.258201478075098123e+01 1.260525429029034328e+01 1.260884637874154457e+01 1.492318665618567941e+01 1.722896388050472183e+01
5.012047638317023157e+00 5.012051545138477060e+00 5.014569113170613157e+00 5.014573034787901840e+00 6.652111363510750053e+00 6.659576464867064338e+00 1.261084441627600228e+01 1.261086198151526006e+01 1.261372091399719686e+01 1.261373847856733832e+01 1.484297984824495131e+01 1.723849371601296454e+01
4.898831316086306842e+00 5.264340739949693315e+00 6.595353850176140398e+00 6.595580589788430537e+00 7.123824580923078464e+00 7.466461577452053078e+00 1.065565073441863042e+01 1.077966670713145447e+01 1.240850877282418274e+01 1.241336269205246623e+01 1.681957821563366906e+01 1.690907844452698683e+01
4.628350495536158959e+00 5.589311772936700784e+00 6.143058426520653370e+00 6.872859054281912350e+00 7.010201975205717417e+00 7.785520531004108236e+00 1.052242303838849757e+01 1.084934875326054637e+01 1.231178121225786093e+01 1.251231623143895355e+01 1.663020421140083016e+01 1.707021298690252209e+01
4.364635105669280257e+00 5.659969961113312742e+00 6.050934397319593039e+00 6.612850550036598385e+00 7.382218428332908644e+00 8.235846969479331037e+00 1.028483407852798592e+01 1.089688587990541180e+01 1.221750120856007271e+01 1.261299973678052311e+01 1.637397719393308293e+01 1.724599486697459128e+01
4.317642588510929968e+00 5.156016696340021355e+00 6.480763560150484714e+00 6.506271284323323023e+00 7.708135709662377266e+00 8.649436934603391691e+00 9.987921643798216564e+00 1.087959261928845756e+01 1.213039200245695959e+01 1.270990210538345799e+01 1.609057670280672170e+01 1.740782684977759942e+01
4.526207106756125143e+00 4.644832990895396918e+00 6.494674832940704690e+00 6.933542275593680415e+00 7.985710935101933750e+00 8.982174581221530119e+00 9.643010468269061164e+00 1.079303079564817658e+01 1.205258298788952942e+01 1.279969408263963970e+01 1.578747258412295551e+01 1.756171316471621680e+01
4.145642807821084297e+00 4.923336850274546705e+00 6.658947496164480562e+00 7.321237491445902634e+00 8.213607840171215813e+00 9.195490903531704063e+00 9.288624073214148069e+00 1.063968164555653395e+01 1.198598102146064903e+01 1.287901002698954755e+01 1.547422150143510500e+01 1.770977850765068951e+01
3.685634510202267844e+00 5.385644488290977527e+00 6.960973814906371793e+00 7.658591793971030626e+00 8.391124546831347786e+00 8.853472680009014439e+00 9.389218810148070915e+00 1.043203007378108893e+01 1.193225867219066316e+01 1.294464236507822186e+01 1.516661112696226965e+01 1.784669787811204600e+01
3.302268010788408592e+00 5.810234017334991563e+00 7.339366626349180578e+00 7.930278786385391854e+00 8.468822419121208256e+00 8.517966904920161397e+00 9.487908480304485082e+00 1.019589907755159075e+01 1.189281150967621947e+01 1.299377095440837238e+01 1.489301722871919864e+01 1.796038106338009399e+01
3.042047673706205657e+00 6.131057701946907912e+00 7.669626386990188394e+00 8.110388799291039064e+00 8.157094701259637759e+00 8.594061854462980321e+00 9.561292128349778707e+00 9.975421401623234985e+00 1.186869908457514633e+01 1.302418869046139172e+01 1.469692050290295349e+01 1.803631670079469629e+01
2.948958591194244860e+00 6.260614149040045540e+00 7.805673339262685140e+00 8.024792747750650435e+00 8.174719197172107599e+00 8.619422343106229789e+00 9.607632787838033650e+00 9.863573899694822344e+00 1.186058602156290931e+01 1.303448897150480867e+01 1.462455619263629458e+01 1.806306089912163060e+01
4.871772748695008204e+00 7.375724005665351690e+00 7.375724005665422744e+00 8.243713310264086047e+00 8.249569588768656203e+00 8.741220388451401035e+00 8.741220388451692358e+00 1.017326757582820207e+01 1.191763682621395048e+01 1.427225538610486488e+01 1.427569107586388597e+01 1.438592644178062407e+01
4.951336430096461072e+00 7.212549858225329125e+00 7.213303653349777633e+00 8.365890287591044583e+00 8.371013943617171549e+00 8.740862231886127987e+00 8.741016251755068467e+00 1.015301540052661622e+01 1.193316954144421516e+01 1.432061700269968796e+01 1.432395458588887571e+01 1.436309131763169766e+01
5.179139224231734673e+00 6.880564235423368480e+00 6.882044596719179452e+00 8.461989823332265459e+00 8.465003493704598370e+00 8.860652843224821495e+00 8.861530066270018935e+00 1.009179131331869428e+01 1.197944587857881693e+01 1.429560503864749421e+01 1.445670928670896238e+01 1.445975284253020021e+01
5.527094059845149232e+00 6.511250219668427874e+00 6.513056544217008970e+00 8.374821251396197042e+00 8.376357166409112764e+00 9.144924063435514228e+00 9.146412208727920046e+00 9.988239077200010030e+00 1.205552724189586655e+01 1.418658478256660160e+01 1.465695608632739599e+01 1.465960067656916799e+01
5.959649502525250497e+00 6.147840506795613003e+00 6.149704499513239497e+00 8.233256458411025491e+00 8.234164559845014608e+00 9.446248512552761767e+00 9.447633256362211185e+00 9.840266117901661502e+00 1.215992794759720041e+01 1.404099198196512255e+01 1.489088755670437791e+01 1.489307776339113865e+01
5.812993414509273649e+00 5.814769803921912228e+00 6.442126793238744042e+00 8.085298752303556213e+00 8.085831404243878140e+00 9.645334453302249145e+00 9.718898485398462128e+00 9.720034814939161549e+00 1.229069729370858965e+01 1.386540195338230497e+01 1.512784519806660732e+01 1.512956984571311736e+01
5.525524557563355366e+00 5.527023176950295991e+00 6.944630690835142062e+00 7.952933675942396974e+00 7.953222036782540805e+00 9.400937678960945121e+00 9.945383698221901270e+00 9.946237719369136698e+00 1.244546947954092353e+01 1.366755061261571136e+01 1.534091829725957901e+01 1.534218838130076534e+01
5.303243974841522324e+00 5.304332383631436443e+00 7.443311642568056996e+00 7.849940020785256323e+00 7.850087644574212931e+00 9.105255110539324903e+00 1.011478068057516744e+01 1.011534920500582757e+01 1.262143391396357295e+01 1.345575330513004175e+01 1.550863569611803783e+01 1.550946905684544141e+01
5.162201297255553989e+00 5.162780587921678155e+00 7.784913737957957380e+00 7.785064704716377015e+00 7.919968078657793065e+00 8.757975463078985001e+00 1.021953922225879374e+01 1.021982672373375145e+01 1.281519404127203998e+01 1.323824861361387839e+01 1.561554091321940341e+01 1.561595321816439075e+01
5.113916096487089114e+00 5.114021439990402484e+00 7.762767670269194120e+00 7.762901045906846598e+00 8.359292236478417237e+00 8.362988871672955682e+00 1.025504395308822936e+01 1.025510224100946743e+01 1.302015410395511275e+01 1.302497505220128815e+01 1.565234221774577250e+01 1.565234733826824076e+01
