0.000000000000000000e+00
9.088929258161441982e-02
1.817785851632288396e-01
2.726678777448432456e-01
3.635571703264576793e-01
4.544464629080721130e-01
5.453357554896864912e-01
6.362250480713009804e-01
7.271143406529153586e-01
8.180036332345297367e-01
9.088929258161442259e-01
9.997822183977586041e-01
1.090671510979372982e+00
1.180628581045286785e+00
1.270585651111200809e+00
1.360542721177114611e+00
1.450499791243028413e+00
1.540456861308942216e+00
1.630413931374856240e+00
1.720371001440770042e+00
1.804330933502289680e+00
1.888290865563809096e+00
1.972250797625328733e+00
2.056210729686848371e+00
2.140170661748368008e+00
2.224130593809887646e+00
2.308090525871406840e+00
2.392050457932926477e+00
2.476010389994446115e+00
2.559970322055965752e+00
2.643930254117485390e+00
2.727890186179005028e+00
2.811850118240524665e+00
2.895810050302044303e+00
2.979769982363563940e+00
3.064711422439344357e+00
3.149652862515124774e+00
3.234594302590905635e+00
3.319535742666686051e+00
3.404477182742466468e+00
3.489418622818246885e+00
3.574360062894027301e+00
3.659301502969808162e+00
3.744242943045588579e+00
3.828140751582463253e+00
3.912038560119338371e+00
3.995936368656213045e+00
4.079834177193087719e+00
4.163731985729962837e+00
4.247629794266837955e+00
4.331527602803712185e+00
4.415425411340587303e+00
4.499323219877462421e+00
4.583221028414336651e+00
4.667118836951211769e+00
4.751016645488086887e+00
4.834914454024961117e+00
4.924871524090875141e+00
5.014828594156789165e+00
5.104785664222703190e+00
5.194742734288616326e+00
5.284699804354530350e+00
5.374656874420444375e+00
5.464613944486358399e+00
5.543326380794033170e+00
5.622038817101707942e+00
5.700751253409381825e+00
5.779463689717056596e+00
5.858176126024731367e+00
5.936888562332406138e+00
6.015600998640080910e+00
6.094313434947755681e+00
6.173025871255429564e+00
6.251738307563104335e+00
6.330450743870779107e+00
6.409163180178453878e+00
6.487875616486128649e+00
6.566588052793802532e+00
6.645300489101477304e+00
6.724012925409152075e+00
6.724012925409152075e+00
6.808954365484932936e+00
6.893895805560712908e+00
6.978837245636493769e+00
7.063778685712273742e+00
7.148720125788054602e+00
7.233661565863835463e+00
7.318603005939615436e+00
7.403544446015396296e+00
7.488485886091176269e+00
7.488485886091176269e+00
7.573427326166957130e+00
7.658368766242737102e+00
7.743310206318517963e+00
7.828251646394297936e+00
7.913193086470078796e+00
7.998134526545859657e+00
8.083075966621640518e+00
8.168017406697419602e+00
8.252958846773200463e+00
