0.000000000000000000e+00
3.298313637069573423e-02
6.596627274139146846e-02
9.894940911208720269e-02
1.319325454827829369e-01
1.649156818534786573e-01
1.978988182241744054e-01
2.308819545948701535e-01
2.638650909655658738e-01
2.939812910927343537e-01
3.240974912199028890e-01
3.542136913470713688e-01
3.843298914742399042e-01
4.144460916014083840e-01
4.445622917285768638e-01
4.746784918557453992e-01
5.047946919829138235e-01
5.349108921100823588e-01
5.650270922372508942e-01
5.951432923644193185e-01
6.252594924915878538e-01
6.553756926187563892e-01
6.854918927459248135e-01
7.156080928730934598e-01
7.457242930002618841e-01
7.457242930002618841e-01
7.747336133551040449e-01
8.037429337099463167e-01
8.327522540647884775e-01
8.617615744196306382e-01
8.907708947744727990e-01
9.197802151293150708e-01
9.487895354841572315e-01
9.777988558389993923e-01
1.006808176193841664e+00
1.035817496548683714e+00
1.064826816903525986e+00
1.093836137258368257e+00
1.122845457613210307e+00
1.151854777968052579e+00
1.180864098322894851e+00
1.209873418677736900e+00
1.238882739032579172e+00
1.267892059387421444e+00
1.297900339403410763e+00
1.327908619419400305e+00
1.357916899435389624e+00
1.387925179451378943e+00
1.417933459467368484e+00
1.447941739483357804e+00
1.477950019499347123e+00
1.507958299515336664e+00
1.537966579531325984e+00
1.567974859547315303e+00
1.597983139563304622e+00
1.627991419579294163e+00
1.657999699595283483e+00
1.688007979611272802e+00
1.718016259627262343e+00
1.748024539643251662e+00
1.778032819659240982e+00
1.778032819659240982e+00
1.807066987725526319e+00
1.836101155791811657e+00
1.865135323858096994e+00
1.894169491924382331e+00
1.923203659990667447e+00
1.952237828056952784e+00
1.981271996123238122e+00
2.010306164189523237e+00
2.039340332255808796e+00
2.068374500322093912e+00
2.097408668388379471e+00
2.126442836454664587e+00
2.155477004520950146e+00
2.184511172587235261e+00
2.213545340653520377e+00
2.242579508719805936e+00
2.271613676786091496e+00
2.300647844852376611e+00
2.329682012918661727e+00
2.360557765749890180e+00
2.391433518581118189e+00
2.422309271412346643e+00
2.453185024243574652e+00
2.484060777074803106e+00
2.514936529906031559e+00
2.545812282737259569e+00
2.576688035568488022e+00
2.576688035568488022e+00
2.604243672341446381e+00
2.631799309114404739e+00
2.659354945887362653e+00
2.686910582660321012e+00
2.714466219433279370e+00
2.742021856206237729e+00
2.769577492979196087e+00
2.797133129752154002e+00
2.824688766525112360e+00
2.852244403298070718e+00
