-2.881768116249310729e+00
-2.747448260609542725e+00
-2.613128404969774277e+00
-2.478808549330006272e+00
-2.344488693690238268e+00
-2.210168838050469819e+00
-2.075848982410701815e+00
-1.941529126770933367e+00
-1.807209271131165362e+00
-1.672889415491397136e+00
-1.538569559851628910e+00
-1.404249704211860905e+00
-1.269929848572092457e+00
-1.135609992932324230e+00
-1.001290137292556226e+00
-8.669702816527877776e-01
-7.326504260130197732e-01
-5.983305703732517689e-01
-4.640107147334833204e-01
-3.296908590937152606e-01
-1.953710034539468121e-01
-6.105114781417876613e-02
7.326870782558926598e-02
2.075885634653577283e-01
3.419084191051257604e-01
4.762282747448938203e-01
6.105481303846622687e-01
7.448679860244302731e-01
8.791878416641982774e-01
1.013507697303966282e+00
1.147827552943735174e+00
1.282147408583503179e+00
1.416467264223271405e+00
1.550787119863039409e+00
1.685106975502807414e+00
1.819426831142576306e+00
1.953746686782344311e+00
2.088066542422112537e+00
2.222386398061880541e+00
2.356706253701648546e+00
2.491026109341417438e+00
2.625345964981185443e+00
2.759665820620953447e+00
2.893985676260721451e+00
3.028305531900489456e+00
3.162625387540257460e+00
3.296945243180026353e+00
3.431265098819794357e+00
3.565584954459562361e+00
3.699904810099330366e+00
3.834224665739098814e+00
3.968544521378866818e+00
4.102864377018635267e+00
4.237184232658402827e+00
4.371504088298171276e+00
4.505823943937938836e+00
4.640143799577707284e+00
4.774463655217474845e+00
4.908783510857243293e+00
5.043103366497012630e+00
5.177423222136781078e+00
5.311743077776548638e+00
5.446062933416317087e+00
5.580382789056084647e+00
5.714702644695853095e+00
5.849022500335620656e+00
5.983342355975389104e+00
6.117662211615157553e+00
6.251982067254925113e+00
6.386301922894693561e+00
6.520621778534462898e+00
6.654941634174231346e+00
6.789261489813998907e+00
6.923581345453767355e+00
7.057901201093534915e+00
7.192221056733303364e+00
7.326540912373070924e+00
7.460860768012839372e+00
7.595180623652606933e+00
7.729500479292375381e+00
7.863820334932144718e+00
7.998140190571913166e+00
8.132460046211681615e+00
8.266779901851448287e+00
8.401099757491216735e+00
8.535419613130985184e+00
8.669739468770753632e+00
8.804059324410522080e+00
8.938379180050288753e+00
9.072699035690057201e+00
9.207018891329825649e+00
9.341338746969595874e+00
9.475658602609362546e+00
9.609978458249130995e+00
9.744298313888899443e+00
9.878618169528667892e+00
1.001293802516843456e+01
1.014725788080820301e+01
1.028157773644797146e+01
1.041589759208773991e+01
1.055021744772750658e+01
1.068453730336727503e+01
1.081885715900704525e+01
1.095317701464681370e+01
1.108749687028658037e+01
1.122181672592634882e+01
1.135613658156611727e+01
1.149045643720588572e+01
1.162477629284565417e+01
1.175909614848542084e+01
1.189341600412518929e+01
1.202773585976495774e+01
1.216205571540472619e+01
1.229637557104449286e+01
1.243069542668426131e+01
1.256501528232402976e+01
1.269933513796379820e+01
1.283365499360356488e+01
1.296797484924333688e+01
1.310229470488310533e+01
1.323661456052287377e+01
1.337093441616264045e+01
1.350525427180240889e+01
1.363957412744217734e+01
1.377389398308194579e+01
1.390821383872171246e+01
1.404253369436148091e+01
1.417685355000124936e+01
1.431117340564101781e+01
1.444549326128078626e+01
1.457981311692055293e+01
1.471413297256032138e+01
1.484845282820008983e+01
1.498277268383985827e+01
1.511709253947962672e+01
1.525141239511939517e+01
1.538573225075916362e+01
1.552005210639893207e+01
1.565437196203869874e+01
1.578869181767847074e+01
1.592301167331823919e+01
1.605733152895800586e+01
1.619165138459777609e+01
1.632597124023754276e+01
1.646029109587730943e+01
1.659461095151707966e+01
1.672893080715684633e+01
1.686325066279661655e+01
1.699757051843638322e+01
1.713189037407614990e+01
1.726621022971592012e+01
1.740053008535568679e+01
1.753484994099545702e+01
1.766916979663522369e+01
1.780348965227499036e+01
1.793780950791476059e+01
1.807212936355452726e+01
1.820644921919429393e+01
1.834076907483406416e+01
1.847508893047383083e+01
1.860940878611360461e+01
1.874372864175337128e+01
1.887804849739313795e+01
1.901236835303290817e+01
1.914668820867267485e+01
1.928100806431244152e+01
1.941532791995221174e+01
1.954964777559197842e+01
1.968396763123174864e+01
1.981828748687151531e+01
1.995260734251128198e+01
2.008692719815105221e+01
2.022124705379081888e+01
2.035556690943058911e+01
2.048988676507035578e+01
2.062420662071012245e+01
2.075852647634989268e+01
2.089284633198965935e+01
2.102716618762942602e+01
2.116148604326919624e+01
2.129580589890896292e+01
2.143012575454873314e+01
2.156444561018850337e+01
2.169876546582827004e+01
2.183308532146804026e+01
2.196740517710780694e+01
2.210172503274757361e+01
2.223604488838734383e+01
2.237036474402711050e+01
2.250468459966688073e+01
2.263900445530664740e+01
2.277332431094641407e+01
2.290764416658618430e+01
2.304196402222595097e+01
2.317628387786572119e+01
2.331060373350548787e+01
2.344492358914525454e+01
2.357924344478502476e+01
2.371356330042479144e+01
2.384788315606456166e+01
