-4.974827829089252695e+00
-4.843944248759194160e+00
-4.713060668429136513e+00
-4.582177088099077089e+00
-4.451293507769018554e+00
-4.320409927438960018e+00
-4.189526347108902371e+00
-4.058642766778843836e+00
-3.927759186448785300e+00
-3.796875606118727209e+00
-3.665992025788668229e+00
-3.535108445458609694e+00
-3.404224865128551158e+00
-3.273341284798493067e+00
-3.142457704468434532e+00
-3.011574124138375996e+00
-2.880690543808317461e+00
-2.749806963478259370e+00
-2.618923383148200390e+00
-2.488039802818142299e+00
-2.357156222488083763e+00
-2.226272642158025228e+00
-2.095389061827966692e+00
-1.964505481497908601e+00
-1.833621901167849844e+00
-1.702738320837791530e+00
-1.571854740507733217e+00
-1.440971160177674903e+00
-1.310087579847616146e+00
-1.179203999517557389e+00
-1.048320419187499075e+00
-9.174368388574407618e-01
-7.865532585273824484e-01
-6.556696781973241350e-01
-5.247860978672658216e-01
-3.939025175372074528e-01
-2.630189372071483067e-01
-1.321353568770899933e-01
-1.251776547031664341e-03
1.296318037830266612e-01
2.605153841130849468e-01
3.913989644431432602e-01
5.222825447732024617e-01
6.531661251032607751e-01
7.840497054333190885e-01
9.149332857633774019e-01
1.045816866093435715e+00
1.176700446423494029e+00
1.307584026753553230e+00
1.438467607083611544e+00
1.569351187413669857e+00
1.700234767743728170e+00
1.831118348073786484e+00
1.962001928403844797e+00
2.092885508733902888e+00
2.223769089063962312e+00
2.354652669394020403e+00
2.485536249724078939e+00
2.616419830054137918e+00
2.747303410384196454e+00
2.878186990714254545e+00
3.009070571044313080e+00
3.139954151374371172e+00
3.270837731704429707e+00
3.401721312034487799e+00
3.532604892364546334e+00
3.663488472694604425e+00
3.794372053024662961e+00
3.925255633354721052e+00
4.056139213684779143e+00
4.187022794014837679e+00
4.317906374344897991e+00
4.448789954674956526e+00
4.579673535005014173e+00
4.710557115335072709e+00
4.841440695665131244e+00
4.972324275995189780e+00
5.103207856325247427e+00
5.234091436655305962e+00
5.364975016985364498e+00
5.495858597315423033e+00
5.626742177645480680e+00
5.757625757975539216e+00
5.888509338305597751e+00
6.019392918635658063e+00
6.150276498965715710e+00
6.281160079295774246e+00
6.412043659625832781e+00
6.542927239955891316e+00
6.673810820285948964e+00
6.804694400616007499e+00
6.935577980946066035e+00
7.066461561276124570e+00
7.197345141606182217e+00
7.328228721936240753e+00
7.459112302266299288e+00
7.589995882596358712e+00
7.720879462926416359e+00
7.851763043256474894e+00
7.982646623586533430e+00
8.113530203916591077e+00
8.244413784246649612e+00
8.375297364576708148e+00
8.506180944906766683e+00
8.637064525236825219e+00
8.767948105566883754e+00
8.898831685896942290e+00
9.029715266226999049e+00
9.160598846557057584e+00
9.291482426887119672e+00
9.422366007217178208e+00
9.553249587547236743e+00
9.684133167877295278e+00
9.815016748207353814e+00
9.945900328537410573e+00
1.007678390886746911e+01
1.020766748919752764e+01
1.033855106952758618e+01
1.046943464985764471e+01
1.060031823018770325e+01
1.073120181051776179e+01
1.086208539084782032e+01
1.099296897117787708e+01
1.112385255150793562e+01
1.125473613183799415e+01
1.138561971216805269e+01
1.151650329249811122e+01
1.164738687282816976e+01
1.177827045315822829e+01
1.190915403348828683e+01
1.204003761381834359e+01
1.217092119414840212e+01
1.230180477447846066e+01
1.243268835480851919e+01
1.256357193513857773e+01
1.269445551546863626e+01
1.282533909579869480e+01
1.295622267612875333e+01
1.308710625645881009e+01
1.321798983678886863e+01
1.334887341711892716e+01
1.347975699744898925e+01
1.361064057777904779e+01
1.374152415810910632e+01
1.387240773843916486e+01
1.400329131876922339e+01
1.413417489909928015e+01
1.426505847942933869e+01
1.439594205975939722e+01
1.452682564008945576e+01
1.465770922041951430e+01
1.478859280074957283e+01
1.491947638107963137e+01
1.505035996140968990e+01
1.518124354173974666e+01
1.531212712206980520e+01
1.544301070239986373e+01
1.557389428272992227e+01
1.570477786305998080e+01
1.583566144339003934e+01
1.596654502372009787e+01
1.609742860405015463e+01
1.622831218438021494e+01
1.635919576471027170e+01
1.649007934504033202e+01
1.662096292537038877e+01
1.675184650570044553e+01
1.688273008603050940e+01
1.701361366636056616e+01
1.714449724669062647e+01
1.727538082702068323e+01
1.740626440735074354e+01
1.753714798768080030e+01
1.766803156801085706e+01
1.779891514834091737e+01
1.792979872867097413e+01
1.806068230900103444e+01
1.819156588933109120e+01
1.832244946966115151e+01
1.845333304999120827e+01
1.858421663032126858e+01
1.871510021065132534e+01
1.884598379098138210e+01
1.897686737131144241e+01
1.910775095164149917e+01
1.923863453197155948e+01
1.936951811230161624e+01
1.950040169263167655e+01
1.963128527296173331e+01
1.976216885329179362e+01
1.989305243362185038e+01
2.002393601395190714e+01
2.015481959428197101e+01
2.028570317461202777e+01
2.041658675494208808e+01
2.054747033527214484e+01
2.067835391560220515e+01
2.080923749593226191e+01
2.094012107626231867e+01
2.107100465659237898e+01
