0.000000000000000000e+00
5.980260532136268820e-02
1.196052106427253764e-01
1.794078159640880576e-01
2.392104212854507528e-01
2.990130266068134479e-01
3.588156319281761153e-01
4.186182372495388382e-01
4.784208425709015056e-01
5.382234478922641729e-01
5.980260532136268958e-01
6.562459957623100193e-01
7.144659383109931428e-01
7.726858808596762662e-01
8.309058234083593897e-01
8.891257659570425131e-01
9.473457085057256366e-01
1.005565651054408871e+00
1.063785593603091773e+00
1.122005536151775118e+00
1.190008277843541684e+00
1.258011019535308250e+00
1.313362833364084326e+00
1.368714647192860179e+00
1.424066461021636254e+00
1.479418274850412107e+00
1.534770088679188182e+00
1.590121902507964036e+00
1.645473716336740111e+00
1.700825530165515964e+00
1.756177343994292039e+00
1.811529157823068115e+00
1.866880971651843968e+00
1.934883713343610534e+00
2.002886455035377100e+00
2.058395730433991044e+00
2.113905005832604989e+00
2.169414281231218933e+00
2.224923556629832877e+00
2.280432832028446821e+00
2.335942107427060765e+00
2.391451382825674710e+00
2.446960658224288654e+00
2.502469933622902598e+00
2.557821747451678451e+00
2.613173561280454749e+00
2.668525375109230602e+00
2.723877188938006455e+00
2.779229002766782308e+00
2.834580816595558606e+00
2.889932630424334459e+00
2.945284444253110312e+00
3.000636258081886165e+00
3.055988071910662462e+00
3.111339885739438316e+00
3.166849161138052260e+00
3.222358436536666204e+00
3.277867711935280148e+00
3.333376987333894093e+00
3.388886262732508037e+00
3.444395538131121981e+00
3.499904813529735925e+00
3.555414088928349869e+00
3.610923364326963814e+00
3.610923364326963814e+00
3.663321312620778425e+00
3.715719260914593480e+00
3.768117209208408092e+00
3.820515157502223147e+00
3.872913105796037758e+00
3.925311054089852814e+00
3.977709002383667425e+00
4.030106950677482480e+00
4.082504898971297536e+00
4.134902847265111703e+00
4.184738351699580861e+00
4.234573856134049130e+00
4.284409360568518288e+00
4.334244865002987446e+00
4.384080369437456604e+00
4.433915873871924873e+00
4.483751378306394031e+00
4.533586882740863189e+00
4.583422387175332346e+00
4.633257891609800616e+00
4.683093396044269774e+00
4.732928900478738932e+00
4.732928900478738932e+00
4.783668063155117167e+00
4.834407225831494515e+00
4.885146388507872750e+00
4.935885551184250986e+00
4.986624713860629221e+00
5.037363876537006568e+00
5.088103039213384804e+00
5.138842201889763039e+00
5.189581364566140387e+00
5.240320527242518622e+00
5.291059689918896858e+00
5.341798852595275093e+00
