-4.163550109004928501e+00 -4.163550109004622080e+00 -4.159623083036937174e+00 -1.026993794392732362e-01 6.635597319232676428e-02 6.635597320411740219e-02
-4.181668817854496289e+00 -4.179077874897038747e+00 -3.526594708341674433e+00 -5.494212241544843556e-01 -5.403422023527781892e-01 1.884288020819997911e+00
-4.233994065683052810e+00 -4.231460252058193205e+00 -1.083292043744152222e+00 -1.078818148629266283e+00 4.754102637637300788e-01 3.953218082773549913e+00
-4.314787785676758247e+00 -4.312347235380246779e+00 -1.603077834685880942e+00 -1.600193132364405635e+00 3.981430869302526432e+00 6.273613765403210252e+00
-4.415534080293063823e+00 -4.413210104293938230e+00 -2.100046952565957081e+00 -2.097974705667136952e+00 5.767060911028702108e+00 8.558090224697094683e+00
-4.526132794563447526e+00 -4.523937481086933943e+00 -2.566829448418393778e+00 -2.565261349693076287e+00 7.253166940782564964e+00 1.065925891355160005e+01
-4.636060241739096810e+00 -4.633994826508224918e+00 -2.996732008918654877e+00 -2.995509505851938314e+00 8.548343959442551210e+00 1.253995384851260120e+01
-4.735350136180821679e+00 -4.733405019741597997e+00 -3.383618640311139902e+00 -3.382643751695861400e+00 9.665694947382981184e+00 1.417728338695161483e+01
-4.815436753081988819e+00 -4.813590095436512506e+00 -3.721740594918785838e+00 -3.720939844526543361e+00 1.059914203622868101e+01 1.555016218286536578e+01
-4.870114829858152028e+00 -4.868328703535655499e+00 -4.005222276845566753e+00 -4.004526610858122559e+00 1.133862162954021890e+01 1.663955821365325960e+01
-4.897221802505803190e+00 -4.895437511576639977e+00 -4.226650997425206668e+00 -4.225982465696864310e+00 1.187449257123048696e+01 1.742962349049082960e+01
-4.902028004924197546e+00 -4.900179855403196783e+00 -4.373826122723452059e+00 -4.373106581189794007e+00 1.219919150742427050e+01 1.790852760453998371e+01
-4.899867082347758362e+00 -4.897965879624742946e+00 -4.427146393713877082e+00 -4.426377718821298046e+00 1.230796351146733336e+01 1.806898224231181160e+01
-4.915648763764317586e+00 -4.666090283268525596e+00 -4.460182889359871616e+00 -4.166090463745215189e+00 1.229384634083200289e+01 1.797418468684114501e+01
-4.964367046682615303e+00 -4.556758861936849314e+00 -3.909675441258515072e+00 -3.288139478763178136e+00 1.225408798547321432e+01 1.769396461835635037e+01
-5.040900523270623879e+00 -4.706303331987679250e+00 -2.261586559687820408e+00 -6.942639682063991291e-01 1.219665447849284590e+01 1.724116026491952169e+01
-5.138931093778451142e+00 -4.894341162550570168e+00 2.792957031693189762e+00 3.576014152791103129e+00 1.213539151516132364e+01 1.663834222632588578e+01
-5.250784121771782331e+00 -5.104593459990368842e+00 4.710889185405743085e+00 5.277006728559973325e+00 1.209050207632138907e+01 1.591996609937265816e+01
-5.368225407362809953e+00 -5.320988566658856556e+00 6.044824869788381072e+00 6.576393631152439134e+00 1.208760397675945342e+01 1.513617435475091710e+01
-5.528920727090442355e+00 -5.483151862756622918e+00 7.018742354321961585e+00 7.566377469692578295e+00 1.215173624610741676e+01 1.435838661170491726e+01
-5.715878212652592438e+00 -5.588119212313237938e+00 7.689606287537295692e+00 8.238848538000517863e+00 1.229234619855121480e+01 1.368227030648834308e+01
-5.871673452811286609e+00 -5.676707950537630332e+00 8.108070422529552346e+00 8.573392419486689064e+00 1.248662265771505631e+01 1.320707363661163036e+01
-5.988471704146828500e+00 -5.743758094415475135e+00 8.340642988672565039e+00 8.619747611086529204e+00 1.268293063710543400e+01 1.296691513482726066e+01
-6.060742056276193779e+00 -5.785509812975509369e+00 8.451621195271533438e+00 8.534430831510253057e+00 1.282591132105610754e+01 1.289007210782952484e+01
-6.085195826847492384e+00 -5.799681804426998433e+00 8.483615689688235761e+00 8.483944244500532861e+00 1.287772943993276797e+01 1.287797215171504916e+01
-6.061954958450171738e+00 -5.788037610978757463e+00 8.536955020663743454e+00 8.544076216805608581e+00 1.288817124573363060e+01 1.289243070482916664e+01
-5.993921002697343958e+00 -5.751837419215864777e+00 8.673222975867776796e+00 8.699885030495304150e+00 1.292084698968147549e+01 1.293830219987366981e+01
-5.888038016725785972e+00 -5.685403084962963760e+00 8.831668361017110058e+00 8.887942418047334314e+00 1.297956636459870339e+01 1.301746794281206121e+01
-5.762730748008475956e+00 -5.572428126302331641e+00 8.940369008822059982e+00 9.031676277720613655e+00 1.306100392032555746e+01 1.312322277992633346e+01
-5.641223630968847047e+00 -5.392668286881264983e+00 8.943144133338957857e+00 9.069469011411284143e+00 1.314354361733438559e+01 1.322937467992118066e+01
-5.522654008049153518e+00 -5.150836107374224149e+00 8.812172895656225080e+00 8.969938072870652590e+00 1.318270626410921942e+01 1.328823979407127887e+01
-5.397695531852901851e+00 -4.860978972668957176e+00 8.542622782489949884e+00 8.727982564168508262e+00 1.312015758464461079e+01 1.324114742649176080e+01
-5.263349193547361082e+00 -4.531678289940519910e+00 8.140320375025982713e+00 8.351480140969330890e+00 1.289865531187386516e+01 1.303249354537641302e+01
-5.120486270771666959e+00 -4.168480320407354611e+00 7.612964318235426298e+00 7.851131034451481305e+00 1.247216479837017644e+01 1.261848254867136987e+01
-4.971878151004531787e+00 -3.775817740834205072e+00 6.966301090415040420e+00 7.236266766732965650e+00 1.180909206512410137e+01 1.196983856315044648e+01
-4.821496018834489306e+00 -3.357631147476387579e+00 6.202307771527963531e+00 6.513748483243191778e+00 1.089150243095549619e+01 1.107128250653309465e+01
-4.674194178683173106e+00 -2.917565844159552224e+00 5.315910692894740386e+00 5.686833143256301959e+00 9.712582842869363020e+00 9.919859017451756245e+00
-4.535456728776996016e+00 -2.459049695844262917e+00 4.283854944612662585e+00 4.750239297474037059e+00 8.273054834349164111e+00 8.523201735144894542e+00
-4.411099355165550406e+00 -1.985344160383498480e+00 3.015976607215372862e+00 3.667086491600137332e+00 6.577699527577315131e+00 6.899688973460375685e+00
-4.306889675493617453e+00 -1.499595084664274491e+00 7.612344905304712084e-01 2.203225245839026680e+00 4.653401235364539978e+00 5.090876777902374251e+00
-4.228088357847402001e+00 -2.741620429765212918e+00 -2.171624728502053348e+00 -1.004875771280789420e+00 2.756913928418657456e+00 3.223239699032700134e+00
-4.178952015725491798e+00 -3.806411789092492448e+00 -3.714150327664432538e+00 -5.043906909716527887e-01 1.280202820497202465e+00 1.523440075310045883e+00
-4.163550109004928501e+00 -4.163550109004622080e+00 -4.159623083036937174e+00 -1.026993794392732362e-01 6.635597319232676428e-02 6.635597320411740219e-02
-3.869318610527330282e+00 -3.869318610527000768e+00 -3.785120085190842865e+00 1.019983186401523190e+00 1.291171216939868138e+00 1.291171216940471878e+00
-3.032553244131072301e+00 -3.032553244130658410e+00 -2.569948977879909169e+00 2.224952877556827691e+00 2.743067935248071798e+00 2.743067935248364897e+00
-1.686065084653376456e+00 -1.686065084652663915e+00 1.056314484894895100e+00 3.897957812098926222e+00 4.374352046422680829e+00 4.374352046422874452e+00
1.781902191083419629e+00 1.781902191084079545e+00 2.596285259948140745e+00 5.651811295035056304e+00 5.957411989074999248e+00 5.957411989075145797e+00
3.048479020190828059e+00 3.048479020191213529e+00 3.476888026552082955e+00 7.147053176404201125e+00 7.338811898355133145e+00 7.338811898355246832e+00
3.955531182038430238e+00 3.955531182038722893e+00 4.186682522916415294e+00 8.359555650029063756e+00 8.470331707908453467e+00 8.470331707908552943e+00
4.702768382623455423e+00 4.702768382623693455e+00 4.784943961033117255e+00 9.296004138444063258e+00 9.336895423642912917e+00 9.336895423643005287e+00
5.284081703374264194e+00 5.339142787900764020e+00 5.339142787900960307e+00 9.938726166919735761e+00 9.938726166919824578e+00 9.968998902709511611e+00
5.685713814410592981e+00 5.883500501431062624e+00 5.883500501431229601e+00 1.029012317304168178e+01 1.029012317304177060e+01 1.040156750335642322e+01
5.988754947723236910e+00 6.345035925337779048e+00 6.345035925337918492e+00 1.042080333884697652e+01 1.042080333884707066e+01 1.063038909619131189e+01
6.193732412999754189e+00 6.728538760766913818e+00 6.728538760767025728e+00 1.037708518097898924e+01 1.037708518097908694e+01 1.070572484907698474e+01
6.309007394889323272e+00 7.036216373489842191e+00 7.036216373489939002e+00 1.022155910594572248e+01 1.022155910594582906e+01 1.068656970883044011e+01
6.360068874301403774e+00 7.270759079639312894e+00 7.270759079639390166e+00 1.002831779017087932e+01 1.002831779017099834e+01 1.063006840281425802e+01
6.396539971423230497e+00 7.444042615795696705e+00 7.444042615795773088e+00 9.868609245799964569e+00 9.868609245800092467e+00 1.057852685139139304e+01
6.485734811349718854e+00 7.589807688343905845e+00 7.589807688343983116e+00 9.787076017096321578e+00 9.787076017096453029e+00 1.055201481741122116e+01
6.688541765130222139e+00 7.761835442982580879e+00 7.761835442982664368e+00 9.787470606962394015e+00 9.787470606962516584e+00 1.055091533573062890e+01
7.031845297058901600e+00 8.005868561730968835e+00 8.005868561731057653e+00 9.845267917983736794e+00 9.845267917983854034e+00 1.056381174398601885e+01
7.498658677395448890e+00 8.332195273158475857e+00 8.332195273158573556e+00 9.929735025631533318e+00 9.929735025631645229e+00 1.057416515989677741e+01
8.040738604973917347e+00 8.714249154578402212e+00 8.714249154578496359e+00 1.001450874223972320e+01 1.001450874223982979e+01 1.056374845414749686e+01
8.599940293654693590e+00 9.105738603836591949e+00 9.105738603836686096e+00 1.007823379323931334e+01 1.007823379323942170e+01 1.051399229111953559e+01
9.124668680999413084e+00 9.459466744645808944e+00 9.459466744645897762e+00 1.010261401107364954e+01 1.010261401107375612e+01 1.040684762314439382e+01
9.577022407041523522e+00 9.738338709750332001e+00 9.738338709750410160e+00 1.007260395610873260e+01 1.007260395610885695e+01 1.022697257926411218e+01
9.884782655329610535e+00 9.885300746871054756e+00 9.885300746871072519e+00 1.001232921356377226e+01 1.001232921356393746e+01 1.001372628112647689e+01
9.636976442686952637e+00 9.669237104750315837e+00 9.850693187435769715e+00 9.979928484752006668e+00 1.017391675417729680e+01 1.019888715955885772e+01
9.252878047785250359e+00 9.370062597416957573e+00 9.746848883748860715e+00 9.882461740755434931e+00 1.030551169104124121e+01 1.040759969975978372e+01
8.795195859914231917e+00 9.036560014628454596e+00 9.573697334009969140e+00 9.719142620855464543e+00 1.036935730043413528e+01 1.059142198157464421e+01
8.288606058404280219e+00 8.669322221892885594e+00 9.331099718412268373e+00 9.488680616001657242e+00 1.038157393438805975e+01 1.075111750910767405e+01
7.764214360626827904e+00 8.266422712672200745e+00 9.018807240041997630e+00 9.189295482560112305e+00 1.036739426351060800e+01 1.088998313201942736e+01
7.253694860074049622e+00 7.824243553104649251e+00 8.636380471459391472e+00 8.818702751444032373e+00 1.036271392187975238e+01 1.101248710707894674e+01
6.776380344504436160e+00 7.337278105917919291e+00 8.183038606592539566e+00 8.374025661432980883e+00 1.041647421914490934e+01 1.112377189272099187e+01
6.325055383033189926e+00 6.797775519877355066e+00 7.657379650310382146e+00 7.851553160686442823e+00 1.058775624141078353e+01 1.122910136320155061e+01
5.863553884905356561e+00 6.195092812406391758e+00 7.056852210092291244e+00 7.246186227011091496e+00 1.093067557067359985e+01 1.133321351514803510e+01
5.342944533450127764e+00 5.514131405865659197e+00 6.376713712389411093e+00 6.550223996985009123e+00 1.143967714300857708e+01 1.147058775013239540e+01
4.719692657055326812e+00 4.731121686759217404e+00 5.607808247446836702e+00 5.750599431751517443e+00 1.155038993151019078e+01 1.219113822109593848e+01
3.800204183932673008e+00 3.954457383349727184e+00 4.731176505811176547e+00 4.821812898458496477e+00 1.166532195567093844e+01 1.304328849984817751e+01
2.597222918004033154e+00 2.979269254206709405e+00 3.701483524096161215e+00 3.703529488268860526e+00 1.178256050459502369e+01 1.396405833644996086e+01
-7.166550547821496364e-01 1.513863230707748642e+00 2.175769292124522636e+00 2.373361420574893188e+00 1.189861564201165578e+01 1.489066081152520482e+01
-2.670030486416890891e+00 -1.954442331656570664e+00 -1.848978796897018384e+00 -1.270120358763070723e+00 1.200891074630314925e+01 1.576717705923029200e+01
-3.590599559533881546e+00 -3.238781343448888350e+00 -3.032371618611522823e+00 -2.799636609400323550e+00 1.210835718237474268e+01 1.654664775094618179e+01
-4.196219206167386417e+00 -4.031212227010179561e+00 -3.689522279325358589e+00 -3.587487297550750576e+00 1.219192650023615165e+01 1.719128063683954366e+01
-4.594364547276039268e+00 -4.528895128896453848e+00 -4.110440869765426442e+00 -4.070536656156489741e+00 1.225515899092218497e+01 1.767213121331770154e+01
-4.823135982673131039e+00 -4.809019738661358900e+00 -4.349387850832878932e+00 -4.339530935446572535e+00 1.229457357757441827e+01 1.796875796012850302e+01
-4.899867082347758362e+00 -4.897965879624742946e+00 -4.427146393713877082e+00 -4.426377718821298046e+00 1.230796351146733336e+01 1.806898224231181160e+01
-6.085195826847492384e+00 -5.799681804426998433e+00 8.483615689688235761e+00 8.483944244500532861e+00 1.287772943993276797e+01 1.287797215171504916e+01
-5.922151652675228028e+00 -5.629473774397458996e+00 8.486714290962966700e+00 8.487042576836973495e+00 1.285318897833383822e+01 1.285343225356031915e+01
-5.414099378079918701e+00 -5.095883491626190143e+00 8.496698442855521449e+00 8.497025885794400324e+00 1.278013890548097820e+01 1.278038388046949336e+01
-4.481751862431353928e+00 -4.098788436918593625e+00 8.515571697081043112e+00 8.515897616238916612e+00 1.266028452406894722e+01 1.266053236477582011e+01
-2.815842053646357090e+00 -2.172532604342404472e+00 8.546469454399145960e+00 8.546792995384182134e+00 1.249643884334612309e+01 1.249669077025893138e+01
2.540157350730813945e+00 3.093609874507237567e+00 8.593358772380389254e+00 8.593678845027355351e+00 1.229247747260168389e+01 1.229273479596281327e+01
4.714043382969163254e+00 5.023981652256957808e+00 8.660634589971843766e+00 8.660949805485484987e+00 1.205327271610845230e+01 1.205353689275889373e+01
6.201932491597055730e+00 6.432676643065859068e+00 8.752638860403088472e+00 8.752947449998776719e+00 1.178460419975012208e+01 1.178487693655648272e+01
7.364358213647401286e+00 7.553098446146182532e+00 8.873144644588158769e+00 8.873444315987489617e+00 1.149304331090147890e+01 1.149332677562390792e+01
8.283425410320230498e+00 8.446277758307815020e+00 9.024857882021246169e+00 9.025145560944643819e+00 1.118581128681147696e+01 1.118610859473885455e+01
8.987339112258315055e+00 9.133437642579110616e+00 9.208980175210690788e+00 9.209254979671179342e+00 1.087062447191405212e+01 1.087094100714281453e+01
9.424789427379055340e+00 9.425023883058818441e+00 9.486762887415441270e+00 9.622254830053337926e+00 1.055561780345705714e+01 1.055596584974270336e+01
9.668429464980498267e+00 9.668589042752147478e+00 9.785604881946284195e+00 9.915175760780877923e+00 1.025018259090085770e+01 1.025060798876789292e+01
9.884782655329610535e+00 9.885300746871054756e+00 9.885300746871072519e+00 1.001232921356377226e+01 1.001232921356393746e+01 1.001372628112647689e+01
