-6.574541233387172667e+00
-6.450454918634085821e+00
-6.326368603880999864e+00
-6.202282289127913018e+00
-6.078195974374827060e+00
-5.954109659621740214e+00
-5.830023344868654256e+00
-5.705937030115567410e+00
-5.581850715362481452e+00
-5.457764400609394606e+00
-5.333678085856307760e+00
-5.209591771103220914e+00
-5.085505456350135844e+00
-4.961419141597048998e+00
-4.837332826843963041e+00
-4.713246512090876195e+00
-4.589160197337789349e+00
-4.465073882584702503e+00
-4.340987567831615657e+00
-4.216901253078529699e+00
-4.092814938325442853e+00
-3.968728623572357339e+00
-3.844642308819270493e+00
-3.720555994066184091e+00
-3.596469679313097689e+00
-3.472383364560011287e+00
-3.348297049806924441e+00
-3.224210735053838484e+00
-3.100124420300752082e+00
-2.976038105547665236e+00
-2.851951790794578834e+00
-2.727865476041492432e+00
-2.603779161288406030e+00
-2.479692846535319184e+00
-2.355606531782233226e+00
-2.231520217029146380e+00
-2.107433902276059978e+00
-1.983347587522974020e+00
-1.859261272769887174e+00
-1.735174958016800550e+00
-1.611088643263713704e+00
-1.487002328510627969e+00
-1.362916013757541123e+00
-1.238829699004454499e+00
-1.114743384251368541e+00
-9.906570694982818059e-01
-8.665707547451950710e-01
-7.424844399921092242e-01
-6.183981252390224892e-01
-4.943118104859357542e-01
-3.702254957328498519e-01
-2.461391809797631447e-01
-1.220528662266764236e-01
2.033448526409466130e-03
1.261197632794961998e-01
2.502060780325829348e-01
3.742923927856687816e-01
4.983787075387555165e-01
6.224650222918423070e-01
7.465513370449290420e-01
8.706376517980148888e-01
9.947239665511007356e-01
1.118810281304187582e+00
1.242896596057274206e+00
1.366982910810361052e+00
1.491069225563447675e+00
1.615155540316534299e+00
1.739241855069621145e+00
1.863328169822706215e+00
1.987414484575792839e+00
2.111500799328879463e+00
2.235587114081966309e+00
2.359673428835053155e+00
2.483759743588140001e+00
2.607846058341225071e+00
2.731932373094311473e+00
2.856018687847398319e+00
2.980105002600485165e+00
3.104191317353571566e+00
3.228277632106658412e+00
3.352363946859745258e+00
3.476450261612830328e+00
3.600536576365917174e+00
3.724622891119003576e+00
3.848709205872090422e+00
3.972795520625177268e+00
4.096881835378264114e+00
4.220968150131349184e+00
4.345054464884436030e+00
4.469140779637521987e+00
4.593227094390608833e+00
4.717313409143695679e+00
4.841399723896782525e+00
4.965486038649867595e+00
5.089572353402954441e+00
5.213658668156041287e+00
5.337744982909128133e+00
5.461831297662214979e+00
5.585917612415300937e+00
5.710003927168387783e+00
5.834090241921472852e+00
5.958176556674559698e+00
6.082262871427646544e+00
6.206349186180733390e+00
6.330435500933820236e+00
6.454521815686907082e+00
6.578608130439992152e+00
6.702694445193078110e+00
6.826780759946164956e+00
6.950867074699251802e+00
7.074953389452338648e+00
7.199039704205425494e+00
7.323126018958510564e+00
7.447212333711597410e+00
7.571298648464685144e+00
7.695384963217769325e+00
7.819471277970857948e+00
7.943557592723943017e+00
8.067643907477030751e+00
8.191730222230116709e+00
8.315816536983200891e+00
8.439902851736290401e+00
8.563989166489374583e+00
8.688075481242464093e+00
8.812161795995548275e+00
8.936248110748637785e+00
9.060334425501721967e+00
9.184420740254809701e+00
9.308507055007895659e+00
9.432593369760979840e+00
9.556679684514069351e+00
9.680765999267153532e+00
9.804852314020243043e+00
9.928938628773327224e+00
1.005302494352641673e+01
1.017711125827950092e+01
1.030119757303258510e+01
1.042528388778567461e+01
1.054937020253875879e+01
1.067345651729184830e+01
1.079754283204493248e+01
1.092162914679801844e+01
1.104571546155110617e+01
1.116980177630419213e+01
1.129388809105727987e+01
1.141797440581036405e+01
1.154206072056345356e+01
1.166614703531653774e+01
1.179023335006962370e+01
1.191431966482271143e+01
1.203840597957579739e+01
1.216249229432888512e+01
1.228657860908197108e+01
1.241066492383505881e+01
1.253475123858814300e+01
1.265883755334122895e+01
1.278292386809431669e+01
1.290701018284740265e+01
1.303109649760049038e+01
1.315518281235357634e+01
1.327926912710666407e+01
1.340335544185974825e+01
1.352744175661283421e+01
1.365152807136592195e+01
1.377561438611900790e+01
1.389970070087209564e+01
1.402378701562518160e+01
1.414787333037826578e+01
1.427195964513135529e+01
1.439604595988443947e+01
1.452013227463752720e+01
1.464421858939061316e+01
1.476830490414370090e+01
1.489239121889678685e+01
1.501647753364987103e+01
1.514056384840296055e+01
1.526465016315604473e+01
1.538873647790913424e+01
1.551282279266221842e+01
1.563690910741530615e+01
1.576099542216839211e+01
1.588508173692147629e+01
1.600916805167456403e+01
1.613325436642764998e+01
1.625734068118073949e+01
1.638142699593382545e+01
1.650551331068690786e+01
1.662959962543999737e+01
1.675368594019308333e+01
1.687777225494616928e+01
1.700185856969925524e+01
1.712594488445234475e+01
1.725003119920543071e+01
1.737411751395851311e+01
1.749820382871160263e+01
1.762229014346468858e+01
1.774637645821777454e+01
1.787046277297086050e+01
1.799454908772395001e+01
1.811863540247703597e+01
