-2.930451501936466752e+00
-2.795152241339109445e+00
-2.659852980741752138e+00
-2.524553720144394386e+00
-2.389254459547037523e+00
-2.253955198949679772e+00
-2.118655938352322465e+00
-1.983356677754964936e+00
-1.848057417157607629e+00
-1.712758156560250100e+00
-1.577458895962892793e+00
-1.442159635365535486e+00
-1.306860374768177957e+00
-1.171561114170820428e+00
-1.036261853573463121e+00
-9.009625929761059249e-01
-7.656633323787483958e-01
-6.303640717813907557e-01
-4.950648111840336152e-01
-3.597655505866760306e-01
-2.244662899893188346e-01
-8.916702939196125000e-02
4.613223120539591826e-02
1.814314918027535029e-01
3.167307524001111152e-01
4.520300129974682557e-01
5.873292735948258958e-01
7.226285341921829808e-01
8.579277947895406209e-01
9.932270553868981500e-01
1.128526315984254902e+00
1.263825576581612431e+00
1.399124837178970182e+00
1.534424097776327711e+00
1.669723358373685240e+00
1.805022618971042103e+00
1.940321879568399632e+00
2.075621140165757161e+00
2.210920400763114912e+00
2.346219661360471775e+00
2.481518921957829082e+00
2.616818182555186834e+00
2.752117443152544141e+00
2.887416703749901892e+00
3.022715964347258755e+00
3.158015224944616062e+00
3.293314485541973813e+00
3.428613746139331564e+00
3.563913006736688871e+00
3.699212267334045734e+00
3.834511527931403929e+00
3.969810788528760348e+00
4.105110049126118987e+00
4.240409309723475850e+00
4.375708570320832713e+00
4.511007830918190464e+00
4.646307091515547327e+00
4.781606352112904190e+00
4.916905612710262830e+00
5.052204873307619692e+00
5.187504133904976555e+00
5.322803394502334307e+00
5.458102655099691169e+00
5.593401915697049809e+00
5.728701176294406672e+00
5.864000436891763535e+00
5.999299697489122174e+00
6.134598958086478149e+00
6.269898218683836788e+00
6.405197479281193651e+00
6.540496739878550514e+00
6.675796000475909153e+00
6.811095261073266016e+00
6.946394521670623767e+00
7.081693782267980630e+00
7.216993042865337493e+00
7.352292303462696132e+00
7.487591564060052995e+00
7.622890824657409858e+00
7.758190085254767610e+00
7.893489345852124472e+00
8.028788606449483112e+00
8.164087867046839975e+00
8.299387127644196838e+00
8.434686388241555477e+00
8.569985648838912340e+00
8.705284909436270979e+00
8.840584170033627842e+00
8.975883430630982929e+00
9.111182691228341568e+00
9.246481951825698431e+00
9.381781212423057070e+00
9.517080473020413933e+00
9.652379733617770796e+00
9.787678994215129435e+00
9.922978254812486298e+00
1.005827751540984494e+01
1.019357677600720180e+01
1.032887603660455866e+01
1.046417529720191553e+01
1.059947455779927239e+01
1.073477381839662925e+01
1.087007307899398789e+01
1.100537233959134475e+01
1.114067160018870339e+01
1.127597086078606026e+01
1.141127012138341712e+01
1.154656938198077576e+01
1.168186864257813262e+01
1.181716790317549126e+01
1.195246716377284812e+01
1.208776642437020321e+01
1.222306568496756185e+01
1.235836494556491871e+01
1.249366420616227558e+01
1.262896346675963244e+01
1.276426272735699285e+01
1.289956198795434972e+01
1.303486124855170658e+01
1.317016050914906344e+01
1.330545976974642031e+01
1.344075903034378072e+01
1.357605829094113581e+01
1.371135755153849267e+01
1.384665681213584953e+01
1.398195607273320640e+01
1.411725533333056681e+01
1.425255459392792368e+01
1.438785385452528054e+01
1.452315311512263740e+01
1.465845237571999427e+01
1.479375163631735468e+01
1.492905089691471154e+01
1.506435015751206841e+01
1.519964941810942349e+01
1.533494867870678036e+01
1.547024793930414077e+01
1.560554719990149763e+01
1.574084646049885450e+01
1.587614572109621136e+01
1.601144498169356822e+01
1.614674424229092864e+01
1.628204350288828550e+01
1.641734276348564237e+01
1.655264202408299923e+01
1.668794128468035609e+01
1.682324054527771651e+01
1.695853980587507337e+01
1.709383906647243023e+01
1.722913832706978710e+01
1.736443758766714396e+01
1.749973684826450082e+01
1.763503610886185768e+01
1.777033536945921455e+01
1.790563463005657141e+01
1.804093389065392827e+01
1.817623315125128514e+01
1.831153241184864555e+01
1.844683167244600241e+01
1.858213093304335928e+01
1.871743019364071614e+01
1.885272945423807300e+01
1.898802871483543342e+01
1.912332797543279028e+01
1.925862723603014715e+01
1.939392649662750401e+01
1.952922575722486087e+01
1.966452501782222129e+01
1.979982427841957815e+01
1.993512353901693501e+01
2.007042279961429188e+01
2.020572206021164874e+01
2.034102132080900915e+01
2.047632058140636602e+01
2.061161984200372288e+01
2.074691910260107619e+01
2.088221836319843305e+01
2.101751762379579347e+01
2.115281688439315033e+01
2.128811614499050719e+01
2.142341540558786406e+01
2.155871466618522092e+01
2.169401392678258134e+01
2.182931318737993820e+01
2.196461244797729506e+01
2.209991170857465193e+01
2.223521096917200879e+01
2.237051022976936920e+01
2.250580949036672607e+01
2.264110875096408293e+01
2.277640801156143979e+01
2.291170727215879666e+01
2.304700653275615707e+01
2.318230579335351393e+01
2.331760505395087080e+01
2.345290431454822766e+01
2.358820357514558452e+01
2.372350283574294139e+01
2.385880209634029825e+01
2.399410135693765511e+01
