-1.407920857327495279e+00
-1.301522237553259576e+00
-1.195123617779024094e+00
-1.088724998004788391e+00
-9.823263782305526881e-01
-8.759277584563168739e-01
-7.695291386820812818e-01
-6.631305189078455786e-01
-5.567318991336098755e-01
-4.503332793593741723e-01
-3.439346595851384691e-01
-2.375360398109028215e-01
-1.311374200366671461e-01
-2.473880026243149496e-02
8.165981951180416309e-02
1.880584392860398246e-01
2.944570590602754723e-01
4.008556788345111754e-01
5.072542986087470451e-01
6.136529183829825262e-01
7.200515381572183404e-01
8.264501579314538215e-01
9.328487777056896357e-01
1.039247397479925228e+00
1.145646017254160931e+00
1.252044637028396412e+00
1.358443256802632337e+00
1.464841876576867818e+00
1.571240496351103744e+00
1.677639116125339003e+00
1.784037735899574928e+00
1.890436355673810409e+00
1.996834975448046334e+00
2.103233595222282037e+00
2.209632214996517519e+00
2.316030834770753444e+00
2.422429454544989369e+00
2.528828074319224406e+00
2.635226694093460331e+00
2.741625313867696256e+00
2.848023933641932182e+00
2.954422553416167219e+00
3.060821173190402700e+00
3.167219792964638625e+00
3.273618412738874550e+00
3.380017032513109587e+00
3.486415652287345512e+00
3.592814272061581438e+00
3.699212891835817363e+00
3.805611511610052844e+00
3.912010131384287881e+00
4.018408751158524694e+00
4.124807370932759731e+00
4.231205990706996545e+00
4.337604610481231582e+00
4.444003230255466619e+00
4.550401850029703432e+00
4.656800469803938469e+00
4.763199089578173506e+00
4.869597709352409431e+00
4.975996329126644468e+00
5.082394948900881282e+00
5.188793568675116319e+00
5.295192188449351356e+00
5.401590808223588169e+00
5.507989427997823206e+00
5.614388047772060020e+00
5.720786667546295057e+00
5.827185287320530094e+00
5.933583907094766907e+00
6.039982526869001944e+00
6.146381146643236981e+00
6.252779766417473795e+00
6.359178386191708832e+00
6.465577005965943869e+00
6.571975625740180682e+00
6.678374245514415719e+00
6.784772865288650756e+00
6.891171485062887569e+00
6.997570104837122607e+00
7.103968724611358532e+00
7.210367344385593569e+00
7.316765964159828606e+00
7.423164583934065419e+00
7.529563203708300456e+00
7.635961823482537270e+00
7.742360443256772307e+00
7.848759063031007344e+00
7.955157682805244157e+00
8.061556302579479194e+00
8.167954922353715119e+00
8.274353542127951044e+00
8.380752161902185193e+00
8.487150781676422895e+00
8.593549401450657044e+00
8.699948021224892969e+00
8.806346640999128894e+00
8.912745260773364819e+00
9.019143880547600745e+00
9.125542500321836670e+00
9.231941120096070819e+00
9.338339739870308520e+00
9.444738359644542669e+00
9.551136979418778594e+00
9.657535599193014519e+00
9.763934218967250445e+00
9.870332838741486370e+00
9.976731458515722295e+00
1.008313007828995644e+01
1.018952869806419415e+01
1.029592731783842829e+01
1.040232593761266422e+01
1.050872455738690014e+01
1.061512317716113429e+01
1.072152179693537200e+01
1.082792041670960614e+01
1.093431903648384207e+01
1.104071765625807799e+01
1.114711627603231392e+01
1.125351489580654984e+01
1.135991351558078577e+01
1.146631213535501992e+01
1.157271075512925762e+01
1.167910937490349177e+01
1.178550799467772769e+01
1.189190661445196362e+01
1.199830523422619954e+01
1.210470385400043547e+01
1.221110247377467140e+01
1.231750109354890554e+01
1.242389971332314325e+01
1.253029833309737739e+01
1.263669695287161510e+01
1.274309557264584924e+01
1.284949419242008339e+01
1.295589281219432110e+01
1.306229143196855524e+01
1.316869005174279117e+01
1.327508867151702709e+01
1.338148729129126302e+01
1.348788591106549895e+01
1.359428453083973487e+01
1.370068315061396902e+01
1.380708177038820494e+01
1.391348039016244265e+01
1.401987900993667857e+01
1.412627762971091272e+01
1.423267624948514865e+01
1.433907486925938279e+01
1.444547348903362227e+01
1.455187210880785642e+01
1.465827072858209235e+01
1.476466934835632649e+01
1.487106796813056242e+01
1.497746658790479657e+01
1.508386520767903427e+01
1.519026382745327020e+01
1.529666244722750434e+01
1.540306106700174027e+01
1.550945968677597442e+01
1.561585830655021390e+01
1.572225692632444805e+01
1.582865554609868397e+01
1.593505416587291812e+01
1.604145278564715227e+01
1.614785140542139175e+01
1.625425002519562767e+01
1.636064864496986360e+01
1.646704726474409597e+01
1.657344588451833189e+01
1.667984450429257137e+01
1.678624312406680730e+01
1.689264174384103967e+01
1.699904036361527560e+01
1.710543898338951152e+01
1.721183760316374745e+01
1.731823622293798337e+01
1.742463484271221930e+01
1.753103346248645522e+01
1.763743208226068759e+01
1.774383070203492352e+01
1.785022932180916300e+01
1.795662794158339892e+01
1.806302656135763129e+01
1.816942518113186722e+01
1.827582380090610314e+01
1.838222242068034262e+01
1.848862104045457500e+01
1.859501966022881092e+01
1.870141828000304685e+01
1.880781689977728277e+01
1.891421551955151870e+01
1.902061413932575462e+01
1.912701275909999055e+01
1.923341137887422647e+01
1.933980999864845884e+01
1.944620861842269832e+01
1.955260723819693425e+01
1.965900585797116662e+01
1.976540447774540254e+01
