0.000000000000000000e+00
6.208964113778177307e-02
1.241792822755635461e-01
1.862689234133453331e-01
2.483585645511270923e-01
3.104482056889088515e-01
3.725378468266906662e-01
4.346274879644724254e-01
4.967171291022541846e-01
5.588067702400359993e-01
6.208964113778177030e-01
6.829860525155995177e-01
7.411221694326618481e-01
7.992582863497241785e-01
8.573944032667865089e-01
9.155305201838488394e-01
9.736666371009111698e-01
1.031802754017973500e+00
1.089938870935035720e+00
1.148074987852098161e+00
1.206211104769160603e+00
1.264347221686222822e+00
1.322483338603285041e+00
1.380619455520347483e+00
1.438755572437409924e+00
1.496891689354472144e+00
1.555027806271534363e+00
1.613163923188596804e+00
1.671300040105659246e+00
1.729436157022721465e+00
1.729436157022721465e+00
1.795461059857567543e+00
1.861485962692413398e+00
1.927510865527259476e+00
1.993535768362105554e+00
1.993535768362105554e+00
2.052821900805807953e+00
2.112108033249510797e+00
2.171394165693213196e+00
2.230680298136915596e+00
2.289966430580617995e+00
2.349252563024320839e+00
2.408538695468023239e+00
2.467824827911726082e+00
2.527110960355428482e+00
2.586397092799130881e+00
2.645683225242833281e+00
2.711708128077679358e+00
2.777733030912525436e+00
2.843757933747371069e+00
2.909782836582217147e+00
2.969068969025919547e+00
3.028355101469622390e+00
3.087641233913324790e+00
3.146927366357027189e+00
3.206213498800729589e+00
3.265499631244432432e+00
3.324785763688134832e+00
3.384071896131837676e+00
3.443358028575540075e+00
3.502644161019242475e+00
3.561930293462944874e+00
3.561930293462944874e+00
3.617006614752793503e+00
3.672082936042642132e+00
3.727159257332490316e+00
3.782235578622338945e+00
3.837311899912187574e+00
3.892388221202036203e+00
3.947464542491884387e+00
4.002540863781733016e+00
4.057617185071581645e+00
4.112693506361430273e+00
4.167769827651278902e+00
4.222846148941127531e+00
4.277922470230976160e+00
4.332998791520823900e+00
4.388075112810672529e+00
4.443151434100521158e+00
4.498227755390369786e+00
4.553304076680218415e+00
4.608380397970067044e+00
4.660917786625113024e+00
4.713455175280159004e+00
4.765992563935204984e+00
4.818529952590251852e+00
4.871067341245297833e+00
4.923604729900343813e+00
4.976142118555389793e+00
5.028679507210435773e+00
5.081216895865481753e+00
5.133754284520527733e+00
5.186291673175574601e+00
5.238829061830620581e+00
5.291366450485666562e+00
5.291366450485666562e+00
5.357391353320512195e+00
5.423416256155358717e+00
5.489441158990204350e+00
5.555466061825050872e+00
