-4.177726619646414896e+00 -4.177726619646234596e+00 -4.177726619646187523e+00 -1.948749253589208896e-07 -1.072629652526024214e-07 1.448979552527406294e-07
-4.563081196593264721e+00 -4.194496334011841299e+00 -4.194496334011674321e+00 -5.399657970945114238e-01 -5.399657970939613083e-01 3.692313291450596502e+00
-4.395895095736785052e+00 -4.242955909327649877e+00 -4.242955909327495334e+00 -1.071978872894667756e+00 -1.071978872894141732e+00 6.498494350842760170e+00
-4.317862551728364195e+00 -4.317862551728222087e+00 -3.041804844553825049e+00 -1.588240892814444027e+00 -1.588240892813954197e+00 8.946141680839017951e+00
-4.411388328663914393e+00 -4.411388328663778502e+00 -2.081254304512177633e+00 -2.081254304511731767e+00 2.912148263116340452e+00 1.116652677478706579e+01
-4.514174073220200256e+00 -4.514174073220058148e+00 -2.543950091816707282e+00 -2.543950091816308046e+00 5.664765435038964014e+00 1.318098178761849937e+01
-4.616378074058054892e+00 -4.616378074057883474e+00 -2.969778897746274016e+00 -2.969778897745916524e+00 7.705324416962553435e+00 1.498082877462651830e+01
-4.708590397393925819e+00 -4.708590397393700222e+00 -3.352729229279951095e+00 -3.352729229279603373e+00 9.376852239440028214e+00 1.654815107650397721e+01
-4.782649465772969677e+00 -4.782649465772692565e+00 -3.687189182765812312e+00 -3.687189182765472140e+00 1.073927630163207958e+01 1.786310519169133926e+01
-4.832601152113546128e+00 -4.832601152113219278e+00 -3.967440787667937840e+00 -3.967440787667595892e+00 1.180397005592820925e+01 1.890713957604614492e+01
-4.856392829300752112e+00 -4.856392829300382630e+00 -4.186251495475634243e+00 -4.186251495475273643e+00 1.256937177130497929e+01 1.966466039447778513e+01
-4.859281194418030303e+00 -4.859281194417634175e+00 -4.331638277117711766e+00 -4.331638277117359159e+00 1.303104966188121772e+01 2.012398537975765223e+01
-4.856502656353949732e+00 -4.856502656353544722e+00 -4.384295689003163687e+00 -4.384295689002802199e+00 1.318538832464078325e+01 2.027790533382484384e+01
-4.873800983232033701e+00 -4.840384190226746597e+00 -4.416045602226524203e+00 -3.955949218203481443e+00 1.316950881745275836e+01 2.014571918925246408e+01
-4.924168846906142427e+00 -4.575077823689177592e+00 -4.507840742729741557e+00 -2.704032674196425567e+00 1.312479599216981185e+01 1.975421798184857280e+01
-5.003255447072362472e+00 -4.650124929290546660e+00 -3.949404044880849618e+00 2.063073298167592551e+00 1.305991194447449999e+01 1.911920912599840960e+01
-5.104505967962208679e+00 -4.829243083098786471e+00 -2.844551781812072466e+00 4.244563514261394666e+00 1.298871749517711471e+01 1.826950177502709138e+01
-5.220000530030301178e+00 -5.029735127257337624e+00 7.790221030797090940e-01 5.711932941467204650e+00 1.292867844825373602e+01 1.725200842743967300e+01
-5.341381083862758672e+00 -5.236136098537468087e+00 3.066152892195271651e+00 6.801665236795626512e+00 1.289710636725448367e+01 1.614227692332986663e+01
-5.462076085477567844e+00 -5.432681667784256874e+00 4.155506645585406389e+00 7.513721185923584400e+00 1.290405140642803339e+01 1.506288292904972970e+01
-5.616492842707774713e+00 -5.565283862131492398e+00 4.842009966979659907e+00 7.765382004249340220e+00 1.294196128934638779e+01 1.419499555714530104e+01
-5.764880440215939927e+00 -5.657284934865401738e+00 5.243839322591576035e+00 7.518272267142526388e+00 1.298041381147583984e+01 1.370647484850924691e+01
-5.876635300090256031e+00 -5.726433166115368678e+00 5.395049697132868083e+00 6.976110551442658014e+00 1.300352426455564903e+01 1.356592090000117423e+01
-5.945864331748120790e+00 -5.769423611961238763e+00 5.304037936077804716e+00 6.552350173030184521e+00 1.302881463751880453e+01 1.356914028388042581e+01
-5.969298610865767962e+00 -5.784008437531857005e+00 5.194472700324849868e+00 6.431119875694363941e+00 1.304196978927124206e+01 1.358196348859025449e+01
-5.948739375309713751e+00 -5.770666025794396248e+00 5.414158376124397876e+00 6.440197101585800610e+00 1.300575896155708833e+01 1.359184797149344526e+01
-5.888771637967121109e+00 -5.729366012045480794e+00 5.976951376468049304e+00 6.474306260803160740e+00 1.289080766696528002e+01 1.362551265331065053e+01
-5.796611496369009409e+00 -5.654195474489169371e+00 6.549523229539308211e+00 6.676331930167779483e+00 1.268018187993706114e+01 1.369344760300864827e+01
-5.688607730504601001e+00 -5.530951311091954814e+00 6.680064631792224539e+00 7.315261296645858557e+00 1.235129328843112795e+01 1.380588702063023199e+01
-5.577527402238861676e+00 -5.349820836531081980e+00 6.866813333153245935e+00 7.756880411676234210e+00 1.188157891115931264e+01 1.395781455647068015e+01
-5.461170841890902850e+00 -5.116729450526944056e+00 7.090578582357165871e+00 7.934906159309462303e+00 1.125361443985113574e+01 1.411238291724821181e+01
-5.336597161139204459e+00 -4.839081382043307400e+00 7.309232213158442626e+00 7.842009189952531045e+00 1.046131680179270518e+01 1.420142706573735580e+01
-5.204158850329906549e+00 -4.521700349336393643e+00 7.442561399162071822e+00 7.500702212142035030e+00 9.530418093595400819e+00 1.414698240747770441e+01
-5.065878254929818247e+00 -4.168438638270885122e+00 6.935952566686269805e+00 7.253152487171360185e+00 8.640038372854192517e+00 1.388357443533427116e+01
-4.924610314757707386e+00 -3.783005088925878834e+00 6.160388272623888994e+00 6.255595674792984617e+00 8.206037901143995228e+00 1.336780487984867882e+01
-4.783788205603548782e+00 -3.369201881112499297e+00 4.581457356648814816e+00 5.164363748457695635e+00 7.973952613189840832e+00 1.257841933341457974e+01
-4.647362153901013926e+00 -2.930937110104199661e+00 2.003624150538891424e+00 3.888332366881622981e+00 7.645442667539068538e+00 1.151304127894047546e+01
-4.519760534326376700e+00 -3.120000649529671488e+00 -2.472153199314906846e+00 2.032863210978403057e+00 7.135945127997714188e+00 1.018427779086824536e+01
-4.405780675592547269e+00 -4.383832536352161746e+00 -2.335992476975460086e+00 -1.996729890678490049e+00 6.406541503668555571e+00 8.615132156083147308e+00
-4.895898382198437204e+00 -4.310350879737046448e+00 -3.581017402195151078e+00 -1.508394839588488079e+00 5.423555597393206362e+00 6.831505561703533402e+00
-4.909105701520612541e+00 -4.238141974900626607e+00 -4.147035590764973634e+00 -1.010664668236498587e+00 4.133752008311962101e+00 4.845149123135034763e+00
-4.538799234665220617e+00 -4.264361619123258507e+00 -4.193061320754246424e+00 -5.068314801673168279e-01 2.408010885168789805e+00 2.609240364108814436e+00
-4.177726619646414896e+00 -4.177726619646234596e+00 -4.177726619646187523e+00 -1.948749253589208896e-07 -1.072629652526024214e-07 1.448979552527406294e-07
-4.408751798102087172e+00 -4.408751798101935293e+00 -4.132473571385924416e+00 1.868029933494188555e+00 1.868029933494516737e+00 2.067880397510443391e+00
-4.719717927184628792e+00 -4.719717927184564843e+00 -3.936251708350801071e+00 3.278713294959628932e+00 3.278713294959886504e+00 4.020719267303212163e+00
-4.811937091017056467e+00 -4.811937091016951662e+00 -3.523356150530081887e+00 4.323424743776855372e+00 4.323424743777065871e+00 5.830625176822708866e+00
-4.599109208827276696e+00 -4.599109208827036888e+00 -2.830271720960242376e+00 5.096614735256160600e+00 5.096614735256350670e+00 7.472625584918562325e+00
-4.010397062306092053e+00 -4.010397062305658622e+00 -1.608749149222158614e+00 5.648795111404641744e+00 5.648795111404837144e+00 8.914477229592876029e+00
-2.861613668015094536e+00 -2.861613668014282297e+00 1.872889198931184218e+00 6.016344696631144018e+00 6.016344696631367839e+00 1.012840297089437591e+01
1.407285761594121887e+00 1.407285761596108076e+00 3.146839831146778454e+00 6.236010766519708426e+00 6.236010766519973991e+00 1.109735142035746769e+01
3.691133898425615900e+00 3.691133898426449012e+00 4.025393036654598689e+00 6.353566521808231116e+00 6.353566521808539314e+00 1.181782665451084213e+01
4.692972020200588901e+00 5.057631477835460743e+00 5.057631477836041611e+00 6.442368413234859759e+00 6.442368413235220359e+00 1.230102275916036447e+01
5.198496265447117182e+00 5.907408682611264616e+00 5.907408682611616335e+00 6.714188051553729331e+00 6.714188051554219605e+00 1.257248711096116445e+01
5.566077648800057176e+00 6.182136646315917972e+00 6.182136646316215511e+00 7.376269920814865877e+00 7.376269920815354375e+00 1.266984019410567264e+01
5.820068909377360100e+00 6.329031378535811214e+00 6.329031378536075003e+00 8.063357771733185686e+00 8.063357771733585366e+00 1.263796328460382057e+01
5.996873366256263438e+00 6.524822486501644647e+00 6.524822486501859586e+00 8.649927936321272881e+00 8.649927936321583744e+00 1.252183373019581936e+01
6.149189741875802362e+00 6.797797080149462268e+00 6.797797080149646121e+00 9.134696546331959155e+00 9.134696546332193634e+00 1.235891654095926562e+01
6.339199917127905870e+00 7.141044747522728109e+00 7.141044747522912850e+00 9.531802045128277001e+00 9.531802045128445755e+00 1.217431149768190757e+01
6.620141845691515314e+00 7.534442551091277807e+00 7.534442551091498075e+00 9.854913011469765394e+00 9.854913011469884410e+00 1.198062223418164685e+01
7.015987105786873457e+00 7.955206333758148673e+00 7.955206333758410686e+00 1.011258119459402849e+01 1.011258119459412086e+01 1.178137130055898218e+01
7.513893709411838095e+00 8.383348468870977399e+00 8.383348468871270498e+00 1.030679666851195897e+01 1.030679666851203891e+01 1.157501955724071507e+01
8.073813026622342903e+00 8.802764699451177677e+00 8.802764699451474328e+00 1.043411099263700059e+01 1.043411099263708586e+01 1.135755606521053451e+01
8.645852890453804562e+00 9.199557623349111424e+00 9.199557623349386759e+00 1.048875834171549215e+01 1.048875834171560761e+01 1.112355021819619516e+01
9.183735258691978487e+00 9.559353989659062023e+00 9.559353989659296502e+00 1.046686927848168658e+01 1.046686927848185178e+01 1.086747778040463608e+01
9.643308581822360281e+00 9.861948502163022212e+00 9.861948502163182084e+00 1.037365770474004734e+01 1.037365770474032090e+01 1.059348220582192468e+01
9.889781259923218215e+00 1.002703488152743105e+01 1.002703488152762112e+01 1.027952192222624817e+01 1.027952192222669936e+01 1.041163897260044990e+01
9.683444902106089103e+00 9.787880186186223241e+00 9.987005455433733303e+00 1.023046208888314368e+01 1.048363290602755171e+01 1.055956306369862219e+01
9.286558817368129937e+00 9.419132564085238357e+00 9.867406090183582279e+00 1.008362235493057391e+01 1.073521499299353188e+01 1.080114420628854788e+01
8.824157420774094263e+00 8.995826801948764384e+00 9.669343953620318288e+00 9.840304447750913397e+00 1.095677446904406871e+01 1.103706041248726066e+01
8.321272186604742771e+00 8.529242839775655227e+00 9.392145836794624003e+00 9.504933074372972968e+00 1.115255126800643559e+01 1.126368940613838987e+01
7.779485126187140054e+00 8.039714708096660445e+00 9.015813395050919610e+00 9.102180645034055217e+00 1.133633545008109067e+01 1.149199509514287953e+01
7.181967513234159384e+00 7.558257505914160568e+00 8.502984226790008648e+00 8.674353451881392729e+00 1.152196843856329522e+01 1.174293639750795037e+01
6.511246765214385057e+00 7.102706548266572106e+00 7.880133153898183807e+00 8.199194732668916075e+00 1.171082235821154960e+01 1.205479837243942676e+01
5.756971799361441100e+00 6.664018867381392042e+00 7.158919245391548003e+00 7.666948666781616240e+00 1.189453178506199293e+01 1.247298719784266829e+01
4.902894373963269992e+00 6.216867848968038679e+00 6.337048458944410712e+00 7.076698855775405583e+00 1.206878002596417154e+01 1.302602883192400363e+01
3.910158095017421509e+00 5.402368845185764989e+00 5.730467344180694589e+00 6.426533391171856735e+00 1.223382113067741983e+01 1.371657356913124381e+01
2.662809161039917605e+00 4.321144051926882668e+00 5.174573336024109516e+00 5.710570772746160984e+00 1.239037387435396198e+01 1.452380567991057170e+01
-6.132659384471913500e-01 2.987178140067030974e+00 4.518871740089433153e+00 4.915109624796936139e+00 1.253824441292394809e+01 1.541013140269270387e+01
-2.636592314648066093e+00 4.445146287607520952e-01 3.722481376940275144e+00 4.009244917433646194e+00 1.267621574589739453e+01 1.632947525945027678e+01
-3.537158322441980030e+00 -2.701802739424532973e+00 2.694623376291460648e+00 2.911352753714982811e+00 1.280228355814059249e+01 1.723422990570992752e+01
-4.119861422962689090e+00 -3.663804060706812304e+00 9.260894513137837292e-01 1.214892363907987383e+00 1.291402379334192396e+01 1.807971889045858305e+01
-4.505302238417724148e+00 -4.253293648545217742e+00 -2.260188765837751301e+00 -2.193823336209272057e+00 1.300898497945445520e+01 1.882660214283089672e+01
-4.741968548636768865e+00 -4.613304258758917697e+00 -3.224132044509086636e+00 -3.204057572019173072e+00 1.308500977601914173e+01 1.944203591034597878e+01
-4.856606003691431361e+00 -4.801927995509934100e+00 -3.842654994872683361e+00 -3.837475589116987607e+00 1.314042537197187599e+01 1.990020149857982901e+01
-4.874455985246031631e+00 -4.860237554371943602e+00 -4.234064702943830305e+00 -4.234046454729857523e+00 1.317409700233528902e+01 2.018254729015427174e+01
-4.856502656353949732e+00 -4.856502656353544722e+00 -4.384295689003163687e+00 -4.384295689002802199e+00 1.318538832464078325e+01 2.027790533382484384e+01
-5.969298610865767962e+00 -5.784008437531857005e+00 5.194472700324849868e+00 6.431119875694363941e+00 1.304196978927124206e+01 1.358196348859025449e+01
-5.815116402726772549e+00 -5.592245313489716096e+00 5.266278200345282379e+00 6.467830713838756296e+00 1.302087858561584000e+01 1.355152218057001967e+01
-5.324011494708361880e+00 -4.998087131751415946e+00 5.472958279690789851e+00 6.575918985082256363e+00 1.295798335329731188e+01 1.346121416674926863e+01
-4.403320651100895766e+00 -3.885123032014700328e+00 5.791589988265406497e+00 6.749628445493278228e+00 1.285440026717175499e+01 1.331404759522777681e+01
-2.722016682973000368e+00 -1.499596332850757330e+00 6.192392322899507917e+00 6.980474039213380166e+00 1.271192740668889165e+01 1.311489908296992546e+01
2.629119824739353906e+00 3.576420197220983255e+00 6.645572576714751989e+00 7.258487710344049937e+00 1.253295512853755156e+01 1.287029138996195066e+01
4.768284936326783630e+00 5.398957087912022779e+00 7.125475835334833086e+00 7.573380263540747670e+00 1.232034877804118089e+01 1.258805178766990984e+01
6.254397457319181619e+00 6.773333317686039301e+00 7.612629182400590722e+00 7.915407955261386519e+00 1.207731396369784704e+01 1.227683228048074326e+01
7.418032813531671543e+00 7.872919281033248673e+00 8.097468053128812571e+00 8.275883597802742742e+00 1.180726136261850812e+01 1.194549508157470186e+01
8.316331980395545997e+00 8.575007815873757266e+00 8.647359328840456882e+00 8.762884589155982340e+00 1.151370221681851547e+01 1.160243847783230642e+01
8.902553050114699218e+00 9.023500917116411557e+00 9.135545007114123095e+00 9.437682743049673917e+00 1.120025085087997851e+01 1.125515637754839737e+01
9.324952008682036109e+00 9.398443399306550816e+00 9.621806860443784970e+00 9.917898911603536760e+00 1.087103936576678720e+01 1.091122341499111137e+01
9.686635624605717254e+00 9.763291927879512500e+00 9.922744843806786008e+00 1.020229026808802786e+01 1.053395916792415932e+01 1.058857136324832737e+01
9.889781259923218215e+00 1.002703488152743105e+01 1.002703488152762112e+01 1.027952192222624817e+01 1.027952192222669936e+01 1.041163897260044990e+01
