-1.018032595421025080e-03 -7.926342856645323537e-04 4.051300825160773175e-08 2.979179542975419981e+00 3.108382077459918236e+00 3.602450422522834206e+00 4.389301133615233219e+00 4.513709902168709043e+00 4.756739596007502513e+00 4.897447067317362901e+00 5.307559206404691032e+00 5.981103819869392879e+00 6.291772853048453129e+00 7.395709456328408926e+00 7.845287861827507037e+00 7.923151289390063745e+00 8.494308268238599524e+00 9.185830495031289900e+00 9.809507461735563538e+00 9.883797316378093001e+00 1.119284151389887150e+01 1.225235937721555501e+01 1.256666015345938803e+01 1.281235886378324906e+01 1.299518360739319611e+01 1.317954930757849930e+01 1.410210356598038750e+01 1.459181151178110625e+01 1.560555865404131737e+01 1.585701453695481256e+01 1.699608739959452919e+01 1.766671258355552609e+01 1.833558452964188490e+01 1.919374880863952981e+01 2.008525318904308321e+01 2.282707138436492400e+01
-1.010751697736474775e+00 4.185869820620757853e-01 4.201159592329066772e-01 2.987733319553245614e+00 3.111109077648503973e+00 3.639092651702213743e+00 4.394885037967406483e+00 4.512939950024350111e+00 4.680249607611602691e+00 4.864239451995007180e+00 5.314469489144860503e+00 6.262931520304120703e+00 6.366133854080802124e+00 7.426450234034714271e+00 7.837850619019864240e+00 7.903930956782504680e+00 8.432174621268778480e+00 9.180076253816606524e+00 9.807230175293687680e+00 9.892601084509667686e+00 1.114457889869018459e+01 1.224611990476287637e+01 1.252986538129973937e+01 1.284799578283861976e+01 1.322468690222117438e+01 1.328856876845346058e+01 1.434689577569564634e+01 1.464156707374098332e+01 1.561266987183636523e+01 1.585356877354335836e+01 1.698974764793898373e+01 1.761793760765961636e+01 1.813833221314860822e+01 1.933981779173513260e+01 2.011050844138325289e+01 2.281307357324289953e+01
-1.244803802890302125e+00 8.262960395470905217e-01 8.342746078892777639e-01 3.010967019893771024e+00 3.115844544591798382e+00 3.741983183245070954e+00 4.412570993401324415e+00 4.513698043598282972e+00 4.646964958609856922e+00 4.774176556290040452e+00 5.329991622588976519e+00 6.194162417051298775e+00 6.903848585285297546e+00 7.575286502252712495e+00 7.798711412441751811e+00 7.848814982640615945e+00 8.256284264878512857e+00 9.179769469584435626e+00 9.801230779103626389e+00 9.925660226965360877e+00 1.107088480579198375e+01 1.224627562567505024e+01 1.243529489329320370e+01 1.294676725548635687e+01 1.333962221161546324e+01 1.362649989102590986e+01 1.448857839589141250e+01 1.559820909815587875e+01 1.568818045876046874e+01 1.583955339784329475e+01 1.701352840346148909e+01 1.748317396982663752e+01 1.772730477973746233e+01 1.960336306275387841e+01 2.017734974184495300e+01 2.277256334282726513e+01
7.475298569836322793e-01 1.220455720600135630e+00 1.235033741324901957e+00 3.041646290121834184e+00 3.114087037414333903e+00 3.889158655154897115e+00 4.446970265225776764e+00 4.527665095651133065e+00 4.646045472825285572e+00 4.691236032594896521e+00 5.348466786378122784e+00 6.081892224446120210e+00 7.137311585974616790e+00 7.692726433791224672e+00 7.755482945190547817e+00 7.938896725026023837e+00 7.993337317552962062e+00 9.220055893830927829e+00 9.793202187869180619e+00 9.970770696435550917e+00 1.103383117187749285e+01 1.228887747842026279e+01 1.230590473830620191e+01 1.308915523091797262e+01 1.348464707040676380e+01 1.381445972232767261e+01 1.445654400592053079e+01 1.565437557458483120e+01 1.579994633886032496e+01 1.662796995415210688e+01 1.725234089330271559e+01 1.729000071486274592e+01 1.790477583636783976e+01 1.985682838550741991e+01 2.026575230342411515e+01 2.271016835828960367e+01
1.568236608017611777e+00 1.613702680728781313e+00 2.223365610009281568e+00 3.067658266805740830e+00 3.094521317087080448e+00 4.037797422400838165e+00 4.499449871844911186e+00 4.505836024400259099e+00 4.584448383658969561e+00 4.769067726149980757e+00 5.371573469761526276e+00 5.936911326726897364e+00 7.204209889074400408e+00 7.505102093598716273e+00 7.647428082327974330e+00 7.676697449600646372e+00 8.348546658710025881e+00 9.314981324525907880e+00 9.784541262814562046e+00 9.984545947203011806e+00 1.106345418986878926e+01 1.216054139643150300e+01 1.240484602600512609e+01 1.325317503169574707e+01 1.362578669798009123e+01 1.396193522128010223e+01 1.441872478589819373e+01 1.568769092937683141e+01 1.569058089009396006e+01 1.661424089916516778e+01 1.679821880699881831e+01 1.706981585795991663e+01 1.990841250179243005e+01 2.007203819867855188e+01 2.035571354035893066e+01 2.263438783020547618e+01
1.898746613192398680e+00 1.962072808311143834e+00 3.036127198129233928e+00 3.071681116846475934e+00 3.215917944709336673e+00 4.130457147374039018e+00 4.356845749289075975e+00 4.595471060879924963e+00 4.726579380254690932e+00 4.847950529540054454e+00 5.403653759680447699e+00 5.768212419334636465e+00 7.226146142157020336e+00 7.259963097639993812e+00 7.340926775858090281e+00 7.526206466230690673e+00 8.725548489875212255e+00 9.440898032290251152e+00 9.775594499817893634e+00 9.937600761146756057e+00 1.116521088683234986e+01 1.201150781352703589e+01 1.261650371699484552e+01 1.341961748084400163e+01 1.373906647018692162e+01 1.409057835127784841e+01 1.439175916817589851e+01 1.541894596242412341e+01 1.573114817713618407e+01 1.648126707656988899e+01 1.649270439531382593e+01 1.685087522061528631e+01 2.024332422486758531e+01 2.043241976167852059e+01 2.179192832122830481e+01 2.256518560022423969e+01
2.190886423135137928e+00 2.273838169621248628e+00 2.953943936336142606e+00 3.032424769005101162e+00 3.933411446028840963e+00 4.156952746660800280e+00 4.242356798317183042e+00 4.719930377167200319e+00 4.901480743244832183e+00 4.947468782039254442e+00 5.440419153618154979e+00 5.582772134327807834e+00 7.002142250702749315e+00 7.026733517779501170e+00 7.230050681565678872e+00 7.410470971328137146e+00 9.050143921069166097e+00 9.561615877298363486e+00 9.764714993709134205e+00 9.842292977891178296e+00 1.130696575378493307e+01 1.186603681977780589e+01 1.293534162904736107e+01 1.357270757400508998e+01 1.380851949417946223e+01 1.419809442147257528e+01 1.437872362974948359e+01 1.495872400778052302e+01 1.579453253714531158e+01 1.633979491924212724e+01 1.635237333279044236e+01 1.665581036965174633e+01 2.037070786067740968e+01 2.048618496463560135e+01 2.245886965137578883e+01 2.332211511608894483e+01
2.443539926202547452e+00 2.544044945247109446e+00 2.825686929871962239e+00 2.932060641730824369e+00 4.152599565618181998e+00 4.174047117155506470e+00 4.398126872905911533e+00 4.869102612191584356e+00 4.934052182156220212e+00 5.186836287747406793e+00 5.381466513276410346e+00 5.451044552234408869e+00 6.777446078196619261e+00 6.802592249624783705e+00 7.227197659396576768e+00 7.322691295932038713e+00 9.305867260722406442e+00 9.653538202830896253e+00 9.724566820331945749e+00 9.747265457088097662e+00 1.145308346794480769e+01 1.172733316798021619e+01 1.335673719981997465e+01 1.369871663189324451e+01 1.382544318527004990e+01 1.427517966640543534e+01 1.437281555475811601e+01 1.441183174428504365e+01 1.588850994001719918e+01 1.617665888082757775e+01 1.633937142879991100e+01 1.650038245986242913e+01 2.045596572865940033e+01 2.051080978313428815e+01 2.241673066037950690e+01 2.426416898952712486e+01
2.654079887769496882e+00 2.656721464797682231e+00 2.763451177585165119e+00 2.769691114686059663e+00 4.146764697658017695e+00 4.153308968121826261e+00 4.563438181910485447e+00 4.879198428051966907e+00 5.093327731181507723e+00 5.199507580540624119e+00 5.364474596975045806e+00 5.382917093117532303e+00 6.685661286626292998e+00 6.716406380524654551e+00 7.225959207427418818e+00 7.288374525467929743e+00 9.438090371955075497e+00 9.639077775124301084e+00 9.705050237004076763e+00 9.721660974635708996e+00 1.157830340065817154e+01 1.160549695777953794e+01 1.377970473824586328e+01 1.378252128273014776e+01 1.386390467996007025e+01 1.386895059205802205e+01 1.430632673233212593e+01 1.436860556158459623e+01 1.599895195879930654e+01 1.604024433204696720e+01 1.639240163306159914e+01 1.639404947184018368e+01 2.049921600238503316e+01 2.050434900374500202e+01 2.239970677020037826e+01 2.458830239742069423e+01
2.573525968076812553e+00 2.634231723837493711e+00 2.785132244709334959e+00 2.790720579125596235e+00 4.104576842662726044e+00 4.117456174446038730e+00 4.470328842292824234e+00 4.750136126959580984e+00 5.201558615879653402e+00 5.325699078429569688e+00 5.388457695451839058e+00 5.412373710674023286e+00 6.712198774789392530e+00 6.735404419141411303e+00 7.224329590928145528e+00 7.365747110876246673e+00 9.473291443015989799e+00 9.658758636037985568e+00 9.671724965887348091e+00 9.686491693586777529e+00 1.149235688699477542e+01 1.158419592275308396e+01 1.376475431755438628e+01 1.377255616365238033e+01 1.385560860724450016e+01 1.386208658030890284e+01 1.431766805597982462e+01 1.437852069452481985e+01 1.597555677430920440e+01 1.599637819539471906e+01 1.637136082686990690e+01 1.642335570349152363e+01 2.050710598481201785e+01 2.052475314105359416e+01 2.236254294822161626e+01 2.442936086842231802e+01
2.344585738524579632e+00 2.567568136979625937e+00 2.825432185694442655e+00 2.835613559884502255e+00 3.984022838853257031e+00 4.013508214260947504e+00 4.311141528139228463e+00 4.558672889351606194e+00 5.396337371153527407e+00 5.473439535743199080e+00 5.501759758982324833e+00 5.543805028274550573e+00 6.778939246174964239e+00 6.793333243023594648e+00 7.247498030126948265e+00 7.472460567507336116e+00 9.545300207752967836e+00 9.562316712241923256e+00 9.582750563163722646e+00 9.760917612347865813e+00 1.126456119590405969e+01 1.150939064883638885e+01 1.369368039023092365e+01 1.370588275988878912e+01 1.387686635730599782e+01 1.389018442540990428e+01 1.435051539709994728e+01 1.440733110639406611e+01 1.584450766931588639e+01 1.596067764640631204e+01 1.632455498660594273e+01 1.642638527941234727e+01 2.053855032673219583e+01 2.057251848041648401e+01 2.226495853047998352e+01 2.400316654265895622e+01
1.998829861865763613e+00 2.454146459093311972e+00 2.839231377285987623e+00 2.855825347395062330e+00 3.841451768148870904e+00 3.871222734033390456e+00 4.187213070629802303e+00 4.393237286029673783e+00 5.589897659549719400e+00 5.626607508328335783e+00 5.648030633431523562e+00 5.749354330821189407e+00 6.862671240089163405e+00 6.875233047931465613e+00 7.245402244585238627e+00 7.502438470953762817e+00 9.411203017327828491e+00 9.447351177522884669e+00 9.642089290064175700e+00 9.862961309365534390e+00 1.099105232153275225e+01 1.137645746490284715e+01 1.356511082749521435e+01 1.357308860117821503e+01 1.395460824388054810e+01 1.398015061145155968e+01 1.440149010324502044e+01 1.444250625295367030e+01 1.568768516473932806e+01 1.589539429607084564e+01 1.620879264570951506e+01 1.632722660189766728e+01 2.060119258491906535e+01 2.064451743193367506e+01 2.213824589091109374e+01 2.344538941054202752e+01
1.634032828368270129e+00 2.310767640112870058e+00 2.755920853390187109e+00 2.771529031910673346e+00 3.757884717823620324e+00 3.777581784202057147e+00 4.113370560696783862e+00 4.256271696678051164e+00 5.765652735448592026e+00 5.794425016740990309e+00 5.810811347515647540e+00 5.925524106051272000e+00 6.936507393797682219e+00 6.959638394676932016e+00 7.191494824083611626e+00 7.431560993629666712e+00 9.303910217921755432e+00 9.325008868991144340e+00 9.612115468174005528e+00 9.894233414529988835e+00 1.083815101878059650e+01 1.126158146039181318e+01 1.335620507874647878e+01 1.336491751764411795e+01 1.408130865442051949e+01 1.410719604604352106e+01 1.444593478302730460e+01 1.448502550380883847e+01 1.553763815078271904e+01 1.580166531018835663e+01 1.601426170999729592e+01 1.607328827316829489e+01 2.072390914026718889e+01 2.076257514302839979e+01 2.200243087408529519e+01 2.291081204592287079e+01
1.421610979698495258e+00 2.175924529333951085e+00 2.526715942898839273e+00 2.566493606199103716e+00 3.762592727800448511e+00 3.785274120462073011e+00 4.063194550760911739e+00 4.134244941219158420e+00 5.908542070936614543e+00 5.933823904386779091e+00 5.956652131623497937e+00 6.060602060074000264e+00 6.981047631983337887e+00 7.027809794321634662e+00 7.111015073241620854e+00 7.301194968760649218e+00 9.230475558779691170e+00 9.263988490653702002e+00 9.449331379373974826e+00 9.770928972226979425e+00 1.093615919136482617e+01 1.132012843073639630e+01 1.300479339969137627e+01 1.304892773125286709e+01 1.419950450900729244e+01 1.424615110929726391e+01 1.445292887251764036e+01 1.454367907096185952e+01 1.540974349079666261e+01 1.565243771059319577e+01 1.576386058408970570e+01 1.580874725021951654e+01 2.090686426261507336e+01 2.098599866463823815e+01 2.184702790303471431e+01 2.247448027336544385e+01
1.483961372418109548e+00 2.087339895670240697e+00 2.205609772187026252e+00 2.334628884824009099e+00 3.815271799513335615e+00 3.849407803782996851e+00 4.004119002063984745e+00 4.027548728014266111e+00 5.991398612157484926e+00 6.033034561275044894e+00 6.066474277280893723e+00 6.142788854905943730e+00 6.983775759202199396e+00 7.052408528328565573e+00 7.070280263978504287e+00 7.184910758502268457e+00 9.154260896315420837e+00 9.241694532120689587e+00 9.333456217016864898e+00 9.571580160093985157e+00 1.126565646639438967e+01 1.158692163846801471e+01 1.250280259952100437e+01 1.262032859796338791e+01 1.427384913028612523e+01 1.434662861640057940e+01 1.446183526274695019e+01 1.456791243868038599e+01 1.530103164029471152e+01 1.542982275680340365e+01 1.563306418380491536e+01 1.568253852731771048e+01 2.113868781877367198e+01 2.129579886930323340e+01 2.165238999204079207e+01 2.211740091534310437e+01
1.650158883812297139e+00 1.971035206924510730e+00 2.061263164607562537e+00 2.222835369397904159e+00 3.856513366761769923e+00 3.911672388462595240e+00 3.950552815369181126e+00 3.964032180778453540e+00 6.017241490748419075e+00 6.071001537523799563e+00 6.115022474342290515e+00 6.163082736764082803e+00 6.967857082859713280e+00 7.039984917052454882e+00 7.085235769211270629e+00 7.140233953649588905e+00 9.098668661910172872e+00 9.215511135183186653e+00 9.367016622707390994e+00 9.453590693969264436e+00 1.162574374356453255e+01 1.180331398356392114e+01 1.218399979871913885e+01 1.223253221064040375e+01 1.430899557340372397e+01 1.435305994095641502e+01 1.451293241444074056e+01 1.454069450325546597e+01 1.524060825578147238e+01 1.536798168532420306e+01 1.558280331564511023e+01 1.565180139946050630e+01 2.136286106738264223e+01 2.142245068789244300e+01 2.154640201380114206e+01 2.189167263401564156e+01
1.780167117893267870e+00 1.992981621033866668e+00 2.133775994166152934e+00 2.245420049864250700e+00 3.610461471652794962e+00 3.695426226402124925e+00 4.153040181619345184e+00 4.197805477441574951e+00 5.908724630734588423e+00 5.972636079877762683e+00 6.193564970317140705e+00 6.242404994119240769e+00 6.843913336123009117e+00 6.930259921403306933e+00 7.244293611589575299e+00 7.290670657478996119e+00 8.820148114789205351e+00 9.084664111952413634e+00 9.593200616088953581e+00 9.673059156882185761e+00 1.168992176270380057e+01 1.184565350729297251e+01 1.218129276023502428e+01 1.228788277516091121e+01 1.426567082488714711e+01 1.437537580427272843e+01 1.449140400477778279e+01 1.453919958568064352e+01 1.511296250953961362e+01 1.530308381647401639e+01 1.577123370383434064e+01 1.583111349135682744e+01 2.130456507324870685e+01 2.147358015173406542e+01 2.152845396167456116e+01 2.184796214586271645e+01
1.926265518626114615e+00 2.098694697818532351e+00 2.298083417548312912e+00 2.361798251689905648e+00 3.342309681778967700e+00 3.441813665580025106e+00 4.385374227640900457e+00 4.412462828537798920e+00 5.766451119357117960e+00 5.807735334954535311e+00 6.249170881019233015e+00 6.311952736142522724e+00 6.767937397694629098e+00 6.855306915025273007e+00 7.463552563224335579e+00 7.476888747591194928e+00 8.526146486839449423e+00 8.844144360427298679e+00 9.883320586108794714e+00 9.965317524055903320e+00 1.187124063862651902e+01 1.196541387200952578e+01 1.223628282253776511e+01 1.239982737448795724e+01 1.418128201910691821e+01 1.440157568794179888e+01 1.444476815710711826e+01 1.455300278385372081e+01 1.499388392901889411e+01 1.521785307825470568e+01 1.613616312805852715e+01 1.614402492195671712e+01 2.118683847579692880e+01 2.148986740925946037e+01 2.155722130988823437e+01 2.174589714837125243e+01
1.987878595048753860e+00 2.137649531361078381e+00 2.500454635008380944e+00 2.567273876078254968e+00 3.108934148085406246e+00 3.209681233772713860e+00 4.568890269831452855e+00 4.588186497925685892e+00 5.592698287117585210e+00 5.649199357683928113e+00 6.238971317493399837e+00 6.350386207561970586e+00 6.770520736017296315e+00 6.899660508192065222e+00 7.648174881261088132e+00 7.658786109276231713e+00 8.282174276987646522e+00 8.595698355032364901e+00 1.010771820465993720e+01 1.018214513639684959e+01 1.204694851789351162e+01 1.219952469399717288e+01 1.237695827992530084e+01 1.253831256815318085e+01 1.409428543837215386e+01 1.438110839976544675e+01 1.441375951683589030e+01 1.463098195383263445e+01 1.492926180660229285e+01 1.520148760943548538e+01 1.649290500703296658e+01 1.651690074094736005e+01 2.102245349221785986e+01 2.148354249599863053e+01 2.156102380337650359e+01 2.172227411782818507e+01
2.022683437516117344e+00 2.154656966439021826e+00 2.601545551669099954e+00 2.694305422739824873e+00 2.965920026317972802e+00 3.059254542397589205e+00 4.676773796307011288e+00 4.734360586588686637e+00 5.403435029055716043e+00 5.489387241462893030e+00 6.255610609535549038e+00 6.396700920444720495e+00 6.808587681458385887e+00 6.991386655746934409e+00 7.793438109475283149e+00 7.805456472441286486e+00 8.072611639278163054e+00 8.330445111792196045e+00 1.027156132470219951e+01 1.030809320997090239e+01 1.219787677211678201e+01 1.242084473633864583e+01 1.255804693743847800e+01 1.271098419108788136e+01 1.400216615586261959e+01 1.431030364375403607e+01 1.444894400778311017e+01 1.472203687909266101e+01 1.491436094319794137e+01 1.526647660947967999e+01 1.681135650807436122e+01 1.685776520981216109e+01 2.085754490234165814e+01 2.147779784463650188e+01 2.154441900275933719e+01 2.182361704440038963e+01
2.042117426522471746e+00 2.193536250427743806e+00 2.546093790161831460e+00 2.628500058573627118e+00 2.990892884660269591e+00 3.066421254977958810e+00 4.744464148784805602e+00 4.827117451437498374e+00 5.224014166904643375e+00 5.329584945455047240e+00 6.337684155772425498e+00 6.467386247524578913e+00 6.853437544494092037e+00 7.054067583183347701e+00 7.812233245958878136e+00 7.902561757849762891e+00 7.974375223384862821e+00 8.065386419384143579e+00 1.037889575720345192e+01 1.038448590813203865e+01 1.234814303735643470e+01 1.252411634492146142e+01 1.269714609748077194e+01 1.294789389192624895e+01 1.386713020596718415e+01 1.421200220156369376e+01 1.453342973389762882e+01 1.474394967076927543e+01 1.499665117253982771e+01 1.537083932494245708e+01 1.704328907295738205e+01 1.712888289511503359e+01 2.073203019271007363e+01 2.150625132726057132e+01 2.159409796782317770e+01 2.196571683112588858e+01
2.093029098163164736e+00 2.228321692642973417e+00 2.438222855940968437e+00 2.524221883718801518e+00 3.070364244365153095e+00 3.132412498841936177e+00 4.798910680130314965e+00 4.860543244316423817e+00 5.084006813505479450e+00 5.184986960411601231e+00 6.456389789940708113e+00 6.547406079009203239e+00 6.888331542407686747e+00 7.047915431180677537e+00 7.654262265998966086e+00 7.811347889768593511e+00 7.996758659211251619e+00 8.040596838722027684e+00 1.042367919641358398e+01 1.045533395345737127e+01 1.245049515598218726e+01 1.255642284791333907e+01 1.284962434986601920e+01 1.317331854552302950e+01 1.369000135870098411e+01 1.409459465444994386e+01 1.458101426209358031e+01 1.471551960481530941e+01 1.518171803857710778e+01 1.543483585697367921e+01 1.719806063966743892e+01 1.730753809965466417e+01 2.065553143232614275e+01 2.156672202011800366e+01 2.165445248663915123e+01 2.215000814241111726e+01
2.182575695457067866e+00 2.236822651085351943e+00 2.361014246997700461e+00 2.453402217815942699e+00 3.135434587781504412e+00 3.187597464068126829e+00 4.817614829374510244e+00 4.870965944224058042e+00 5.013413590854884028e+00 5.073953559327960328e+00 6.564642484693924196e+00 6.609029032266940717e+00 6.910138293517975150e+00 6.978321381445293348e+00 7.515117601285854043e+00 7.691414719777868392e+00 8.040720483524872009e+00 8.083369265046869145e+00 1.044922291674498815e+01 1.049554162943318225e+01 1.249371287032495381e+01 1.255601433371604259e+01 1.304447997106782786e+01 1.334220927249172028e+01 1.349490106319403715e+01 1.398251869668035319e+01 1.458994176191899506e+01 1.467909349770282645e+01 1.534418163959987069e+01 1.545885937252154640e+01 1.729928093711231440e+01 1.739860371476440903e+01 2.061925164488376083e+01 2.161832342643602090e+01 2.168632279371909277e+01 2.232553362290328636e+01
2.229628432273451644e+00 2.238545775748725930e+00 2.365798170243050613e+00 2.392467684914379777e+00 3.184594383848975863e+00 3.187183489248792245e+00 4.801163184453613120e+00 4.895948448255189156e+00 4.993621935111559829e+00 5.027179893817734779e+00 6.619510117840199825e+00 6.623426461837783386e+00 6.919444026790045221e+00 6.931460828236004623e+00 7.459888872945067639e+00 7.658342657761622263e+00 8.056036472074939780e+00 8.098010943091532354e+00 1.045784696069033970e+01 1.050852152386346816e+01 1.250607202715341160e+01 1.255078924976474219e+01 1.319784696187642226e+01 1.334241046761136396e+01 1.341497381463234007e+01 1.392963214384523596e+01 1.458968631386091097e+01 1.466273671505929599e+01 1.538665307223991263e+01 1.548171631079890886e+01 1.733843438882339782e+01 1.742370561391276951e+01 2.060932442299563760e+01 2.164138402739399325e+01 2.169066872436363269e+01 2.239808894401524952e+01
2.050864496787294655e+00 2.220697906444332848e+00 2.367179060409818625e+00 2.529135387293538262e+00 3.194847598264682453e+00 3.244003446755850728e+00 4.606601610912161249e+00 4.696967729490834742e+00 4.994327104566665732e+00 5.246380567887373836e+00 6.526700790351063652e+00 6.632304584413549975e+00 6.748991256609389922e+00 7.180934852958381853e+00 7.415195855582077833e+00 7.730807005671478827e+00 7.964141964860763423e+00 8.199723796594208025e+00 1.045728620595776448e+01 1.049712712634070222e+01 1.248349344009118589e+01 1.255296212468538641e+01 1.318949615711544787e+01 1.335978866740047799e+01 1.344876068878195241e+01 1.385507099543466580e+01 1.460095261589725979e+01 1.466238541051227884e+01 1.511495939190958104e+01 1.576339635439280684e+01 1.725752801878434184e+01 1.751794657009239842e+01 2.058918972309601969e+01 2.138420277558546445e+01 2.191298711428836299e+01 2.214757826495133131e+01
1.822525761253311005e+00 2.017793395465788286e+00 2.439454785398284642e+00 2.710427671933209659e+00 3.294410141889175581e+00 3.333003688416448007e+00 4.251636478337397662e+00 4.366548510379057113e+00 5.021470424048906089e+00 5.400711880024564593e+00 6.381236663928321562e+00 6.491275546139768871e+00 6.715308450577956556e+00 7.388569123486024459e+00 7.484223579841334129e+00 7.783388359755252672e+00 7.944048751855213197e+00 8.302822343078263501e+00 1.043327946221205593e+01 1.049765949820953637e+01 1.243337536131041432e+01 1.254826130534870110e+01 1.311004533559689200e+01 1.338469456305114313e+01 1.352947009163773728e+01 1.368678202877054417e+01 1.464465257228302697e+01 1.466895910549561499e+01 1.482495264220241715e+01 1.608874728143745259e+01 1.716579524747916352e+01 1.764475023699921863e+01 2.052808080677132097e+01 2.106929030338870490e+01 2.142817493851224242e+01 2.212718491203761317e+01
1.552893793965482327e+00 1.759234153141556067e+00 2.423277076612053271e+00 2.941601869758072141e+00 3.429673191983852565e+00 3.475187984468253610e+00 3.809740481225347697e+00 4.026039913839332129e+00 4.974579266407786804e+00 5.468995193811763578e+00 6.189510245150340317e+00 6.342374610385012268e+00 6.677905970707858962e+00 7.417460146750351591e+00 7.751374944240994935e+00 7.826346264237867167e+00 8.031425586456725441e+00 8.375534288959450180e+00 1.034966072069278198e+01 1.057126756390441891e+01 1.237506032478320783e+01 1.250637645879014137e+01 1.284450152317211646e+01 1.338547253381894464e+01 1.356801914588927715e+01 1.357560309855899483e+01 1.452103505518170223e+01 1.470470407073444719e+01 1.479985025464115367e+01 1.640772023333269658e+01 1.709458308433446305e+01 1.775383618216064718e+01 2.024372865824842549e+01 2.052544689455409710e+01 2.072394957652187131e+01 2.231577253542273098e+01
1.248376139784343808e+00 1.453424663427665298e+00 2.251010962741414101e+00 3.209808943246583723e+00 3.391031165165194317e+00 3.532049291938378133e+00 3.677182508442681019e+00 3.706696801195780822e+00 4.897402177782461230e+00 5.460810498778843503e+00 5.956152561727646955e+00 6.217089148835115431e+00 6.607614206017328407e+00 7.459388885954870041e+00 7.747654554504983082e+00 8.115741105516525167e+00 8.188805395851360913e+00 8.411798648566721326e+00 1.023545033968915163e+01 1.070338964103493673e+01 1.216869033889073570e+01 1.233261849619280959e+01 1.264175696995205378e+01 1.334133851741765575e+01 1.349628781213002426e+01 1.353166538034013122e+01 1.430476910884630115e+01 1.471053807470279828e+01 1.505201215636325607e+01 1.671437109347256111e+01 1.704034274560170203e+01 1.777067694213286941e+01 1.903978863002954469e+01 2.035728419360908958e+01 2.037206683125894457e+01 2.248133694352245016e+01
9.243730316890550469e-01 1.113509223833760498e+00 1.854510075917455980e+00 3.104677417597020650e+00 3.369045760226635267e+00 3.442023103692499308e+00 3.693109117534086661e+00 3.952289936465652964e+00 4.824198704711663233e+00 5.405372060150213542e+00 5.688439525703961941e+00 6.116967970115062769e+00 6.511753218281571165e+00 7.471220885121444333e+00 7.776052986245169940e+00 8.181280786189505605e+00 8.415309684413438518e+00 8.543630301836078189e+00 1.010618428820507653e+01 1.087031866420625903e+01 1.153262374775354360e+01 1.229096730520301861e+01 1.261118001973002123e+01 1.324690525615297609e+01 1.336843923889746222e+01 1.342470860177166792e+01 1.415931271117552370e+01 1.470084435569829573e+01 1.535278718695649225e+01 1.696133913823010886e+01 1.701122101977174239e+01 1.727172356653353091e+01 1.833887710570802199e+01 1.998213042613465262e+01 2.026438107304102942e+01 2.262215950978446344e+01
6.094830912372730669e-01 7.519381526078474653e-01 1.300814606056182487e+00 2.955625337886479631e+00 3.176241532463524919e+00 3.547124805256762325e+00 3.981697553814508073e+00 4.173725918495001963e+00 4.773296106476554002e+00 5.344265939360538731e+00 5.395956569690868676e+00 6.042819975958082956e+00 6.408203463093267160e+00 7.448199676710255623e+00 7.809886605480985899e+00 8.176707214553951886e+00 8.422709695563606047e+00 8.857544434703445546e+00 9.975359862564131319e+00 1.079323595757150045e+01 1.103308159860803350e+01 1.226662439558840667e+01 1.259932319522734545e+01 1.312819245235355581e+01 1.314072924857072699e+01 1.330451936411201430e+01 1.409786070187241158e+01 1.466447416679854854e+01 1.562018376194894387e+01 1.628491827958414007e+01 1.702173995242727855e+01 1.730091474578606281e+01 1.829195795793746271e+01 1.962034459268269515e+01 2.017193391440026318e+01 2.273203242423467429e+01
3.099867740839192809e-01 3.784860361092192149e-01 6.736405337955224670e-01 2.953068617386318095e+00 3.104175071780785444e+00 3.589774572372245842e+00 4.305006207694929365e+00 4.331511787304902050e+00 4.755014940680002411e+00 5.095803508976699980e+00 5.311624268394056436e+00 5.996757360252420455e+00 6.324598344489751334e+00 7.412880811695376160e+00 7.835007879429777056e+00 8.036700352881554821e+00 8.468242155669459592e+00 9.091555665628796135e+00 9.861690030847956479e+00 1.014301308030792015e+01 1.115036881698395455e+01 1.225512209402529251e+01 1.258234031463051039e+01 1.290407887612876081e+01 1.303182303633054318e+01 1.321326200597914990e+01 1.409422802869411129e+01 1.461603559974460609e+01 1.576083802262926881e+01 1.579657706297250996e+01 1.700113899862977718e+01 1.755364734996574327e+01 1.832139642658524892e+01 1.932167094615468983e+01 2.010815556452063291e+01 2.280264452721563728e+01
-1.018032595421025080e-03 -7.926342856645323537e-04 4.051300825160773175e-08 2.979179542975419981e+00 3.108382077459918236e+00 3.602450422522834206e+00 4.389301133615233219e+00 4.513709902168709043e+00 4.756739596007502513e+00 4.897447067317362901e+00 5.307559206404691032e+00 5.981103819869392879e+00 6.291772853048453129e+00 7.395709456328408926e+00 7.845287861827507037e+00 7.923151289390063745e+00 8.494308268238599524e+00 9.185830495031289900e+00 9.809507461735563538e+00 9.883797316378093001e+00 1.119284151389887150e+01 1.225235937721555501e+01 1.256666015345938803e+01 1.281235886378324906e+01 1.299518360739319611e+01 1.317954930757849930e+01 1.410210356598038750e+01 1.459181151178110625e+01 1.560555865404131737e+01 1.585701453695481256e+01 1.699608739959452919e+01 1.766671258355552609e+01 1.833558452964188490e+01 1.919374880863952981e+01 2.008525318904308321e+01 2.282707138436492400e+01
3.272154893817893484e-01 4.060243615286747709e-01 6.350492747119503845e-01 2.974324360903520148e+00 3.082433328064187794e+00 3.569221803578819241e+00 4.320682869744290500e+00 4.652220570134498523e+00 4.755256743580334344e+00 4.874783240328796730e+00 5.369032580484226713e+00 5.996000607926915471e+00 6.206851200778618960e+00 7.378824669003605230e+00 7.944797140436993921e+00 8.394272724930676333e+00 8.489430179748323368e+00 9.179014157211218716e+00 9.770806305405743686e+00 9.925856221055910922e+00 1.119467765648165525e+01 1.242584381234875934e+01 1.277549478832653485e+01 1.280140148680041712e+01 1.297221460383642722e+01 1.314757650330502159e+01 1.411473432857547117e+01 1.464962605557398589e+01 1.558277663175935679e+01 1.587769548135347186e+01 1.699123164075749770e+01 1.767900752954442112e+01 1.833016906266490764e+01 1.918586780299893135e+01 2.011663295373353932e+01 2.280278584099998440e+01
6.513839150947089429e-01 7.973449188443930691e-01 1.262006516008405299e+00 2.958531331797254804e+00 3.152210933382242342e+00 3.467877000340194193e+00 4.304340247926985441e+00 4.762227676316621583e+00 4.806767875024599235e+00 4.872860676595457186e+00 5.523037455516790040e+00 6.040650924110799735e+00 6.086242680832609331e+00 7.327442394656054958e+00 8.084965476494048175e+00 8.479106994667988673e+00 9.157909535393605083e+00 9.235163893074194164e+00 9.665691914359474168e+00 1.005137281176648933e+01 1.120029718426182619e+01 1.259203629306838756e+01 1.277018389959128797e+01 1.291027516045178025e+01 1.304701632322936611e+01 1.359915029241179596e+01 1.415553700315059160e+01 1.502572036922856213e+01 1.551667454002100399e+01 1.594240272606381126e+01 1.698280646606996669e+01 1.771408158306678615e+01 1.831336957227794571e+01 1.916297250080036108e+01 2.021798448711021479e+01 2.273422125992205522e+01
9.676886436236505906e-01 1.159232777439112683e+00 1.869660458185100183e+00 2.929034809704789133e+00 3.313812898574486354e+00 3.394351544791251118e+00 4.368653152403727091e+00 4.694143744201002555e+00 4.785783437501169857e+00 5.112437227783022564e+00 5.711084744614620234e+00 5.954531879994839016e+00 6.114584133228287754e+00 7.240896760905921603e+00 8.262085581802480760e+00 8.475616561990555908e+00 9.120556048066843502e+00 9.513749508282062450e+00 9.825504505050611570e+00 1.025669585726017630e+01 1.120118476057231938e+01 1.272367919574920769e+01 1.277306973931691658e+01 1.282315392960332368e+01 1.287471865157529827e+01 1.406879101486004302e+01 1.422849917832647471e+01 1.541316815819082287e+01 1.595385673258061843e+01 1.635862362619806376e+01 1.706608694111902480e+01 1.776725575745448538e+01 1.828408875622511331e+01 1.912769331294566300e+01 2.042625144414925487e+01 2.263611213834868252e+01
1.268717524585645906e+00 1.476351167638389805e+00 2.442011121253658157e+00 2.883742139580867558e+00 3.134871534574108942e+00 3.738006263459169531e+00 4.478239841725912385e+00 4.537605532743340220e+00 4.815883568700948025e+00 5.352459848215782579e+00 5.780981846870643537e+00 5.877304876675318646e+00 6.216163353193834951e+00 7.121434416237316434e+00 8.432798206052313006e+00 8.496001392473823799e+00 9.063931198506075759e+00 9.344898362437424666e+00 1.022413272811988705e+01 1.053235284389771742e+01 1.118570321229585574e+01 1.262402820924775781e+01 1.267009773220908109e+01 1.273892340426278302e+01 1.300341229097660722e+01 1.414812372255868134e+01 1.433330848167167382e+01 1.528008097492903872e+01 1.610621185820924950e+01 1.676569709737487202e+01 1.783268058645518295e+01 1.815816218841192864e+01 1.824186831089208738e+01 1.908660336132533430e+01 2.086082234114212497e+01 2.254179591356844981e+01
1.543092590736158343e+00 1.729770237282219014e+00 2.824560662985656112e+00 2.955705432135677047e+00 2.959804539152461444e+00 4.121662391519325119e+00 4.336444573083516829e+00 4.599480682260260522e+00 4.835302329872152249e+00 5.548549447242540289e+00 5.577791221280575584e+00 5.977988288348389467e+00 6.342146072658484179e+00 6.975665083099544361e+00 8.553984733533845031e+00 8.581982585754808213e+00 8.985075251850735967e+00 9.172643209001435594e+00 1.052903224091189571e+01 1.086251025207538312e+01 1.114710093361056131e+01 1.232213301934944383e+01 1.262019981799540247e+01 1.265833239636146423e+01 1.326981031744965911e+01 1.411825060118029995e+01 1.446578958528093928e+01 1.512571799543922246e+01 1.623693397122291415e+01 1.672008385951946963e+01 1.790490023262603003e+01 1.818770970375290830e+01 1.897557095266715166e+01 1.912136972671687829e+01 2.157580714192586768e+01 2.254802326264076129e+01
1.769587562629991284e+00 1.887974776306119207e+00 2.764444667108878484e+00 2.808675867436173146e+00 3.407149916591201588e+00 4.086477195610558333e+00 4.515392513260168883e+00 4.707608703111961113e+00 4.828638071413241306e+00 5.254041548301379372e+00 5.772214906255227262e+00 5.990722372514110106e+00 6.487910613379944458e+00 6.813872399117540724e+00 8.649505245452738578e+00 8.719002529490650133e+00 8.883806295289939925e+00 9.008821654282785474e+00 1.075416257132131825e+01 1.108403164981174704e+01 1.122720491130000475e+01 1.197660350754199143e+01 1.258597499087006000e+01 1.260230473153564112e+01 1.353270231035806148e+01 1.402534448243727816e+01 1.461952803172889759e+01 1.495843056688056194e+01 1.637123721496117668e+01 1.662960816431916911e+01 1.797959564861463022e+01 1.812399508034111761e+01 1.898659116350198417e+01 1.941077165388897185e+01 2.197646835237028995e+01 2.287787274574736429e+01
1.903019958109697596e+00 1.903776177237809453e+00 2.739539711345997830e+00 2.744220104902243662e+00 3.768272880204249553e+00 3.792366832264297827e+00 4.784397476086683199e+00 4.788597442916033842e+00 4.857893414345257455e+00 4.945682682122184204e+00 5.916698273914593464e+00 5.916749189455146052e+00 6.644456506024379649e+00 6.651070806095736643e+00 8.764421201454448251e+00 8.768879936403346065e+00 8.856666117240804326e+00 8.859847917455683231e+00 1.086289545151807090e+01 1.102968194239684330e+01 1.160263385243306899e+01 1.160804679595531574e+01 1.257794197914302714e+01 1.257800493198533331e+01 1.368550324368928628e+01 1.393603148956209559e+01 1.478246017804062440e+01 1.479094425631187448e+01 1.647524892273385433e+01 1.654063687500078927e+01 1.805062291159305232e+01 1.805659369080329668e+01 1.897489340383234691e+01 1.949004843591366409e+01 2.202542078184088226e+01 2.311577818787717220e+01
1.878891919876888528e+00 1.898230702009812587e+00 2.727705962170682064e+00 2.737179316812977881e+00 3.758621280878144510e+00 3.829096594621353766e+00 4.766683274255219871e+00 4.782177896699748132e+00 4.884802278464210445e+00 4.938638453877986834e+00 5.924043397088258445e+00 5.930614305555431898e+00 6.657353307769080963e+00 6.691689661537724376e+00 8.531617195358089489e+00 8.539847228980542937e+00 9.027037479408418719e+00 9.039503531015437687e+00 1.085611482749650492e+01 1.101792713202481622e+01 1.164123164805279487e+01 1.164128361987828342e+01 1.259687903374423890e+01 1.261922862677737278e+01 1.367796987304861567e+01 1.390857943699301380e+01 1.469623745396125969e+01 1.482561503844238793e+01 1.649695153360749700e+01 1.654608708082186297e+01 1.791357705803423528e+01 1.802977870558308027e+01 1.906964883006681433e+01 1.949030136561695414e+01 2.204054001893233306e+01 2.304245625429637201e+01
1.822863736630808251e+00 1.887371173229112520e+00 2.718784471655943946e+00 2.741058017845138473e+00 3.733049096957342439e+00 3.884858947819776809e+00 4.740843793788776850e+00 4.775970848778963607e+00 4.927217253561215315e+00 4.928714525585376371e+00 5.943207280734559284e+00 5.961201833119892157e+00 6.699034402498800667e+00 6.802864552305645240e+00 8.219519346444997154e+00 8.241557592049499448e+00 9.164756105066738101e+00 9.181128129490680578e+00 1.084986914934452251e+01 1.100207915387565194e+01 1.172883167152829209e+01 1.173857382660117565e+01 1.264746562296620169e+01 1.272084349888714705e+01 1.365232789424299753e+01 1.384163734508538468e+01 1.445190769686424659e+01 1.488004994420285243e+01 1.655144971734343784e+01 1.656501224371162806e+01 1.765179532294555287e+01 1.793868221859731804e+01 1.922832176924085346e+01 1.949945311914254731e+01 2.208464478576271617e+01 2.285450214945732483e+01
1.784256413427911969e+00 1.881021885055126130e+00 2.756005089254554008e+00 2.767482424704863941e+00 3.699841264826031040e+00 3.880780694909935491e+00 4.733057206560727259e+00 4.768188527511408203e+00 4.932026116935354310e+00 4.961198595528481192e+00 5.965669270001669133e+00 5.992241175556887178e+00 6.772523265054807062e+00 6.956456345118973594e+00 7.898163768955532404e+00 7.929735113270176328e+00 9.220584655393565754e+00 9.233050142592997389e+00 1.086498090495363478e+01 1.100854782147092337e+01 1.184737113746974657e+01 1.186495721318145691e+01 1.271518205681844726e+01 1.282450279099630741e+01 1.359266024659529037e+01 1.375731368096426088e+01 1.411054406178422305e+01 1.484065993626006552e+01 1.659949790490916754e+01 1.661008374667148146e+01 1.743070619896230866e+01 1.777457987514924298e+01 1.934370359040276455e+01 1.952746327965017770e+01 2.215215453806472112e+01 2.264009827145598663e+01
1.790696695108055847e+00 1.885520196436973439e+00 2.818258893405163334e+00 2.827451632873290599e+00 3.665555923622276779e+00 3.794031715772030466e+00 4.734927796094565267e+00 4.761119029028533234e+00 4.954624236266520043e+00 4.982677636028005175e+00 5.977600623988195139e+00 6.015879333619806424e+00 6.864703484072925299e+00 7.113037665895396877e+00 7.610377219751586431e+00 7.637285722028637203e+00 9.195736713409180751e+00 9.196042773092212741e+00 1.090192173051925373e+01 1.103896866039950631e+01 1.197328673970356405e+01 1.200067226143606014e+01 1.278204112789279456e+01 1.284593930423619490e+01 1.344970163619170478e+01 1.366276239511421409e+01 1.382643456246847613e+01 1.459641888617982985e+01 1.663523059836336415e+01 1.663602771069743014e+01 1.731706614811173495e+01 1.758168842109678565e+01 1.941075874419134450e+01 1.955726388203317256e+01 2.223183562090281740e+01 2.250965436510379902e+01
1.808062967466754101e+00 1.889012885392328922e+00 2.885144082519563113e+00 2.899051935653902845e+00 3.624973739828056818e+00 3.649695557014840830e+00 4.731307553479406458e+00 4.754315683420578864e+00 4.996449182607218376e+00 4.999230315458508933e+00 5.963904194668603331e+00 6.027516027457031633e+00 6.916477739754752996e+00 7.166255259276989698e+00 7.439345559906047178e+00 7.472316341066219003e+00 9.087085982228940040e+00 9.104291288741894306e+00 1.094309725685791967e+01 1.106951135893118554e+01 1.207304397471391866e+01 1.212916146411834717e+01 1.271012570782954043e+01 1.282392073204892746e+01 1.327285610978941222e+01 1.353583196644232345e+01 1.369753734285181856e+01 1.415000474759305682e+01 1.661729848453943958e+01 1.664235708230042121e+01 1.729973059177169858e+01 1.744757625180776728e+01 1.946179445699729271e+01 1.955426809820353284e+01 2.231019212210459202e+01 2.252975616010771631e+01
1.753467138966892325e+00 1.872456627174126975e+00 2.940778306241838447e+00 2.958145093712641227e+00 3.497633800571109397e+00 3.558682112799307795e+00 4.730281585781604292e+00 4.748527822950303623e+00 5.012721710565099187e+00 5.051669627266597296e+00 5.920004303808906521e+00 6.021493558695864223e+00 6.856473381192158989e+00 7.008993674721392786e+00 7.473893879044457123e+00 7.552207858254561756e+00 8.928347010283150809e+00 8.964442924462614926e+00 1.097136667944213251e+01 1.105659405871548273e+01 1.206526432747003064e+01 1.221682092480618564e+01 1.256793307022428507e+01 1.278460558782902190e+01 1.314759052215284640e+01 1.328424560428945078e+01 1.362685307526042600e+01 1.378622158245967988e+01 1.657891531752169811e+01 1.661577103749926110e+01 1.732038137764501684e+01 1.740274609550557727e+01 1.951042663361272744e+01 1.952476918942706874e+01 2.237630100812101830e+01 2.267628595948269066e+01
1.547776564285303635e+00 1.830389590238637121e+00 2.968901808382637952e+00 3.023561244327019448e+00 3.375583149595310584e+00 3.453925551093988133e+00 4.746988849621826212e+00 4.753609179041634825e+00 5.013145732750127870e+00 5.107456920089069818e+00 5.862669787414623634e+00 5.995936589717727472e+00 6.764051500627776825e+00 6.849186007318317948e+00 7.634398737628997900e+00 7.678856326291771950e+00 8.739780519239307210e+00 8.796752437320940032e+00 1.094487528969616363e+01 1.098096090977246142e+01 1.192664160967176556e+01 1.215923490289289433e+01 1.258905886256028239e+01 1.265165875809693574e+01 1.302542632959062630e+01 1.309522845679092029e+01 1.357266272119200679e+01 1.366990679950166054e+01 1.654347453402256107e+01 1.657998149519155717e+01 1.733919911679458181e+01 1.740717144514399806e+01 1.944961746196269914e+01 1.960020693664825231e+01 2.242410753376994847e+01 2.286540347921821947e+01
1.240072796884334805e+00 1.778719217305128941e+00 3.024398246440742621e+00 3.063525292576169790e+00 3.274116020486085965e+00 3.342977793294767075e+00 4.749829532974468194e+00 4.799848839372143239e+00 4.994875751326876667e+00 5.148496664066987805e+00 5.818566061502281173e+00 5.963640539101080051e+00 6.703282968531423691e+00 6.748978798403847179e+00 7.784650375949985879e+00 7.825263984087609259e+00 8.547314479566290757e+00 8.639638500109278141e+00 1.075679269137977911e+01 1.097755116644917806e+01 1.180348262314023344e+01 1.200420678474515057e+01 1.264248145508374144e+01 1.267699885806351467e+01 1.290345471671678546e+01 1.304026987460551013e+01 1.353403103284123254e+01 1.363619208461685695e+01 1.652013329826730015e+01 1.655375912562500673e+01 1.734789908393578983e+01 1.742172954605496216e+01 1.940062393901947857e+01 1.966413845349902445e+01 2.245207670885747930e+01 2.301408103028979824e+01
1.073000638129763651e+00 1.753424638855543893e+00 3.072536044384697185e+00 3.074271696568124490e+00 3.212376862445418535e+00 3.296319547444455100e+00 4.751932181434341373e+00 4.828841187644809629e+00 4.978466833183253115e+00 5.163490992417520076e+00 5.802842367633461507e+00 5.948714486816069069e+00 6.683010656954373019e+00 6.715101562914431277e+00 7.830202724354862198e+00 7.933176122973076616e+00 8.441088281396218918e+00 8.569016062482448959e+00 1.066202085258919752e+01 1.097388781528572643e+01 1.175965096553390232e+01 1.194951303014126509e+01 1.265845831383910713e+01 1.275495784436631475e+01 1.281546548417849252e+01 1.302404636095725721e+01 1.351952281350072660e+01 1.362876680828313880e+01 1.651207543003458866e+01 1.654441400341351454e+01 1.735003558954990766e+01 1.742820789723057118e+01 1.938220888409735210e+01 1.968925473106843782e+01 2.246115017632295974e+01 2.306948687495970773e+01
1.155727116859340375e+00 1.785318485812508627e+00 3.015705381744187452e+00 3.028896936533354012e+00 3.229617469261842899e+00 3.306298323580078691e+00 4.733325703050427435e+00 4.755649805461904300e+00 5.049119975545753647e+00 5.158715647013259797e+00 5.837349773399963304e+00 5.982891877690933669e+00 6.700099022087910861e+00 6.735293363769061514e+00 7.899251872365004701e+00 7.998344363783674638e+00 8.440757580339996125e+00 8.560595835252680530e+00 1.070506471180069674e+01 1.095775789412829759e+01 1.179126538076980246e+01 1.194920041517533527e+01 1.260815337693626326e+01 1.268446253147940794e+01 1.287962259860685243e+01 1.306933155609702268e+01 1.355942315912557028e+01 1.364074981047883028e+01 1.651113981002465891e+01 1.653990794748302307e+01 1.723929876402200989e+01 1.731186631904131801e+01 1.946181808462791096e+01 1.974019641527521074e+01 2.242017848289454918e+01 2.300872163748395494e+01
1.362660557466480959e+00 1.870379756311752129e+00 2.891900316552746819e+00 2.915139127955395981e+00 3.247879136189067317e+00 3.321354793865768151e+00 4.586260831292396922e+00 4.627900942108270854e+00 5.205184222511796577e+00 5.217870207322469867e+00 5.928732686636359439e+00 6.065846425886562976e+00 6.751446834651401829e+00 6.792323982963685225e+00 8.058016280821762578e+00 8.133673154870386668e+00 8.467504008352856104e+00 8.555982331243962236e+00 1.076644013045900472e+01 1.088410810369196824e+01 1.189147389325422033e+01 1.200164709980148281e+01 1.250458226771777248e+01 1.257830011396547931e+01 1.300570639672471707e+01 1.317252330228457780e+01 1.364991344439778587e+01 1.367308150261487576e+01 1.647968839796110530e+01 1.651962064352633064e+01 1.695556547491442601e+01 1.702348417503124267e+01 1.965240621694072587e+01 1.986894909788449226e+01 2.230600411359803559e+01 2.284123444451739005e+01
1.623110747855828873e+00 1.986123175356881765e+00 2.755230870465650739e+00 2.776921337174182547e+00 3.252520565584538836e+00 3.322041909720362618e+00 4.355920880263856709e+00 4.406316799452541844e+00 5.379516011823073818e+00 5.415220023158971330e+00 6.049079497011359052e+00 6.164539209027888766e+00 6.832498807893767179e+00 6.875538841870421081e+00 8.157310106530928806e+00 8.177594628105209651e+00 8.611094432556777534e+00 8.642294277795162571e+00 1.072760031170138539e+01 1.074485890055756876e+01 1.199908724136642846e+01 1.213830658721002465e+01 1.245123044201661955e+01 1.256879454749003067e+01 1.316304117511286620e+01 1.329672276945579057e+01 1.371921778740431641e+01 1.375286796912189224e+01 1.635487392464710510e+01 1.641719473053092671e+01 1.661854749522141717e+01 1.668416332769301036e+01 1.988751764401124689e+01 2.004093562929989147e+01 2.214173337897085858e+01 2.260638817844542103e+01
1.889103782652889141e+00 2.111095322161755217e+00 2.655032044641703060e+00 2.668548388685353157e+00 3.240856723255652660e+00 3.300100224034838714e+00 4.082719605683270636e+00 4.120969471474825063e+00 5.593518883064397151e+00 5.644626932173317790e+00 6.167405865579110191e+00 6.254476531731547162e+00 6.932335398250263125e+00 6.971560533384839609e+00 8.098578617738521501e+00 8.106739630834837840e+00 8.836410008088689594e+00 8.851975112704831616e+00 1.056047495085980259e+01 1.058664333100859345e+01 1.205314998910001378e+01 1.219966991569654269e+01 1.259739817518682514e+01 1.274169782691301123e+01 1.332376941337573051e+01 1.342203371340293039e+01 1.377059562674701532e+01 1.384594892296974677e+01 1.606747736696149431e+01 1.612381723701642144e+01 1.635426490317831494e+01 1.641610285943693270e+01 2.014363193192475876e+01 2.024743508652408863e+01 2.195569755454387106e+01 2.235183484916735352e+01
2.135966134027503127e+00 2.234766846937700890e+00 2.623480796850878871e+00 2.643036418478897254e+00 3.208974041183625392e+00 3.254041190344485912e+00 3.788836152605390861e+00 3.809134250947443512e+00 5.812430496833932203e+00 5.864470446378813762e+00 6.258493290573142076e+00 6.320019396085212904e+00 7.040566086108876576e+00 7.071468140344551401e+00 7.962528304998757633e+00 7.967400304128582356e+00 9.060009246496601776e+00 9.084107262098894964e+00 1.036260300661250078e+01 1.038605560453220811e+01 1.214205759039161237e+01 1.226354689128398334e+01 1.284586755340220421e+01 1.297536658947994148e+01 1.346215653507475096e+01 1.352348100938093012e+01 1.380533583603837933e+01 1.390570642608895469e+01 1.574511142818191445e+01 1.576142098229590083e+01 1.610306384902357735e+01 1.611935989087892551e+01 2.041487903786680036e+01 2.049611873457532241e+01 2.176908083646844361e+01 2.211051077300232137e+01
2.354173601750906730e+00 2.378128274032011547e+00 2.666207307126612580e+00 2.703139219642911151e+00 3.154932928588726870e+00 3.185049561419976971e+00 3.488931863444396875e+00 3.501964800891315122e+00 6.006875881117286653e+00 6.053388336630344035e+00 6.307976602095207497e+00 6.352780042676346994e+00 7.154620973948959239e+00 7.175798857781898299e+00 7.787293169283460159e+00 7.798025926885072678e+00 9.266519710268019239e+00 9.302832758573158500e+00 1.015201768818181272e+01 1.016418822447477055e+01 1.233853409515813659e+01 1.243159193288292386e+01 1.308277219955266624e+01 1.315882665625799142e+01 1.354235994527472542e+01 1.356334701600731840e+01 1.381169611777354156e+01 1.389794984528976052e+01 1.542525827342151068e+01 1.550384906467000512e+01 1.578922119734970231e+01 1.584086064723731191e+01 2.068204722543470808e+01 2.078573240086372209e+01 2.158790649996982225e+01 2.188835290127117617e+01
2.541461664709455004e+00 2.577660699219630036e+00 2.747640441789598320e+00 2.793925124508890079e+00 3.085790695711807530e+00 3.095634383322152239e+00 3.206588314345509172e+00 3.236122589487102186e+00 6.157448075008724153e+00 6.196366147401679569e+00 6.312562820075434011e+00 6.348959646647768906e+00 7.279802484923979300e+00 7.294257226739374822e+00 7.604812786810358993e+00 7.619844882975290723e+00 9.473242544667369813e+00 9.511453424832108539e+00 9.927210141411952904e+00 9.941401507402160220e+00 1.262834227085759942e+01 1.269443287975701828e+01 1.320461504997130220e+01 1.322457346820622526e+01 1.347450434948557962e+01 1.362056238823095278e+01 1.379098349904979415e+01 1.383730854794797693e+01 1.515468870840267002e+01 1.535311443287833022e+01 1.555963820120299523e+01 1.564039946916257051e+01 2.092896392953018037e+01 2.107499416488769128e+01 2.140772055759044790e+01 2.167626455511503636e+01
2.680256991891788232e+00 2.731408809924592784e+00 2.774329231726319733e+00 2.818035859707110014e+00 3.031006246231317203e+00 3.033537253648427079e+00 3.065299604961115421e+00 3.105239992410012029e+00 6.244168301131371557e+00 6.252990415805061097e+00 6.303539592527849678e+00 6.315253492551189396e+00 7.393821802474759508e+00 7.413756261934314473e+00 7.462341400798643498e+00 7.481569878813700392e+00 9.663641125199927018e+00 9.708472889900081171e+00 9.729587206344191941e+00 9.735455094755751659e+00 1.285960698780153244e+01 1.290951173927665607e+01 1.310593376138219135e+01 1.312306786600337816e+01 1.356232238741276852e+01 1.357119843978422402e+01 1.376250427815422306e+01 1.381719327832664490e+01 1.503962556294414732e+01 1.529854325143449145e+01 1.548902177280124448e+01 1.556848421238776226e+01 2.108814727271107969e+01 2.125084167493120191e+01 2.127593103735973656e+01 2.153134466008335579e+01
2.675413256943242946e+00 2.746244126271622843e+00 2.771207321607188856e+00 2.823445346343067541e+00 3.036646391888470298e+00 3.065283475432413418e+00 3.110961293553739626e+00 3.150233219043764077e+00 6.218829898016045910e+00 6.250066321493398469e+00 6.279549401540297282e+00 6.302497048283568049e+00 7.165087441166964943e+00 7.198449814569533700e+00 7.710507914495938309e+00 7.734668869552694836e+00 9.515209495960911923e+00 9.573881844399078744e+00 9.849591041758783305e+00 9.875561405842400831e+00 1.278581919053949711e+01 1.282707431685866162e+01 1.314624457728285378e+01 1.317798039075755767e+01 1.355058626160465529e+01 1.364717053651068568e+01 1.374796716878148040e+01 1.384282475765516907e+01 1.504629201264101113e+01 1.527978120964830566e+01 1.554837146753689936e+01 1.563010773444197277e+01 2.108684095774816214e+01 2.125300433646003739e+01 2.127779308854927365e+01 2.151830950853786462e+01
2.677101266320658368e+00 2.711449818793645772e+00 2.800397198832130119e+00 2.811394639842604182e+00 3.123548381743692648e+00 3.142135616261253261e+00 3.245962406115927124e+00 3.256470696538396492e+00 6.167547206892772138e+00 6.213898510884502180e+00 6.237609569000513332e+00 6.254733727172416380e+00 6.953280021967485069e+00 6.982673036220284679e+00 7.999607413807567902e+00 8.020550899666110567e+00 9.340047973583500251e+00 9.403451542956808851e+00 9.993223805862609055e+00 1.000438910707160467e+01 1.265406882623053875e+01 1.267471609625523143e+01 1.317528511722853501e+01 1.320718575053314048e+01 1.363271884845379489e+01 1.375510040301614012e+01 1.376330913921491650e+01 1.386915204095210719e+01 1.509339067518848410e+01 1.526532991358874192e+01 1.570577218779276585e+01 1.577332520685520834e+01 2.109002481025614273e+01 2.122075506826211111e+01 2.132270709382132523e+01 2.148673500136508352e+01
2.669439797485352539e+00 2.681081196229424091e+00 2.769294478380146085e+00 2.791939558267748644e+00 3.289251566081152323e+00 3.296946201554945333e+00 3.396093016031616951e+00 3.435731646037928577e+00 6.102295856652005135e+00 6.153651224183171564e+00 6.177098477494876505e+00 6.195152212611029441e+00 6.781343814623784994e+00 6.803483847636482729e+00 8.257300349528573946e+00 8.275245854298688641e+00 9.175820915716833781e+00 9.229544263791972014e+00 1.010207271278890673e+01 1.012092446287523728e+01 1.249188177521847720e+01 1.253728298978556843e+01 1.315297176308678573e+01 1.316292360686224328e+01 1.375217639719243046e+01 1.379037670716872199e+01 1.386508414707435932e+01 1.388231637381282724e+01 1.522503733868386178e+01 1.530424137396735240e+01 1.592014149176508120e+01 1.595361591152301273e+01 2.110722742571952892e+01 2.118981250063547961e+01 2.138519214001795632e+01 2.145748163035150569e+01
2.634716010046445067e+00 2.657954143900303379e+00 2.713077281768515370e+00 2.777772005035425984e+00 3.475947352401080437e+00 3.513270974781716127e+00 3.563840826237314463e+00 3.643749249104413668e+00 6.034111617845677067e+00 6.063086020221547301e+00 6.089403301935144341e+00 6.163854867469042098e+00 6.641634988026839714e+00 6.671891632333970534e+00 8.380895160065477967e+00 8.435249365422510692e+00 9.094794856276074313e+00 9.110736759608208502e+00 1.017552505598308343e+01 1.020624200428105333e+01 1.232082996182743706e+01 1.243485288034565350e+01 1.308335254737167830e+01 1.310862313292607340e+01 1.377041984395142649e+01 1.380368202433041525e+01 1.388794051095067417e+01 1.394649921337472698e+01 1.542583317321539660e+01 1.544811715647341188e+01 1.614049639829417870e+01 1.614732949347422775e+01 2.114308625766646443e+01 2.119094004724420088e+01 2.144424766322509512e+01 2.146523099583884786e+01
2.581163600013008264e+00 2.625024756798639558e+00 2.674057257702281643e+00 2.767583790756552364e+00 3.681051916462301232e+00 3.731575355958162366e+00 3.745832667535689886e+00 3.848200700731919444e+00 5.923696231768253995e+00 5.977761920615930258e+00 6.006254926474333899e+00 6.117005695141820354e+00 6.566272965896821745e+00 6.605066250014749230e+00 8.279999495072278393e+00 8.371864027615481874e+00 9.163793077042223345e+00 9.185511432639605900e+00 1.020816737126110318e+01 1.024786767382493657e+01 1.218477748088403878e+01 1.235995441365964886e+01 1.300448506837227747e+01 1.305104520000637613e+01 1.372014674637353515e+01 1.376625903306027432e+01 1.386151218242039995e+01 1.396471415503225622e+01 1.562803007727364069e+01 1.571216004085051132e+01 1.631789876525561667e+01 1.633439559405272945e+01 2.119912637001745992e+01 2.123698508749353664e+01 2.149513601032624521e+01 2.152849855234014953e+01
2.526411498680575907e+00 2.589006698649014115e+00 2.648854682239494718e+00 2.763084056044961656e+00 3.887669283627525729e+00 3.905628713260723028e+00 3.952802557643379622e+00 4.029527345021223006e+00 5.799205401381200886e+00 5.863651709900606690e+00 5.937444991515409498e+00 6.010979060176529387e+00 6.579866859413257885e+00 6.651624736299242890e+00 8.035944927443164687e+00 8.142844663667945682e+00 9.337870790881645178e+00 9.365133878845895765e+00 1.019330154189917437e+01 1.024109072647726748e+01 1.211076714098638796e+01 1.231339992625506952e+01 1.292292033178409305e+01 1.300195773252976217e+01 1.365365560319077431e+01 1.368036865121810841e+01 1.381197543442279851e+01 1.391315194914366060e+01 1.587055189379114495e+01 1.595465656193134585e+01 1.644463461379065450e+01 1.647591885315665294e+01 2.126671871882144060e+01 2.131885205901390989e+01 2.155833000948135592e+01 2.162298952256251994e+01
2.490573726489293538e+00 2.552394697052003725e+00 2.631776420671504635e+00 2.761607813879911166e+00 4.058382412227688363e+00 4.074800193989260855e+00 4.128534920481270021e+00 4.174753545780283126e+00 5.691213933246975110e+00 5.755701831119732326e+00 5.844866852575778537e+00 5.870705085386004107e+00 6.683065517353945495e+00 6.805740365548455628e+00 7.736319273362084914e+00 7.862801687460849287e+00 9.527460563836964269e+00 9.555569757618137317e+00 1.013255257414433252e+01 1.018733820319741135e+01 1.210507230273802293e+01 1.229090164980614652e+01 1.283921151411804118e+01 1.296827154368369328e+01 1.358192332994100937e+01 1.359199952119120702e+01 1.375965386354440412e+01 1.382135945398945331e+01 1.610455224522316087e+01 1.613894512814438542e+01 1.651111170351089896e+01 1.656617871961184818e+01 2.133177336533925583e+01 2.140992933595502734e+01 2.159853584535619575e+01 2.175083026326410973e+01
2.479813230178816941e+00 2.518169483376640816e+00 2.622693974767065228e+00 2.760262963154556104e+00 4.179369696692168290e+00 4.206413599793070723e+00 4.247384076694502575e+00 4.270165525673761842e+00 5.625696202908873289e+00 5.681645291773115503e+00 5.742296437335460801e+00 5.752907487114119256e+00 6.868608759070859549e+00 7.023097243594865979e+00 7.426348207200116569e+00 7.573771971428325145e+00 9.697452218997151263e+00 9.724904316562165363e+00 1.004018020136291156e+01 1.009799020625227151e+01 1.214479853711332957e+01 1.227887740093085078e+01 1.276948425104652962e+01 1.294550824019750657e+01 1.351213223396359986e+01 1.354982909717314143e+01 1.371556122136208700e+01 1.373638806374981947e+01 1.624703290665275901e+01 1.629228535210934226e+01 1.654131073819697306e+01 1.659342002393754356e+01 2.138032805190582408e+01 2.147846169693575646e+01 2.162133418629992576e+01 2.185671809971100998e+01
2.489521854424829428e+00 2.493410754110492622e+00 2.620094938138207041e+00 2.759427876561812987e+00 4.232545841430119360e+00 4.249235243994345268e+00 4.296306812836090394e+00 4.297722718418532928e+00 5.614766707850664673e+00 5.651836118741561776e+00 5.693524676950216801e+00 5.702142144307659422e+00 7.086057107277133227e+00 7.142081106653033196e+00 7.281888338589902254e+00 7.316097808777244360e+00 9.802760772487854268e+00 9.806385045570767289e+00 9.973505370445169049e+00 1.002916523491446199e+01 1.217520542219010693e+01 1.226933530865644428e+01 1.274111954093713095e+01 1.293582215784061873e+01 1.348959260140222760e+01 1.353513247153281185e+01 1.368643865197271481e+01 1.371196663943424099e+01 1.628598291586510882e+01 1.636773442947405854e+01 1.656317595275316634e+01 1.657569245564326721e+01 2.139875328898374107e+01 2.150285721872687006e+01 2.162942080642381626e+01 2.189719682701894499e+01
2.365584000768063522e+00 2.454866172833278792e+00 2.752865162183045999e+00 2.821246096610217968e+00 4.106891022848717654e+00 4.154760771740497738e+00 4.377831686472629436e+00 4.412250462671399198e+00 5.569162517899619580e+00 5.602591572876140624e+00 5.720970430494413783e+00 5.753824388268946599e+00 6.993338349405731513e+00 7.043956861823495785e+00 7.389640136296072193e+00 7.464556573807241691e+00 9.772780295513641136e+00 9.825747612641743345e+00 9.933053100050923234e+00 1.000316293000113888e+01 1.201761334592648822e+01 1.244055768297395659e+01 1.275512273547850839e+01 1.313774941503844751e+01 1.343149389944431249e+01 1.351194191674173695e+01 1.368852908844692884e+01 1.374264252135154862e+01 1.630768583536644911e+01 1.638871340209572836e+01 1.654312729161443585e+01 1.662136501911678721e+01 2.124111804095746692e+01 2.140915316758211162e+01 2.168582423416215121e+01 2.198416938348634631e+01
2.221472561334429940e+00 2.366593450109821362e+00 2.902715567212794223e+00 2.941949318814144565e+00 3.985329304275096352e+00 4.027976359169750609e+00 4.483026218630175030e+00 4.509659890870553411e+00 5.500330327867613001e+00 5.522874756412297970e+00 5.760517272843673098e+00 5.803905815671283719e+00 6.856720384439516813e+00 6.958996994451998930e+00 7.580430227295607892e+00 7.693138567831431907e+00 9.707334341190442473e+00 9.766194073593132075e+00 9.896250526002241088e+00 9.996660180148822405e+00 1.196773319222527654e+01 1.233515112015454740e+01 1.316017704042486081e+01 1.325570688667631103e+01 1.338592295246591313e+01 1.356851299956172241e+01 1.373124654254761090e+01 1.378002200385155618e+01 1.634722783915914235e+01 1.638344586994294971e+01 1.662217068732137903e+01 1.669458459319719523e+01 2.099921143382373145e+01 2.113215627180765566e+01 2.177556260915432418e+01 2.211769480986430025e+01
2.104278788422629720e+00 2.257077949177475507e+00 2.985686910979824749e+00 3.011182270436929542e+00 3.912218440191331581e+00 3.936890668525284909e+00 4.566226315709183581e+00 4.590912633950555488e+00 5.417107889255720288e+00 5.422249421832929350e+00 5.788522542795750070e+00 5.831813437966891556e+00 6.772207691938037399e+00 6.907535753418860835e+00 7.805015109936431550e+00 7.922012655163810813e+00 9.580162025391802061e+00 9.624723546412386810e+00 9.928387670770764117e+00 1.009464406404724102e+01 1.195906613935110663e+01 1.227700800421899352e+01 1.310646910721380465e+01 1.313468259830190377e+01 1.364837987117819829e+01 1.375191127098952926e+01 1.384919517546873102e+01 1.400842397627906522e+01 1.634071393374677328e+01 1.635203427507216389e+01 1.678981662086979298e+01 1.683136920934958525e+01 2.073906198118328703e+01 2.080249665916946356e+01 2.182364079797670797e+01 2.224913174136954552e+01
2.015721582067357076e+00 2.152372992433262411e+00 2.960068482266485557e+00 2.997897223469339956e+00 3.889305278993087978e+00 3.894269640890686279e+00 4.635102953780918966e+00 4.668749816210420178e+00 5.295595708601696927e+00 5.311079467343306604e+00 5.799933137268993733e+00 5.851004262768766395e+00 6.735158762137844590e+00 6.887124161961175162e+00 8.036089114356467888e+00 8.129168711302600769e+00 9.426944002086219854e+00 9.469285436718239524e+00 1.004336111830793854e+01 1.026010405626947808e+01 1.193192731627478231e+01 1.223115545684139605e+01 1.293296333230568429e+01 1.297524737371007397e+01 1.372635396342473513e+01 1.383236352246391831e+01 1.410237178210829612e+01 1.445299119515202690e+01 1.628660578168892670e+01 1.633909118659549264e+01 1.697660071809515614e+01 1.704129921739398767e+01 2.041805978509516351e+01 2.051557757491445955e+01 2.185111642778255003e+01 2.239125035205717751e+01
1.956550685946285117e+00 2.076206982014888069e+00 2.863219462609211341e+00 2.932216911783262603e+00 3.865621392011649338e+00 3.884777230589942398e+00 4.693699694828123548e+00 4.746659258596567454e+00 5.164134055356085717e+00 5.180634629346734243e+00 5.807360420168428128e+00 5.867793186407773476e+00 6.716854270021036299e+00 6.876311105863208262e+00 8.247509433366465359e+00 8.305708076969631648e+00 9.279071600776228834e+00 9.312355362953436355e+00 1.023407362520939579e+01 1.046236078202523245e+01 1.188566169816924045e+01 1.210555821473140092e+01 1.279320990095038546e+01 1.282096014364511660e+01 1.372273485579680141e+01 1.393362425840449248e+01 1.438081895972094948e+01 1.474261771277810240e+01 1.620920260203153163e+01 1.640336359126951749e+01 1.718798951759404403e+01 1.726579434281229908e+01 2.007989595355710577e+01 2.025093479156608467e+01 2.188247610232303941e+01 2.255948792939141612e+01
1.925121997150360365e+00 2.025985881452049497e+00 2.770352546215235634e+00 2.854351998074951879e+00 3.832507469045419057e+00 3.864075447130974172e+00 4.741612262574070868e+00 4.807680357057226850e+00 5.039610902229874512e+00 5.057581364980194394e+00 5.826299958879636698e+00 5.883229027852791226e+00 6.695918422882954246e+00 6.843384494141644403e+00 8.427033503006731152e+00 8.455705824035494089e+00 9.143739268369943218e+00 9.166277859739457412e+00 1.045647320139452674e+01 1.067200344658062683e+01 1.179717053276834271e+01 1.194107387817752297e+01 1.268617167005564816e+01 1.271871467643729758e+01 1.368613333187302494e+01 1.400444798496588383e+01 1.461986550362033377e+01 1.483955941478364515e+01 1.617585151157580725e+01 1.652126585367934553e+01 1.741492484760258819e+01 1.749901935005218689e+01 1.975857842135106424e+01 1.998453800579706297e+01 2.192579813476378447e+01 2.275014766031221569e+01
1.911612278561810152e+00 1.976980817363152232e+00 2.725875490355051944e+00 2.795515094465141015e+00 3.796249384961623896e+00 3.832458859589544797e+00 4.773366731844565614e+00 4.827989469246825927e+00 4.936399003977571809e+00 4.976959755762205617e+00 5.859391453468784761e+00 5.899712238368616468e+00 6.666948468751931145e+00 6.776902511659798733e+00 8.573991889919367893e+00 8.587010493710318215e+00 9.024193634458024249e+00 9.037761425108405078e+00 1.065948764075330679e+01 1.085607643808257450e+01 1.167728359760460677e+01 1.180195590707812947e+01 1.259568204360372512e+01 1.267941152272878114e+01 1.364913150701576683e+01 1.401552328379654533e+01 1.473654970869901248e+01 1.484701572283779747e+01 1.623685220062480994e+01 1.660388032430520866e+01 1.765638900507087783e+01 1.775041321143672590e+01 1.943585240045108620e+01 1.974433424449683017e+01 2.197358990000839896e+01 2.293344378589449306e+01
1.903130434055697373e+00 1.928686590316330829e+00 2.726013666977715300e+00 2.761925807504219232e+00 3.773905477238443495e+00 3.803950479626581060e+00 4.784107393980618461e+00 4.806339468570971718e+00 4.874379116576704973e+00 4.950005774355775934e+00 5.895656013814004837e+00 5.914664238101647875e+00 6.642208814708735254e+00 6.699051701882368093e+00 8.691534814684029442e+00 8.700995824255800315e+00 8.922496653188419558e+00 8.927581866522501741e+00 1.080651990678094343e+01 1.098328767092540659e+01 1.160305917931040476e+01 1.168189018516995326e+01 1.255637975165043230e+01 1.263484256131162198e+01 1.365789879308972310e+01 1.397354068061663313e+01 1.476066692927849289e+01 1.482580088437744514e+01 1.636826137603331333e+01 1.659913414550451805e+01 1.790999076374600563e+01 1.796789044790599021e+01 1.912954897560637590e+01 1.956323151957439421e+01 2.201117812906010229e+01 2.306691611215101290e+01
1.903019958109697596e+00 1.903776177237809453e+00 2.739539711345997830e+00 2.744220104902243662e+00 3.768272880204249553e+00 3.792366832264297827e+00 4.784397476086683199e+00 4.788597442916033842e+00 4.857893414345257455e+00 4.945682682122184204e+00 5.916698273914593464e+00 5.916749189455146052e+00 6.644456506024379649e+00 6.651070806095736643e+00 8.764421201454448251e+00 8.768879936403346065e+00 8.856666117240804326e+00 8.859847917455683231e+00 1.086289545151807090e+01 1.102968194239684330e+01 1.160263385243306899e+01 1.160804679595531574e+01 1.257794197914302714e+01 1.257800493198533331e+01 1.368550324368928628e+01 1.393603148956209559e+01 1.478246017804062440e+01 1.479094425631187448e+01 1.647524892273385433e+01 1.654063687500078927e+01 1.805062291159305232e+01 1.805659369080329668e+01 1.897489340383234691e+01 1.949004843591366409e+01 2.202542078184088226e+01 2.311577818787717220e+01
2.229628432273451644e+00 2.238545775748725930e+00 2.365798170243050613e+00 2.392467684914379777e+00 3.184594383848975863e+00 3.187183489248792245e+00 4.801163184453613120e+00 4.895948448255189156e+00 4.993621935111559829e+00 5.027179893817734779e+00 6.619510117840199825e+00 6.623426461837783386e+00 6.919444026790045221e+00 6.931460828236004623e+00 7.459888872945067639e+00 7.658342657761622263e+00 8.056036472074939780e+00 8.098010943091532354e+00 1.045784696069033970e+01 1.050852152386346816e+01 1.250607202715341160e+01 1.255078924976474219e+01 1.319784696187642226e+01 1.334241046761136396e+01 1.341497381463234007e+01 1.392963214384523596e+01 1.458968631386091097e+01 1.466273671505929599e+01 1.538665307223991263e+01 1.548171631079890886e+01 1.733843438882339782e+01 1.742370561391276951e+01 2.060932442299563760e+01 2.164138402739399325e+01 2.169066872436363269e+01 2.239808894401524952e+01
2.250698577531824895e+00 2.274137177787500352e+00 2.377035564880942253e+00 2.409863866911996499e+00 3.208930654128613114e+00 3.219061178202928808e+00 4.799206792471116145e+00 4.886229123953460984e+00 5.004448577976041257e+00 5.029260617285688184e+00 6.598094143038351511e+00 6.605585567963401239e+00 6.927938651405295190e+00 6.947387355952495014e+00 7.454554025317970734e+00 7.643323516940001561e+00 8.071099268615714806e+00 8.188975115002349980e+00 1.045531689426523769e+01 1.050534086158954850e+01 1.248363633308953169e+01 1.257453202746007470e+01 1.320180336522739850e+01 1.331399861113877137e+01 1.341699174146026685e+01 1.391212017882671326e+01 1.455047329912183862e+01 1.462190671949445075e+01 1.543708661205672783e+01 1.552760630837762079e+01 1.732933437848007685e+01 1.738465125971378100e+01 2.064679698240412264e+01 2.162616883968055248e+01 2.167376268294301767e+01 2.235341644283328932e+01
2.315035092915191051e+00 2.367076611820646992e+00 2.411591076736660177e+00 2.456766170563009055e+00 3.285752135551884834e+00 3.302287646696153267e+00 4.791425506640436538e+00 4.845414157538507460e+00 5.031425358957887894e+00 5.047743847200515610e+00 6.534514153389709534e+00 6.548501322078293718e+00 6.961474250654507756e+00 6.990252600956543994e+00 7.430482785781750366e+00 7.606907573531823452e+00 8.165902363157179877e+00 8.393291827699776775e+00 1.044585456416458413e+01 1.049418086567192709e+01 1.239645113347911298e+01 1.265505031726853602e+01 1.320519679012156899e+01 1.325363973240240156e+01 1.340476298841183755e+01 1.386599316282386241e+01 1.445303969882911410e+01 1.451852741937754843e+01 1.555788445550334487e+01 1.564057704236019042e+01 1.727782565188924124e+01 1.730285770461269124e+01 2.075004545075551121e+01 2.158442492742456054e+01 2.162845281471880909e+01 2.223918913211943504e+01
2.403167103969256591e+00 2.455118334839212935e+00 2.484242050244191091e+00 2.534068149337914466e+00 3.408026822000596034e+00 3.424358571446592503e+00 4.768882606988677608e+00 4.784990018532949030e+00 5.064088143097297490e+00 5.087551479295500556e+00 6.433903943470566489e+00 6.451245313892560063e+00 7.021004465301266428e+00 7.050809676833409867e+00 7.374947493178472868e+00 7.559855607206466210e+00 8.342065639260949794e+00 8.668117176699244197e+00 1.042422467837255340e+01 1.047052316453406462e+01 1.226721146532696416e+01 1.274131433580521211e+01 1.316726739661519119e+01 1.321347065556040512e+01 1.337069851997427605e+01 1.380644091298982623e+01 1.432232413682697469e+01 1.437891323411040290e+01 1.569711277632358915e+01 1.578167332097299713e+01 1.713470184879932745e+01 1.725018491013543809e+01 2.089777287449147991e+01 2.152753658422513539e+01 2.157440410093580141e+01 2.210149102984317437e+01
2.474166050779636361e+00 2.508082772502967295e+00 2.556213187194620318e+00 2.641992339371482590e+00 3.564166161390446064e+00 3.574346549004222773e+00 4.706139713156140658e+00 4.741461923285113400e+00 5.109579104102489389e+00 5.148900372532771996e+00 6.303826183121445048e+00 6.322079069302358967e+00 7.094109722400581575e+00 7.115292241858979239e+00 7.294150243061308991e+00 7.498338893230078739e+00 8.587920751189040303e+00 8.976294302147785231e+00 1.038255797021074756e+01 1.042821268315360506e+01 1.212811101367581479e+01 1.277841961258170755e+01 1.307527503469312435e+01 1.321821953170234742e+01 1.331480747201785952e+01 1.374874502066731807e+01 1.416496793393827147e+01 1.421641984368122280e+01 1.582372998785671747e+01 1.592831600328713293e+01 1.697507548481908302e+01 1.716821444065495683e+01 2.106543810706702757e+01 2.147799578060618586e+01 2.154041312095561267e+01 2.198135474173688664e+01
2.496060474158836584e+00 2.546661790620142529e+00 2.606524496266509061e+00 2.718717786697905314e+00 3.737667484415812869e+00 3.745173796274720246e+00 4.632773383925948174e+00 4.670263158567485640e+00 5.195562871095834367e+00 5.239168780065330822e+00 6.149889182994870751e+00 6.174327402603880799e+00 7.165217008441745250e+00 7.169082398469553752e+00 7.210620329986316968e+00 7.418637976555176650e+00 8.885023002910202194e+00 9.284219717650914916e+00 1.031060456776873480e+01 1.036230809940126107e+01 1.201999348575018089e+01 1.275639079861953640e+01 1.294119879606651757e+01 1.322812338548920152e+01 1.325437554682424057e+01 1.370298713840213090e+01 1.398557093599352541e+01 1.404593495360436783e+01 1.593724156477745169e+01 1.607499066704328783e+01 1.681113052756114357e+01 1.705296239874195408e+01 2.122578679450836248e+01 2.145178523921322622e+01 2.155076710317677779e+01 2.189878502876978672e+01
2.482577282790006556e+00 2.555610906128183757e+00 2.633571098564981394e+00 2.746477371982938287e+00 3.914737290400587710e+00 3.927706563736921730e+00 4.539053184190381174e+00 4.562646113405036452e+00 5.324697920683399310e+00 5.367215909441281241e+00 5.980432067768663984e+00 6.018481745181376574e+00 7.144220657516552109e+00 7.187497557351234967e+00 7.226108618592588684e+00 7.345312211372527322e+00 9.207813519689233672e+00 9.565589793380175010e+00 1.019696261251808878e+01 1.027114143203181129e+01 1.198330500748873817e+01 1.271157480298272091e+01 1.274947981936765018e+01 1.311403135716251356e+01 1.331743972933123210e+01 1.367404210107606310e+01 1.380589949819598417e+01 1.388999800531189344e+01 1.605225087124591354e+01 1.622804933968052765e+01 1.664746203845646733e+01 1.690861204332755463e+01 2.134507710079695642e+01 2.145073673826621530e+01 2.159412529674302661e+01 2.186600507581070474e+01
2.473551209373362259e+00 2.529653959043525191e+00 2.628926001198602425e+00 2.755161528498887513e+00 4.090505372603444378e+00 4.106099532684090114e+00 4.417642577615326083e+00 4.428251252308811559e+00 5.475282002614839882e+00 5.524770714134205285e+00 5.808427981433355036e+00 5.858344306222357467e+00 7.102174829341909579e+00 7.160499617702830832e+00 7.266647916404244789e+00 7.318873195405132925e+00 9.525108612667992247e+00 9.802868424190505081e+00 1.003247845211959799e+01 1.015366996250000042e+01 1.204560616327516165e+01 1.247583956916790093e+01 1.272594672064987087e+01 1.299678360610347916e+01 1.340216417284690564e+01 1.364308825053596586e+01 1.367343563577076360e+01 1.377179198760731715e+01 1.617832054447283241e+01 1.639191507720361685e+01 1.648987053600498598e+01 1.674406317757256701e+01 2.139167620791622682e+01 2.148279613478261396e+01 2.162283956449649125e+01 2.188133022767703295e+01
2.489521854424829428e+00 2.493410754110492622e+00 2.620094938138207041e+00 2.759427876561812987e+00 4.232545841430119360e+00 4.249235243994345268e+00 4.296306812836090394e+00 4.297722718418532928e+00 5.614766707850664673e+00 5.651836118741561776e+00 5.693524676950216801e+00 5.702142144307659422e+00 7.086057107277133227e+00 7.142081106653033196e+00 7.281888338589902254e+00 7.316097808777244360e+00 9.802760772487854268e+00 9.806385045570767289e+00 9.973505370445169049e+00 1.002916523491446199e+01 1.217520542219010693e+01 1.226933530865644428e+01 1.274111954093713095e+01 1.293582215784061873e+01 1.348959260140222760e+01 1.353513247153281185e+01 1.368643865197271481e+01 1.371196663943424099e+01 1.628598291586510882e+01 1.636773442947405854e+01 1.656317595275316634e+01 1.657569245564326721e+01 2.139875328898374107e+01 2.150285721872687006e+01 2.162942080642381626e+01 2.189719682701894499e+01
1.073000638129763651e+00 1.753424638855543893e+00 3.072536044384697185e+00 3.074271696568124490e+00 3.212376862445418535e+00 3.296319547444455100e+00 4.751932181434341373e+00 4.828841187644809629e+00 4.978466833183253115e+00 5.163490992417520076e+00 5.802842367633461507e+00 5.948714486816069069e+00 6.683010656954373019e+00 6.715101562914431277e+00 7.830202724354862198e+00 7.933176122973076616e+00 8.441088281396218918e+00 8.569016062482448959e+00 1.066202085258919752e+01 1.097388781528572643e+01 1.175965096553390232e+01 1.194951303014126509e+01 1.265845831383910713e+01 1.275495784436631475e+01 1.281546548417849252e+01 1.302404636095725721e+01 1.351952281350072660e+01 1.362876680828313880e+01 1.651207543003458866e+01 1.654441400341351454e+01 1.735003558954990766e+01 1.742820789723057118e+01 1.938220888409735210e+01 1.968925473106843782e+01 2.246115017632295974e+01 2.306948687495970773e+01
1.068850078003644066e+00 1.806292958259249293e+00 3.006320945234349118e+00 3.067497027084333361e+00 3.299392630943541072e+00 3.423798984278100921e+00 4.754244695375131613e+00 4.825151103792776119e+00 4.954125334108314682e+00 5.150675427785587068e+00 5.764909511644419560e+00 5.928023810209223754e+00 6.677832649682018840e+00 6.712407501026572021e+00 7.865829848753469022e+00 7.947412119237412753e+00 8.431483909288179035e+00 8.588499320086727451e+00 1.064174723236726372e+01 1.095324826329628642e+01 1.193733624028818241e+01 1.198474071444908340e+01 1.256017138543872846e+01 1.268360415326481316e+01 1.287285403019225249e+01 1.311644963991575707e+01 1.361080785502496049e+01 1.368808375084464224e+01 1.651565532849545903e+01 1.653368987779612809e+01 1.727975334970422594e+01 1.734439524629355844e+01 1.944299473071048112e+01 1.974436705894396127e+01 2.246553973050499309e+01 2.307537114007351775e+01
1.180560653398842197e+00 1.939985495198984555e+00 2.929103749315013161e+00 3.029938324805788952e+00 3.545082922454171559e+00 3.652002441849076408e+00 4.755770599923369701e+00 4.784577418698437334e+00 4.901328793477397916e+00 5.125149673992290822e+00 5.698174885333487261e+00 5.860524521834439504e+00 6.670406620006485987e+00 6.700673738241212263e+00 7.903569742013461408e+00 7.920158537815365385e+00 8.452416650902076611e+00 8.678197986168770584e+00 1.056345248479439114e+01 1.083956452267264048e+01 1.208815485402862322e+01 1.226414312464770973e+01 1.241147718442281267e+01 1.262237120159143089e+01 1.303597643608457624e+01 1.328290678368945166e+01 1.382833891660347625e+01 1.386758143105917185e+01 1.650026827937611174e+01 1.652271650790159896e+01 1.709691105587481985e+01 1.713204093816336027e+01 1.960297192636473085e+01 1.988697798562826691e+01 2.247502865338549327e+01 2.312286325567805534e+01
1.503831548546590291e+00 2.116894672159003399e+00 2.875318545731698094e+00 2.973812735008223740e+00 3.818538927101197356e+00 3.918125118237131499e+00 4.678947517725634775e+00 4.746156185619962997e+00 4.868251314259586238e+00 5.109098807647587392e+00 5.635739867976051976e+00 5.760769951357300300e+00 6.663416727081758140e+00 6.692614280328696985e+00 7.802495108827079306e+00 7.827795366698214963e+00 8.588800073394931900e+00 8.839425020159069391e+00 1.041742620553135090e+01 1.064215230838951420e+01 1.206519487230086796e+01 1.212185260123157349e+01 1.249047449440994839e+01 1.298329045785988356e+01 1.323497268589291309e+01 1.345264982555740652e+01 1.408546285964083822e+01 1.417079360618750705e+01 1.644114079510066873e+01 1.651535827969058090e+01 1.685891562292980694e+01 1.686744076961802463e+01 1.981979294481649490e+01 2.007142534842049386e+01 2.248031447933623994e+01 2.328742653513908323e+01
1.920684221122421542e+00 2.304227213723929690e+00 2.836772163355148368e+00 2.913288103906863657e+00 4.012009060188464815e+00 4.140855233308749384e+00 4.608735478065765889e+00 4.715404663668871343e+00 4.880008439721308378e+00 5.105321114894422863e+00 5.559780771227188723e+00 5.654216724966862451e+00 6.653757215280278636e+00 6.704736361745539774e+00 7.629309313174956309e+00 7.659342393389210635e+00 8.812429325682161974e+00 9.032491778340817845e+00 1.022884199691027263e+01 1.040588356618711252e+01 1.188778908632698972e+01 1.190002550611959364e+01 1.282263776900314767e+01 1.328936438836142919e+01 1.343635361230775338e+01 1.359017556471836841e+01 1.430799158609780797e+01 1.446819435659486253e+01 1.634467927996637826e+01 1.645169163839592130e+01 1.661706921158906880e+01 1.663281819253372618e+01 2.005618345664208846e+01 2.025101596856697483e+01 2.247162443120213027e+01 2.362403855573408151e+01
2.294906544971649698e+00 2.473472464396488490e+00 2.806541556799724724e+00 2.857270079958974307e+00 4.107183501450068164e+00 4.194777160175391373e+00 4.592592982693218140e+00 4.770335725079168476e+00 4.938013418245666308e+00 5.120664890541636538e+00 5.469163234887691516e+00 5.550264348317828222e+00 6.656536892647416437e+00 6.717730182648107728e+00 7.445472960069306367e+00 7.472594364939006084e+00 9.062726269248221556e+00 9.238302476349996795e+00 1.002628079609048406e+01 1.015956140375887351e+01 1.171195175234803187e+01 1.174104591044452839e+01 1.323391068708181351e+01 1.352061597368719603e+01 1.361303583453950594e+01 1.369289749484689800e+01 1.442607528802930084e+01 1.458073868523970340e+01 1.619686412668977127e+01 1.627064812757550527e+01 1.647868991576202191e+01 1.648338645333172536e+01 2.027648401165064485e+01 2.039039055478203011e+01 2.244598763273133812e+01 2.406765473273337008e+01
2.550239574213827076e+00 2.601637272197895978e+00 2.782382708860337228e+00 2.804006942563747273e+00 4.137414953077350965e+00 4.169119784990913402e+00 4.574532050481379564e+00 4.853540337829672424e+00 5.030911625316984548e+00 5.166642989070220793e+00 5.396485601378567587e+00 5.443780420708750789e+00 6.673629144269341396e+00 6.718782613989268349e+00 7.292034642008702328e+00 7.335375122981752760e+00 9.298870715659607100e+00 9.451971236913131236e+00 9.829358452505037036e+00 9.918228766104343563e+00 1.161245207716855177e+01 1.163690487409338914e+01 1.363967896680170355e+01 1.373102685523729072e+01 1.373727714183640991e+01 1.376273513710996355e+01 1.439686422784455999e+01 1.448466973029443139e+01 1.605496454515720828e+01 1.610008448897553279e+01 1.641401200945163552e+01 1.641432279011382889e+01 2.043854699481973469e+01 2.047570456034438635e+01 2.241449404486603214e+01 2.444292553701225401e+01
2.654079887769496882e+00 2.656721464797682231e+00 2.763451177585165119e+00 2.769691114686059663e+00 4.146764697658017695e+00 4.153308968121826261e+00 4.563438181910485447e+00 4.879198428051966907e+00 5.093327731181507723e+00 5.199507580540624119e+00 5.364474596975045806e+00 5.382917093117532303e+00 6.685661286626292998e+00 6.716406380524654551e+00 7.225959207427418818e+00 7.288374525467929743e+00 9.438090371955075497e+00 9.639077775124301084e+00 9.705050237004076763e+00 9.721660974635708996e+00 1.157830340065817154e+01 1.160549695777953794e+01 1.377970473824586328e+01 1.378252128273014776e+01 1.386390467996007025e+01 1.386895059205802205e+01 1.430632673233212593e+01 1.436860556158459623e+01 1.599895195879930654e+01 1.604024433204696720e+01 1.639240163306159914e+01 1.639404947184018368e+01 2.049921600238503316e+01 2.050434900374500202e+01 2.239970677020037826e+01 2.458830239742069423e+01
1.650158883812297139e+00 1.971035206924510730e+00 2.061263164607562537e+00 2.222835369397904159e+00 3.856513366761769923e+00 3.911672388462595240e+00 3.950552815369181126e+00 3.964032180778453540e+00 6.017241490748419075e+00 6.071001537523799563e+00 6.115022474342290515e+00 6.163082736764082803e+00 6.967857082859713280e+00 7.039984917052454882e+00 7.085235769211270629e+00 7.140233953649588905e+00 9.098668661910172872e+00 9.215511135183186653e+00 9.367016622707390994e+00 9.453590693969264436e+00 1.162574374356453255e+01 1.180331398356392114e+01 1.218399979871913885e+01 1.223253221064040375e+01 1.430899557340372397e+01 1.435305994095641502e+01 1.451293241444074056e+01 1.454069450325546597e+01 1.524060825578147238e+01 1.536798168532420306e+01 1.558280331564511023e+01 1.565180139946050630e+01 2.136286106738264223e+01 2.142245068789244300e+01 2.154640201380114206e+01 2.189167263401564156e+01
1.688680663020632133e+00 1.991572732368487975e+00 2.080562134650517425e+00 2.236607142125320191e+00 3.839633092469895370e+00 3.890393025639133917e+00 3.926202085011291310e+00 3.945215228668257801e+00 6.021417423642478894e+00 6.074092453134476877e+00 6.117634775402323477e+00 6.163090497784502908e+00 6.991290253785162889e+00 7.067817158500655950e+00 7.101593695958416497e+00 7.164943058161531653e+00 9.124327696504757057e+00 9.233245511307664799e+00 9.375900851252550794e+00 9.462035111720622282e+00 1.165907519863944941e+01 1.183758121557395526e+01 1.221009891233732780e+01 1.225646171704592646e+01 1.430182147177510465e+01 1.434182448539154286e+01 1.448636313732590253e+01 1.453003399511258564e+01 1.525391847693408920e+01 1.535770118367871540e+01 1.558194554173895874e+01 1.565000619453011765e+01 2.135118949067784300e+01 2.141449399692529454e+01 2.152762726089355638e+01 2.186142100873257377e+01
1.795312582449529959e+00 2.051006642433663263e+00 2.136271729597522206e+00 2.276950920128671729e+00 3.785305002873148972e+00 3.828233781719555751e+00 3.858172033066996409e+00 3.886371330197692320e+00 6.036341307991967220e+00 6.085404481433587698e+00 6.129750809960071933e+00 6.167619111155982381e+00 7.052167880620252127e+00 7.139258209487486795e+00 7.149620098381591404e+00 7.226598877635817431e+00 9.194897783716468709e+00 9.285342594331236654e+00 9.403890003059345304e+00 9.487113290154795209e+00 1.175814824416874416e+01 1.193467117950732792e+01 1.228558289959637406e+01 1.232643640213121650e+01 1.427292475327310228e+01 1.430593257000945684e+01 1.442384945161141907e+01 1.448033188493098855e+01 1.528188462479817922e+01 1.533744606419002565e+01 1.558032854941995637e+01 1.564188318130675981e+01 2.131866507782802245e+01 2.139194666848185022e+01 2.147789918758194005e+01 2.178167150103646676e+01
1.948379481627980248e+00 2.143595014113553354e+00 2.221962352156413356e+00 2.341042159241647269e+00 3.690475179435566577e+00 3.728702597588240852e+00 3.755089881876075619e+00 3.785647848318021147e+00 6.065503919359948704e+00 6.108889503064582449e+00 6.156029157594100631e+00 6.183635183718956263e+00 7.131039490604152320e+00 7.213306189944486135e+00 7.233976768316044748e+00 7.302542685040560144e+00 9.294196033413548719e+00 9.366150371287842447e+00 9.452962303355569418e+00 9.527414983134885773e+00 1.191827082400801530e+01 1.208081919578017427e+01 1.240237571927117877e+01 1.243822159661656457e+01 1.421221416915000013e+01 1.423610651922419912e+01 1.433563318723147439e+01 1.438164989970147367e+01 1.528781043453691346e+01 1.533424524129498501e+01 1.557989459146750022e+01 1.562340714417598342e+01 2.127166036838247365e+01 2.135893332729351357e+01 2.141409428484946176e+01 2.168105569184907466e+01
2.123661464787543807e+00 2.260951805722212882e+00 2.328931310663712839e+00 2.424799364093645604e+00 3.563312617710751251e+00 3.596928879256568568e+00 3.621535553540378150e+00 3.648043728363912219e+00 6.108107432956632721e+00 6.144700322224418088e+00 6.193807098056871574e+00 6.211311072791642296e+00 7.211367166746454949e+00 7.281914676058074853e+00 7.321611831122999625e+00 7.373739047728022911e+00 9.404314306910906751e+00 9.461581662207336763e+00 9.521121718680170432e+00 9.579119597383760620e+00 1.212686735360594348e+01 1.226066559772249853e+01 1.254838920694210458e+01 1.258616855079834096e+01 1.411438015135292723e+01 1.412495584889660272e+01 1.422192185678811605e+01 1.424383579337217931e+01 1.526739904722485441e+01 1.533058215685670689e+01 1.557892667098087180e+01 1.559774412091469564e+01 2.121830262550861335e+01 2.132246930841268551e+01 2.135502282149970199e+01 2.159329152888423664e+01
2.301822885940388641e+00 2.392915907256040420e+00 2.449660282248979470e+00 2.524050832143448275e+00 3.417455230435421765e+00 3.440444240012826338e+00 3.462678183399650944e+00 3.488206372511629461e+00 6.157427952873375965e+00 6.186401547504240206e+00 6.235576863271500514e+00 6.244220251677898403e+00 7.283081799859089323e+00 7.339429240519545594e+00 7.390088711268384181e+00 7.428341987449208261e+00 9.509822233698860927e+00 9.554700580778678898e+00 9.597364720982499264e+00 9.635336397812029219e+00 1.236050677130078768e+01 1.246050354959541906e+01 1.271345039433831303e+01 1.275717821522118456e+01 1.396708946446983468e+01 1.398129255969956652e+01 1.407713626996643264e+01 1.410644871794286281e+01 1.521545717677856580e+01 1.531788127172600156e+01 1.555717014159296596e+01 1.558621919052918692e+01 2.116684037565667253e+01 2.129205399384583330e+01 2.131090896130523049e+01 2.154080030792946587e+01
2.469929949973154404e+00 2.529223985170588218e+00 2.578642576161804811e+00 2.634926542866193877e+00 3.266163835138355509e+00 3.270363383574611316e+00 3.292210758994983166e+00 3.324833454863663551e+00 6.202584191674589853e+00 6.223257343800955077e+00 6.271740355762478458e+00 6.277085860379703064e+00 7.340588315216987070e+00 7.380590249413120141e+00 7.434282408507255191e+00 7.462170202611449810e+00 9.594808375108392795e+00 9.634374531653076446e+00 9.665064226311764983e+00 9.686347622699965854e+00 1.258865509465486099e+01 1.266244293691709899e+01 1.288746790033379774e+01 1.292789576881905411e+01 1.379167068247741135e+01 1.380887636340655078e+01 1.393534171855404757e+01 1.397529563351473847e+01 1.513541172042387295e+01 1.530934659094489980e+01 1.552458478054838231e+01 1.557996549470767178e+01 2.112473148920314969e+01 2.127175072748658025e+01 2.128448682143193338e+01 2.152442693700983867e+01
2.612907223750426500e+00 2.658125402532353743e+00 2.704693774922546812e+00 2.749226712757344426e+00 3.108813066494763078e+00 3.128070854720589100e+00 3.134534627420228592e+00 3.178305809145181904e+00 6.233284222501677796e+00 6.246047660217236341e+00 6.294944916282858571e+00 6.304649527523291219e+00 7.379564171179764820e+00 7.405180924178153212e+00 7.456438427535015734e+00 7.477688954061512128e+00 9.646747193046257607e+00 9.689292729572011709e+00 9.712375859556299673e+00 9.722074864796869775e+00 1.277770288264753873e+01 1.283194896613329661e+01 1.304183256943932534e+01 1.306478449549287646e+01 1.362912190657577760e+01 1.365071895715227335e+01 1.381674583011362323e+01 1.386400064496239182e+01 1.506639517958923058e+01 1.530194542400864322e+01 1.549880583727803796e+01 1.557213424324305784e+01 2.109750965875901585e+01 2.125652961769485216e+01 2.127675330740504478e+01 2.152761890939284228e+01
2.680256991891788232e+00 2.731408809924592784e+00 2.774329231726319733e+00 2.818035859707110014e+00 3.031006246231317203e+00 3.033537253648427079e+00 3.065299604961115421e+00 3.105239992410012029e+00 6.244168301131371557e+00 6.252990415805061097e+00 6.303539592527849678e+00 6.315253492551189396e+00 7.393821802474759508e+00 7.413756261934314473e+00 7.462341400798643498e+00 7.481569878813700392e+00 9.663641125199927018e+00 9.708472889900081171e+00 9.729587206344191941e+00 9.735455094755751659e+00 1.285960698780153244e+01 1.290951173927665607e+01 1.310593376138219135e+01 1.312306786600337816e+01 1.356232238741276852e+01 1.357119843978422402e+01 1.376250427815422306e+01 1.381719327832664490e+01 1.503962556294414732e+01 1.529854325143449145e+01 1.548902177280124448e+01 1.556848421238776226e+01 2.108814727271107969e+01 2.125084167493120191e+01 2.127593103735973656e+01 2.153134466008335579e+01
