-2.743042719098466087e+00
-2.609392465461654709e+00
-2.475742211824842887e+00
-2.342091958188031064e+00
-2.208441704551219242e+00
-2.074791450914407864e+00
-1.941141197277596264e+00
-1.807490943640784442e+00
-1.673840690003972842e+00
-1.540190436367161020e+00
-1.406540182730349420e+00
-1.272889929093537820e+00
-1.139239675456726220e+00
-1.005589421819914397e+00
-8.719391681831029084e-01
-7.382889145462909752e-01
-6.046386609094794862e-01
-4.709884072726679971e-01
-3.373381536358560639e-01
-2.036878999990445471e-01
-7.003764636223260009e-02
6.361260727457890285e-02
1.972628609113904197e-01
3.309131145482023251e-01
4.645633681850138696e-01
5.982136218218253587e-01
7.318638754586372919e-01
8.655141290954487809e-01
9.991643827322602700e-01
1.132814636369071870e+00
1.266464890005884136e+00
1.400115143642695736e+00
1.533765397279507114e+00
1.667415650916318715e+00
1.801065904553130093e+00
1.934716158189942581e+00
2.068366411826754181e+00
2.202016665463565559e+00
2.335666919100376937e+00
2.469317172737188759e+00
2.602967426374001025e+00
2.736617680010812403e+00
2.870267933647623781e+00
3.003918187284435604e+00
3.137568440921246982e+00
3.271218694558058360e+00
3.404868948194870626e+00
3.538519201831682448e+00
3.672169455468493826e+00
3.805819709105305204e+00
3.939469962742117026e+00
4.073120216378929292e+00
4.206770470015740671e+00
4.340420723652552049e+00
4.474070977289363427e+00
4.607721230926174805e+00
4.741371484562987071e+00
4.875021738199798449e+00
5.008671991836609827e+00
5.142322245473422981e+00
5.275972499110234359e+00
5.409622752747045737e+00
5.543273006383857116e+00
5.676923260020669382e+00
5.810573513657480760e+00
5.944223767294292138e+00
6.077874020931103516e+00
6.211524274567914894e+00
6.345174528204726272e+00
6.478824781841537650e+00
6.612475035478350804e+00
6.746125289115163071e+00
6.879775542751974449e+00
7.013425796388785827e+00
7.147076050025597205e+00
7.280726303662408583e+00
7.414376557299219961e+00
7.548026810936031339e+00
7.681677064572844493e+00
7.815327318209654095e+00
7.948977571846467249e+00
8.082627825483280404e+00
8.216278079120090894e+00
8.349928332756903160e+00
8.483578586393713650e+00
8.617228840030525916e+00
8.750879093667336406e+00
8.884529347304148672e+00
9.018179600940959162e+00
9.151829854577773204e+00
9.285480108214581918e+00
9.419130361851395961e+00
9.552780615488208227e+00
9.686430869125018717e+00
9.820081122761830983e+00
9.953731376398641473e+00
1.008738163003545552e+01
1.022103188367226423e+01
1.035468213730907827e+01
1.048833239094588698e+01
1.062198264458270103e+01
1.075563289821950974e+01
1.088928315185632378e+01
1.102293340549313605e+01
1.115658365912994654e+01
1.129023391276676058e+01
1.142388416640356930e+01
1.155753442004038334e+01
1.169118467367719205e+01
1.182483492731400609e+01
1.195848518095081658e+01
1.209213543458762885e+01
1.222578568822443934e+01
1.235943594186125161e+01
1.249308619549806210e+01
1.262673644913487436e+01
1.276038670277168485e+01
1.289403695640849712e+01
1.302768721004531116e+01
1.316133746368212165e+01
1.329498771731893392e+01
1.342863797095574441e+01
1.356228822459255667e+01
1.369593847822936716e+01
1.382958873186617943e+01
1.396323898550298992e+01
1.409688923913980396e+01
1.423053949277661268e+01
1.436418974641342672e+01
1.449784000005023898e+01
1.463149025368704947e+01
1.476514050732386174e+01
1.489879076096067223e+01
1.503244101459748627e+01
1.516609126823429499e+01
1.529974152187110903e+01
1.543339177550791774e+01
1.556704202914473179e+01
1.570069228278154050e+01
1.583434253641835454e+01
1.596799279005516858e+01
1.610164304369197907e+01
1.623529329732879134e+01
1.636894355096560005e+01
1.650259380460241232e+01
1.663624405823922459e+01
1.676989431187603685e+01
1.690354456551284557e+01
1.703719481914966138e+01
1.717084507278647010e+01
1.730449532642328236e+01
1.743814558006009463e+01
1.757179583369690690e+01
1.770544608733371916e+01
1.783909634097052788e+01
1.797274659460734370e+01
1.810639684824415241e+01
1.824004710188096468e+01
1.837369735551777339e+01
1.850734760915458921e+01
1.864099786279140147e+01
1.877464811642821019e+01
1.890829837006502601e+01
1.904194862370183472e+01
1.917559887733864699e+01
1.930924913097545570e+01
1.944289938461227152e+01
1.957654963824908023e+01
1.971019989188589250e+01
1.984385014552270476e+01
1.997750039915951703e+01
2.011115065279632930e+01
2.024480090643313801e+01
2.037845116006995383e+01
2.051210141370676254e+01
2.064575166734357481e+01
2.077940192098038708e+01
2.091305217461719934e+01
2.104670242825400805e+01
2.118035268189082032e+01
2.131400293552763259e+01
2.144765318916444485e+01
2.158130344280125712e+01
2.171495369643806939e+01
2.184860395007488165e+01
2.198225420371169037e+01
2.211590445734850263e+01
2.224955471098531490e+01
2.238320496462212716e+01
2.251685521825893588e+01
2.265050547189574814e+01
2.278415572553256041e+01
2.291780597916937268e+01
2.305145623280618494e+01
2.318510648644299721e+01
2.331875674007980948e+01
2.345240699371661819e+01
2.358605724735343045e+01
2.371970750099024272e+01
2.385335775462705499e+01
