0.000000000000000000e+00
2.555317033263523191e-02
5.110634066527046382e-02
7.665951099790568879e-02
1.022126813305409276e-01
1.277658516631761665e-01
1.533190219958113776e-01
1.788721923284466164e-01
2.044253626610818553e-01
2.299785329937170941e-01
2.555317033263523330e-01
2.810848736589875441e-01
3.066380439916227552e-01
3.321912143242580218e-01
3.580525954930363630e-01
3.839139766618147043e-01
4.097753578305930455e-01
4.356367389993713868e-01
4.614981201681497280e-01
4.873595013369281248e-01
5.132208825057065216e-01
5.390822636744847518e-01
5.649436448432632041e-01
5.908050260120414343e-01
5.908050260120414343e-01
6.153544483238689855e-01
6.399038706356964257e-01
6.644532929475239769e-01
6.890027152593515281e-01
7.135521375711790792e-01
7.381015598830065194e-01
7.626509821948340706e-01
7.872004045066616218e-01
8.117498268184890620e-01
8.362992491303166132e-01
8.608486714421441643e-01
8.853980937539716045e-01
9.099475160657992667e-01
9.344969383776267069e-01
9.590463606894542581e-01
9.835957830012818093e-01
1.008264982520988173e+00
1.032934182040694537e+00
1.057603381560400901e+00
1.082272581080107487e+00
1.106941780599813852e+00
1.131610980119520216e+00
1.156280179639226580e+00
1.180949379158932944e+00
1.205618578678639530e+00
1.230287778198345894e+00
1.254956977718052258e+00
1.279626177237758622e+00
1.279626177237758622e+00
1.304447294717515415e+00
1.329268412197271987e+00
1.354089529677028780e+00
1.378910647156785352e+00
1.403731764636542145e+00
1.428552882116298717e+00
1.453373999596055510e+00
1.478195117075812082e+00
1.503016234555568875e+00
1.527837352035325669e+00
1.552658469515082240e+00
1.577479586994838812e+00
1.602300704474595605e+00
1.627121821954352399e+00
1.651942939434108970e+00
1.676764056913865764e+00
1.701585174393622335e+00
1.724456111901049749e+00
1.747327049408477162e+00
1.770197986915904798e+00
1.793068924423332211e+00
1.815939861930759625e+00
1.838810799438187038e+00
1.861681736945614452e+00
1.884552674453042087e+00
1.907423611960469501e+00
1.930294549467896914e+00
1.953165486975324328e+00
1.976036424482751741e+00
1.976036424482751741e+00
1.999653764672113976e+00
2.023271104861476211e+00
2.046888445050838001e+00
2.070505785240200236e+00
2.094123125429562471e+00
2.117740465618924706e+00
2.141357805808286496e+00
2.164975145997648731e+00
2.188592486187010966e+00
2.212209826376373201e+00
2.235827166565734991e+00
2.259444506755097226e+00
2.283061846944459461e+00
2.306679187133821696e+00
2.330296527323183486e+00
2.353913867512545721e+00
