-3.277554950023714220e+00
-3.139360733420474503e+00
-3.001166516817234342e+00
-2.862972300213994625e+00
-2.724778083610754909e+00
-2.586583867007514748e+00
-2.448389650404274587e+00
-2.310195433801034426e+00
-2.172001217197794709e+00
-2.033807000594554992e+00
-1.895612783991314831e+00
-1.757418567388075115e+00
-1.619224350784835176e+00
-1.481030134181595237e+00
-1.342835917578355520e+00
-1.204641700975115359e+00
-1.066447484371875420e+00
-9.282532677686357037e-01
-7.900590511653955428e-01
-6.518648345621558260e-01
-5.136706179589156651e-01
-3.754764013556758373e-01
-2.372821847524360928e-01
-9.908796814919591800e-02
3.910624845404384736e-02
1.773004650572836127e-01
3.154946816605238014e-01
4.536888982637635737e-01
5.918831148670032904e-01
7.300773314702431183e-01
8.682715480734837232e-01
1.006465764676723440e+00
1.144659981279963157e+00
1.282854197883202874e+00
1.421048414486442812e+00
1.559242631089683417e+00
1.697436847692923134e+00
1.835631064296162851e+00
1.973825280899402568e+00
2.112019497502642285e+00
2.250213714105882890e+00
2.388407930709122606e+00
2.526602147312362323e+00
2.664796363915602484e+00
2.802990580518842201e+00
2.941184797122081918e+00
3.079379013725322523e+00
3.217573230328562239e+00
3.355767446931801956e+00
3.493961663535041673e+00
3.632155880138281390e+00
3.770350096741521995e+00
3.908544313344761267e+00
4.046738529948001428e+00
4.184932746551241145e+00
4.323126963154480862e+00
4.461321179757720579e+00
4.599515396360960295e+00
4.737709612964200012e+00
4.875903829567441505e+00
5.014098046170681222e+00
5.152292262773920939e+00
5.290486479377160656e+00
5.428680695980400372e+00
5.566874912583640089e+00
5.705069129186879806e+00
5.843263345790119523e+00
5.981457562393359240e+00
6.119651778996598956e+00
6.257845995599838673e+00
6.396040212203080166e+00
6.534234428806319883e+00
6.672428645409559600e+00
6.810622862012799317e+00
6.948817078616039922e+00
7.087011295219279639e+00
7.225205511822519355e+00
7.363399728425759072e+00
7.501593945028998789e+00
7.639788161632238506e+00
7.777982378235479999e+00
7.916176594838719716e+00
8.054370811441959432e+00
8.192565028045198261e+00
8.330759244648438866e+00
8.468953461251677695e+00
8.607147677854918300e+00
8.745341894458158905e+00
8.883536111061397733e+00
9.021730327664638338e+00
9.159924544267877167e+00
9.298118760871119548e+00
9.436312977474358377e+00
9.574507194077598982e+00
9.712701410680837810e+00
9.850895627284078415e+00
9.989089843887317244e+00
1.012728406049055785e+01
1.026547827709379668e+01
1.040367249369703728e+01
1.054186671030027611e+01
1.068006092690351672e+01
1.081825514350675732e+01
1.095644936010999793e+01
1.109464357671323675e+01
1.123283779331647736e+01
1.137103200991971619e+01
1.150922622652295679e+01
1.164742044312619562e+01
1.178561465972943623e+01
1.192380887633267683e+01
1.206200309293591566e+01
1.220019730953915627e+01
1.233839152614239509e+01
1.247658574274563570e+01
1.261477995934887453e+01
1.275297417595211513e+01
1.289116839255535396e+01
1.302936260915859812e+01
1.316755682576183695e+01
1.330575104236507755e+01
1.344394525896831638e+01
1.358213947557155699e+01
1.372033369217479581e+01
1.385852790877803642e+01
1.399672212538127525e+01
1.413491634198451585e+01
1.427311055858775468e+01
1.441130477519099529e+01
1.454949899179423412e+01
1.468769320839747472e+01
1.482588742500071355e+01
1.496408164160395415e+01
1.510227585820719298e+01
1.524047007481043536e+01
1.537866429141367419e+01
1.551685850801691480e+01
1.565505272462015540e+01
1.579324694122339423e+01
1.593144115782663661e+01
1.606963537442987899e+01
1.620782959103311782e+01
1.634602380763635665e+01
1.648421802423959548e+01
1.662241224084283786e+01
1.676060645744607669e+01
1.689880067404931552e+01
1.703699489065255435e+01
1.717518910725579673e+01
1.731338332385903556e+01
1.745157754046227438e+01
1.758977175706551321e+01
1.772796597366875559e+01
1.786616019027199442e+01
1.800435440687523325e+01
1.814254862347847208e+01
1.828074284008171446e+01
1.841893705668495329e+01
1.855713127328819212e+01
1.869532548989143095e+01
1.883351970649467688e+01
1.897171392309791571e+01
1.910990813970115454e+01
1.924810235630439337e+01
1.938629657290763575e+01
1.952449078951087458e+01
1.966268500611411341e+01
1.980087922271735579e+01
1.993907343932059462e+01
2.007726765592383344e+01
2.021546187252707227e+01
2.035365608913031465e+01
2.049185030573355348e+01
2.063004452233679231e+01
2.076823873894003114e+01
2.090643295554327352e+01
2.104462717214651235e+01
2.118282138874975118e+01
2.132101560535299001e+01
2.145920982195623239e+01
2.159740403855947122e+01
2.173559825516271005e+01
2.187379247176595243e+01
2.201198668836919481e+01
2.215018090497243364e+01
2.228837512157567247e+01
2.242656933817891129e+01
2.256476355478215368e+01
2.270295777138539250e+01
2.284115198798863133e+01
2.297934620459187371e+01
2.311754042119511254e+01
2.325573463779835137e+01
2.339392885440159020e+01
2.353212307100483258e+01
2.367031728760807141e+01
2.380851150421131024e+01
2.394670572081454907e+01
2.408489993741779145e+01
2.422309415402103028e+01
