-2.393938497933348675e+00
-2.282394840631568833e+00
-2.170851183329788547e+00
-2.059307526028008706e+00
-1.947763868726227976e+00
-1.836220211424447912e+00
-1.724676554122667849e+00
-1.613132896820887785e+00
-1.501589239519107721e+00
-1.390045582217327436e+00
-1.278501924915547372e+00
-1.166958267613767308e+00
-1.055414610311987023e+00
-9.438709530102068479e-01
-8.323272957084267842e-01
-7.207836384066464985e-01
-6.092399811048664349e-01
-4.976963238030860937e-01
-3.861526665013060300e-01
-2.746090091995259108e-01
-1.630653518977458194e-01
-5.152169459596573492e-02
6.002196270581434956e-02
1.715656200075948712e-01
2.831092773093749626e-01
3.946529346111550263e-01
5.061965919129350899e-01
6.177402492147152646e-01
7.292839065164953283e-01
8.408275638182758360e-01
9.523712211200558997e-01
1.063914878421835963e+00
1.175458535723616027e+00
1.287002193025396091e+00
1.398545850327176598e+00
1.510089507628956662e+00
1.621633164930736948e+00
1.733176822232517011e+00
1.844720479534297075e+00
1.956264136836077139e+00
2.067807794137857424e+00
2.179351451439637266e+00
2.290895108741417552e+00
2.402438766043197393e+00
2.513982423344977679e+00
2.625526080646758409e+00
2.737069737948538695e+00
2.848613395250318536e+00
2.960157052552098822e+00
3.071700709853878664e+00
3.183244367155658949e+00
3.294788024457439235e+00
3.406331681759219077e+00
3.517875339060999362e+00
3.629418996362779204e+00
3.740962653664559490e+00
3.852506310966339331e+00
3.964049968268119617e+00
4.075593625569900347e+00
4.187137282871680632e+00
4.298680940173460918e+00
4.410224597475240316e+00
4.521768254777020601e+00
4.633311912078800887e+00
4.744855569380581173e+00
4.856399226682361459e+00
4.967942883984140856e+00
5.079486541285921142e+00
5.191030198587702316e+00
5.302573855889481713e+00
5.414117513191261999e+00
5.525661170493041396e+00
5.637204827794822570e+00
5.748748485096601968e+00
5.860292142398383142e+00
5.971835799700161651e+00
6.083379457001942825e+00
6.194923114303723999e+00
6.306466771605503396e+00
6.418010428907283682e+00
6.529554086209063080e+00
6.641097743510844253e+00
6.752641400812623651e+00
6.864185058114403937e+00
6.975728715416183334e+00
7.087272372717964508e+00
7.198816030019743906e+00
7.310359687321525080e+00
7.421903344623303589e+00
7.533447001925084763e+00
7.644990659226865048e+00
7.756534316528646222e+00
7.868077973830426508e+00
7.979621631132204129e+00
8.091165288433986191e+00
8.202708945735766477e+00
8.314252603037546763e+00
8.425796260339325272e+00
8.537339917641105558e+00
8.648883574942885843e+00
8.760427232244667906e+00
8.871970889546444639e+00
8.983514546848226701e+00
9.095058204150006986e+00
9.206601861451787272e+00
9.318145518753569334e+00
9.429689176055346067e+00
9.541232833357128129e+00
9.652776490658908415e+00
9.764320147960688701e+00
9.875863805262467210e+00
9.987407462564247496e+00
1.009895111986602778e+01
1.021049477716780984e+01
1.032203843446958658e+01
1.043358209177136864e+01
1.054512574907314892e+01
1.065666940637492921e+01
1.076821306367671127e+01
1.087975672097848800e+01
1.099130037828027007e+01
1.110284403558205035e+01
1.121438769288383064e+01
1.132593135018560915e+01
1.143747500748738943e+01
1.154901866478917150e+01
1.166056232209095178e+01
1.177210597939272851e+01
1.188364963669451058e+01
1.199519329399629086e+01
1.210673695129807115e+01
1.221828060859985321e+01
1.232982426590162994e+01
1.244136792320341200e+01
1.255291158050519229e+01
1.266445523780697258e+01
1.277599889510875464e+01
1.288754255241053137e+01
1.299908620971231343e+01
1.311062986701409372e+01
1.322217352431587400e+01
1.333371718161765607e+01
1.344526083891943280e+01
1.355680449622121309e+01
1.366834815352299515e+01
1.377989181082477543e+01
1.389143546812655394e+01
1.400297912542833423e+01
1.411452278273011451e+01
1.422606644003189658e+01
1.433761009733367331e+01
1.444915375463545537e+01
1.456069741193723566e+01
1.467224106923901594e+01
1.478378472654079800e+01
1.489532838384257474e+01
1.500687204114435502e+01
1.511841569844613709e+01
1.522995935574791737e+01
1.534150301304969588e+01
1.545304667035147617e+01
1.556459032765325645e+01
1.567613398495503851e+01
1.578767764225681525e+01
1.589922129955859731e+01
1.601076495686037759e+01
1.612230861416215788e+01
1.623385227146393817e+01
1.634539592876571845e+01
1.645693958606749874e+01
1.656848324336927902e+01
1.668002690067105931e+01
1.679157055797283604e+01
1.690311421527461988e+01
1.701465787257640017e+01
1.712620152987818045e+01
1.723774518717995718e+01
1.734928884448173747e+01
1.746083250178351776e+01
1.757237615908530159e+01
1.768391981638708188e+01
1.779546347368885861e+01
1.790700713099063890e+01
1.801855078829241918e+01
1.813009444559420302e+01
1.824163810289597976e+01
1.835318176019776004e+01
1.846472541749954033e+01
1.857626907480132061e+01
1.868781273210310090e+01
1.879935638940488118e+01
1.891090004670666147e+01
1.902244370400844176e+01
1.913398736131022204e+01
1.924553101861200233e+01
1.935707467591378261e+01
1.946861833321556290e+01
1.958016199051734318e+01
1.969170564781911992e+01
1.980324930512090376e+01
