-3.084188957444336521e-01
-2.875123775201984255e-01
-2.666058592959632545e-01
-2.456993410717279447e-01
-2.247928228474927737e-01
-2.038863046232575471e-01
-1.829797863990222928e-01
-1.620732681747870663e-01
-1.411667499505518675e-01
-1.202602317263166409e-01
-9.935371350208141439e-02
-7.844719527784617397e-02
-5.754067705361091967e-02
-3.663415882937570006e-02
-1.572764060514048046e-02
5.178877619094741751e-03
2.608539584332996222e-02
4.699191406756518530e-02
6.789843229180039796e-02
8.880495051603562451e-02
1.097114687402708511e-01
1.306179869645061054e-01
1.515245051887413319e-01
1.724310234129765584e-01
1.933375416372118405e-01
2.142440598614470115e-01
2.351505780856822658e-01
2.560570963099174646e-01
2.769636145341526912e-01
2.978701327583878622e-01
3.187766509826231442e-01
3.396831692068583153e-01
3.605896874310935973e-01
3.814962056553288794e-01
4.024027238795640504e-01
4.233092421037993325e-01
4.442157603280345035e-01
4.651222785522697301e-01
4.860287967765049011e-01
5.069353150007401831e-01
5.278418332249753542e-01
5.487483514492106362e-01
5.696548696734459183e-01
5.905613878976810893e-01
6.114679061219163714e-01
6.323744243461515424e-01
6.532809425703868245e-01
6.741874607946221065e-01
6.950939790188573886e-01
7.160004972430924486e-01
7.369070154673276196e-01
7.578135336915629017e-01
7.787200519157981837e-01
7.996265701400332437e-01
8.205330883642685258e-01
8.414396065885038078e-01
8.623461248127390899e-01
8.832526430369743720e-01
9.041591612612094320e-01
9.250656794854447140e-01
9.459721977096799961e-01
9.668787159339152781e-01
9.877852341581503381e-01
1.008691752382385509e+00
1.029598270606620902e+00
1.050504788830856073e+00
1.071411307055091466e+00
1.092317825279326415e+00
1.113224343503561808e+00
1.134130861727796979e+00
1.155037379952032373e+00
1.175943898176267322e+00
1.196850416400502715e+00
1.217756934624737886e+00
1.238663452848973279e+00
1.259569971073208450e+00
1.280476489297443621e+00
1.301383007521678792e+00
1.322289525745913963e+00
1.343196043970149356e+00
1.364102562194384305e+00
1.385009080418619698e+00
1.405915598642854869e+00
1.426822116867090262e+00
1.447728635091325433e+00
1.468635153315560604e+00
1.489541671539795775e+00
1.510448189764031168e+00
1.531354707988266339e+00
1.552261226212501732e+00
1.573167744436736681e+00
1.594074262660972074e+00
1.614980780885207245e+00
1.635887299109442417e+00
1.656793817333677810e+00
1.677700335557912981e+00
1.698606853782148374e+00
1.719513372006383101e+00
1.740419890230618494e+00
1.761326408454853665e+00
1.782232926679089058e+00
1.803139444903324229e+00
1.824045963127559622e+00
1.844952481351794793e+00
1.865858999576030186e+00
1.886765517800265357e+00
1.907672036024500528e+00
1.928578554248735699e+00
1.949485072472971092e+00
1.970391590697206263e+00
1.991298108921441434e+00
2.012204627145676827e+00
2.033111145369911998e+00
2.054017663594147169e+00
2.074924181818382785e+00
2.095830700042617067e+00
2.116737218266852238e+00
2.137643736491087409e+00
2.158550254715323025e+00
2.179456772939558196e+00
2.200363291163793367e+00
2.221269809388028538e+00
2.242176327612264153e+00
2.263082845836499324e+00
2.283989364060734495e+00
2.304895882284969666e+00
2.325802400509205281e+00
2.346708918733440452e+00
2.367615436957675623e+00
2.388521955181910794e+00
2.409428473406145965e+00
2.430334991630381580e+00
2.451241509854616751e+00
2.472148028078851034e+00
2.493054546303086205e+00
2.513961064527321820e+00
2.534867582751556991e+00
2.555774100975792162e+00
2.576680619200027333e+00
2.597587137424262949e+00
2.618493655648498120e+00
2.639400173872733291e+00
2.660306692096968462e+00
2.681213210321204077e+00
2.702119728545439248e+00
2.723026246769674419e+00
2.743932764993909590e+00
2.764839283218144761e+00
2.785745801442380376e+00
2.806652319666615547e+00
2.827558837890850718e+00
2.848465356115085001e+00
2.869371874339320616e+00
2.890278392563555787e+00
2.911184910787790958e+00
2.932091429012026129e+00
2.952997947236261744e+00
2.973904465460496915e+00
2.994810983684732086e+00
3.015717501908967257e+00
3.036624020133202873e+00
3.057530538357438044e+00
3.078437056581673215e+00
3.099343574805908386e+00
3.120250093030143557e+00
3.141156611254379172e+00
3.162063129478614343e+00
3.182969647702849514e+00
3.203876165927084685e+00
3.224782684151320300e+00
3.245689202375554583e+00
3.266595720599789754e+00
3.287502238824024925e+00
3.308408757048260540e+00
3.329315275272495711e+00
3.350221793496730882e+00
3.371128311720966053e+00
3.392034829945201668e+00
3.412941348169436839e+00
3.433847866393672010e+00
3.454754384617907181e+00
3.475660902842142352e+00
3.496567421066377968e+00
3.517473939290613139e+00
3.538380457514848310e+00
3.559286975739083481e+00
3.580193493963319096e+00
3.601100012187554267e+00
3.622006530411789438e+00
3.642913048636024609e+00
3.663819566860260224e+00
3.684726085084495395e+00
3.705632603308730566e+00
3.726539121532964849e+00
3.747445639757200464e+00
3.768352157981435635e+00
3.789258676205670806e+00
3.810165194429905977e+00
3.831071712654141592e+00
3.851978230878376763e+00
