-4.273001206646962480e+00 -4.273001206646553918e+00 -4.273001206645864691e+00 -2.025135727808977979e-07 8.182534818886478739e-08 3.905697210399485915e-07 3.127946539903480705e+00 3.127946539903627254e+00 3.127946539903748491e+00 3.127946539903797785e+00 3.127946539903803114e+00 3.127946539903899037e+00 7.579153143521753400e+00 7.579153143521946134e+00 7.579153143522073144e+00 7.677908256514466956e+00 7.677908256514487384e+00 7.677908256514559326e+00 8.804768322065008590e+00 8.804768322065207542e+00 8.804768322065317676e+00 8.804768322065385178e+00 8.804768322065505970e+00 8.804768322065658737e+00 1.659453781237263215e+01 1.659453781237268544e+01 1.659453781237277781e+01 1.659453781237292347e+01 1.659453781237303360e+01 1.659453781237314018e+01 1.734883132189226629e+01 1.734883132189232668e+01 1.734883132189245458e+01 2.033285886189167613e+01 2.033285886189189995e+01 2.033285886189209180e+01
-4.231714702167644226e+00 -4.231581777818041346e+00 -4.025772884975435062e+00 -8.505394100630333520e-01 2.076390394472328038e-01 2.076390394475911005e-01 3.122568877542727162e+00 3.122568877542791554e+00 3.130897633946321701e+00 3.130942197422923901e+00 3.156246354465980897e+00 3.156246354466051063e+00 7.313733504426216392e+00 7.578897378061086876e+00 7.578897378061341783e+00 7.644194524908014543e+00 7.644194524908076716e+00 8.460230875589211053e+00 8.787398912292818665e+00 8.787462922933471532e+00 8.793939690733584058e+00 8.793939690733719061e+00 8.886179627063652831e+00 8.886179627063755859e+00 1.657507904491621531e+01 1.657507904491640360e+01 1.659972854663916308e+01 1.659972854663922348e+01 1.661150307137904392e+01 1.661240137428022123e+01 1.732136617493809894e+01 1.734658740542993982e+01 1.734658740543001798e+01 2.032348091040881144e+01 2.032422201450441079e+01 2.032551848172250430e+01
-4.106598853302173779e+00 -4.106086451521990810e+00 -3.183564218164345316e+00 -1.262117856826422413e+00 4.147919157657989353e-01 4.147919157661407730e-01 3.106375090967068875e+00 3.106375090967140373e+00 3.139519856106509632e+00 3.139680993116759744e+00 3.239311359200550022e+00 3.239311359200613527e+00 7.224535747783240147e+00 7.557249806528423264e+00 7.557249806528492542e+00 7.578404582961310254e+00 7.578404582961565161e+00 8.735498135036403156e+00 8.735738999179181619e+00 8.761927772948887139e+00 8.761927772949004378e+00 9.111554427141191681e+00 9.111554427141298262e+00 9.851268945681601608e+00 1.651679767454696446e+01 1.651679767454713499e+01 1.661504324033662172e+01 1.661504324033669278e+01 1.666157102391995082e+01 1.666492160157284630e+01 1.723895132199510982e+01 1.733988163074599953e+01 1.733988163074607769e+01 2.029575418153348565e+01 2.029852981401203493e+01 2.030396879096659291e+01
-3.893516817072449676e+00 -3.892435593477338251e+00 -1.050523727837467503e+00 -5.357516233825395657e-01 6.209277396421292172e-01 6.209277396424101036e-01 3.079185646553116218e+00 3.079185646553196154e+00 3.153145035565409149e+00 3.153449880923681281e+00 3.372039561150844023e+00 3.372039561150898201e+00 7.198075817076650118e+00 7.438055527590036853e+00 7.438055527590108795e+00 7.578476838877309163e+00 7.578476838877562294e+00 8.649727823160981544e+00 8.650214434926297713e+00 8.710124214175541724e+00 8.710124214175666069e+00 9.447043391605363993e+00 9.447043391605495444e+00 1.157650086000937506e+01 1.641996811783445054e+01 1.641996811783460686e+01 1.663973780735944885e+01 1.663973780735955188e+01 1.674229761738229882e+01 1.674896644541941626e+01 1.710149735620343137e+01 1.732878863607711040e+01 1.732878863607719566e+01 2.025089005902827921e+01 2.025645127360238718e+01 2.026960159316067944e+01
-3.584080260947912322e+00 -3.582334636407472406e+00 8.254276550124742817e-01 8.254276550127312984e-01 1.017181738991798756e+00 3.040711643760558580e+00 3.040711643760648286e+00 3.170737915148725161e+00 3.171157467439297051e+00 3.547083419568510809e+00 3.547083419568553886e+00 3.598734823853376064e+00 7.187808929294910776e+00 7.296735196981499527e+00 7.296735196981580351e+00 7.580380896280295211e+00 7.580380896280551895e+00 8.531332935267062823e+00 8.532066075814793038e+00 8.640751298427199245e+00 8.640751298427348459e+00 9.864258036238096494e+00 9.864258036238231497e+00 1.342926835253217277e+01 1.628501381779328128e+01 1.628501381779341983e+01 1.667266132783407429e+01 1.667266132783417731e+01 1.684972914358496965e+01 1.685956340887020488e+01 1.690875499365578349e+01 1.731342246966185172e+01 1.731342246966194054e+01 2.019087901705990262e+01 2.019915251598030892e+01 2.022466185798396765e+01
-3.162048873004959404e+00 -3.159674132329447271e+00 1.027545822052185809e+00 1.027545822052415847e+00 2.132749014183999314e+00 2.990572816293978420e+00 2.990572816294061465e+00 3.190997986321704616e+00 3.191455258070021284e+00 3.756075831974007517e+00 3.756075831974071910e+00 5.392360214892981674e+00 7.136355582449551704e+00 7.136355582449636969e+00 7.176648808462437579e+00 7.585747692443162826e+00 7.585747692443438162e+00 8.382394280610023785e+00 8.383289708005380092e+00 8.556728144731431840e+00 8.556728144731630792e+00 1.033975680675377973e+01 1.033975680675391651e+01 1.527299699496940377e+01 1.611245925764459486e+01 1.611245925764471920e+01 1.666017751249263412e+01 1.671237213988652925e+01 1.671237213988666781e+01 1.697854221335963487e+01 1.699021517611742382e+01 1.729392313100842316e+01 1.729392313100850131e+01 2.011846484712771144e+01 2.012838946266229811e+01 2.017214031223875992e+01
-2.592643573679858093e+00 -2.589852801779067182e+00 1.226379380218616699e+00 1.226379380218814319e+00 2.928327068454799509e+00 2.928327068454901205e+00 3.007667494146910592e+00 3.212476168954371936e+00 3.212869197123167098e+00 3.990674357894686164e+00 3.990674357894744784e+00 6.892922504251045801e+00 6.957975946718408800e+00 6.957975946718499394e+00 7.154284441831839203e+00 7.596440317856876234e+00 7.596440317857176439e+00 8.206276381646397056e+00 8.207157560155227571e+00 8.461502735834310229e+00 8.461502735834558919e+00 1.085272617092846303e+01 1.085272617092859981e+01 1.590287025453011083e+01 1.590287025453022807e+01 1.635475423119237703e+01 1.675727042638049724e+01 1.675727042638065711e+01 1.701395010531620144e+01 1.712216530223311395e+01 1.713324109359786362e+01 1.727044166930560465e+01 1.727044166930570057e+01 2.003714210898264270e+01 2.004667042108628650e+01 2.011565480948627282e+01
-1.775904696666172455e+00 -1.773181020870598701e+00 1.420854026403898462e+00 1.420854026404066106e+00 2.853514168380270721e+00 2.853514168380360871e+00 3.233690480185949401e+00 3.233921230704420946e+00 3.761151467117306080e+00 4.243242370126291796e+00 4.243242370126358409e+00 6.762586216747581425e+00 6.762586216747673795e+00 7.111990228998879005e+00 7.614398012758176293e+00 7.614398012758498702e+00 8.008398511178951296e+00 8.009002014777093947e+00 8.224029335533270313e+00 8.358861552228905367e+00 8.358861552229200242e+00 1.138478225726631798e+01 1.138478225726646187e+01 1.565679346341953249e+01 1.565679346341966394e+01 1.599084148123521842e+01 1.680572764944173869e+01 1.680572764944191277e+01 1.724312731699098933e+01 1.724312731699109236e+01 1.727282023689259205e+01 1.728007022989109487e+01 1.858337855314063347e+01 1.995120511680836017e+01 1.995751954105749348e+01 2.005957676954733060e+01
7.206202641580915502e-01 7.206202641644474660e-01 1.609732429420223321e+00 1.609732429420360988e+00 2.765714451764893500e+00 2.765714451764978321e+00 3.253229258186500772e+00 3.253229258186624229e+00 4.416619902384893770e+00 4.507179561235653331e+00 4.507179561235718168e+00 6.551502968744505218e+00 6.551502968744601141e+00 7.041594522917973720e+00 7.641464898589513943e+00 7.641464898589885202e+00 7.797528792115505425e+00 7.797528792115995699e+00 8.252726245773484237e+00 8.252726245773816416e+00 9.424580145043234936e+00 1.192038804340650415e+01 1.192038804340665159e+01 1.537471302936605433e+01 1.537471302936619644e+01 1.556602500789438182e+01 1.685619720716447745e+01 1.685619720716466219e+01 1.721212045026774007e+01 1.721212045026786086e+01 1.742143403290088699e+01 1.742143403290108239e+01 1.986586287121394534e+01 1.986586287121421890e+01 1.990382604944432288e+01 2.003380903919653733e+01
1.791650917478237792e+00 1.791650917478343930e+00 2.007449555831917642e+00 2.010970847142304674e+00 2.664619960552472300e+00 2.664619960552534916e+00 3.269582387100654852e+00 3.269835925351772588e+00 4.777001195442030834e+00 4.777001195442108106e+00 4.982167188827688165e+00 6.326297530261030921e+00 6.326297530261128621e+00 6.935829609877364632e+00 7.586865539911847200e+00 7.587798017182826982e+00 7.679213096057016408e+00 7.679213096057393884e+00 8.146945522434490883e+00 8.146945522434842601e+00 1.051136957233674707e+01 1.244708092315795511e+01 1.244708092315810610e+01 1.505705185358507947e+01 1.505705185358522336e+01 1.507705743559094458e+01 1.690729629151132585e+01 1.690729629151151769e+01 1.717755509173912642e+01 1.717755509173925788e+01 1.754748472789938063e+01 1.755744848716683038e+01 1.977848805665187726e+01 1.978737033825977321e+01 1.995508497449653262e+01 2.102317477390633016e+01
1.965185089804453611e+00 1.965185089804545759e+00 2.550110916028344832e+00 2.550110916028397678e+00 2.654336835625712876e+00 2.660109176308730117e+00 3.281994019657854533e+00 3.282473842461146596e+00 5.048259158112014866e+00 5.048259158112087697e+00 5.459515063275538260e+00 6.088671927864877098e+00 6.088671927864971245e+00 6.790245623593662572e+00 7.399061189395571780e+00 7.401133918350442542e+00 7.728770370397533007e+00 7.728770370397945122e+00 8.045092376771336262e+00 8.045092376771714626e+00 1.149370747430131345e+01 1.295535369686907678e+01 1.295535369686923666e+01 1.451995386249144282e+01 1.470426773268497200e+01 1.470426773268513365e+01 1.695785336605726812e+01 1.695785336605746352e+01 1.713957506766179861e+01 1.713957506766194072e+01 1.764804059334083064e+01 1.766879547086316293e+01 1.970429575116845911e+01 1.972296675041206626e+01 1.992077141495457582e+01 2.181827982560163548e+01
2.128936025693971335e+00 2.128936025694037504e+00 2.422327903862356191e+00 2.422327903862407261e+00 3.023105655060166264e+00 3.030534627417375226e+00 3.289737456886947964e+00 3.290372671583128739e+00 5.317299489703861681e+00 5.317299489703944282e+00 5.837733268419503574e+00 5.840483759415615594e+00 5.840483759415703524e+00 6.612619401627355842e+00 7.264642703173702643e+00 7.267737332286388963e+00 7.790654650558037631e+00 7.790654650558441752e+00 7.950289518755221607e+00 7.950289518755622176e+00 1.237759168143442778e+01 1.343804904647563347e+01 1.343804904647579335e+01 1.389075514676684797e+01 1.431728313199904612e+01 1.431728313199921132e+01 1.700690675219628289e+01 1.700690675219647829e+01 1.709838003084523450e+01 1.709838003084538371e+01 1.771340034765156801e+01 1.774278125875268586e+01 1.965359233311061971e+01 1.968018308600067101e+01 1.989870759739304162e+01 2.230367491795500712e+01
2.279280966372116080e+00 2.279280966372169370e+00 2.284068215630483234e+00 2.284068215630513876e+00 3.146080859806410057e+00 3.154146789124145922e+00 3.292368411266539674e+00 3.293058844290029707e+00 5.564858903646438648e+00 5.564858903646539012e+00 5.599983973856051733e+00 5.599983973856136110e+00 6.024434497260704013e+00 6.493055448638135552e+00 7.215069034566538697e+00 7.218589776713878692e+00 7.861134502539919744e+00 7.861134502540368274e+00 7.868573663819367958e+00 7.868573663819837805e+00 1.309890792285180083e+01 1.325427989480408897e+01 1.385495557581023718e+01 1.385495557581048764e+01 1.393267717500167535e+01 1.393267717500183700e+01 1.705061299532938790e+01 1.705061299532968988e+01 1.705734575782422624e+01 1.705734575782432572e+01 1.773613741168397695e+01 1.776885847940222973e+01 1.963544328545015105e+01 1.966511991286736816e+01 1.989114146684072537e+01 2.246681455993252285e+01
2.240538779544920089e+00 2.292857705972016991e+00 2.298023631859547944e+00 2.323841143330209302e+00 3.274396535213591974e+00 3.281975854682510629e+00 3.293604375789437100e+00 3.295514289399853247e+00 5.561355991637207730e+00 5.589787430526036438e+00 5.593679727184099448e+00 5.623161386074171375e+00 6.007045582632894565e+00 6.449957451882028181e+00 7.251288573858787778e+00 7.254692409435050671e+00 7.853811389025307399e+00 7.861110729387495333e+00 7.967722002234508771e+00 8.021828710646028426e+00 1.310374935298973398e+01 1.325862626077751472e+01 1.385516007820098494e+01 1.386793292181732618e+01 1.393310765157375286e+01 1.394841816575620719e+01 1.702934053739262765e+01 1.703587357908886091e+01 1.705777008624800217e+01 1.706255834601204313e+01 1.772975912106202045e+01 1.776017344953935151e+01 1.962241682205883819e+01 1.965088498737495115e+01 1.987012691971641232e+01 2.240818952692271182e+01
2.202733553331268634e+00 2.334195440789909259e+00 2.340317326655008578e+00 2.376123341002549516e+00 3.293495527028216241e+00 3.300239313339166536e+00 3.581493771252898028e+00 3.591887734562097645e+00 5.553280106052882914e+00 5.583807985032871457e+00 5.674085193320000720e+00 5.702007175121852178e+00 5.963458535522220494e+00 6.346016053481180030e+00 7.370268179802102360e+00 7.373282435482026109e+00 7.832075978810412842e+00 7.838965007343032809e+00 8.258600528272097563e+00 8.432214122190591965e+00 1.311790796812068294e+01 1.327131600945397771e+01 1.385575959076359354e+01 1.390507488545704717e+01 1.393437757401021315e+01 1.399368861114273344e+01 1.696552142280163267e+01 1.697145964279907560e+01 1.707829777040004871e+01 1.707880221782059138e+01 1.771007392025986604e+01 1.773427493096395935e+01 1.958338510091571649e+01 1.960940707034519903e+01 1.981058493247849128e+01 2.223744774806536384e+01
2.172578428582287113e+00 2.402385986740112944e+00 2.409792876482367063e+00 2.448909744445753933e+00 3.286426258284730118e+00 3.301396279840414394e+00 3.905279679138775162e+00 3.924169523017316585e+00 5.549392919344732000e+00 5.580981203940067914e+00 5.833296453954202931e+00 5.852682936200723773e+00 5.905851550303808928e+00 6.217505682850597459e+00 7.603904245227131931e+00 7.606127715952534452e+00 7.796661714934530529e+00 7.802884123133278393e+00 8.668278451683217867e+00 9.014375494022525359e+00 1.314030973546704217e+01 1.329132106377050704e+01 1.385672830274167389e+01 1.393643765035562687e+01 1.396079780363506906e+01 1.406230416216645551e+01 1.685914912368011898e+01 1.686410937906369512e+01 1.710462440064744172e+01 1.711211891831803200e+01 1.767574218229384897e+01 1.769185016693943524e+01 1.951900488102135611e+01 1.954460614327945933e+01 1.972240475225417100e+01 2.196983120138969170e+01
2.141295777509822695e+00 2.494297620343143063e+00 2.503169298631716888e+00 2.543347102179093433e+00 3.270482528818619450e+00 3.293094203991214108e+00 4.124020873885933192e+00 4.151624890004598889e+00 5.556365809333343897e+00 5.588239652743349772e+00 5.840834228881282009e+00 6.047788107067840535e+00 6.058950297914338812e+00 6.083225026297510496e+00 7.748137302377457125e+00 7.753582927472653097e+00 7.995740467788454708e+00 7.997255199074214005e+00 9.146296243198307252e+00 9.682728799905875761e+00 1.316923081292754460e+01 1.331698406315381256e+01 1.385808125762568288e+01 1.393926008688329610e+01 1.402519008194289363e+01 1.414292669791588608e+01 1.671021470969164824e+01 1.671382968535285940e+01 1.714032290925920066e+01 1.715480912556196103e+01 1.762557627370177826e+01 1.763483933396310732e+01 1.943313204409964001e+01 1.946370212211025574e+01 1.961883920426732786e+01 2.162997639331221933e+01
2.095034635631858322e+00 2.605893404753113263e+00 2.616310633981961065e+00 2.647061906406221965e+00 3.243718010307094612e+00 3.269475373464739487e+00 4.217935053534415779e+00 4.250622591022005459e+00 5.572372599512469549e+00 5.606523602634835513e+00 5.772535495112953718e+00 5.953995617486209646e+00 6.257847097602907027e+00 6.264023818855462444e+00 7.688620098749505694e+00 7.693093775495756681e+00 8.556835604313857147e+00 8.559680000617852613e+00 9.656330525370433904e+00 1.036765775795244693e+01 1.320236004772850258e+01 1.334606502245062742e+01 1.385997879116091269e+01 1.394293507138828758e+01 1.408351270728581639e+01 1.421806013839904459e+01 1.651873511014869322e+01 1.652064874858928079e+01 1.718198762726654394e+01 1.720181838694569620e+01 1.756016917801190402e+01 1.756768607227719414e+01 1.933749236859795673e+01 1.937786744751408108e+01 1.951047223369219807e+01 2.124995592591996640e+01
2.032035924594584486e+00 2.732871030457001194e+00 2.739021487157234258e+00 2.744860479016439481e+00 3.197292483746585923e+00 3.224048947645755447e+00 4.223259737106028311e+00 4.257596146054009267e+00 5.592079518746450262e+00 5.632546538415501125e+00 5.705676699957863640e+00 5.841617677048662749e+00 6.429578187975428349e+00 6.433443092862273005e+00 7.619187385561570380e+00 7.622652795595886488e+00 9.242863076083004614e+00 9.248183904170035774e+00 1.017312437253066726e+01 1.101773816296192798e+01 1.323680826335972149e+01 1.337572485778777143e+01 1.386292015538878353e+01 1.394784640777996820e+01 1.411645308371259233e+01 1.426476160770394586e+01 1.628470239001219255e+01 1.628485795708625972e+01 1.722351244902783307e+01 1.724577474616336659e+01 1.748392127869085755e+01 1.749856288078776956e+01 1.925107598218893301e+01 1.930209016876104045e+01 1.940240978526432514e+01 2.086529259419785731e+01
1.966273078334713986e+00 2.801638895050360123e+00 2.870974683189233989e+00 2.884560258932882704e+00 3.116704297162743220e+00 3.148790582516625136e+00 4.174557924630527772e+00 4.208486556190689676e+00 5.600392636445957528e+00 5.634495236221461312e+00 5.681201700223230233e+00 5.758028304058497859e+00 6.567225086876621987e+00 6.570085722147237739e+00 7.541544260944302636e+00 7.544047260093462270e+00 9.987161086856989556e+00 9.995203041272393563e+00 1.068125819427652878e+01 1.159939145680470851e+01 1.326896078759974351e+01 1.340233175158801515e+01 1.386811608052403244e+01 1.395500218130093550e+01 1.410220646780319598e+01 1.426029126867521413e+01 1.600648780190537579e+01 1.600915285603966609e+01 1.725735900573203807e+01 1.727882613966528069e+01 1.740617286162098765e+01 1.743810680467192142e+01 1.918993695024296287e+01 1.925181314455650039e+01 1.929901029838185877e+01 2.050922709647881703e+01
1.920676914022266590e+00 2.822156079771370951e+00 2.995483165027849282e+00 3.016213149134565175e+00 3.031456012017556212e+00 3.038298455705565893e+00 4.092722385900648518e+00 4.125149447050386442e+00 5.556703234163149041e+00 5.637364546940912824e+00 5.702711668095899356e+00 5.717226557756769800e+00 6.683955285416525172e+00 6.686374373221529943e+00 7.457344091367947847e+00 7.459050241450206009e+00 1.073545688588089675e+01 1.074662791390922223e+01 1.117316257758861475e+01 1.209463425697473937e+01 1.329395329787176649e+01 1.342083981483057364e+01 1.387826507120734298e+01 1.396670826140310240e+01 1.402116970182248146e+01 1.419372911009352300e+01 1.568750946513785038e+01 1.569335401615133385e+01 1.727727646004821338e+01 1.729816584860186524e+01 1.733988549528351797e+01 1.739257550390114204e+01 1.914835076215362974e+01 1.921719161495916239e+01 1.923481982906456977e+01 2.020783258966120499e+01
1.918045614138861543e+00 2.751290165667438892e+00 2.838971297366735591e+00 2.943947874225232741e+00 3.165013618832650089e+00 3.182026269461631696e+00 3.989419020899364288e+00 4.019787801963528473e+00 5.516748762061196132e+00 5.641973608390269845e+00 5.672528875842958840e+00 5.755127168196377596e+00 6.789529495519118107e+00 6.791745440639238574e+00 7.368139356520967631e+00 7.369397999696516877e+00 1.144902868860812006e+01 1.146451958829332973e+01 1.164583368317548562e+01 1.249641760869474183e+01 1.330422157953183948e+01 1.342310427474973444e+01 1.386213790744653096e+01 1.389932292225693544e+01 1.398807145273454289e+01 1.407602949051239349e+01 1.533190131055278904e+01 1.534221059590843517e+01 1.727773550143729864e+01 1.729915751758231934e+01 1.730568504949022568e+01 1.736275005392418080e+01 1.908299905817517583e+01 1.920033667022369883e+01 1.924270590427903826e+01 1.997907294702958936e+01
1.972047830431727711e+00 2.572368344181675592e+00 2.658562825315696987e+00 2.919013446193441386e+00 3.314297306574686797e+00 3.333230372128180630e+00 3.871331797935129604e+00 3.899390593188924559e+00 5.495600020601695057e+00 5.639305348847721611e+00 5.654554427399454575e+00 5.790236791179907527e+00 6.889687258834925387e+00 6.891782527799965585e+00 7.275368877206467744e+00 7.276646636029302506e+00 1.209492076009358996e+01 1.209675320188087966e+01 1.211787996953396096e+01 1.280218679091831468e+01 1.328565235750353324e+01 1.339345189361161559e+01 1.362641298750413554e+01 1.393785150131972372e+01 1.394475511046829297e+01 1.403056904779894332e+01 1.495056042984766798e+01 1.496820068539304316e+01 1.726241961256286217e+01 1.728568606418844311e+01 1.729316839284964757e+01 1.735860790012908339e+01 1.901533669537105098e+01 1.921914619470815566e+01 1.925353770463259551e+01 1.983306913798077886e+01
2.079128490438304944e+00 2.404144584706961574e+00 2.472485031248536025e+00 2.913023522619591965e+00 3.461404610279848804e+00 3.482411649337362025e+00 3.742599755960742680e+00 3.768287355506761749e+00 5.488162594879620215e+00 5.634870040271094283e+00 5.643753888606782176e+00 5.814653008318777516e+00 6.987481147222253774e+00 6.989446973473599556e+00 7.180408566363178480e+00 7.181946449908011232e+00 1.251733540353752794e+01 1.263187086357256028e+01 1.266967940189297970e+01 1.300486745129003019e+01 1.320820670950242715e+01 1.329839436296442656e+01 1.332953067827152793e+01 1.381980941556910381e+01 1.404424808082891474e+01 1.411964875029124045e+01 1.457133809115567225e+01 1.460262463282641043e+01 1.725681636629527205e+01 1.726861725397989034e+01 1.727923760141723264e+01 1.736871358834232382e+01 1.896932118608741291e+01 1.923976202443598282e+01 1.925325023238616851e+01 1.976385361439051636e+01
2.176602125467171245e+00 2.325777708783461240e+00 2.358781777891176379e+00 2.911480086685362956e+00 3.593685410144524806e+00 3.615769885264980221e+00 3.617020824152165748e+00 3.640286309959391620e+00 5.486873484385597521e+00 5.632864631391597321e+00 5.639867023312061356e+00 5.823390791041681780e+00 7.083694258479315664e+00 7.084663175193608886e+00 7.084991882410067277e+00 7.087391783995851569e+00 1.280698024509748123e+01 1.297828257789959139e+01 1.303973300104554234e+01 1.303985196066800079e+01 1.307966766187052876e+01 1.308030509727363189e+01 1.310529506703174540e+01 1.377020064158485901e+01 1.422102426903203387e+01 1.427724940126560860e+01 1.427729662647467279e+01 1.432885272592362114e+01 1.725573211198161516e+01 1.726214987258934741e+01 1.727307669040479965e+01 1.737385249694214195e+01 1.895311754650446190e+01 1.924563000844231908e+01 1.925256736225610510e+01 1.974599469376474303e+01
2.099450471669113583e+00 2.398202138986029297e+00 2.451897734849962873e+00 2.913029253954696696e+00 3.422274659514149331e+00 3.615944385587425813e+00 3.616521589402928782e+00 3.800964106603112125e+00 5.480971955483698643e+00 5.633031633625054546e+00 5.651451239285712802e+00 5.816389846281199816e+00 6.944007162650099652e+00 7.096610110268570359e+00 7.097657936414012880e+00 7.201428649885137645e+00 1.253844230163582552e+01 1.264208002828431354e+01 1.288788402212584216e+01 1.288822179710871119e+01 1.305839310363325367e+01 1.324993707424241229e+01 1.344003624549227993e+01 1.383225166590318089e+01 1.392308004042300418e+01 1.438375768257153808e+01 1.438404608333962464e+01 1.461021150191673890e+01 1.725787769297546959e+01 1.726710792178161213e+01 1.727765988718629941e+01 1.736933367586341603e+01 1.896758416730214591e+01 1.924712717490494995e+01 1.924728071717386868e+01 1.976013503222389645e+01
2.075624591571585853e+00 2.503549720163217529e+00 2.628934302169816828e+00 2.917995366856161343e+00 3.222423885207255978e+00 3.615785465580921176e+00 3.616291615738051579e+00 3.963491157284369848e+00 5.447959770821641179e+00 5.615665574500339652e+00 5.705531714059184800e+00 5.808244589395552993e+00 6.778466632053200769e+00 7.132245435542866829e+00 7.133063589423360717e+00 7.294893760374895564e+00 1.218243005618937502e+01 1.225467864686430985e+01 1.252201121605478917e+01 1.252242443527921267e+01 1.299077950449503405e+01 1.325056374650652913e+01 1.356218295357441761e+01 1.382441791711029744e+01 1.408338056946415584e+01 1.461467985491913879e+01 1.461487143105645536e+01 1.492090705554097774e+01 1.724909556566518987e+01 1.728205938075874570e+01 1.729622894313327208e+01 1.736119692979972839e+01 1.900975617968439124e+01 1.923820547425269112e+01 1.925254448368366056e+01 1.979194688915889699e+01
2.175195403074134504e+00 2.644617508473907197e+00 2.779898604808492824e+00 2.928591258737517578e+00 3.017903891178767228e+00 3.613422044126367361e+00 3.613806374313454750e+00 4.093807998534024328e+00 5.367815542233456583e+00 5.572237813663826422e+00 5.790481796887214649e+00 5.835698331553897056e+00 6.594448767535536327e+00 7.190870778849417277e+00 7.191390472663224287e+00 7.368509969074669819e+00 1.187325296753292037e+01 1.187650334929183593e+01 1.204042961191558980e+01 1.204100111241788795e+01 1.286771086102913131e+01 1.306423185508381302e+01 1.318671355149875168e+01 1.420003502238213677e+01 1.442359060811502758e+01 1.487195913148617699e+01 1.487206262087194730e+01 1.521416637974135710e+01 1.723482700303496884e+01 1.727460160070421225e+01 1.733061745135362841e+01 1.736152592960983654e+01 1.907582919905449259e+01 1.924147550968702092e+01 1.926215294897460595e+01 1.981634291638377121e+01
2.361530431851851741e+00 2.790145648853260774e+00 2.810942123842205209e+00 2.882787652001870260e+00 2.955554302810591061e+00 3.606261979960838637e+00 3.606479977513100010e+00 4.166680059466268737e+00 5.242030060519487833e+00 5.484652194813496529e+00 5.899882859145332503e+00 5.915020863222489211e+00 6.408712612123495411e+00 7.271065082295048221e+00 7.271307956018508101e+00 7.425399064037264019e+00 1.147810105936808611e+01 1.147956065125664793e+01 1.151725469604435403e+01 1.163594285867599432e+01 1.268020905896754336e+01 1.278565750962426151e+01 1.280031246342786133e+01 1.456249185581288152e+01 1.475310159162115831e+01 1.512009824193639851e+01 1.512014078684361529e+01 1.548850445102896600e+01 1.720874711061932061e+01 1.726206892125483350e+01 1.735602884834812087e+01 1.736733511709025990e+01 1.915922536586200664e+01 1.927167790073389142e+01 1.927699179768713478e+01 1.980305268882876746e+01
2.544147854359359417e+00 2.602965567443025208e+00 2.918190704407368052e+00 2.942970957987698810e+00 3.006065433920779739e+00 3.591593390549627784e+00 3.591655299122648692e+00 4.140883488882012742e+00 5.076129189179525270e+00 5.360207299924655722e+00 6.026773851317306807e+00 6.029817215237997630e+00 6.253904801931972735e+00 7.370317235195598116e+00 7.370376694211620006e+00 7.468532565033590309e+00 1.085139883478329104e+01 1.085145196413873236e+01 1.117670799051909292e+01 1.147143037536653054e+01 1.240627439977659563e+01 1.242500402197626741e+01 1.245590912991374033e+01 1.490919543171699146e+01 1.504543202189845452e+01 1.534844253775296075e+01 1.534845222765180317e+01 1.574355425037464506e+01 1.717073031248077442e+01 1.725532439053126055e+01 1.736167589599149608e+01 1.736401792376810604e+01 1.925089969074754137e+01 1.929852998945415976e+01 1.933698064224005364e+01 1.972144883916168112e+01
2.395029565602531108e+00 2.625668215922447590e+00 3.017764306691959053e+00 3.017764306692046095e+00 3.046671005724101100e+00 3.567127649413754931e+00 3.567127649413933010e+00 3.965808687892717899e+00 4.870658637499998278e+00 5.207622965832900519e+00 6.163905803950576967e+00 6.163905803950695983e+00 6.170975732069083897e+00 7.484338742910837894e+00 7.484338742911026188e+00 7.500596049161925905e+00 1.016109623645677118e+01 1.016109623645714244e+01 1.086309939553147252e+01 1.135488081540010974e+01 1.200824569056306501e+01 1.210738218690974932e+01 1.210738218690994827e+01 1.523832646475858077e+01 1.529667975317898865e+01 1.555426803162343852e+01 1.555426803162376714e+01 1.597930550745994083e+01 1.712745763097497687e+01 1.725378809853608786e+01 1.734266641375457141e+01 1.734266641375460338e+01 1.933017302181670516e+01 1.933017302181693253e+01 1.943234328779834286e+01 1.955708497911033206e+01
2.187937446855494183e+00 2.580953255575634930e+00 3.067038254763332361e+00 3.085742668710253156e+00 3.092582830639801550e+00 3.530947628726590626e+00 3.531321565728829714e+00 3.608135219500607782e+00 4.622007156151702212e+00 5.033278398196237013e+00 6.180193609353632489e+00 6.303042017101903483e+00 6.305862079262967157e+00 7.523944092168181719e+00 7.604663840465639701e+00 7.604714776210447447e+00 9.413755465170464021e+00 9.413778591064833279e+00 1.057637205169900518e+01 1.122571355802996251e+01 1.161032414651358913e+01 1.174059165066415567e+01 1.178514157242653049e+01 1.551082176853840089e+01 1.554850809311489002e+01 1.573759682943948235e+01 1.573760590462749853e+01 1.619593165466134366e+01 1.708244323937224962e+01 1.725571301610800390e+01 1.729955873511942599e+01 1.730120650364230173e+01 1.915892190564360575e+01 1.937825221537910281e+01 1.951731984715926771e+01 1.954395359023581946e+01
1.982274571969602439e+00 2.415421217113891572e+00 3.054326348846559736e+00 3.073585134558146859e+00 3.122999973762354831e+00 3.129117701190674783e+00 3.483362409070627219e+00 3.484426885566330512e+00 4.325232995657409596e+00 4.842128051115688336e+00 6.267353982987444283e+00 6.435160332442617204e+00 6.447803820248533491e+00 7.540596169009580407e+00 7.700978125527410789e+00 7.701127201130507416e+00 8.634194357101987904e+00 8.634256769203661364e+00 1.031564870406774048e+01 1.100051690478881738e+01 1.121708346209640439e+01 1.134301999882692158e+01 1.154334393182826268e+01 1.569460191836745722e+01 1.583855767895257216e+01 1.589944414611777823e+01 1.589950344592007703e+01 1.639368899305336669e+01 1.703624682419627945e+01 1.723640374789325236e+01 1.724039843779484826e+01 1.726097288002421237e+01 1.868419348120549373e+01 1.945052490450482097e+01 1.962584619043563450e+01 1.965943304414227910e+01
1.778403525854659328e+00 2.099230976181261088e+00 2.266613397126209239e+00 3.072589189818724531e+00 3.130794863995120636e+00 3.134777169197660474e+00 3.422649540464011597e+00 3.424534058226593292e+00 3.977863092843915371e+00 4.637616883008140789e+00 6.405258085533218626e+00 6.552453867035588964e+00 6.584980626021669892e+00 7.477529361040505584e+00 7.477761579138744175e+00 7.552412592811549530e+00 8.110412622010620964e+00 8.110606981827881867e+00 1.007862827649854864e+01 1.068182651155708385e+01 1.083357788602277338e+01 1.093478195779815820e+01 1.135015263390858742e+01 1.585489401890476735e+01 1.604109577893613903e+01 1.604114482459937108e+01 1.610756581394900167e+01 1.657283682843227268e+01 1.698754264947513803e+01 1.715874438980319283e+01 1.716467295719225206e+01 1.726533042258073536e+01 1.801897676257222258e+01 1.955172981700766499e+01 1.974556831629908515e+01 1.977336798450479805e+01
9.080504033622409654e-01 1.571501730967425292e+00 1.576465131063893521e+00 3.069522811989367383e+00 3.100640274393784424e+00 3.128793275736984292e+00 3.347118781429044176e+00 3.350152422471069258e+00 3.590036644649570619e+00 4.422481599431171695e+00 6.570749553546717969e+00 6.621369363905184713e+00 6.621875061050143785e+00 6.650442627274927965e+00 6.715168949102988449e+00 7.560389923929707656e+00 8.145889151744736267e+00 8.146304705349272979e+00 9.862331874655172470e+00 1.033486375853118311e+01 1.046533124638320267e+01 1.053477324220039968e+01 1.112389646130285570e+01 1.599716209492635421e+01 1.616406731434853938e+01 1.616407124683243879e+01 1.635404352159630292e+01 1.673357531707053880e+01 1.691933053774365447e+01 1.702914102996484758e+01 1.707230656161766191e+01 1.718922102518233075e+01 1.730706000765143671e+01 1.967897961819508623e+01 1.986089647731599683e+01 1.988194265988144238e+01
-1.825227182755402078e+00 5.421006401997620072e-01 1.376310947663736517e+00 2.927669776592005668e+00 3.068242966267359151e+00 3.122215979013698295e+00 3.246843295643296656e+00 3.251240530476223523e+00 3.270401957299724049e+00 4.200254827591032303e+00 5.592587460393886545e+00 5.593627391776928803e+00 6.728742502841211781e+00 6.751973671231992213e+00 6.837711532094238542e+00 7.565995213743995862e+00 8.267316376029608449e+00 8.267807512885966048e+00 9.663830174389616445e+00 9.994928285259282674e+00 1.011830045821501045e+01 1.015864651616307235e+01 1.083076305746111245e+01 1.605568874023788339e+01 1.612481424010571374e+01 1.626951087804240359e+01 1.626951897670438640e+01 1.657686746604231587e+01 1.687600454426035768e+01 1.689109603813625426e+01 1.698242538942356816e+01 1.701603860111283240e+01 1.729073958449923865e+01 1.982091343551731555e+01 1.996629568643819752e+01 1.998267122516211458e+01
-2.672001723451095323e+00 -1.312054794776068345e+00 1.177533323102469609e+00 2.460302582748008060e+00 3.063884220341795750e+00 3.070017671451255037e+00 3.071225697097969221e+00 3.118415129678258957e+00 3.175000999320411577e+00 3.976393884893606234e+00 4.483669183888675747e+00 4.485632159674047159e+00 6.790947910507136420e+00 6.935718749059096133e+00 6.952494644330295515e+00 7.569967068496921137e+00 8.393229990760957548e+00 8.393721879633927685e+00 9.480825329976566351e+00 9.677427341009831707e+00 9.798796354053232349e+00 9.817866128380291713e+00 1.047075070505709249e+01 1.482861208508826145e+01 1.623930951055177729e+01 1.635861406065289358e+01 1.635862578823528324e+01 1.677455835930781802e+01 1.683182472474419811e+01 1.689391744054629996e+01 1.692429771645619851e+01 1.700010721582107465e+01 1.729975933620666595e+01 1.996157789987971398e+01 2.005952461387433772e+01 2.007336651983283460e+01
-3.236286243491393488e+00 -1.773534557012518942e+00 9.787023663754896852e-01 1.861357654513225324e+00 2.344171724264903833e+00 2.351046193100251092e+00 3.079210545290954837e+00 3.117544961088885014e+00 3.143260561097337202e+00 3.605614368118913227e+00 3.606971491988744560e+00 3.758624357737946120e+00 6.844677767691302428e+00 7.059184812268301634e+00 7.115602405720599322e+00 7.572888159099961491e+00 8.510005695342764298e+00 8.510437138302936688e+00 9.312124821861914370e+00 9.390311810189189146e+00 9.513341143588029070e+00 9.519833941626718143e+00 1.005722226049101842e+01 1.345571512639583034e+01 1.634060043046653377e+01 1.643237385684019003e+01 1.643238471758804664e+01 1.677262962808139690e+01 1.681109332756811270e+01 1.683861200447248407e+01 1.694554937505783343e+01 1.710575432945309160e+01 1.731063925078722221e+01 2.008619498241443324e+01 2.014004007825849385e+01 2.015194189481134757e+01
-3.640701690055846207e+00 -1.908021559454511351e+00 -1.405573670681193654e+00 -1.405346180334020811e+00 7.897966657582298211e-01 1.166922179988495012e+00 3.091112787781358229e+00 3.118872688727690079e+00 3.128367048245064286e+00 3.329770961816515218e+00 3.330680304128804003e+00 3.556687150319515212e+00 6.902349696775766930e+00 7.156949496519239062e+00 7.285050583297174143e+00 7.575119734758290591e+00 8.611613773698007179e+00 8.611943158660611886e+00 9.132827638598682185e+00 9.158160329416363155e+00 9.268443938752644939e+00 9.268863564893345952e+00 9.612405367355808750e+00 1.199790961584721849e+01 1.642756970548806095e+01 1.649162065059476845e+01 1.649162854012670465e+01 1.671600978195139575e+01 1.673775541519704646e+01 1.676016822474583634e+01 1.708824225681837916e+01 1.719273014469236216e+01 1.732195124239150630e+01 2.018536832660085167e+01 2.020754069077258919e+01 2.021695144952737166e+01
-3.929227879592733341e+00 -2.975518286209293262e+00 -2.975324195973167996e+00 -1.765192979735953793e+00 1.001380438375459175e-01 5.899606129582408709e-01 3.104555760157016842e+00 3.121495676958363941e+00 3.123349635836746518e+00 3.226866890966152202e+00 3.227994950198565416e+00 3.381727604688460787e+00 6.982601643300140992e+00 7.244999749240213838e+00 7.436965505763128093e+00 7.576841370962710265e+00 8.694190937245227957e+00 8.694401874410811359e+00 8.865714757135519264e+00 9.021785888384442842e+00 9.067380823533550682e+00 9.070286494239162778e+00 9.196910404319487142e+00 1.054244480201437995e+01 1.649841436581133891e+01 1.653702353302056949e+01 1.653702812406806189e+01 1.666624623149797557e+01 1.667715354100279868e+01 1.669248450248578663e+01 1.720110811516848770e+01 1.726077048904312150e+01 1.733253166345627960e+01 2.025628454504786191e+01 2.026139672122195989e+01 2.026769231025097540e+01
-4.123688083132295290e+00 -3.743898357381876263e+00 -3.743866982019066647e+00 -1.364395035502721454e+00 -6.778251792230229889e-01 3.931970570877201809e-01 3.116693644920299544e+00 3.124129717079487278e+00 3.124499802916480107e+00 3.169676086770218504e+00 3.170358936025488905e+00 3.245325149082805005e+00 7.111192785527972404e+00 7.325588615949775395e+00 7.562002725760150312e+00 7.578104483255628132e+00 8.478212722737877627e+00 8.755018535327309337e+00 8.755121030072091415e+00 8.909529991232011170e+00 8.910652475709131437e+00 8.924332168882719074e+00 8.947376605624764778e+00 9.225407869252643778e+00 1.655104878263191637e+01 1.656909469050592776e+01 1.656909669642225680e+01 1.662749005172021555e+01 1.663191680546093920e+01 1.663977056712848679e+01 1.728280077897138511e+01 1.730960725541728706e+01 1.734118434225919714e+01 2.030075518163106807e+01 2.030134543310270701e+01 2.030392544657667031e+01
-4.236169962776759057e+00 -4.146035621748167088e+00 -4.146033832554772758e+00 -7.468491155584209285e-01 -4.880477078263209534e-01 1.966147258910698470e-01 3.125013911473839556e+00 3.126698454101390467e+00 3.126962350894240128e+00 3.138167368483279152e+00 3.138365688674563447e+00 3.158082746689029108e+00 7.317342962865081901e+00 7.418056612783423098e+00 7.578886414833966079e+00 7.647163584423714688e+00 8.032616574351553851e+00 8.190434871536925954e+00 8.792240877140443445e+00 8.792267875608152039e+00 8.832654908498367874e+00 8.834899455818320035e+00 8.837589027454406221e+00 8.837675559018318694e+00 1.658354313022961080e+01 1.658819476579355623e+01 1.658819525187250576e+01 1.660293798122477327e+01 1.660398252727002344e+01 1.660612146207190776e+01 1.733226594156827716e+01 1.733901186791713300e+01 1.734685632801982891e+01 2.032477783511741976e+01 2.032541126839352330e+01 2.032563188681652022e+01
-4.273001206646962480e+00 -4.273001206646553918e+00 -4.273001206645864691e+00 -2.025135727808977979e-07 8.182534818886478739e-08 3.905697210399485915e-07 3.127946539903480705e+00 3.127946539903627254e+00 3.127946539903748491e+00 3.127946539903797785e+00 3.127946539903803114e+00 3.127946539903899037e+00 7.579153143521753400e+00 7.579153143521946134e+00 7.579153143522073144e+00 7.677908256514466956e+00 7.677908256514487384e+00 7.677908256514559326e+00 8.804768322065008590e+00 8.804768322065207542e+00 8.804768322065317676e+00 8.804768322065385178e+00 8.804768322065505970e+00 8.804768322065658737e+00 1.659453781237263215e+01 1.659453781237268544e+01 1.659453781237277781e+01 1.659453781237292347e+01 1.659453781237303360e+01 1.659453781237314018e+01 1.734883132189226629e+01 1.734883132189232668e+01 1.734883132189245458e+01 2.033285886189167613e+01 2.033285886189189995e+01 2.033285886189209180e+01
-4.184244149343991026e+00 -4.184188229781427459e+00 -4.184188229780431811e+00 -6.116283386773981867e-01 -6.116283386772233266e-01 -2.953899872035821716e-01 3.124406510754442756e+00 3.124730005465961913e+00 3.124730005466057392e+00 3.144346544476320560e+00 3.145338556085832682e+00 3.145338556085946813e+00 7.372835212775564528e+00 7.372835212775687097e+00 7.468682018373979936e+00 7.934470837199001814e+00 7.934470837199188331e+00 8.077983281196859267e+00 8.819434371671535544e+00 8.819434371671773576e+00 8.819931359723650388e+00 8.820437765805900554e+00 8.820458450662862049e+00 8.820458450663034355e+00 1.658883120839285041e+01 1.658883120839298186e+01 1.659012045748748676e+01 1.660061546449304970e+01 1.660061546449309233e+01 1.660363163247155427e+01 1.733602990155624468e+01 1.734220910739689359e+01 1.734220910739700017e+01 2.032572456979224640e+01 2.032594778325662688e+01 2.032594778325695017e+01
-3.908081325029066022e+00 -3.907855425032221941e+00 -3.907855425031162344e+00 -1.140253228141246744e+00 -1.140253228141066000e+00 -2.474176025973557902e-01 3.114159277319652919e+00 3.115420187369830174e+00 3.115420187369927874e+00 3.194054485413188260e+00 3.196937851717025048e+00 3.196937851717138734e+00 7.182369708460146107e+00 7.182369708460256241e+00 7.384254700059658560e+00 8.256340493602058572e+00 8.256340493602300157e+00 8.817143001127890400e+00 8.864202475037716411e+00 8.864202475037833651e+00 8.867123736446011151e+00 8.872828221669712079e+00 8.872828221670021165e+00 8.979103182855315168e+00 1.657208740177984652e+01 1.657208740177996376e+01 1.657695600807273095e+01 1.661827067295723381e+01 1.661827067295729066e+01 1.662967766657041579e+01 1.729807895444585597e+01 1.732241650791341314e+01 1.732241650791349841e+01 2.030422530316937113e+01 2.030422530316969087e+01 2.030430709957562385e+01
-3.407404275903684887e+00 -3.406959382982506668e+00 -3.406959382981324058e+00 -1.523266645847009215e+00 -1.523266645846889533e+00 7.097365579386254453e-01 3.098271403888054554e+00 3.101364093834490188e+00 3.101364093834628299e+00 3.279040914401333939e+00 3.281981806688002656e+00 3.281981806688103021e+00 7.040902268032331435e+00 7.040902268032445122e+00 7.291184595799695245e+00 8.554386881947957377e+00 8.554386881948229160e+00 8.913311923217051458e+00 8.938124712561659635e+00 8.938124712561785756e+00 8.943879410512739270e+00 8.986764405950369294e+00 8.986764405950669499e+00 1.010029864449568215e+01 1.654535487852982811e+01 1.654535487852995246e+01 1.655529665424079511e+01 1.664584576196466159e+01 1.664584576196473265e+01 1.666922037178819593e+01 1.723629562546925342e+01 1.728967352490774800e+01 1.728967352490780129e+01 2.026513221331059356e+01 2.026513221331091330e+01 2.026856624105348104e+01
-2.576895041048310020e+00 -2.576895041046800117e+00 -2.576745325015789678e+00 -1.722702523472624758e+00 -1.722702523472470659e+00 1.325742025754566678e+00 3.078353787001764985e+00 3.084940198854717153e+00 3.084940198854853488e+00 3.402884955668696865e+00 3.402884955668800337e+00 3.404568914555777148e+00 6.932885647889661662e+00 6.932885647889781566e+00 7.181206160942169348e+00 8.775783684159877751e+00 8.775783684160147757e+00 9.003498427592230513e+00 9.039844703756584110e+00 9.039844703756742206e+00 9.049190165974993150e+00 9.196345129449209566e+00 9.196345129449436939e+00 1.138382649423823700e+01 1.651013621464871406e+01 1.651013621464884906e+01 1.652552884071896244e+01 1.668081421435141820e+01 1.668081421435153899e+01 1.671727415405268502e+01 1.715274007289714220e+01 1.724433763742545622e+01 1.724433763742548464e+01 2.020564106741309018e+01 2.020564106741342059e+01 2.021843596218731065e+01
-1.738863198355756756e+00 -1.738863198355578454e+00 -8.083337478822486544e-01 -7.562204859807187818e-01 -7.562204859756410658e-01 1.914338303239086603e+00 3.056334202529176203e+00 3.068791743313301623e+00 3.068791743313462828e+00 3.575736513524875981e+00 3.575736513524982119e+00 3.587499036504516958e+00 6.842688911471730862e+00 6.842688911471857871e+00 7.058370592029677759e+00 8.941813916315096478e+00 8.941813916315362931e+00 9.117131161530604544e+00 9.167986631287568855e+00 9.167986631287750043e+00 9.181055958034189501e+00 9.468594180147569261e+00 9.468594180147784201e+00 1.268002203719028387e+01 1.646808589422703051e+01 1.646808589422718683e+01 1.648812795527368991e+01 1.672008202475441863e+01 1.672008202475458205e+01 1.676828412077855646e+01 1.705005349220233057e+01 1.718688484518449755e+01 1.718688484518454729e+01 2.012370370392551422e+01 2.012370370392585173e+01 2.015379913717471183e+01
-1.521975998481171599e+00 -1.521975998481034154e+00 2.235182019764593964e+00 2.386516106148581340e+00 2.386516106149958460e+00 2.582164191488355520e+00 3.034182366083026938e+00 3.055106140589902264e+00 3.055106140590091890e+00 3.872262976125122158e+00 3.872262976125277145e+00 3.895078783785552723e+00 6.761351148615831086e+00 6.761351148615963425e+00 6.930264195913907521e+00 9.103683769711732765e+00 9.103683769711988560e+00 9.256965286042932561e+00 9.321066442798921159e+00 9.321066442799130769e+00 9.337086006886353928e+00 9.744845525600856817e+00 9.744845525601084191e+00 1.390578678314191485e+01 1.642069794537284366e+01 1.642069794537301419e+01 1.644360499761733507e+01 1.676031308694961908e+01 1.676031308694981803e+01 1.681699078133800995e+01 1.693151697418334578e+01 1.711787886457561925e+01 1.711787886457570451e+01 2.001954991783163607e+01 2.001954991783197002e+01 2.007443267868915626e+01
-1.026381771440714852e+00 -1.026381771440586510e+00 2.828612210868836740e+00 3.013627141595923931e+00 3.040877531308989745e+00 3.040877531309179371e+00 3.197108183554566718e+00 3.197108183555100513e+00 3.300346431271752756e+00 4.465440460143086376e+00 4.465440460143491386e+00 4.494986820880906286e+00 6.692860414506281330e+00 6.692860414506445643e+00 6.810339675186098951e+00 9.281022970734277067e+00 9.281022970734513322e+00 9.425640738517259365e+00 9.497389299096587578e+00 9.497389299096804294e+00 9.514593581673606693e+00 9.999913264362199072e+00 9.999913264362421117e+00 1.500628984333135207e+01 1.636905152232328930e+01 1.636905152232347405e+01 1.639245349120927386e+01 1.679700271934132516e+01 1.679820912337785899e+01 1.679820912337808281e+01 1.686378802850893521e+01 1.703793532918136933e+01 1.703793532918147946e+01 1.989632489031015083e+01 1.989632489031048124e+01 1.997995829806332324e+01
7.377403906571715630e-01 7.377403906573465342e-01 2.995910585918874158e+00 3.033243301235472700e+00 3.033243301235658773e+00 3.246689311716699944e+00 3.531103104091847911e+00 3.531103104092087275e+00 3.665068608201727418e+00 5.230337027491791524e+00 5.230337027492200086e+00 5.275512990285966097e+00 6.676692135400354999e+00 6.676692135400596584e+00 6.738697860836751374e+00 9.478838705861081237e+00 9.478838705861299729e+00 9.625466395145297227e+00 9.694849424464166532e+00 9.694849424464367260e+00 9.710681998582833430e+00 1.022483848632641923e+01 1.022483848632662351e+01 1.594215684066298877e+01 1.631365520793097446e+01 1.631365520793116630e+01 1.633510512276772531e+01 1.665807153391304141e+01 1.683067402031723603e+01 1.683067402031749182e+01 1.690473960880525794e+01 1.694771644423674672e+01 1.694771644423687462e+01 1.975970572030121986e+01 1.975970572030155026e+01 1.986987037046425186e+01
1.489910580387124206e+00 1.489910580387166839e+00 2.981621583785652341e+00 3.024515144780940634e+00 3.024515144781107168e+00 3.574315977500389430e+00 3.730347600786826590e+00 3.730347600786972251e+00 3.925216577266536611e+00 5.776735419618244549e+00 5.776735419618457712e+00 5.846164966964928489e+00 6.876018249944780614e+00 6.876018249945186511e+00 6.881510179097835689e+00 9.698929633773955672e+00 9.698929633774161729e+00 9.857730399068639571e+00 9.910771158086676635e+00 9.910771158086863153e+00 9.922316377928272146e+00 1.041698677916658156e+01 1.041698677916675209e+01 1.625439982925007243e+01 1.625439982925027138e+01 1.627190186798095795e+01 1.647822532843239784e+01 1.667861386697661530e+01 1.684550821715939151e+01 1.684550821715953006e+01 1.685731257997127130e+01 1.685731257997147026e+01 1.699733033581213704e+01 1.961647533182978265e+01 1.961647533183010239e+01 1.974371297923970303e+01
1.938651250319160635e+00 1.938651250319186392e+00 2.970640348259288022e+00 3.014070423402106069e+00 3.014070423402270382e+00 3.805062916797858463e+00 3.880411153196090090e+00 3.880411153196196672e+00 4.177950022934255436e+00 5.904330406160852363e+00 5.904330406160961608e+00 5.960676034262028189e+00 7.427205491101489088e+00 7.434880088812897192e+00 7.434880088813367038e+00 9.942207443746001516e+00 9.942207443746191586e+00 1.012236355596926707e+01 1.014189870797321369e+01 1.014189870797338955e+01 1.014637796879576470e+01 1.057976861670044322e+01 1.057976861670058710e+01 1.619062339761930858e+01 1.619062339761951108e+01 1.620309090999812085e+01 1.633815071596017177e+01 1.673825237180754044e+01 1.673825237180767544e+01 1.685844473209839478e+01 1.686941962209729340e+01 1.686941962209755275e+01 1.741858142612407789e+01 1.947249881692737716e+01 1.947249881692767914e+01 1.960143530816561608e+01
2.241953779006321312e+00 2.241953779006372383e+00 2.962204718577511109e+00 3.000660504169649911e+00 3.000660504169785359e+00 3.952623941263710527e+00 3.992394904158933500e+00 3.992394904159018765e+00 4.428295138403097297e+00 5.841453955580648838e+00 5.841453955580763413e+00 5.873235826993653319e+00 8.116481404983352022e+00 8.121173547971697104e+00 8.121173547972121654e+00 1.020595756093015538e+01 1.020595756093033657e+01 1.037969873447924662e+01 1.038460937188563094e+01 1.038460937188579436e+01 1.041831320997854604e+01 1.072640833467322174e+01 1.072640833467336741e+01 1.612131731540444690e+01 1.612131731540465296e+01 1.612884674905188831e+01 1.618047903436179524e+01 1.662082884573517561e+01 1.662082884573532127e+01 1.687069502045784120e+01 1.687069502045808278e+01 1.687196731029924734e+01 1.784698618573924378e+01 1.933093759691259805e+01 1.933093759691288582e+01 1.944389988765851029e+01
2.444668210692375609e+00 2.444668210692436894e+00 2.955085139812589023e+00 2.984183285149136555e+00 2.984183285149244913e+00 4.034671200362813792e+00 4.058079068422204116e+00 4.058079068422263624e+00 4.659307854287933814e+00 5.735732472828341422e+00 5.735732472828478201e+00 5.747993698237502613e+00 8.791649692594317500e+00 8.794149822697464813e+00 8.794149822697853836e+00 1.047387799894163507e+01 1.047387799894181271e+01 1.061907382629508412e+01 1.063480902985824628e+01 1.063480902985843102e+01 1.074460407373494775e+01 1.088928494046091977e+01 1.088928494046109030e+01 1.602217115709717987e+01 1.604551343276173014e+01 1.604551343276192910e+01 1.604932284535372489e+01 1.649586769100675454e+01 1.649586769100691086e+01 1.685742465028193493e+01 1.685742465028217651e+01 1.685848176417498934e+01 1.814529568108202895e+01 1.919153613180895235e+01 1.919153613180921170e+01 1.927350323658787090e+01
2.574263946396347702e+00 2.574263946396413871e+00 2.947834933546507941e+00 2.965732523077130534e+00 2.965732523077223792e+00 4.052821750525678723e+00 4.065126321278302868e+00 4.065126321278339283e+00 4.863223678854421195e+00 5.634916141069837181e+00 5.636338286902739192e+00 5.636338286902892847e+00 9.413556759693912923e+00 9.414283635693797336e+00 9.414283635694165042e+00 1.070628577292459127e+01 1.070628577292477956e+01 1.086124910086869555e+01 1.088293289312398571e+01 1.088293289312419354e+01 1.110144391686388055e+01 1.113137673910348724e+01 1.113137673910365599e+01 1.586741783540408512e+01 1.596282911843573338e+01 1.596282911843592878e+01 1.596473330359210863e+01 1.636456079977703482e+01 1.636456079977719469e+01 1.682750217010759286e+01 1.682766430753842357e+01 1.682766430753863318e+01 1.832273986829119039e+01 1.905129772064270810e+01 1.905129772064294968e+01 1.909493273267257507e+01
2.652519687940476878e+00 2.652519687940547488e+00 2.939071545975685318e+00 2.946907903603542156e+00 2.946907903603627421e+00 4.003040925256085458e+00 4.007042750707631384e+00 4.007042750707673129e+00 5.038923128154132236e+00 5.558631453652759014e+00 5.566100742900996323e+00 5.566100742901163301e+00 9.966394656993626811e+00 9.966394656993980306e+00 9.967238813306519063e+00 1.089077179712422172e+01 1.089077179712439225e+01 1.110288029544226873e+01 1.112039259187722173e+01 1.112039259187741713e+01 1.148312994583838176e+01 1.148312994583854163e+01 1.148994152254046242e+01 1.571989909421906972e+01 1.587403912995129573e+01 1.587403912995148936e+01 1.587546390454822287e+01 1.622843356405571313e+01 1.622843356405586590e+01 1.677899056533637889e+01 1.677947210250295029e+01 1.677947210250315635e+01 1.839850395257151661e+01 1.890615512806614618e+01 1.890615512806635934e+01 1.891621973353766961e+01
2.698197243416146751e+00 2.698197243416212920e+00 2.927743737288293957e+00 2.928948816325610771e+00 2.928948816325697369e+00 3.890081688014249028e+00 3.890291184818164716e+00 3.890291184818224224e+00 5.187185333956032096e+00 5.527801833274879506e+00 5.531436191395362911e+00 5.531436191395534330e+00 1.044589004706804758e+01 1.044589004706840996e+01 1.044651238491580791e+01 1.106627075349602940e+01 1.106627075349622480e+01 1.134046004183066714e+01 1.134633627202814488e+01 1.134633627202833672e+01 1.190507898819475763e+01 1.190507898819492638e+01 1.190909722705345253e+01 1.558307804709727051e+01 1.578147874142029394e+01 1.578147874142048224e+01 1.578221147668361013e+01 1.608944827994585225e+01 1.608944827994600857e+01 1.671070430460061473e+01 1.671082723452991559e+01 1.671082723453013941e+01 1.839014320756329823e+01 1.874985924508415991e+01 1.875286215274475765e+01 1.875286215274496016e+01
2.726783214227774366e+00 2.726783214227824992e+00 2.912636432248827401e+00 2.912636432248922880e+00 2.913345885873913854e+00 3.731901144475777254e+00 3.732568929034110194e+00 3.732568929034178140e+00 5.308361709568182540e+00 5.526357724065005250e+00 5.526357724065174004e+00 5.537114495746802589e+00 1.085334941825479049e+01 1.085473242197142874e+01 1.085473242197181243e+01 1.126166380101680708e+01 1.126166380101704689e+01 1.155489536254764360e+01 1.155489536254784255e+01 1.157020906700829954e+01 1.235191780140371876e+01 1.236070882632774115e+01 1.236070882632792589e+01 1.546001336104635726e+01 1.568615078649667360e+01 1.568908603444340777e+01 1.568908603444358185e+01 1.595008974971221605e+01 1.595008974971237770e+01 1.661961054474344124e+01 1.661961054474366861e+01 1.661967331193290320e+01 1.831350169057094845e+01 1.859046687129450248e+01 1.859046687129469078e+01 1.860926451160932871e+01
2.748939935627670916e+00 2.748939935627699782e+00 2.896049387590428736e+00 2.898838327968981776e+00 2.898838327969087914e+00 3.552187746379143363e+00 3.554614512336456311e+00 3.554614512336529142e+00 5.402704701705316914e+00 5.540420702311280365e+00 5.540420702311434020e+00 5.575196604027658154e+00 1.119571262802448430e+01 1.119600062965962728e+01 1.119600062966000564e+01 1.148673103208681034e+01 1.148673103208708213e+01 1.174034036090038668e+01 1.174034036090061583e+01 1.178793058376546021e+01 1.280553137347707349e+01 1.282500742591852827e+01 1.282500742591873255e+01 1.535312567261931704e+01 1.558912674563566547e+01 1.560191563654854541e+01 1.560191563654872304e+01 1.581349006109322808e+01 1.581349006109337552e+01 1.650315287443671153e+01 1.650365688259495300e+01 1.650365688259520525e+01 1.819441965439928666e+01 1.842111486861775305e+01 1.842111486861794134e+01 1.849476073934875231e+01
2.769869250615377254e+00 2.769869250615390577e+00 2.876730065193247032e+00 2.888541131370333304e+00 2.888541131370462534e+00 3.372423609247571008e+00 3.374583160415299599e+00 3.374583160415379535e+00 5.474160653477893490e+00 5.564310863913386918e+00 5.564310863913534355e+00 5.628306489714520744e+00 1.147721468094401231e+01 1.147721468094431430e+01 1.148210995905376208e+01 1.173034930588952918e+01 1.173034930588979563e+01 1.190068794586301948e+01 1.190068794586329837e+01 1.198883715243357884e+01 1.325540303366007500e+01 1.328061090196649019e+01 1.328061090196671223e+01 1.526401420351428939e+01 1.549386127401554347e+01 1.552499161903929625e+01 1.552499161903947211e+01 1.568369352698400654e+01 1.568369352698415398e+01 1.635943179169912298e+01 1.636091624658397237e+01 1.636091624658424237e+01 1.806513421175705147e+01 1.825023555107239659e+01 1.825023555107258488e+01 1.839581351068020254e+01
2.790452438450461869e+00 2.790452438450509387e+00 2.856880097821059117e+00 2.882092267546079167e+00 2.882092267546243036e+00 3.207184063983723465e+00 3.207184063983805178e+00 3.209073066541361818e+00 5.530238049996272665e+00 5.591218516419142581e+00 5.591218516419285578e+00 5.682271903764384291e+00 1.171345193345408831e+01 1.171345193345428726e+01 1.171767506889384514e+01 1.194767488783510068e+01 1.194767488783536535e+01 1.205092861348911448e+01 1.205092861348941824e+01 1.216738778028639878e+01 1.368878825563740342e+01 1.371646872628123504e+01 1.371646872628148195e+01 1.519338123006302688e+01 1.540413756626399255e+01 1.546132606036324830e+01 1.546132606036342594e+01 1.556639214698789608e+01 1.556639214698805773e+01 1.618831129757948162e+01 1.618975907264784908e+01 1.618975907264814040e+01 1.794686150540944425e+01 1.808625807248931139e+01 1.808625807248950323e+01 1.830802221676543340e+01
2.809329091347446905e+00 2.809329091347526397e+00 2.838405910335917159e+00 2.878056012477739234e+00 2.878056012477944847e+00 3.065062322098854430e+00 3.065062322098948133e+00 3.073615789202363224e+00 5.575636956403442035e+00 5.616400577411043038e+00 5.616400577411189587e+00 5.727824214316089346e+00 1.190365861703585004e+01 1.191009857974508002e+01 1.191009857974518482e+01 1.207591341889726699e+01 1.207591341889753878e+01 1.222854392438168247e+01 1.222854392438185123e+01 1.231723427974175777e+01 1.409537160081221785e+01 1.412608906671880149e+01 1.412608906671907327e+01 1.514118368268454162e+01 1.532486478403565222e+01 1.540773755300876502e+01 1.540773755300893910e+01 1.547188857231839521e+01 1.547188857231862968e+01 1.598945812911058084e+01 1.598945812911088638e+01 1.599121398944608607e+01 1.784987041000188057e+01 1.793993512119894262e+01 1.793993512119915223e+01 1.823345354877502444e+01
2.823332199725408387e+00 2.824534858336925414e+00 2.824534858337024001e+00 2.870885478742513985e+00 2.870885478742743135e+00 2.961955487867010461e+00 2.961955487867153458e+00 2.973281820000206466e+00 5.610605113393875243e+00 5.636570659217950308e+00 5.636570659218100410e+00 5.761083757087106072e+00 1.203880329291294515e+01 1.205727899089000488e+01 1.205727899089014343e+01 1.214930815530957631e+01 1.214930815530990671e+01 1.238776064520905251e+01 1.238776064520915199e+01 1.243146912579775965e+01 1.446513685731584964e+01 1.450562687182528698e+01 1.450562687182558896e+01 1.510746761181681386e+01 1.526183385229004585e+01 1.535162827264241159e+01 1.535162827264256613e+01 1.541733154182862542e+01 1.541733154182890786e+01 1.576118563323039545e+01 1.576118563323070809e+01 1.577184543000255879e+01 1.777882416741109139e+01 1.782321313996888179e+01 1.782321313996910206e+01 1.817614669668328986e+01
2.813455966089843940e+00 2.832654313428620618e+00 2.832654313428669468e+00 2.850853972863982566e+00 2.850853972864079822e+00 2.911984563234672141e+00 2.915130261163429548e+00 2.915130261163604519e+00 5.633099358146100855e+00 5.649527414330389519e+00 5.649527414330537844e+00 5.781016500604203578e+00 1.212102162778678505e+01 1.213715420927846367e+01 1.213715420927877275e+01 1.220268891121108012e+01 1.220268891121144783e+01 1.249197647320735172e+01 1.249197647320742632e+01 1.250341843586312862e+01 1.477611107471522622e+01 1.485068276934526565e+01 1.485068276934559783e+01 1.509692463224432757e+01 1.522092380569641357e+01 1.529850567420825413e+01 1.529850567420838559e+01 1.539463249393844890e+01 1.539463249393871713e+01 1.551462539190109879e+01 1.551462539190134571e+01 1.554317848593393947e+01 1.773572145210498263e+01 1.774747990314546087e+01 1.774747990314568113e+01 1.813995298241459864e+01
2.810016461426485979e+00 2.827928619847119407e+00 2.827928619847319691e+00 2.843956878654521070e+00 2.843956878654722242e+00 2.891409287109905080e+00 2.906881619898542102e+00 2.906881619898734836e+00 5.640905105689334675e+00 5.653987520925624288e+00 5.653987520925769061e+00 5.787625965920478954e+00 1.214863486274281890e+01 1.215778757989652448e+01 1.215778757989687797e+01 1.222684954601010077e+01 1.222684954601045959e+01 1.252803727452243798e+01 1.252810068608779126e+01 1.252810068608785876e+01 1.492322033073638465e+01 1.510273530882970761e+01 1.510273530883004867e+01 1.511961882082287012e+01 1.520670412411315375e+01 1.521118986521508276e+01 1.521118986521539895e+01 1.535784119941174986e+01 1.535784119941188131e+01 1.539389701063808680e+01 1.539389701063836213e+01 1.539759562392240788e+01 1.772118296847143171e+01 1.772118296847166263e+01 1.772129735530192107e+01 1.812756564674781856e+01
2.813463321484562130e+00 2.833534942591384276e+00 2.834779643395837212e+00 2.847520398898762295e+00 2.852008595889173659e+00 2.901872977078137517e+00 2.912378684587972888e+00 2.919698226301528532e+00 5.634908668841920765e+00 5.649419915864036135e+00 5.649751977684767112e+00 5.781784164500442635e+00 1.212227229195386258e+01 1.213774515332687187e+01 1.214393856440901764e+01 1.219050926778249710e+01 1.221860665294273929e+01 1.248069035586416575e+01 1.250464050700687224e+01 1.251474143291979857e+01 1.478926358316799217e+01 1.485785909844665298e+01 1.492947572177883764e+01 1.502830223191994818e+01 1.521347657268445452e+01 1.529453514335422604e+01 1.535265433236430965e+01 1.536988110092631565e+01 1.540490641137845174e+01 1.545976370767610319e+01 1.552101828009204532e+01 1.553583982213781134e+01 1.773392637617179446e+01 1.774440090188923946e+01 1.774454678051801437e+01 1.813853801209905470e+01
2.818241743936865440e+00 2.833693056004859656e+00 2.841702727027312747e+00 2.864520300742371628e+00 2.867519123021826211e+00 2.910124003623016709e+00 2.971100712697556379e+00 2.974026400518072766e+00 5.616021840989637859e+00 5.637170686409571196e+00 5.637668356936345937e+00 5.764257099588750322e+00 1.203126563032416740e+01 1.207160429789593614e+01 1.208305234861278699e+01 1.209222537773314343e+01 1.220767899806313750e+01 1.234589722272018797e+01 1.244197300550469976e+01 1.248009797039142121e+01 1.448955473828937990e+01 1.453189175651225895e+01 1.474725282907127344e+01 1.486984131036649970e+01 1.522211308600000201e+01 1.535707867144087047e+01 1.536761593283975458e+01 1.544457661991387099e+01 1.551005518485295553e+01 1.559783643666450459e+01 1.577481571189797904e+01 1.577936931084909311e+01 1.777148554102608102e+01 1.781160565832462339e+01 1.781256559027570319e+01 1.817123897945469935e+01
2.822027279481777118e+00 2.834192908335309014e+00 2.846707656090710969e+00 2.873263761112173853e+00 2.877299371795068783e+00 2.926795862694821615e+00 3.082850458933800386e+00 3.083594683197666608e+00 5.585138224047250688e+00 5.616529706217795237e+00 5.620891536393879839e+00 5.735058657228964130e+00 1.186822293077614532e+01 1.190604542000048127e+01 1.195208346401222599e+01 1.198943628599291777e+01 1.214327398476509678e+01 1.219583397642181311e+01 1.235476060421894218e+01 1.242747935435991025e+01 1.414936761480700689e+01 1.419836089602342533e+01 1.456741087694111059e+01 1.469663099623190661e+01 1.521516029961233762e+01 1.533087089202778941e+01 1.546907565184349664e+01 1.551972274518122141e+01 1.566761299415799691e+01 1.574279826777263658e+01 1.600926408024326619e+01 1.602437105731915423e+01 1.783251859253943294e+01 1.791424010913204512e+01 1.792205344519674171e+01 1.822502722495420358e+01
2.823229984079560051e+00 2.841573279269582475e+00 2.849482930639178679e+00 2.877849035469163486e+00 2.878223133391021094e+00 2.960070337744541646e+00 3.232786126742142496e+00 3.235054921683323759e+00 5.545976097023072704e+00 5.588047604685288938e+00 5.600106301645778828e+00 5.694330797372219699e+00 1.163519105199213399e+01 1.166285205092413690e+01 1.178045085669764269e+01 1.183958001304839058e+01 1.189791087802431591e+01 1.215583482134005777e+01 1.224915142891758002e+01 1.233647759871039185e+01 1.381284066869157989e+01 1.388739227925259634e+01 1.438891104008190247e+01 1.452100163092025298e+01 1.518723451206277808e+01 1.529209932893304646e+01 1.559314045445264618e+01 1.562438383546168374e+01 1.582148693343504320e+01 1.588522297478361445e+01 1.622643893048127595e+01 1.624811695431909087e+01 1.791498611128440643e+01 1.804165511072911343e+01 1.806720888093888533e+01 1.829929661336106861e+01
2.822083435377493732e+00 2.846177462717780049e+00 2.849118154470263953e+00 2.880549152449824124e+00 2.886294236919170864e+00 3.005834804406191552e+00 3.410762219514522187e+00 3.415761403176065247e+00 5.503346400239323088e+00 5.551613836541555713e+00 5.576185057690296709e+00 5.642911454821199158e+00 1.134434602863501418e+01 1.135976887304323313e+01 1.156774821948711995e+01 1.162911155772349048e+01 1.164614907944212163e+01 1.204104242701769678e+01 1.212121101313767468e+01 1.216085170222345013e+01 1.352695044285939829e+01 1.364279373313207699e+01 1.421625982158991519e+01 1.434939476440790074e+01 1.514059164778215738e+01 1.524153876282179176e+01 1.573075290556692352e+01 1.574767820678424002e+01 1.596955922975741693e+01 1.602335170850804502e+01 1.642513451367954502e+01 1.645017256986005094e+01 1.801653143197784601e+01 1.818304269382943872e+01 1.823815224663413304e+01 1.839699647426430928e+01
2.816133633763478361e+00 2.830649156725205451e+00 2.840513646605085984e+00 2.903210775631662965e+00 2.905896959233135401e+00 3.058113073687235506e+00 3.607833509546827244e+00 3.615839395402177026e+00 5.462775709377227784e+00 5.506614242435327711e+00 5.545892635863605591e+00 5.586649163936293405e+00 1.101011957107144035e+01 1.101213834084882670e+01 1.132456874637583510e+01 1.134389811501709033e+01 1.141269201623956953e+01 1.179652538728004885e+01 1.186004330771035065e+01 1.196485675108518087e+01 1.334561505849803531e+01 1.350022483933696371e+01 1.405345694037150395e+01 1.418669277882920987e+01 1.507809936294303021e+01 1.518060228338598350e+01 1.587433792283453471e+01 1.588122814263607729e+01 1.611055725434408714e+01 1.615669511134255387e+01 1.660612628064983909e+01 1.663158372019172404e+01 1.813476026013474041e+01 1.832948958278090856e+01 1.840516883668713533e+01 1.854151483795785182e+01
2.799406087320718051e+00 2.802659579952139879e+00 2.821374039048798910e+00 2.938565398352466218e+00 2.940337839894146654e+00 3.109967059018442281e+00 3.815961466517682421e+00 3.826871144995701357e+00 5.429754032834741118e+00 5.451930667987827661e+00 5.488084717333997276e+00 5.550986875093354200e+00 1.063660884640604820e+01 1.064557808327619348e+01 1.104404580544241732e+01 1.105895412831706892e+01 1.114433574038009844e+01 1.140897915104410743e+01 1.143816574304582367e+01 1.177583479489032392e+01 1.328082799728592533e+01 1.345177694931043355e+01 1.390339797752308115e+01 1.403641530587045949e+01 1.500211999186841361e+01 1.511059614256623007e+01 1.601824622676547349e+01 1.601929119539041579e+01 1.624338772999691827e+01 1.628474156543079587e+01 1.677066036502743884e+01 1.679400586305726861e+01 1.826739337204597646e+01 1.847480312534439761e+01 1.853500866102759304e+01 1.876122087139125938e+01
2.756717762168026109e+00 2.778704637915283548e+00 2.790511350600105356e+00 2.981946675009854442e+00 2.986174716210408864e+00 3.152320131231909794e+00 4.028062334479080242e+00 4.041678850086521280e+00 5.386133309096599042e+00 5.391657014902635936e+00 5.425726816561108556e+00 5.536734115726487993e+00 1.024640632890659120e+01 1.026224529668790098e+01 1.073179656513631208e+01 1.077556600618012617e+01 1.084754422573702293e+01 1.091413517505369768e+01 1.092824667992258014e+01 1.155213667586392745e+01 1.329615556090621631e+01 1.346348884259346868e+01 1.376774853826728595e+01 1.390056238151921519e+01 1.491457434792071624e+01 1.503210673725819113e+01 1.615763555438666188e+01 1.615846742481311438e+01 1.636694634963433259e+01 1.640650233684255710e+01 1.692009431826374311e+01 1.693940733515239572e+01 1.841225899666894250e+01 1.861545310554577526e+01 1.864920981581880710e+01 1.903131363375220886e+01
2.702578692571055097e+00 2.743941394247515042e+00 2.747188189567134398e+00 3.031583125135798085e+00 3.037061572141140253e+00 3.174966240749445667e+00 4.237999950625678913e+00 4.254271759154589105e+00 5.301515467955319139e+00 5.307795401265277491e+00 5.424722512209526393e+00 5.536277061666548427e+00 9.851924371932298641e+00 9.870565079549706411e+00 1.034685532510068739e+01 1.034713770025816082e+01 1.041065160306099635e+01 1.048971859280561603e+01 1.053342651374373951e+01 1.129348624043196025e+01 1.335317383028868576e+01 1.350714406450149774e+01 1.364725336235485287e+01 1.377979186110689724e+01 1.481709473129015109e+01 1.494488810617158236e+01 1.629214359659778211e+01 1.629286055787600418e+01 1.648016523918024490e+01 1.652041019178520287e+01 1.705573878845595459e+01 1.706985047151493973e+01 1.856714320958941045e+01 1.874997693632916196e+01 1.876112218926894215e+01 1.933621486250079258e+01
2.637485658562401802e+00 2.692200909924175267e+00 2.698950246218470017e+00 3.078220601870286011e+00 3.089503468402011066e+00 3.172356763081484399e+00 4.440603510511002661e+00 4.459772689675181923e+00 5.197196185757331222e+00 5.215760103824881533e+00 5.453934155610698831e+00 5.551921248759987826e+00 9.461979737402172574e+00 9.480214014574007919e+00 9.733037344640083077e+00 9.735344012664157276e+00 1.008394906217723630e+01 1.018662146314506600e+01 1.020734537563533806e+01 1.100072359427596957e+01 1.342612040868363366e+01 1.354355233969208960e+01 1.356561928448203069e+01 1.367388295222225381e+01 1.471126969833749598e+01 1.484827705448778090e+01 1.641745391150281463e+01 1.642183061271476419e+01 1.658220763613035231e+01 1.662453715222451578e+01 1.717867726821429741e+01 1.718726532219313441e+01 1.872955322117752885e+01 1.887392301623316371e+01 1.887814739756896287e+01 1.967025577404113790e+01
2.562452217441538949e+00 2.628147022767164831e+00 2.646205060825956412e+00 3.083525194874888520e+00 3.140218982390840630e+00 3.172317142949640623e+00 4.631755811195422901e+00 4.654299769738008408e+00 5.084666432660756463e+00 5.109095995208256191e+00 5.506748522095541887e+00 5.587960399531821665e+00 9.082576657654319874e+00 9.090824923395290469e+00 9.094206474126817596e+00 9.101234551256885297e+00 9.756739899828831497e+00 9.879391865996916877e+00 9.881171492977557591e+00 1.067558624434049364e+01 1.343781036175868238e+01 1.351932452549754693e+01 1.358220439566772164e+01 1.362889585491307010e+01 1.459894834333005953e+01 1.474196752093862628e+01 1.653301462889659490e+01 1.654199472673726490e+01 1.667271070847063896e+01 1.671707636082171433e+01 1.728956523433248904e+01 1.729322900701752985e+01 1.889645409502279350e+01 1.898832581028918298e+01 1.900013142361848040e+01 2.002825184014912807e+01
2.480348835816164943e+00 2.558850241831282180e+00 2.589313713426087293e+00 3.013041602948817843e+00 3.186374940252013399e+00 3.206464380282957105e+00 4.808045268340721989e+00 4.834612400304856727e+00 4.963338631416666757e+00 4.986575435969331949e+00 5.574123136153028568e+00 5.650410954626907234e+00 8.431511872637408089e+00 8.442398347634505029e+00 8.727094273791523804e+00 8.739013966422696456e+00 9.434205072883235843e+00 9.556730728882508075e+00 9.574888997595941476e+00 1.032105179188628874e+01 1.336286860667540211e+01 1.350397056658729511e+01 1.359100392558839410e+01 1.369095111536080012e+01 1.448251349148781664e+01 1.462683939369901331e+01 1.663799721741844451e+01 1.665121705739811020e+01 1.675193317862304809e+01 1.679687436258053523e+01 1.738852389072916083e+01 1.738880026413490398e+01 1.906388029071523249e+01 1.910367838553431241e+01 1.911581852131914872e+01 2.040304090290812056e+01
2.396956084493883310e+00 2.488466901881416504e+00 2.532113173719288568e+00 2.904698016933519700e+00 3.225753096623051430e+00 3.242200692080072777e+00 4.823169486842107112e+00 4.842346950583551468e+00 4.972105515424468436e+00 5.000459985075167424e+00 5.645906062146208271e+00 5.742355316481792649e+00 7.780465555272938261e+00 7.795984545077820904e+00 8.396087117429582136e+00 8.403991946418589265e+00 9.122381257900523011e+00 9.245247886190753661e+00 9.271261232561103682e+00 9.942152550279223178e+00 1.329587367866283998e+01 1.343838858850045170e+01 1.365853996700086803e+01 1.374814539345800135e+01 1.436503805308672455e+01 1.450550403137290978e+01 1.673187628490750711e+01 1.674801620659727774e+01 1.682069122394185712e+01 1.686372254676767568e+01 1.747445861391989297e+01 1.747523191313929303e+01 1.921338296358828757e+01 1.922443983561325709e+01 1.923156974063158131e+01 2.078465681186041536e+01
2.320882304054592282e+00 2.420977265149490520e+00 2.478032171512281057e+00 2.779235513400223567e+00 3.256837393612290743e+00 3.270128195205183275e+00 4.659150960614098835e+00 4.670370143894743364e+00 5.115921922241250641e+00 5.146971543164664098e+00 5.719424160190278883e+00 5.857028600927091766e+00 7.162275530730738637e+00 7.182091552353770503e+00 8.097678278238754856e+00 8.101853322814370983e+00 8.828044555355310408e+00 8.949664570592208435e+00 8.974900857188806924e+00 9.547029772177872076e+00 1.323972701817709030e+01 1.338456647171964065e+01 1.371602541866388592e+01 1.379839021115887299e+01 1.425027977786002786e+01 1.438235393930888861e+01 1.681431349595094460e+01 1.683157441158551748e+01 1.688007622514887629e+01 1.691827036725586098e+01 1.754920010950408127e+01 1.755016583907597294e+01 1.932239192087430979e+01 1.932451103588020658e+01 1.938607722774994713e+01 2.116031249312165841e+01
2.261801963555611472e+00 2.360413784920373015e+00 2.429739581584449137e+00 2.652027557731990726e+00 3.278865264190293338e+00 3.288781171673232695e+00 4.447367376394080196e+00 4.451840034667734258e+00 5.243569655441417510e+00 5.274813851661112274e+00 5.792909068297501740e+00 5.985808061990623763e+00 6.614214255729887526e+00 6.637110227681299435e+00 7.837028788305006266e+00 7.838164617750524421e+00 8.558617483301571127e+00 8.674121478103725025e+00 8.692155201982730617e+00 9.147978209530206684e+00 1.319407864008866937e+01 1.334154707908065340e+01 1.376245806117417914e+01 1.384065818794185354e+01 1.414251761713348721e+01 1.426313172164271315e+01 1.688503399714511133e+01 1.690163547288551982e+01 1.693106148273451339e+01 1.696167903050390180e+01 1.761010377740868194e+01 1.761552223676666173e+01 1.941403292468268660e+01 1.942044324168045932e+01 1.952858729899713097e+01 2.151509001092199114e+01
2.227221605740368648e+00 2.311268082629702736e+00 2.388836229783517506e+00 2.535824958538067886e+00 3.291912901815221559e+00 3.298472954106370203e+00 4.169719026265367390e+00 4.170104774562052086e+00 5.354022708396092511e+00 5.382572730468777600e+00 5.862707167807633013e+00 6.120245149854127042e+00 6.178298396973453954e+00 6.202823115005648980e+00 7.617369456435932662e+00 7.618406535715067207e+00 8.322011611094776384e+00 8.423138270748731671e+00 8.431798631768375074e+00 8.762289435503284096e+00 1.315827095122812018e+01 1.330830713626820661e+01 1.379818904908231225e+01 1.387463852893184679e+01 1.404626781883233910e+01 1.415421730806150968e+01 1.694373316935964624e+01 1.695832109435962565e+01 1.697414916050076528e+01 1.699524413436549963e+01 1.765803323140093539e+01 1.766995863617804474e+01 1.949081835786765993e+01 1.950518654068904922e+01 1.965284936514074232e+01 2.183315347186303867e+01
2.219011522954734694e+00 2.277872656915826965e+00 2.355554759927271480e+00 2.439180499940111435e+00 3.297074033978465657e+00 3.300591336062527414e+00 3.832471587122523893e+00 3.836246986010467985e+00 5.446052084087122047e+00 5.468879161943301703e+00 5.877619391024044404e+00 5.896537028246116918e+00 5.925500317182772925e+00 6.255953483195701104e+00 7.442783210784891246e+00 7.445169893487755708e+00 8.126387248655291273e+00 8.203067764076093837e+00 8.205436894433439932e+00 8.412743860917675676e+00 1.313155102613156799e+01 1.328381577936369773e+01 1.382420727116430470e+01 1.390045702289636864e+01 1.396593718141826024e+01 1.406187149231371691e+01 1.699003810333238107e+01 1.700193572342472237e+01 1.700918479288869278e+01 1.702013568467268456e+01 1.769357976826638534e+01 1.771290395936918216e+01 1.955281154851969205e+01 1.957377697449034315e+01 1.975434985048953962e+01 2.209918564257798579e+01
2.231940356517137847e+00 2.262524436352559398e+00 2.328599786179126330e+00 2.365645181354702586e+00 3.296632465373818821e+00 3.297733014691037301e+00 3.495230467461451607e+00 3.501391411769627648e+00 5.516664345330134722e+00 5.531707655135607027e+00 5.698809501748889339e+00 5.712081547397383829e+00 5.976475550830861572e+00 6.374967625379418301e+00 7.316692088067343391e+00 7.319801450163823553e+00 7.979793804146410707e+00 8.024260745206746037e+00 8.027053772803355969e+00 8.127394370779711608e+00 1.311315867605977914e+01 1.326712075424007509e+01 1.384169367413793239e+01 1.390525527641640480e+01 1.391864659088652623e+01 1.399159233555104187e+01 1.702353056095110517e+01 1.703281359755076352e+01 1.703541154344837949e+01 1.703727693610183636e+01 1.771773470204909273e+01 1.774389201489334056e+01 1.959831469667193105e+01 1.962410814450859320e+01 1.982947133992808730e+01 2.229976382419128100e+01
2.255928607077226644e+00 2.264392617038605948e+00 2.305255062255759491e+00 2.314394229332039199e+00 3.240849924076491195e+00 3.248140921241785328e+00 3.294655019846232324e+00 3.294655395289035837e+00 5.558934169539980097e+00 5.565582758321194312e+00 5.613307209710945322e+00 5.619452800388377689e+00 6.011629417752303972e+00 6.460976947356861011e+00 7.240532543545710631e+00 7.243965581501178086e+00 7.889708062423577140e+00 7.903351183575256123e+00 7.910876525357510403e+00 7.937211399323022221e+00 1.310242985646580038e+01 1.325744555212714282e+01 1.385170384164273649e+01 1.386772036276218678e+01 1.392917535865651679e+01 1.394763418478902395e+01 1.704381659825640227e+01 1.704730926636342403e+01 1.705122695594257110e+01 1.705177226578157246e+01 1.773162226621232662e+01 1.776260285894655766e+01 1.962610121223647752e+01 1.965480732322298607e+01 1.987559314755213435e+01 2.242449234726139196e+01
2.279280966372116080e+00 2.279280966372169370e+00 2.284068215630483234e+00 2.284068215630513876e+00 3.146080859806410057e+00 3.154146789124145922e+00 3.292368411266539674e+00 3.293058844290029707e+00 5.564858903646438648e+00 5.564858903646539012e+00 5.599983973856051733e+00 5.599983973856136110e+00 6.024434497260704013e+00 6.493055448638135552e+00 7.215069034566538697e+00 7.218589776713878692e+00 7.861134502539919744e+00 7.861134502540368274e+00 7.868573663819367958e+00 7.868573663819837805e+00 1.309890792285180083e+01 1.325427989480408897e+01 1.385495557581023718e+01 1.385495557581048764e+01 1.393267717500167535e+01 1.393267717500183700e+01 1.705061299532938790e+01 1.705061299532968988e+01 1.705734575782422624e+01 1.705734575782432572e+01 1.773613741168397695e+01 1.776885847940222973e+01 1.963544328545015105e+01 1.966511991286736816e+01 1.989114146684072537e+01 2.246681455993252285e+01
2.176602125467171245e+00 2.325777708783461240e+00 2.358781777891176379e+00 2.911480086685362956e+00 3.593685410144524806e+00 3.615769885264980221e+00 3.617020824152165748e+00 3.640286309959391620e+00 5.486873484385597521e+00 5.632864631391597321e+00 5.639867023312061356e+00 5.823390791041681780e+00 7.083694258479315664e+00 7.084663175193608886e+00 7.084991882410067277e+00 7.087391783995851569e+00 1.280698024509748123e+01 1.297828257789959139e+01 1.303973300104554234e+01 1.303985196066800079e+01 1.307966766187052876e+01 1.308030509727363189e+01 1.310529506703174540e+01 1.377020064158485901e+01 1.422102426903203387e+01 1.427724940126560860e+01 1.427729662647467279e+01 1.432885272592362114e+01 1.725573211198161516e+01 1.726214987258934741e+01 1.727307669040479965e+01 1.737385249694214195e+01 1.895311754650446190e+01 1.924563000844231908e+01 1.925256736225610510e+01 1.974599469376474303e+01
2.189193748383718940e+00 2.335410253882084675e+00 2.367037823083854686e+00 2.910434924801908796e+00 3.597264179477461354e+00 3.629199941082194680e+00 3.638237008995684807e+00 3.656020377741846072e+00 5.452882728053258354e+00 5.610831969388252460e+00 5.616012515205091482e+00 5.784149809637919581e+00 7.181268630529850761e+00 7.182210470501148691e+00 7.199232162040883232e+00 7.208497900794609947e+00 1.278723082097740082e+01 1.299765699583444345e+01 1.304215607643445374e+01 1.304583450994202032e+01 1.307654735997585504e+01 1.307782511143514803e+01 1.312813465824997117e+01 1.372331583264965005e+01 1.424567189007563428e+01 1.429653946252849117e+01 1.429670624532007217e+01 1.437268508352599383e+01 1.724284424135572991e+01 1.724907480648781188e+01 1.725975382773610889e+01 1.735978320141886044e+01 1.893419470121540726e+01 1.922693184860634830e+01 1.923379798583556166e+01 1.971683694132631359e+01
2.225748011499537160e+00 2.363299525198112594e+00 2.391174278747869586e+00 2.907439415628866541e+00 3.612827962635972945e+00 3.658372707663883450e+00 3.677148315422163360e+00 3.691737401670009522e+00 5.379533500143650393e+00 5.562025284832449401e+00 5.562571733087936288e+00 5.700902067200111389e+00 7.455549775112355171e+00 7.456512733435106455e+00 7.506253419665561921e+00 7.534497487767482404e+00 1.273376002956599429e+01 1.300777266151711942e+01 1.301397610079242639e+01 1.305472055216038996e+01 1.311684733944621861e+01 1.311892429257046544e+01 1.319140255566497544e+01 1.361210307206379255e+01 1.431397154748276535e+01 1.435181776809048593e+01 1.435225256396305937e+01 1.447492128676875822e+01 1.720423746452673086e+01 1.720991865928240472e+01 1.721991220317354276e+01 1.731769283466381282e+01 1.887856410759360415e+01 1.917151781095226326e+01 1.917817277351283423e+01 1.963145564530884712e+01
2.282717775930350079e+00 2.406617036804759469e+00 2.429326009292677391e+00 2.902869930794929498e+00 3.625462480751615146e+00 3.678193471118088809e+00 3.703110334763694222e+00 3.720481315847798509e+00 5.312782924501195048e+00 5.510589396450460420e+00 5.515886157238623966e+00 5.623385332663424663e+00 7.866626498061433992e+00 7.869429736698344335e+00 7.948241263809374679e+00 8.003742733828774547e+00 1.265935091701873283e+01 1.294449698372262425e+01 1.295084009850153350e+01 1.314562656871604140e+01 1.319814215989560324e+01 1.319951800278741594e+01 1.329070349639190063e+01 1.347446480481974262e+01 1.441289894432172858e+01 1.443665237644197497e+01 1.443730399452349111e+01 1.459815831324111635e+01 1.714007210614482801e+01 1.714488180439303022e+01 1.715391196519212613e+01 1.724792223730641183e+01 1.878959615396048477e+01 1.908142933711049949e+01 1.908774002229466404e+01 1.949606638529048652e+01
2.354748944374584152e+00 2.461240456843964086e+00 2.478584387235411857e+00 2.897259725017666376e+00 3.614401944508024211e+00 3.666065689982455300e+00 3.692782488742690550e+00 3.717768829009113318e+00 5.278799966234232421e+00 5.479821971678130232e+00 5.489793278658562592e+00 5.575217288095919876e+00 8.378348269916624957e+00 8.382575932656244788e+00 8.480481471069765576e+00 8.563519630104398317e+00 1.257690728771009248e+01 1.286486093883066495e+01 1.287100480488684617e+01 1.326533133765703631e+01 1.330974547033897082e+01 1.331073668603572280e+01 1.332900644128234191e+01 1.341939590896883061e+01 1.452862864253638620e+01 1.454316081611250766e+01 1.454384975070129471e+01 1.472460261197226039e+01 1.705057945066028324e+01 1.705427889800048646e+01 1.706227829439000132e+01 1.715100363278287432e+01 1.867275718228188452e+01 1.896007471033134806e+01 1.896591828654343814e+01 1.932079185834345481e+01
2.435608811927657769e+00 2.522442042794586836e+00 2.535382905891976346e+00 2.891233485816254500e+00 3.567879117301729242e+00 3.612453089598491207e+00 3.636232224520783429e+00 3.673422813141819621e+00 5.283775335984398858e+00 5.475932119953550448e+00 5.487171668269525959e+00 5.559960939775099753e+00 8.955894192474566751e+00 8.960958655099911851e+00 9.066466837733591078e+00 9.169834822394610896e+00 1.249625071350356897e+01 1.277551733020527358e+01 1.278117571794432727e+01 1.318464798915739244e+01 1.340775466322964249e+01 1.344782931448946606e+01 1.344880369746864623e+01 1.356920149583279311e+01 1.464990775744727536e+01 1.466347257537343118e+01 1.466404054578678462e+01 1.484636860712595308e+01 1.693600450120334244e+01 1.693852032945670416e+01 1.694557623549484049e+01 1.702761952046733285e+01 1.853536114870808049e+01 1.881225494899001305e+01 1.881752186019423334e+01 1.911917762792808873e+01
2.519103849555332175e+00 2.585551886816206846e+00 2.595919326956121598e+00 2.885458754798082559e+00 3.486534469450259799e+00 3.520717634984730893e+00 3.538474248709635894e+00 3.590112766732974414e+00 5.321154262927731970e+00 5.493740109778452840e+00 5.503103245914861219e+00 5.571903264909380482e+00 9.566061811376515678e+00 9.571313125705874114e+00 9.672259909315318538e+00 9.784408262274853385e+00 1.242373092282909397e+01 1.268193914868889216e+01 1.268698936160615531e+01 1.304685247062553088e+01 1.356719464370173256e+01 1.360851644381579462e+01 1.360987828171578329e+01 1.373195899577189039e+01 1.476847052949257666e+01 1.479015264618943348e+01 1.479056144816378726e+01 1.495931234655764364e+01 1.679653280777404234e+01 1.679809067443309800e+01 1.680425439554326417e+01 1.687857442622008364e+01 1.838617674734611995e+01 1.864422491277261429e+01 1.864882063748574836e+01 1.890725145047915490e+01
2.599630738744405090e+00 2.646476730685197509e+00 2.656476114834894542e+00 2.880632387119768545e+00 3.379589642322317289e+00 3.401482055850755692e+00 3.412917932286157807e+00 3.477545973932975709e+00 5.379035535894978182e+00 5.523163703160039795e+00 5.530017591661818166e+00 5.602871557413358516e+00 1.017799104895894402e+01 1.018277215162359184e+01 1.026627389595955009e+01 1.037361938262527694e+01 1.236278625603089409e+01 1.258925645413085448e+01 1.259377684796578478e+01 1.291960628240354758e+01 1.373949788567751185e+01 1.378791890798379427e+01 1.378999204530046185e+01 1.390172318543249297e+01 1.487844891894672372e+01 1.491624548820515983e+01 1.491657051894057240e+01 1.506086173247709326e+01 1.663224198144076027e+01 1.663349807589970908e+01 1.663857547155827277e+01 1.670481289372535016e+01 1.823484477252378255e+01 1.846378794758007302e+01 1.846763046676197817e+01 1.870190881831022267e+01
2.672251593837674744e+00 2.702050280615837519e+00 2.713604835700269557e+00 2.877554324449106193e+00 3.259361629109466474e+00 3.267840147320664634e+00 3.274907786042191127e+00 3.348211830624117979e+00 5.445516851676403647e+00 5.555466479484400644e+00 5.561108104310598321e+00 5.644449599606479850e+00 1.076308473238288954e+01 1.076670799862883321e+01 1.081966940461391502e+01 1.090807067453011392e+01 1.231461789851850241e+01 1.250285243675895863e+01 1.250705861626837745e+01 1.280618812216919089e+01 1.392318433715610304e+01 1.398259114534501713e+01 1.398559042934083330e+01 1.407708291884679852e+01 1.497579453051746334e+01 1.503524956560425707e+01 1.503564691060329395e+01 1.514923289422949715e+01 1.644317797656615454e+01 1.644514334562304470e+01 1.644889285582277694e+01 1.650751951428101449e+01 1.809107045709025385e+01 1.828037617343808208e+01 1.828339627414149149e+01 1.851855283082392489e+01
2.732330874228592332e+00 2.750218212717101096e+00 2.764183211613817637e+00 2.877365051229641146e+00 3.133226502780817491e+00 3.135531397416137178e+00 3.141669553927693315e+00 3.215492611832181158e+00 5.510900032737734655e+00 5.585626722538226119e+00 5.591385093204136680e+00 5.688624413294284921e+00 1.129308956039118783e+01 1.129393189924955188e+01 1.130705571647367869e+01 1.136287052744365766e+01 1.227881300194225744e+01 1.242936357489382182e+01 1.243344162583461454e+01 1.270938373013901845e+01 1.412001189090980446e+01 1.419031080870225914e+01 1.419422845374128528e+01 1.426250824201343903e+01 1.505780497862581235e+01 1.514119237503493309e+01 1.514183475832162884e+01 1.522311402892537657e+01 1.622973692792984224e+01 1.623265624168064747e+01 1.623707499283985811e+01 1.628833198782481162e+01 1.796363624370439638e+01 1.810499175332509836e+01 1.810715903402411797e+01 1.836839986053462326e+01
2.775957936351089561e+00 2.789125299522988044e+00 2.805276787067750632e+00 2.881779955235816981e+00 3.010840299980697132e+00 3.014674659147402735e+00 3.031530916117042285e+00 3.093013182903241454e+00 5.567906309805179532e+00 5.611167476982816815e+00 5.617522279595393186e+00 5.728877959650804819e+00 1.170199544363451238e+01 1.171598902616454652e+01 1.173487008881284233e+01 1.173811660952917002e+01 1.225394018438673349e+01 1.238031810406133282e+01 1.238407096653279282e+01 1.263153749799995040e+01 1.433352068760655840e+01 1.441080331607392218e+01 1.441535599792537958e+01 1.446628858343691704e+01 1.512276466652247109e+01 1.522865739842812260e+01 1.522966843299978024e+01 1.528152363085914267e+01 1.599362367130820317e+01 1.599668644470586187e+01 1.600663984232972226e+01 1.604974536778902561e+01 1.785945579336359401e+01 1.794981027639530780e+01 1.795117336417148479e+01 1.825656749712250360e+01
2.802739534105107122e+00 2.815295394558852582e+00 2.833194364724346048e+00 2.891185157737291789e+00 2.913797123934823929e+00 2.918348705237439056e+00 2.946464475689195783e+00 2.993948588575229497e+00 5.610978833957038781e+00 5.631148898975822270e+00 5.637412819448803347e+00 5.760581768563611149e+00 1.196495044448968592e+01 1.199330411151783338e+01 1.203263038908805527e+01 1.203457786073824387e+01 1.223813303698124955e+01 1.238737218375288407e+01 1.238941616133060108e+01 1.257453545256706029e+01 1.456364476521618201e+01 1.464544744138443555e+01 1.465032842871465135e+01 1.469365304096180047e+01 1.516966237194152001e+01 1.529215322727361048e+01 1.529357773142483445e+01 1.532374271523148934e+01 1.574007589230894233e+01 1.574307872303943157e+01 1.576330026906975768e+01 1.579610715108214691e+01 1.778304467350948315e+01 1.782724682298647068e+01 1.782794825008136996e+01 1.818218301135657100e+01
2.813094513739713420e+00 2.827729491374913806e+00 2.838798220283688778e+00 2.854588120830415576e+00 2.859249803081678198e+00 2.899851651768485805e+00 2.902512488467175800e+00 2.929473074795162280e+00 5.634786321597567316e+00 5.646726944153019900e+00 5.649791448286221041e+00 5.780728303869492990e+00 1.210785941724793346e+01 1.213773056284904506e+01 1.214262983140527119e+01 1.216857129640345292e+01 1.222955666406260811e+01 1.247597563835289947e+01 1.247612109949958104e+01 1.253976595181033282e+01 1.479287481006697114e+01 1.489358996935804669e+01 1.489849842063899032e+01 1.493737484936863602e+01 1.519795805293735391e+01 1.531644713730769247e+01 1.531842741713979805e+01 1.534928603319770168e+01 1.549034084111101173e+01 1.549287975661460948e+01 1.552713874691409401e+01 1.553823289336152946e+01 1.773668701003764880e+01 1.774841525744285420e+01 1.774868043748503865e+01 1.814073879236245546e+01
2.810016461426485979e+00 2.827928619847119407e+00 2.827928619847319691e+00 2.843956878654521070e+00 2.843956878654722242e+00 2.891409287109905080e+00 2.906881619898542102e+00 2.906881619898734836e+00 5.640905105689334675e+00 5.653987520925624288e+00 5.653987520925769061e+00 5.787625965920478954e+00 1.214863486274281890e+01 1.215778757989652448e+01 1.215778757989687797e+01 1.222684954601010077e+01 1.222684954601045959e+01 1.252803727452243798e+01 1.252810068608779126e+01 1.252810068608785876e+01 1.492322033073638465e+01 1.510273530882970761e+01 1.510273530883004867e+01 1.511961882082287012e+01 1.520670412411315375e+01 1.521118986521508276e+01 1.521118986521539895e+01 1.535784119941174986e+01 1.535784119941188131e+01 1.539389701063808680e+01 1.539389701063836213e+01 1.539759562392240788e+01 1.772118296847143171e+01 1.772118296847166263e+01 1.772129735530192107e+01 1.812756564674781856e+01
