-4.316364819454853397e+00
-4.181538507610904176e+00
-4.046712195766954068e+00
-3.911885883923005736e+00
-3.777059572079056071e+00
-3.642233260235106851e+00
-3.507406948391157631e+00
-3.372580636547208410e+00
-3.237754324703259190e+00
-3.102928012859309526e+00
-2.968101701015360749e+00
-2.833275389171411529e+00
-2.698449077327461865e+00
-2.563622765483512644e+00
-2.428796453639563424e+00
-2.293970141795614204e+00
-2.159143829951664983e+00
-2.024317518107715319e+00
-1.889491206263766321e+00
-1.754664894419817323e+00
-1.619838582575867880e+00
-1.485012270731918438e+00
-1.350185958887969218e+00
-1.215359647044020219e+00
-1.080533335200070777e+00
-9.457070233561213346e-01
-8.108807115121722253e-01
-6.760543996682231160e-01
-5.412280878242736737e-01
-4.064017759803241758e-01
-2.715754641363755661e-01
-1.367491522924260683e-01
-1.922840448476591897e-03
1.329034713954728997e-01
2.677297832394223698e-01
4.025560950833710350e-01
5.373824069273205328e-01
6.722087187712699752e-01
8.070350306152186404e-01
9.418613424591680827e-01
1.076687654303117636e+00
1.211513966147067078e+00
1.346340277991016521e+00
1.481166589834965297e+00
1.615992901678914739e+00
1.750819213522864182e+00
1.885645525366812736e+00
2.020471837210762178e+00
2.155298149054711843e+00
2.290124460898661063e+00
2.424950772742610727e+00
2.559777084586559504e+00
2.694603396430508724e+00
2.829429708274458388e+00
2.964256020118407164e+00
3.099082331962356385e+00
3.233908643806306049e+00
3.368734955650254381e+00
3.503561267494204934e+00
3.638387579338153710e+00
3.773213891182102042e+00
3.908040203026052595e+00
4.042866514870000927e+00
4.177692826713951035e+00
4.312519138557900256e+00
4.447345450401848588e+00
4.582171762245798696e+00
4.716998074089747917e+00
4.851824385933698025e+00
4.986650697777646357e+00
5.121477009621595577e+00
5.256303321465545686e+00
5.391129633309494018e+00
5.525955945153443238e+00
5.660782256997393347e+00
5.795608568841341679e+00
5.930434880685290899e+00
6.065261192529241008e+00
6.200087504373189340e+00
6.334913816217139448e+00
6.469740128061088669e+00
6.604566439905037001e+00
6.739392751748987109e+00
6.874219063592936330e+00
7.009045375436886438e+00
7.143871687280834770e+00
7.278697999124783991e+00
7.413524310968734099e+00
7.548350622812682431e+00
7.683176934656631651e+00
7.818003246500581760e+00
7.952829558344530092e+00
8.087655870188479312e+00
8.222482182032429421e+00
8.357308493876377753e+00
8.492134805720327861e+00
8.626961117564276194e+00
8.761787429408226302e+00
8.896613741252176411e+00
9.031440053096124743e+00
9.166266364940074851e+00
9.301092676784023183e+00
9.435918988627971515e+00
9.570745300471921624e+00
9.705571612315871732e+00
9.840397924159820064e+00
9.975224236003770173e+00
1.011005054784771851e+01
1.024487685969166684e+01
1.037970317153561695e+01
1.051452948337956705e+01
1.064935579522351716e+01
1.078418210706746549e+01
1.091900841891141383e+01
1.105383473075536216e+01
1.118866104259931404e+01
1.132348735444326238e+01
1.145831366628721248e+01
1.159313997813116082e+01
1.172796628997510915e+01
1.186279260181905748e+01
1.199761891366300937e+01
1.213244522550695770e+01
1.226727153735090781e+01
1.240209784919485614e+01
1.253692416103880447e+01
1.267175047288275636e+01
1.280657678472670469e+01
1.294140309657065302e+01
1.307622940841460135e+01
1.321105572025855146e+01
1.334588203210250335e+01
1.348070834394645168e+01
1.361553465579040001e+01
1.375036096763434834e+01
1.388518727947829667e+01
1.402001359132224856e+01
1.415483990316619867e+01
1.428966621501014700e+01
1.442449252685409533e+01
1.455931883869804366e+01
1.469414515054199200e+01
1.482897146238594388e+01
1.496379777422989399e+01
1.509862408607384232e+01
1.523345039791779243e+01
1.536827670976174076e+01
1.550310302160568909e+01
1.563792933344963743e+01
1.577275564529358753e+01
1.590758195713753587e+01
1.604240826898148242e+01
1.617723458082543431e+01
1.631206089266938974e+01
1.644688720451333808e+01
1.658171351635728641e+01
1.671653982820123474e+01
1.685136614004518307e+01
1.698619245188913141e+01
1.712101876373307974e+01
1.725584507557702807e+01
1.739067138742097640e+01
1.752549769926492473e+01
1.766032401110888017e+01
1.779515032295282850e+01
1.792997663479677684e+01
1.806480294664072872e+01
1.819962925848467705e+01
1.833445557032862538e+01
1.846928188217257372e+01
1.860410819401652205e+01
1.873893450586047038e+01
1.887376081770441871e+01
1.900858712954836705e+01
1.914341344139232248e+01
1.927823975323627081e+01
1.941306606508021915e+01
1.954789237692416748e+01
1.968271868876811581e+01
1.981754500061206770e+01
1.995237131245601603e+01
2.008719762429996436e+01
2.022202393614391269e+01
2.035685024798786102e+01
2.049167655983180936e+01
2.062650287167576479e+01
2.076132918351971313e+01
2.089615549536366146e+01
2.103098180720760979e+01
2.116580811905155812e+01
2.130063443089550645e+01
2.143546074273945834e+01
2.157028705458340667e+01
2.170511336642735500e+01
2.183993967827130334e+01
2.197476599011525877e+01
2.210959230195920711e+01
2.224441861380315544e+01
2.237924492564710377e+01
2.251407123749105210e+01
