5.964465797214395237e-02
1.703376750437399223e-01
2.810306921153358228e-01
3.917237091869318344e-01
5.024167262585277349e-01
6.131097433301236910e-01
7.238027604017196470e-01
8.344957774733157141e-01
9.451887945449116701e-01
1.055881811616507626e+00
1.166574828688103471e+00
1.277267845759699316e+00
1.387960862831295383e+00
1.498653879902891228e+00
1.609346896974487295e+00
1.720039914046083362e+00
1.830732931117679207e+00
1.941425948189275275e+00
2.052118965260871342e+00
2.162811982332466965e+00
2.273504999404063032e+00
2.384198016475659099e+00
2.494891033547254722e+00
2.605584050618850789e+00
2.716277067690446856e+00
2.826970084762042479e+00
2.937663101833638546e+00
3.048356118905235057e+00
3.159049135976830680e+00
3.269742153048426747e+00
3.380435170120022814e+00
3.491128187191618437e+00
3.601821204263214504e+00
3.712514221334810571e+00
3.823207238406406194e+00
3.933900255478003150e+00
4.044593272549598773e+00
4.155286289621194840e+00
4.265979306692790907e+00
4.376672323764386974e+00
4.487365340835983041e+00
4.598058357907578220e+00
4.708751374979174287e+00
4.819444392050770354e+00
4.930137409122366421e+00
5.040830426193962488e+00
5.151523443265558555e+00
5.262216460337153734e+00
5.372909477408749801e+00
5.483602494480345868e+00
5.594295511551941935e+00
5.704988528623538002e+00
5.815681545695134069e+00
5.926374562766729248e+00
6.037067579838326203e+00
6.147760596909922270e+00
6.258453613981518338e+00
6.369146631053114405e+00
6.479839648124709583e+00
6.590532665196305651e+00
6.701225682267901718e+00
6.811918699339497785e+00
6.922611716411093852e+00
7.033304733482689919e+00
7.143997750554285098e+00
7.254690767625881165e+00
7.365383784697477232e+00
7.476076801769073299e+00
7.586769818840668478e+00
7.697462835912266321e+00
7.808155852983861500e+00
7.918848870055457567e+00
8.029541887127052746e+00
8.140234904198649701e+00
8.250927921270244880e+00
8.361620938341841835e+00
8.472313955413437014e+00
8.583006972485033970e+00
8.693699989556629149e+00
8.804393006628224327e+00
8.915086023699821283e+00
9.025779040771416462e+00
9.136472057843013417e+00
9.247165074914608596e+00
9.357858091986203775e+00
9.468551109057800730e+00
9.579244126129395909e+00
9.689937143200992864e+00
9.800630160272588043e+00
9.911323177344184998e+00
1.002201619441578018e+01
1.013270921148737536e+01
1.024340222855897231e+01
1.035409524563056749e+01
1.046478826270216445e+01
1.057548127977375962e+01
1.068617429684535480e+01
1.079686731391695176e+01
1.090756033098854694e+01
1.101825334806014389e+01
1.112894636513173907e+01
1.123963938220333603e+01
1.135033239927493121e+01
1.146102541634652638e+01
1.157171843341812334e+01
1.168241145048971852e+01
1.179310446756131547e+01
1.190379748463291243e+01
1.201449050170450761e+01
1.212518351877610456e+01
1.223587653584769974e+01
1.234656955291929670e+01
1.245726256999089188e+01
1.256795558706248706e+01
1.267864860413408401e+01
1.278934162120567919e+01
1.290003463827727614e+01
1.301072765534887132e+01
1.312142067242046828e+01
1.323211368949206346e+01
1.334280670656365864e+01
1.345349972363525559e+01
1.356419274070685077e+01
1.367488575777844773e+01
1.378557877485004290e+01
1.389627179192163808e+01
1.400696480899323504e+01
1.411765782606483022e+01
1.422835084313642717e+01
1.433904386020802235e+01
1.444973687727961931e+01
1.456042989435121449e+01
1.467112291142280966e+01
1.478181592849440662e+01
1.489250894556600180e+01
1.500320196263759875e+01
1.511389497970919393e+01
1.522458799678078734e+01
1.533528101385238607e+01
1.544597403092397947e+01
1.555666704799557820e+01
1.566736006506717160e+01
1.577805308213876856e+01
1.588874609921036374e+01
1.599943911628196069e+01
1.611013213335355587e+01
1.622082515042515283e+01
1.633151816749674623e+01
1.644221118456834319e+01
1.655290420163994014e+01
1.666359721871153710e+01
1.677429023578313050e+01
1.688498325285472745e+01
1.699567626992632441e+01
1.710636928699792136e+01
1.721706230406951477e+01
1.732775532114111172e+01
1.743844833821270512e+01
1.754914135528430563e+01
1.765983437235589903e+01
1.777052738942749599e+01
1.788122040649908939e+01
1.799191342357068635e+01
1.810260644064228330e+01
1.821329945771388026e+01
1.832399247478547366e+01
1.843468549185707062e+01
1.854537850892866402e+01
1.865607152600026453e+01
1.876676454307185793e+01
1.887745756014345488e+01
1.898815057721505184e+01
1.909884359428664524e+01
1.920953661135824575e+01
1.932022962842983915e+01
1.943092264550143611e+01
1.954161566257302951e+01
1.965230867964462647e+01
1.976300169671622342e+01
1.987369471378782038e+01
1.998438773085941378e+01
2.009508074793101073e+01
2.020577376500260769e+01
2.031646678207420464e+01
2.042715979914579805e+01
2.053785281621739500e+01
2.064854583328898840e+01
2.075923885036058891e+01
2.086993186743218232e+01
2.098062488450377927e+01
2.109131790157537267e+01
2.120201091864696963e+01
2.131270393571856658e+01
2.142339695279016354e+01
2.153408996986175694e+01
2.164478298693335390e+01
2.175547600400494730e+01
2.186616902107654781e+01
2.197686203814814121e+01
2.208755505521973816e+01
