0.000000000000000000e+00
3.658480644931406955e-02
7.316961289862813911e-02
1.097544193479422087e-01
1.463392257972562782e-01
1.829240322465703339e-01
2.195088386958844173e-01
2.560936451451985008e-01
2.926784515945125564e-01
3.289049459030459754e-01
3.651314402115793945e-01
4.013579345201128135e-01
4.375844288286462325e-01
4.738109231371796515e-01
5.100374174457129595e-01
5.462639117542464895e-01
5.824904060627797975e-01
6.187169003713133275e-01
6.549433946798466355e-01
6.911698889883801655e-01
7.273963832969134735e-01
7.636228776054468925e-01
7.998493719139803115e-01
8.360758662225137305e-01
8.723023605310471495e-01
9.085288548395805686e-01
9.085288548395805686e-01
9.429358701919278163e-01
9.773428855442751750e-01
1.011749900896622423e+00
1.046156916248969670e+00
1.080563931601317140e+00
1.114970946953664388e+00
1.149377962306011636e+00
1.183784977658358883e+00
1.218191993010706131e+00
1.252599008363053601e+00
1.287006023715400849e+00
1.321413039067748096e+00
1.355820054420095344e+00
1.390227069772442814e+00
1.424634085124790062e+00
1.459041100477137309e+00
1.493448115829484557e+00
1.527855131181831805e+00
1.562262146534179053e+00
1.597825431497317927e+00
1.633388716460456802e+00
1.668952001423595677e+00
1.704515286386734552e+00
1.740078571349873648e+00
1.775641856313012301e+00
1.811205141276151398e+00
1.846768426239290273e+00
1.882331711202429148e+00
1.882331711202429148e+00
1.918895976908339573e+00
1.955460242614249999e+00
1.992024508320160647e+00
2.028588774026070851e+00
2.065153039731981721e+00
2.101717305437892147e+00
2.138281571143802573e+00
2.174845836849712999e+00
2.211410102555623425e+00
2.247974368261533851e+00
2.281294855936219168e+00
2.314615343610904041e+00
2.347935831285589359e+00
2.381256318960274676e+00
2.414576806634959993e+00
2.447897294309644867e+00
2.481217781984330184e+00
2.514538269659015501e+00
2.547858757333700819e+00
2.581179245008385692e+00
2.614499732683071009e+00
2.647820220357756327e+00
2.681140708032441644e+00
2.714461195707126517e+00
2.747781683381811835e+00
2.781102171056497152e+00
2.814422658731182025e+00
2.814422658731182025e+00
2.849475549218901893e+00
2.884528439706621761e+00
2.919581330194342073e+00
2.954634220682061940e+00
2.989687111169781808e+00
3.024740001657502120e+00
3.059792892145221987e+00
3.094845782632941855e+00
3.129898673120661723e+00
3.164951563608381591e+00
3.200004454096101902e+00
3.235057344583821770e+00
3.270110235071541638e+00
3.305163125559261950e+00
3.340216016046981817e+00
3.375268906534701685e+00
