-9.939566776356690083e-05 -2.447620475503769588e-07 2.190438703582928364e-07 4.675929629506062390e+00 4.716138860322982573e+00 5.346838278893216057e+00 5.435769840054154756e+00 7.432638757297802101e+00 7.740414085029926561e+00 7.893672864227257335e+00 9.015441202391109243e+00 9.157410385903215655e+00 9.628725258499089890e+00 1.062012399375930549e+01 1.224922433789039466e+01 1.233806504688115346e+01 1.268734326209217222e+01 1.282454538250512677e+01 1.344632774214183790e+01 1.384357353311718697e+01 1.400950504891882709e+01 1.450226070735775430e+01 1.725515735496337655e+01 1.730158601810139274e+01
4.446016721555903217e-01 5.900686340764496052e-01 8.697728699223301607e-01 4.665599420822471366e+00 4.718480815680178075e+00 5.396140012425838961e+00 5.499390735919043038e+00 7.441653503953487458e+00 7.753804117576631683e+00 7.822121317624768366e+00 8.994776893034936549e+00 9.143359655849600642e+00 9.630504772401096147e+00 1.061227553316429706e+01 1.222041199875528150e+01 1.240527677839854448e+01 1.276865426836958584e+01 1.288775939507883805e+01 1.348105807472905227e+01 1.380394965972412891e+01 1.407643705154272418e+01 1.451143412546137412e+01 1.725802218894373041e+01 1.732091468046740346e+01
9.116270639907310125e-01 1.181872005765087108e+00 1.704068395889582810e+00 4.638776973043441387e+00 4.737605737040938791e+00 5.519422036240289486e+00 5.676285214381965538e+00 7.460951869013131343e+00 7.764623475427490540e+00 7.796177495934897728e+00 8.938493469544877001e+00 9.108918745025594177e+00 9.642942064714748795e+00 1.058950462593880815e+01 1.213783326383555128e+01 1.249638705491840973e+01 1.263029187723194724e+01 1.326888668802241611e+01 1.355412357802578605e+01 1.375715787134905632e+01 1.436945182196329007e+01 1.453559707243346999e+01 1.726979997815384849e+01 1.737968214047135262e+01
1.391597501600545961e+00 1.773559998601648369e+00 2.480113444495951391e+00 4.604982405168289716e+00 4.800318314187141944e+00 5.656532981242275326e+00 5.931254408407719225e+00 7.505683692851254030e+00 7.862145752781335872e+00 7.897848745020239924e+00 8.864870570201174971e+00 9.083452237555833975e+00 9.687326540755487159e+00 1.055402131803419863e+01 1.200501786708350593e+01 1.244716833413168722e+01 1.258552869770558935e+01 1.336462038304009781e+01 1.362712016140501170e+01 1.373253609716790713e+01 1.456363870888345247e+01 1.508463497498026662e+01 1.729784598460232203e+01 1.747842431034841226e+01
1.874791116168908145e+00 2.357781792682346111e+00 3.164501238255470916e+00 4.576178455960413949e+00 4.935565981787292777e+00 5.745652399124861809e+00 6.202727706834433974e+00 7.564743530624641998e+00 7.905535593981594111e+00 8.228997499413186034e+00 8.808556829246834141e+00 9.130831850690917406e+00 9.795301361101419246e+00 1.050923892534140869e+01 1.181636683161359258e+01 1.223791909624380381e+01 1.266794963465508239e+01 1.334593957572254119e+01 1.368709800927755360e+01 1.368921657804907355e+01 1.457864275754393901e+01 1.595008553842471422e+01 1.734804494858016355e+01 1.761505285264723142e+01
2.342829342260722481e+00 2.919996242425676680e+00 3.718093925134578814e+00 4.567192972629126935e+00 5.161404915790527070e+00 5.758012049339177096e+00 6.424288895231052621e+00 7.576399391161644736e+00 7.847314919300929503e+00 8.639262646873309137e+00 8.823008116413580737e+00 9.316422933391699246e+00 9.993344576630640574e+00 1.045994434369266024e+01 1.157554126505193715e+01 1.201538270682791421e+01 1.270727504390399609e+01 1.333473463640348911e+01 1.373176915120332886e+01 1.374488805076200748e+01 1.456643714515099930e+01 1.672127743733078020e+01 1.741911359510701729e+01 1.778845256140506237e+01
2.784186720019885541e+00 3.432439167989543627e+00 4.113113760516383444e+00 4.599954903402708517e+00 5.454164983716888848e+00 5.705054046129182765e+00 6.585451962597622888e+00 7.513134932699332857e+00 7.666972655790917024e+00 8.883344336531374452e+00 9.001916008346981357e+00 9.613403834974569406e+00 1.026848167373237075e+01 1.041469775423037980e+01 1.130370960147471493e+01 1.179535263326379635e+01 1.268435315029885579e+01 1.326009624503413420e+01 1.380115660224697471e+01 1.406197024797223705e+01 1.452286702436484767e+01 1.727670360789302961e+01 1.750141088697418112e+01 1.800737710734908603e+01
3.195534263163400723e+00 3.840530154885962499e+00 4.354074454143018080e+00 4.710771265301928246e+00 5.625002395058480431e+00 5.723153814147816654e+00 6.735561245247394524e+00 7.399817070104864669e+00 7.414775536797301392e+00 8.985682290211901346e+00 9.197308510728531061e+00 9.916245629951280449e+00 1.039813373076633418e+01 1.055649664419916434e+01 1.102921370145865687e+01 1.159707166597817007e+01 1.262469060686960987e+01 1.316566634218103715e+01 1.386208507676714419e+01 1.445369499889262954e+01 1.462504662285869195e+01 1.757710313897506182e+01 1.758112055002773388e+01 1.825500568696220682e+01
3.575054951562912642e+00 4.085586142435722934e+00 4.447442339119390020e+00 4.905322809988038379e+00 5.585886914696811090e+00 5.896223457602581597e+00 6.839563669586540051e+00 7.084576139474840772e+00 7.429795703435918774e+00 8.884994732409937868e+00 9.433664598071656471e+00 1.008844655213221309e+01 1.047698198591792540e+01 1.075236382426739823e+01 1.081360933430758564e+01 1.143895707959627650e+01 1.255502349603091083e+01 1.309687124152920568e+01 1.392741362328105659e+01 1.437098506695467925e+01 1.525865385396916807e+01 1.764575889922097929e+01 1.769489454536634909e+01 1.844543697864005338e+01
3.915207400583005981e+00 4.195838933537928916e+00 4.389814184994638602e+00 5.044652506096592326e+00 5.684866379460502550e+00 6.000911750249489529e+00 6.772142440186546430e+00 6.789701417250473270e+00 7.675356897266759404e+00 8.632770369980095282e+00 9.688412253796046869e+00 1.011792613810526476e+01 1.052244206481898559e+01 1.061833030519484389e+01 1.096631039683111375e+01 1.133507000206405024e+01 1.249885066645679998e+01 1.306015952111609124e+01 1.398965176251411080e+01 1.429302189773417631e+01 1.577719948390299365e+01 1.768713443919747519e+01 1.770800233418428959e+01 1.853954200326819191e+01
4.177590576442008263e+00 4.219651131263425725e+00 4.227375614081447353e+00 5.072058693347786473e+00 5.800209113456795684e+00 6.045262457219366503e+00 6.607346960995851504e+00 6.740237497587186155e+00 7.874816807266022067e+00 8.444917888403663753e+00 9.827508591487482903e+00 1.011685331849399994e+01 1.039287992000623362e+01 1.068079406542792853e+01 1.102407342008408264e+01 1.129782539681890619e+01 1.247711688850914236e+01 1.304915729839072291e+01 1.402091801428793616e+01 1.425553139978184980e+01 1.598592895636864242e+01 1.769328206285905480e+01 1.770128653689514309e+01 1.856407474215438924e+01
4.121401581977371720e+00 4.157351449662007425e+00 4.237516290081804193e+00 5.078017553843476861e+00 5.844136330010354818e+00 6.059978427993500283e+00 6.632909463740122469e+00 6.675105764975637790e+00 7.927914982611197203e+00 8.556480550649053995e+00 9.821376495219007907e+00 1.011686490804227390e+01 1.038421339214112393e+01 1.066667254596560355e+01 1.102176390433238140e+01 1.131412933484899597e+01 1.246937296415617169e+01 1.302926239325915070e+01 1.400901034999237815e+01 1.425665811866394783e+01 1.596829771559712263e+01 1.762393445628118371e+01 1.766714688154632285e+01 1.852311657155681601e+01
3.940432407884892907e+00 3.986430152065612020e+00 4.263348443262884757e+00 5.087420897935587938e+00 5.976782666512980846e+00 6.117363494174566263e+00 6.555738027390816569e+00 6.707858709874281899e+00 8.067122477181493778e+00 8.823103451505030392e+00 9.807464348075669136e+00 1.011536637663120075e+01 1.035918961847417741e+01 1.062621503573273074e+01 1.101045718566016340e+01 1.136272440040429998e+01 1.244044490364190914e+01 1.297310128359613302e+01 1.397287855040995552e+01 1.425985489033388021e+01 1.591138379562950611e+01 1.742797152512535774e+01 1.756947100936644546e+01 1.841045227949782515e+01
3.644445750846212029e+00 3.736177010219902783e+00 4.294279805059963984e+00 5.087581860096937802e+00 6.190019844890445988e+00 6.224475845112496408e+00 6.495644375436745221e+00 6.825533940871278737e+00 8.249328415681608462e+00 9.139845733622648183e+00 9.795255271692733245e+00 1.010738241974585172e+01 1.032078075271318340e+01 1.056590399668639080e+01 1.098090544592251483e+01 1.144238407545448055e+01 1.238688627461993974e+01 1.287988676298015989e+01 1.391163061507007725e+01 1.426461286432193454e+01 1.580699500787741130e+01 1.714602310966738230e+01 1.742210797109756015e+01 1.824943707588608177e+01
3.297223860837382059e+00 3.441605657338798085e+00 4.320337326244846565e+00 5.075887681017990261e+00 6.343492577918865116e+00 6.456965529521704106e+00 6.556317241968713461e+00 6.971803683778107441e+00 8.432995594176265541e+00 9.435688789559822709e+00 9.795301091304317254e+00 1.008397228857478467e+01 1.027420642755414271e+01 1.049851931119608217e+01 1.092400940458689895e+01 1.154992735294979767e+01 1.232212015450507892e+01 1.274042396054464632e+01 1.382518970797513802e+01 1.427019437702375448e+01 1.565230169439416130e+01 1.684392429821708959e+01 1.724669994774220783e+01 1.806634474979516725e+01
2.974988155258571965e+00 3.152716233038074911e+00 4.336796329317764709e+00 5.057345175129171366e+00 6.444674979604885223e+00 6.719516570132133992e+00 6.738391155337872362e+00 7.124908257654600341e+00 8.588264725165496216e+00 9.646828418334518318e+00 9.830637622980562540e+00 1.003578076373903549e+01 1.022762834944326116e+01 1.044164947358174977e+01 1.083363311744752977e+01 1.167782612007350274e+01 1.225830712469511319e+01 1.257354301687847098e+01 1.371730986691871124e+01 1.427574987327727740e+01 1.546192048849984246e+01 1.658423447824445773e+01 1.707001777517822561e+01 1.788776767971485882e+01
2.740695472734376192e+00 2.910739526417132517e+00 4.344378395283611916e+00 5.038527444102183672e+00 6.539250129685706625e+00 6.900412381541630502e+00 6.990363748513678921e+00 7.259155773527081301e+00 8.699293920383164291e+00 9.725215537632532659e+00 9.913097918187082414e+00 9.966821692504572283e+00 1.019791639069987532e+01 1.040649231858796142e+01 1.071604049808967574e+01 1.180991523362129136e+01 1.217670892894218326e+01 1.245724112444452203e+01 1.360090137995166870e+01 1.428044277712119658e+01 1.527301727099428241e+01 1.639686539509797569e+01 1.691972317195534714e+01 1.773950183047300655e+01
2.620832629357941368e+00 2.742016342653896377e+00 4.346615072403947622e+00 5.024897872470606153e+00 6.611828146855956767e+00 7.036984127641008335e+00 7.167929589610118057e+00 7.350761243131682221e+00 8.763053032271379550e+00 9.744519034080283859e+00 9.903078387087793644e+00 9.953194880366142527e+00 1.020205653753222741e+01 1.039027389812167890e+01 1.060615370581930961e+01 1.191660128683315989e+01 1.208744522304246161e+01 1.242846090861637087e+01 1.350378363898575351e+01 1.428357090410004737e+01 1.513286464469614145e+01 1.628527482147206129e+01 1.681932153212218495e+01 1.764239827814567363e+01
2.594059755621377583e+00 2.674312870723325020e+00 4.346910963680921114e+00 5.019954561852582486e+00 6.639355298863092614e+00 7.087934691039840196e+00 7.232536717825372996e+00 7.383238689469210136e+00 8.783441642257061588e+00 9.746804507464526424e+00 9.876931878792088781e+00 9.958811628083205747e+00 1.021089846415000402e+01 1.038584711885512846e+01 1.055987778743918959e+01 1.195902775972831655e+01 1.205112584140695731e+01 1.242875337424984572e+01 1.346450621068482612e+01 1.428466801634080596e+01 1.508085992180635593e+01 1.624808117327297552e+01 1.678411348137363390e+01 1.760876499067291334e+01
2.458523615722443711e+00 2.839235020961977440e+00 4.239133890354713330e+00 5.071838129639361981e+00 6.290742788565391486e+00 6.801819819086458274e+00 7.392958442569277366e+00 7.756293096566597711e+00 8.677205741105966652e+00 9.655543718625795080e+00 9.859092974354142669e+00 9.949843343364992876e+00 1.026810850091948524e+01 1.037440653389048428e+01 1.065399672604387149e+01 1.198368839354298565e+01 1.203310813591846795e+01 1.250589702232242573e+01 1.348604009520583169e+01 1.428549657942682316e+01 1.508632319917169440e+01 1.624029711965400224e+01 1.677988546098551481e+01 1.759250577588350239e+01
2.344419274901807793e+00 3.035174505621077490e+00 4.001924886785832136e+00 5.096369339542136778e+00 5.797637632629899507e+00 6.359402568129552513e+00 7.723221777214308581e+00 8.039595811818898596e+00 8.433350966971612905e+00 9.478699843376654499e+00 9.697261976892196600e+00 9.829547922013929906e+00 1.036155929039030354e+01 1.043790195280278610e+01 1.099854984301110150e+01 1.202607577420619478e+01 1.205204303399619370e+01 1.269359806734697216e+01 1.354706657502829614e+01 1.428566198639397911e+01 1.510688659498181963e+01 1.622042702045129658e+01 1.676883870661292875e+01 1.754471922299601161e+01
2.298648891089031032e+00 3.198482330853778866e+00 3.725416682158560366e+00 4.874002530860828131e+00 5.329518043453809639e+00 6.142551382109053826e+00 7.825011122959676158e+00 8.056939496719914828e+00 8.143728371859081605e+00 9.167518743993555930e+00 9.440596399599179733e+00 9.865534995172147603e+00 1.037636668848543842e+01 1.048437517386529372e+01 1.156297953365075770e+01 1.209884998814349899e+01 1.215094319642060583e+01 1.293112872151197656e+01 1.363862365699502988e+01 1.427816989514279378e+01 1.515777359254154533e+01 1.619612570432207832e+01 1.675641092622829120e+01 1.747371843685745674e+01
2.324318828420181671e+00 3.301847576882828150e+00 3.450919099513682475e+00 4.395361411666719675e+00 4.916956831329775568e+00 6.158110456009382006e+00 7.556604768282989326e+00 7.787858672748683375e+00 7.911399981217382305e+00 8.749186390455333751e+00 9.244355288949348548e+00 9.988902582032924471e+00 1.043366821756523066e+01 1.049863399010291509e+01 1.206745492962581778e+01 1.226546564195415101e+01 1.232912993935864066e+01 1.316870607009013661e+01 1.374855861685781022e+01 1.425222995887150645e+01 1.526635501690446262e+01 1.617292044160058495e+01 1.675215780842131963e+01 1.740841628015484588e+01
2.412177240476497175e+00 3.202805790974536215e+00 3.324493314094525420e+00 3.826973171232688653e+00 4.583328043337592028e+00 6.253207257571918198e+00 7.080617536260102263e+00 7.335295694215806073e+00 7.603103457865971748e+00 8.387743870059063411e+00 9.004349374242627491e+00 1.010874208102899097e+01 1.055317527517097353e+01 1.056369153243075587e+01 1.232144034328266358e+01 1.238326301051576195e+01 1.268741781429326743e+01 1.338282323987929523e+01 1.386003747795174945e+01 1.419844006412762560e+01 1.544695822489624248e+01 1.614750453037975930e+01 1.676709719243563512e+01 1.740998488789921694e+01
2.540034481052726889e+00 2.972992114352391191e+00 3.262571060082889662e+00 3.292045853086530194e+00 4.345878519910998605e+00 6.345109444074505944e+00 6.549963058377096914e+00 6.812771859372705130e+00 7.188304039377513277e+00 8.115155167220512666e+00 8.746226099357826911e+00 1.017110748253729469e+01 1.068126863913625257e+01 1.072480611875317535e+01 1.248265747343360488e+01 1.249803924904412078e+01 1.284954609998791852e+01 1.359278386005066075e+01 1.393556296783000725e+01 1.413231926115389214e+01 1.564580976656133160e+01 1.612062513525987484e+01 1.680712321328648073e+01 1.754710147473571524e+01
2.592746661204820224e+00 2.668394341819508409e+00 3.026370237830191101e+00 3.148946777096053307e+00 4.206334985505623791e+00 6.026219797605931738e+00 6.189929805476157121e+00 6.515329650178634857e+00 6.784833304805322207e+00 7.872587229988024404e+00 8.549318099445814667e+00 1.019460217627049126e+01 1.081308518276759401e+01 1.090009442544770124e+01 1.256632559984385544e+01 1.260957158129748201e+01 1.281926844411956523e+01 1.377804042421713682e+01 1.387838912132669833e+01 1.414295184055685972e+01 1.574318073918829697e+01 1.615099452989450413e+01 1.686688074885225674e+01 1.781198413667284797e+01
2.147737985104716252e+00 2.747830183221042777e+00 2.989751552778251220e+00 3.033261213950222857e+00 4.175278130471427041e+00 5.550683976797041730e+00 5.729784114682828111e+00 6.476164458646407773e+00 6.557796675567727718e+00 7.659273697889824817e+00 8.437523692323148694e+00 1.020095145075404197e+01 1.092708764700804380e+01 1.104373161949384397e+01 1.256757848116787457e+01 1.271835894840118542e+01 1.272383402267415775e+01 1.373323437101155342e+01 1.390707103872927597e+01 1.419816966659281121e+01 1.571924737673620420e+01 1.625623613397864631e+01 1.693043548104698459e+01 1.810523448834916849e+01
1.819206221147039892e+00 2.775247772612464470e+00 2.934585464471231031e+00 3.026205177609087027e+00 4.261681420284380906e+00 5.163600577892457189e+00 5.378810045483677804e+00 6.293089521977687006e+00 6.597643971196938573e+00 7.514820220271016815e+00 8.386484993428718226e+00 1.020120362124977298e+01 1.100301198767602529e+01 1.113680138907242423e+01 1.251528882819349953e+01 1.265557771561381628e+01 1.281343915857371130e+01 1.359477898731545764e+01 1.397906774703605670e+01 1.423829920241409042e+01 1.567641147296376580e+01 1.634816544928850135e+01 1.697849542051481819e+01 1.832244103799750334e+01
1.695821998320520940e+00 2.789355382684653328e+00 2.881856601996471312e+00 3.052897958280895274e+00 4.349132644386046742e+00 4.980811292703655191e+00 5.245614507915957958e+00 6.233840534274420975e+00 6.611741909224321923e+00 7.464455397470850961e+00 8.372320648241153407e+00 1.020072840086237065e+01 1.102954251007118991e+01 1.116897789356569248e+01 1.248497553371849556e+01 1.263345297072996054e+01 1.285628907523603814e+01 1.353404533525361408e+01 1.400177374615193671e+01 1.425229576443885726e+01 1.565955362550306518e+01 1.638233550035094410e+01 1.699631604776006810e+01 1.840135380493269679e+01
1.769907380008868714e+00 2.716475978884720810e+00 2.833719868272418729e+00 3.063807250679206451e+00 4.308762645046039452e+00 5.009237012496629227e+00 5.249477295453741199e+00 6.312493804572197220e+00 6.647034547743938759e+00 7.481624540539268509e+00 8.368717232255775684e+00 1.020078968391411856e+01 1.099385488550099588e+01 1.112962089179104019e+01 1.247597797105165363e+01 1.263875024093918675e+01 1.285509276860233463e+01 1.353009732016252187e+01 1.400205609468699386e+01 1.425835985816277329e+01 1.555853010823353877e+01 1.641007368504025621e+01 1.700515281786353938e+01 1.824990014710948572e+01
1.879176080161679474e+00 2.512587835330453157e+00 2.656485879932546812e+00 3.150491276895809989e+00 4.247154194753537837e+00 5.081797395829723563e+00 5.260472965389761946e+00 6.512071004109240668e+00 6.747436856670621097e+00 7.530179519274744493e+00 8.361002585600704862e+00 1.019475063821402472e+01 1.089103580244981373e+01 1.101751974900241571e+01 1.245353861178702992e+01 1.265072057775414649e+01 1.285168089484091603e+01 1.351915941488941364e+01 1.400286531042516280e+01 1.427764366330674228e+01 1.528084289915109117e+01 1.645499520811600647e+01 1.703074579598717975e+01 1.782943686802020977e+01
1.836499292644099057e+00 2.209027836851717552e+00 2.303374098093071254e+00 3.395710460282489684e+00 4.252884690393623046e+00 5.172925997002361775e+00 5.276916579989500811e+00 6.766118307103180740e+00 6.899234803601472343e+00 7.601875495151138473e+00 8.359516115980692774e+00 1.015871006221553507e+01 1.073276900385831922e+01 1.085851774154619598e+01 1.242540044768620966e+01 1.266338113758682837e+01 1.284656055206238889e+01 1.350362678580203912e+01 1.400409063198212323e+01 1.431145622852889154e+01 1.486348761042673594e+01 1.637520624871199360e+01 1.707024013485851555e+01 1.730837466028264870e+01
1.617719441850825612e+00 1.790773138826867283e+00 1.835315528338216096e+00 3.750320250313827763e+00 4.337502458416181206e+00 5.261669235511420517e+00 5.296294241495750121e+00 7.018415212680522153e+00 7.085763012718756748e+00 7.684891957359376136e+00 8.384721990412307591e+00 1.004145108900414485e+01 1.053478236915790056e+01 1.071372356240723356e+01 1.239722405587081333e+01 1.267359583584716987e+01 1.284049879901986024e+01 1.348649763286664971e+01 1.400555795554043925e+01 1.433206676376318889e+01 1.435773253260092552e+01 1.584264588351994796e+01 1.709716093428303907e+01 1.711868964844413554e+01
1.188694038645385254e+00 1.287006620216929242e+00 1.413349237766205801e+00 4.110767712013854158e+00 4.462867719387748622e+00 5.315652032625641787e+00 5.336208700111271241e+00 7.223196740576082853e+00 7.290616897152853326e+00 7.766185886818735895e+00 8.467485906151370756e+00 9.809079463423627132e+00 1.031046816753485373e+01 1.063965791891082624e+01 1.237260203675947423e+01 1.268057808977259171e+01 1.283441315597765353e+01 1.347046348272397154e+01 1.370221677890632783e+01 1.400704910274205339e+01 1.440960655523209155e+01 1.505674512817114419e+01 1.713729501045801129e+01 1.716919855216419322e+01
5.980025547412637366e-01 8.899485121864919579e-01 9.589426829236958882e-01 4.409992100192940079e+00 4.588686521747181501e+00 5.332047673249697084e+00 5.391194307357193516e+00 7.353004582884117291e+00 7.495422639646009522e+00 7.833745187264217869e+00 8.632349072928539258e+00 9.517205390720166136e+00 1.006292500130082246e+01 1.061964458536953515e+01 1.235377198787358566e+01 1.268470748270006787e+01 1.282923513573744323e+01 1.302107292185498899e+01 1.345755696148985869e+01 1.400833198231811316e+01 1.439146317994041091e+01 1.445711169635603177e+01 1.721367123960035528e+01 1.721752862051489785e+01
1.500788456652060177e-01 4.541169682427288468e-01 4.843412522881777593e-01 4.607051564765725971e+00 4.681644364899029576e+00 5.342995365470909697e+00 5.424593493355231999e+00 7.415155691782457481e+00 7.667128073410411027e+00 7.878194872902758661e+00 8.862093481727651323e+00 9.263380997836081931e+00 9.795301269276089684e+00 1.061884495037635645e+01 1.234204073176557337e+01 1.246376171276067524e+01 1.268674630298220940e+01 1.282576558182642223e+01 1.344921294672333367e+01 1.398091990107302252e+01 1.400919881640792042e+01 1.449034353363144234e+01 1.724425188030986789e+01 1.727911493512374719e+01
-9.939566776356690083e-05 -2.447620475503769588e-07 2.190438703582928364e-07 4.675929629506062390e+00 4.716138860322982573e+00 5.346838278893216057e+00 5.435769840054154756e+00 7.432638757297802101e+00 7.740414085029926561e+00 7.893672864227257335e+00 9.015441202391109243e+00 9.157410385903215655e+00 9.628725258499089890e+00 1.062012399375930549e+01 1.224922433789039466e+01 1.233806504688115346e+01 1.268734326209217222e+01 1.282454538250512677e+01 1.344632774214183790e+01 1.384357353311718697e+01 1.400950504891882709e+01 1.450226070735775430e+01 1.725515735496337655e+01 1.730158601810139274e+01
4.435144042600296932e-01 5.696243287067708216e-01 1.040107845415684906e+00 4.414474282839240260e+00 4.935551177819344382e+00 4.943162151495374523e+00 5.806422399887151364e+00 7.362615040718793580e+00 7.750423447634540608e+00 7.871709935106931511e+00 8.898077661710248165e+00 9.067427506672663284e+00 9.777775953122240793e+00 1.065923716133291599e+01 1.221300576381830894e+01 1.234063532169878386e+01 1.265853409342849645e+01 1.285319874398610018e+01 1.381634588471545477e+01 1.400663354222859702e+01 1.408137185249617040e+01 1.451434301702244412e+01 1.693558503020221906e+01 1.774569957452841606e+01
8.793867838461101316e-01 1.134617145497273771e+00 2.051295489665491356e+00 4.087914074488897320e+00 4.472447770160093761e+00 5.161529803960615226e+00 6.177679052544699623e+00 7.151560596498503841e+00 7.759047278597918762e+00 7.807754004869659425e+00 8.695403998832320625e+00 8.991022202444156619e+00 1.005963613953908897e+01 1.070506737118522622e+01 1.215577094377374756e+01 1.234823997359831793e+01 1.260559693892540523e+01 1.290497918999500016e+01 1.379352399774875870e+01 1.399899267994072893e+01 1.431740814304375320e+01 1.572109831756254472e+01 1.677715537822844993e+01 1.822187563478564343e+01
1.311477990826361406e+00 1.687324899270482792e+00 2.967794845299119633e+00 3.781331341082729836e+00 3.984764148350242063e+00 5.327190635060867763e+00 6.497962854279768052e+00 6.800300075225090168e+00 7.709574626973830114e+00 7.794703510357753551e+00 8.505338942267355762e+00 9.004374367961618830e+00 1.039667557712412815e+01 1.074269472365291200e+01 1.206700993726658133e+01 1.236020436761486607e+01 1.255444093379895065e+01 1.295240968836930939e+01 1.378140998470344059e+01 1.398928651306286497e+01 1.420181842276792850e+01 1.669476050967997338e+01 1.743238476680859961e+01 1.861304646105266869e+01
1.704248111152453227e+00 2.203567378102254892e+00 3.221108372230225836e+00 3.506650602356457203e+00 4.077316725986589674e+00 5.266263043199042038e+00 6.443422564230335325e+00 6.741140218525992545e+00 7.600527353098386563e+00 7.905803303469743248e+00 8.300459256518024631e+00 9.057017278205586663e+00 1.062236793100852950e+01 1.089807146551625472e+01 1.192942426254722221e+01 1.237371638769635140e+01 1.251543652034374077e+01 1.298480178278621899e+01 1.380401441636307069e+01 1.398120562208071505e+01 1.407807810142792526e+01 1.674864655143959880e+01 1.849220441732988363e+01 1.898780083375319450e+01
1.895805766606501130e+00 2.509892185758285432e+00 3.085335742951555549e+00 3.212883536758258884e+00 4.727868665137394899e+00 4.867608136976729227e+00 6.310855385783078475e+00 6.842287810402119419e+00 7.544223957227761623e+00 8.051666698696005042e+00 8.124620800841690027e+00 9.080992138803866354e+00 1.065315452142910857e+01 1.106514276065575508e+01 1.183128921746156514e+01 1.238065235078194526e+01 1.249970837473457941e+01 1.299628829653582862e+01 1.383363305447325686e+01 1.397806150070194953e+01 1.401061895509869260e+01 1.677407209995221748e+01 1.870171982417494405e+01 1.929306488312393242e+01
1.959708914758832909e+00 2.566286761955896001e+00 3.092635066961701096e+00 3.215107240515508114e+00 4.742316679999343698e+00 4.980951001601344963e+00 6.320458951197450936e+00 6.865334415847403449e+00 7.564248221303836672e+00 8.062050170043230324e+00 8.104931726731905428e+00 9.064161169113651439e+00 1.065193878978221775e+01 1.103594808799794258e+01 1.179784325227213948e+01 1.239789120691367508e+01 1.255044101032712156e+01 1.306189861426226706e+01 1.382208692750212009e+01 1.386340862885116287e+01 1.415457199294153057e+01 1.675573184096284507e+01 1.867325360369447651e+01 1.924661770467116284e+01
2.148506713073305541e+00 2.705730258357474938e+00 3.118586257636871473e+00 3.241779829660647483e+00 4.784171680137363047e+00 5.287974648552084211e+00 6.353235475189942250e+00 6.958096597775466741e+00 7.631756471102036699e+00 8.029582842516283847e+00 8.116291789302984228e+00 9.020193193614622018e+00 1.064537980780317916e+01 1.095379766978476788e+01 1.170010727851624921e+01 1.244423592534459289e+01 1.266695747153518781e+01 1.321199149091584601e+01 1.377997526305238729e+01 1.379623968297278402e+01 1.432550734125549319e+01 1.670601007628936330e+01 1.859827324139007132e+01 1.912109689779965294e+01
2.451609673829693747e+00 2.858572106495236298e+00 3.176556814234134052e+00 3.323225276654430793e+00 4.847048911093842172e+00 5.725643620058178840e+00 6.420297561562316346e+00 7.158072200776393501e+00 7.745313578078952155e+00 7.924878639709988626e+00 8.204263856206420513e+00 8.973266306573957962e+00 1.061966323185507299e+01 1.084244034870189388e+01 1.154518546003738422e+01 1.250733941549939843e+01 1.277042286438338969e+01 1.332682889900853951e+01 1.374464798754710770e+01 1.378359274267655010e+01 1.449595485011988139e+01 1.663991335259214210e+01 1.850503007075321094e+01 1.895715690193858904e+01
2.846856989838709051e+00 2.966618977638022514e+00 3.274751049765838751e+00 3.472126926672306713e+00 4.917903735516240715e+00 6.241239659293146502e+00 6.532275835584187007e+00 7.457365539838199275e+00 7.784636370336572853e+00 7.850308496443596518e+00 8.354574407490469312e+00 8.975804131921059081e+00 1.053722852252617947e+01 1.075779848092177104e+01 1.134517057344518776e+01 1.257104518003885829e+01 1.280749907501268581e+01 1.331892047128342327e+01 1.370300732445672054e+01 1.377901494245330483e+01 1.467260294742648874e+01 1.657726395385910934e+01 1.842801799392471551e+01 1.881463921311942400e+01
3.031724752339435724e+00 3.297779416161165322e+00 3.384742259099142725e+00 3.691200310331581580e+00 4.983051015732931965e+00 6.682567148872517571e+00 6.796038439102338735e+00 7.584570051742769436e+00 7.816727617082145585e+00 7.864077463923041300e+00 8.564619334729064448e+00 9.087509663461784015e+00 1.040494529803863877e+01 1.071975306762414526e+01 1.111974329648109538e+01 1.260533247721831529e+01 1.278399189699242022e+01 1.323850920973516843e+01 1.356182813415327892e+01 1.369503509575146794e+01 1.488799341887047234e+01 1.653436689875412213e+01 1.838904601980624420e+01 1.874483827496963073e+01
3.078231162035179658e+00 3.475198465206057019e+00 3.734238904663834901e+00 4.005839824127829907e+00 5.039520886001627176e+00 6.837408970889486071e+00 7.347865449976915819e+00 7.388820885464665089e+00 7.786664170321697220e+00 8.074281450514854797e+00 8.806861147788200839e+00 9.278524561461750864e+00 1.029698307834375193e+01 1.068711576236626826e+01 1.090113068623207937e+01 1.254741740196968536e+01 1.271723161409687819e+01 1.318662562091365231e+01 1.328288334018069250e+01 1.352122236187407900e+01 1.516169575428563121e+01 1.652533056228967823e+01 1.838728074182186489e+01 1.874945663728805911e+01
3.115909272871566049e+00 3.533768767901931174e+00 4.079463847068828919e+00 4.449195057909196116e+00 5.097363807272251357e+00 6.924334411122971211e+00 7.157581725675057349e+00 7.715297215901572692e+00 7.830988603073782528e+00 8.213935301983374515e+00 9.038537829358363140e+00 9.442991352644336089e+00 1.025353857402743962e+01 1.063072050956642300e+01 1.073503977063799475e+01 1.236741516874005065e+01 1.257589579303351357e+01 1.295918105990241287e+01 1.321675662400627438e+01 1.332959960832278057e+01 1.548302152002698762e+01 1.657125468637231691e+01 1.840154347345998431e+01 1.878181155245779621e+01
3.148330434277820888e+00 3.555363186410298137e+00 4.375638976716828665e+00 4.934025214870731979e+00 5.170541700245834704e+00 6.865099081260240155e+00 6.927518359487546462e+00 7.759255234630268561e+00 7.893723099642332208e+00 8.533802961405875465e+00 9.119718139102772625e+00 9.601977233725939698e+00 1.023813084179627708e+01 1.053397869934157072e+01 1.064102742544154268e+01 1.214333777350537424e+01 1.230117921821295113e+01 1.277792491241960526e+01 1.311296406174819751e+01 1.333488350446436144e+01 1.582591404742696284e+01 1.669020303973167429e+01 1.840241216847272554e+01 1.879210355584321235e+01
3.176873585207541595e+00 3.543407773464714694e+00 4.641559093563289551e+00 5.260557981315234777e+00 5.381713704830110245e+00 6.698304430116411190e+00 6.731892530409741227e+00 7.653022093001965231e+00 7.916671726547959587e+00 8.963316756655066442e+00 8.975893848540982489e+00 9.831878805519350450e+00 1.017383571130368303e+01 1.040653705164310772e+01 1.056736339360881693e+01 1.195285683902848106e+01 1.204301542058985497e+01 1.270651549370317923e+01 1.296545697757577287e+01 1.341403683423120974e+01 1.614926434810154987e+01 1.686878349050604342e+01 1.837391462175860468e+01 1.875859369893160533e+01
3.199733509394908193e+00 3.515802033861203491e+00 4.847103543817467219e+00 5.352110754391449454e+00 5.698754145495522394e+00 6.532147218595034666e+00 6.649541575589513975e+00 7.348730757844188943e+00 8.126606199751423176e+00 8.723784412994886495e+00 9.348193273731309816e+00 1.001992761031577750e+01 1.006160566347091745e+01 1.029396090756285176e+01 1.046970429710036932e+01 1.180789433427090174e+01 1.192923731304482438e+01 1.267548124325037406e+01 1.286523060238278582e+01 1.346508788449108174e+01 1.639242134888567648e+01 1.704383208636034652e+01 1.832878467312784920e+01 1.869938833811100665e+01
3.209382299564075058e+00 3.501206862704586253e+00 4.929861509366166850e+00 5.393611674175457615e+00 5.800563972178445660e+00 6.460742336604070601e+00 6.687748866718108864e+00 7.168369315172478551e+00 8.285963994785593201e+00 8.546413483869615746e+00 9.551681401408645300e+00 9.903913328617075962e+00 1.016845464722694814e+01 1.024721012703966672e+01 1.039640106973696199e+01 1.175515398071193829e+01 1.190247074114678050e+01 1.266657518363820323e+01 1.282934589344214871e+01 1.348180345982010842e+01 1.648529254569961111e+01 1.711979725252920304e+01 1.830550045794614888e+01 1.866788450750255635e+01
3.255212759810818035e+00 3.545129415418974084e+00 4.851209157047379428e+00 5.421168402180894574e+00 5.638760030465252093e+00 6.469439580625932606e+00 6.810526159070515284e+00 7.221060782798013555e+00 8.307843160461242604e+00 8.568368994660259474e+00 9.552136225788844470e+00 9.933232571698304980e+00 1.016671391432065974e+01 1.024134001415462691e+01 1.039172169411443925e+01 1.177395521596014305e+01 1.189430147288563866e+01 1.267496317222449420e+01 1.287651421489432124e+01 1.350963952866842277e+01 1.643509150280667797e+01 1.708369045455620139e+01 1.826142071689861623e+01 1.862761485651000726e+01
3.383281188539160933e+00 3.667665598844753738e+00 4.647431653718486544e+00 5.297554036777508024e+00 5.506876833654366976e+00 6.492364652858851670e+00 7.036964041725174646e+00 7.352444709697510739e+00 8.372687736599015551e+00 8.634652755369232935e+00 9.555500797325699125e+00 9.992825515361591471e+00 1.016000600375408780e+01 1.024537669464432454e+01 1.037677116358442220e+01 1.178160561654412142e+01 1.191071164205709820e+01 1.270155017833050159e+01 1.301337502407596958e+01 1.358430855563640627e+01 1.628753308265754285e+01 1.697971836818918234e+01 1.813592253900709395e+01 1.851601590552956011e+01
3.569440429585513552e+00 3.845179391063743513e+00 4.387024587694868138e+00 4.945349128937281513e+00 5.610124823801692528e+00 6.521282822121548861e+00 7.249994725079657698e+00 7.512098656292337751e+00 8.475623956588108854e+00 8.745537862726154188e+00 9.566204343647710218e+00 1.000621111331046897e+01 1.014897453128618032e+01 1.031619669942989148e+01 1.035020871534326936e+01 1.170014307423578082e+01 1.201064876720255725e+01 1.275206092450584627e+01 1.321981139523951398e+01 1.368567982935132576e+01 1.605213055678936485e+01 1.682197331530674234e+01 1.794823037641869945e+01 1.835737814198362017e+01
3.782988397567308425e+00 4.047943446182065586e+00 4.136983404772386130e+00 4.635064694480806935e+00 5.716281898610362511e+00 6.546529500614536090e+00 7.419768378533755815e+00 7.661633787899252646e+00 8.604703015462883187e+00 8.896066576404644266e+00 9.587158822218565746e+00 9.963496368595237129e+00 1.013566275336006939e+01 1.031046423316109362e+01 1.044597898922738111e+01 1.156387600846321639e+01 1.213475164342371926e+01 1.283929125753381584e+01 1.345644398411607234e+01 1.379517880810125696e+01 1.574595522911745604e+01 1.663590174740646432e+01 1.772715433177237543e+01 1.818236027489564677e+01
3.944540833733568785e+00 3.993404004224825332e+00 4.246825854394406186e+00 4.397838762948623526e+00 5.803479330907165945e+00 6.561554002967705301e+00 7.541190115158719287e+00 7.780374970220177211e+00 8.741954625738612705e+00 9.068639568879424573e+00 9.615715175298277018e+00 9.904965389074668281e+00 1.012404144292777453e+01 1.026318219049027469e+01 1.057956802296728327e+01 1.139871559515453647e+01 1.223726187665751297e+01 1.297805127676803849e+01 1.367079112863106083e+01 1.390605466783201472e+01 1.539538146009283892e+01 1.645583399272224767e+01 1.750663259244660708e+01 1.801861508749911778e+01
3.830574581251893651e+00 4.169820134812128209e+00 4.240312306320046964e+00 4.414541850997848904e+00 5.862237791142990595e+00 6.565680885648174758e+00 7.618286976735078042e+00 7.861392682778439500e+00 8.864975349767286517e+00 9.233040769201984688e+00 9.642573583863953246e+00 9.851597511769494275e+00 1.011843102100847602e+01 1.021506331860777195e+01 1.069193746709750670e+01 1.123460688336668944e+01 1.229857881261039054e+01 1.316319811088530933e+01 1.381554163677248681e+01 1.401810373278084043e+01 1.503952469980837847e+01 1.631461339646183717e+01 1.732033560541001904e+01 1.788655824014506024e+01
3.781119144985758851e+00 4.153586860268685399e+00 4.288674893646875041e+00 4.527383815327064021e+00 5.893398836921275752e+00 6.563654719481579747e+00 7.659097045242195811e+00 7.906758230276238031e+00 8.950229014421097418e+00 9.353861387376703362e+00 9.657287447578848827e+00 9.816857199851375171e+00 1.011768472786095963e+01 1.017788227437662130e+01 1.077205079323471182e+01 1.110743149260241758e+01 1.232580690781451693e+01 1.335011455903241284e+01 1.388866291372833395e+01 1.410498089508155850e+01 1.474168005526376746e+01 1.623022001685948723e+01 1.719631626987773032e+01 1.780061595602575153e+01
3.769335230524259561e+00 4.126381188202058681e+00 4.330562314276543034e+00 4.567328301303504645e+00 5.902722353238202935e+00 6.561967410744584228e+00 7.671569781207035810e+00 7.921164362304780937e+00 8.980598782404404901e+00 9.398961128713390067e+00 9.660275245440141489e+00 9.805906262781865834e+00 1.011731308265082241e+01 1.016429428735533236e+01 1.080491034288514918e+01 1.105590102767068217e+01 1.233289410484576720e+01 1.343947517175978312e+01 1.391090471664875317e+01 1.413634429927356173e+01 1.461354373753450098e+01 1.620317017289253769e+01 1.715287448519135438e+01 1.777069421170857666e+01
3.608711544412107841e+00 4.122244768471894361e+00 4.300141886945532121e+00 4.665809482792117713e+00 5.898107141988885971e+00 6.592159615196178990e+00 7.335120280249142866e+00 8.191850782679349408e+00 8.677646591793378050e+00 9.476623872795316927e+00 9.613620189872964517e+00 9.818939593426987855e+00 1.011005139270381292e+01 1.036575380630692500e+01 1.079330791178854021e+01 1.110744179830241940e+01 1.236109671063125859e+01 1.345156050794232705e+01 1.388271975751857035e+01 1.413385289663814959e+01 1.457793214925289860e+01 1.623457208720000011e+01 1.713676428690495612e+01 1.775876619542953350e+01
3.375377521305059414e+00 3.758460956658941310e+00 4.570595061759169297e+00 4.710672408522396104e+00 5.870998932682979898e+00 6.671903631464129347e+00 6.869376558390261067e+00 8.219014299216608421e+00 8.430121763458414463e+00 9.419448545851018650e+00 9.484265421205574143e+00 9.842694021154100525e+00 1.005485691822870109e+01 1.079598546673448567e+01 1.084818536036127945e+01 1.125901271087138333e+01 1.244243056261206348e+01 1.349234128354501649e+01 1.379886782559617409e+01 1.412360561995919817e+01 1.448200197033081160e+01 1.632770675097763302e+01 1.708554511053260327e+01 1.772475733736562375e+01
3.177851704445917136e+00 3.337508643409800246e+00 4.638733278033932095e+00 4.822710615576839110e+00 5.770935476643581197e+00 6.390715610009588765e+00 6.778366060783418412e+00 7.809636236114323893e+00 8.427165018867246005e+00 9.290690464617199495e+00 9.340494504389825536e+00 9.833052853562261220e+00 9.919975968785456288e+00 1.089894503137266746e+01 1.139130547606016464e+01 1.149447446793311833e+01 1.256385044533867301e+01 1.357305045764030282e+01 1.366425898756744850e+01 1.409521489898181734e+01 1.435765364299127533e+01 1.647918251807364598e+01 1.699345178409518198e+01 1.767473980868403771e+01
2.884063506225670981e+00 3.039395097764025166e+00 4.472684812782247832e+00 5.015268748500959717e+00 5.532674030160474210e+00 5.936119612474761276e+00 6.887589554681680326e+00 7.507801651619786298e+00 8.132559708369477391e+00 9.149086682209043531e+00 9.159011643785531120e+00 9.718488987027836146e+00 9.854149784269662149e+00 1.112081186061360327e+01 1.178394724098823687e+01 1.188506586268016285e+01 1.269998147276317013e+01 1.348890935637670196e+01 1.368705120803955566e+01 1.403355314759648209e+01 1.427110902098080913e+01 1.668014165400138538e+01 1.685775366907501294e+01 1.762152751747813184e+01
2.410243476027467135e+00 2.971868959720679104e+00 4.238151553178705733e+00 5.051107658402537837e+00 5.142398962386567796e+00 5.606486093809600391e+00 6.968510182458139468e+00 7.331878778759911341e+00 7.661626382858809592e+00 8.866280718533824157e+00 8.967400182728690439e+00 9.525618949506021949e+00 9.955439068761403831e+00 1.140165282920618672e+01 1.208941481011459906e+01 1.226674268621055752e+01 1.282329621498682215e+01 1.328610358578850992e+01 1.373908432219913678e+01 1.392762665236211994e+01 1.436560472467492744e+01 1.668317214511068869e+01 1.690624943810054504e+01 1.759066832273915182e+01
1.918413889475257594e+00 2.981680728246618894e+00 3.954252747476296292e+00 4.649516611985307968e+00 4.792364162722141607e+00 5.546936352336300224e+00 6.970356347874953507e+00 7.115157636125101881e+00 7.289921358711716870e+00 8.520340314630585610e+00 8.687971676456951897e+00 9.434809579765991217e+00 1.008210154889370536e+01 1.168712017557287730e+01 1.237150939074555112e+01 1.251015027635547661e+01 1.290897671389249979e+01 1.307133992159975477e+01 1.370724891746900376e+01 1.377745278670894535e+01 1.467373491290441123e+01 1.648317367328441563e+01 1.710056930538160813e+01 1.763283131051352370e+01
1.394625750936641984e+00 3.068855415158789235e+00 3.634378537595819303e+00 4.124843016446382293e+00 4.436320498704939830e+00 5.569134544685080179e+00 6.552898507523271299e+00 6.908450406493123808e+00 7.335899420240085789e+00 8.190446431966901031e+00 8.349996200103324995e+00 9.433515496026021907e+00 1.019824527176035112e+01 1.194679601873868613e+01 1.259855070316776526e+01 1.263672553622759231e+01 1.286146040736029939e+01 1.291397323641337103e+01 1.359544025555179658e+01 1.371885383288020677e+01 1.505230963676456746e+01 1.627822614758341047e+01 1.720379345913742952e+01 1.779108863171409283e+01
7.672913258741546061e-01 3.224190304818634001e+00 3.279476562487552815e+00 3.652850755287663898e+00 4.114037207198021129e+00 5.553573629116324462e+00 6.022338500064550182e+00 6.846951752141455572e+00 7.394197944141700951e+00 7.924700641796604828e+00 8.027134136959116262e+00 9.469920073799361404e+00 1.029116336423514433e+01 1.216503200705058951e+01 1.267067856884197674e+01 1.269105894004320589e+01 1.275636466412020553e+01 1.283755847057494925e+01 1.340373265606963393e+01 1.379926524098972074e+01 1.540641399225176755e+01 1.609206867042790634e+01 1.724937481702921716e+01 1.800528045871697103e+01
-6.345246074563792860e-01 2.898643537340980458e+00 3.316002685958939100e+00 3.427893907899158599e+00 3.864934778225243672e+00 5.429217613880653381e+00 5.625822371542951394e+00 6.809615597493198891e+00 7.431370891353732411e+00 7.745895649407555261e+00 7.773590122102944200e+00 9.512477296331377730e+00 1.035718484714961107e+01 1.233187721066093090e+01 1.252518840915041665e+01 1.265930155062070384e+01 1.277830914163146403e+01 1.285119446534003984e+01 1.322776086065561962e+01 1.389361365028213235e+01 1.568381017444507819e+01 1.594785869772979403e+01 1.728121523184440633e+01 1.819691880235725279e+01
-1.009474267005680215e+00 2.593117622589526494e+00 3.123330091713611534e+00 3.616794954538916862e+00 3.720672927719057110e+00 5.124897115964992089e+00 5.514467937803662956e+00 6.796854657054568705e+00 7.423134396774142552e+00 7.636723713823084125e+00 7.650147345809270583e+00 9.543946679646488462e+00 1.039615313693241205e+01 1.241298849305884922e+01 1.245623733672378464e+01 1.258212881419838958e+01 1.277479865270834836e+01 1.291095919936482694e+01 1.308861076761432507e+01 1.396080379613308331e+01 1.581996106151706272e+01 1.589667819457195286e+01 1.730511174627159576e+01 1.832487912006113007e+01
-1.109156768918262648e+00 2.476036605575629768e+00 3.059299252707411210e+00 3.633069921301287142e+00 3.747970859037432767e+00 4.979419702340878828e+00 5.487114860797258409e+00 6.795751783590948669e+00 7.400774811314962953e+00 7.607043626520606061e+00 7.620977940929225092e+00 9.555377619893436147e+00 1.040897785104663953e+01 1.238884736049133295e+01 1.248499663530989956e+01 1.254924718871900602e+01 1.277616881096932921e+01 1.295380442303972401e+01 1.301304110386756641e+01 1.398448373349216922e+01 1.580616203084212046e+01 1.593971852845348991e+01 1.731431298160636700e+01 1.836953778156219030e+01
-9.156362705215702613e-01 2.477047376681034585e+00 3.157634588209511595e+00 3.282155390943044093e+00 4.078049892576466995e+00 4.836133213585235957e+00 5.620178821927551915e+00 6.788426838521127493e+00 7.405101774624465172e+00 7.603578216377689714e+00 7.619330300900423403e+00 9.542849776976296994e+00 1.043248505727067510e+01 1.240804650853350566e+01 1.248111089850949362e+01 1.254778285084539391e+01 1.277957612899391293e+01 1.295565363563930106e+01 1.305489683478579011e+01 1.398429001264331362e+01 1.548212814654819702e+01 1.626705098099228053e+01 1.724859419679335204e+01 1.838680385199658929e+01
4.244075305318764091e-01 2.479961443225703110e+00 2.870616541948828537e+00 3.424127270417011371e+00 4.423597656066609929e+00 4.570525773544993342e+00 5.855723112725517154e+00 6.763051167572712963e+00 7.417559786496693341e+00 7.564342594283217203e+00 7.657541648977775672e+00 9.505847761115905570e+00 1.049075469019642526e+01 1.238076256905135075e+01 1.247024594764700822e+01 1.254355651876936228e+01 1.278552520604071496e+01 1.296071290170047163e+01 1.323890186976221450e+01 1.398373224478644339e+01 1.509433969437187883e+01 1.666853619390595043e+01 1.709029569685750971e+01 1.841892623088662262e+01
1.240442966759180754e+00 2.465901608819018875e+00 2.484436477288319622e+00 3.779651027685749565e+00 4.285232872119792980e+00 4.712700106558244784e+00 6.093061572020374683e+00 6.713037289489626858e+00 7.436644128035124091e+00 7.534390508662789365e+00 7.723099519010718339e+00 9.446740186575409481e+00 1.056017809186260337e+01 1.222839871390013045e+01 1.245445808668306853e+01 1.253705255803327567e+01 1.277660738734664214e+01 1.296777467673851270e+01 1.356858412764473876e+01 1.398287777382861208e+01 1.470976592616261236e+01 1.689650193592512295e+01 1.710908173767997198e+01 1.844553791097972351e+01
1.750066547648526205e+00 2.100684330366135999e+00 2.489942815031524592e+00 4.006858681119945587e+00 4.133443366211086101e+00 4.917192400389374107e+00 6.309240297356109473e+00 6.636292135425647665e+00 7.460051495320737303e+00 7.550221739463977677e+00 7.809080009647786369e+00 9.370974803475528248e+00 1.062246571261857930e+01 1.198434187762673453e+01 1.243635770609262536e+01 1.252902601742795063e+01 1.271711190166314331e+01 1.297545232264985948e+01 1.390494769902685768e+01 1.398182972840155891e+01 1.437121405060711510e+01 1.676349734792682611e+01 1.754237637299580044e+01 1.848283011501051476e+01
1.827145596174485132e+00 2.166479402178828284e+00 2.495822498949996415e+00 3.750568494311721235e+00 4.421243095624040720e+00 5.018043810682475403e+00 6.494855560524783300e+00 6.540574582151747585e+00 7.484958891614088117e+00 7.634944224180815198e+00 7.899152429411262943e+00 9.287479670195914139e+00 1.066648199177721601e+01 1.170221325584915029e+01 1.241845260816350027e+01 1.252042507877082933e+01 1.256493186485788982e+01 1.298260997665200911e+01 1.398071454697388916e+01 1.410319859561183442e+01 1.414211866791927719e+01 1.670633312041026386e+01 1.795112634257604611e+01 1.858002755447004972e+01
1.708327452458456186e+00 2.501365879882105681e+00 2.519989803776466530e+00 3.530095832643101783e+00 4.613359230970517366e+00 5.022385981571998670e+00 6.443694068769716843e+00 6.644212171974723802e+00 7.508363609314804954e+00 7.779448194310814912e+00 7.975080818213230671e+00 9.207185313605156907e+00 1.068538103781167337e+01 1.143534707394367622e+01 1.232704569626722879e+01 1.240276731506792984e+01 1.251228623779321758e+01 1.298852300743574517e+01 1.397966671887428980e+01 1.402840253277231497e+01 1.412521583181240992e+01 1.671622576198149801e+01 1.827468971543767395e+01 1.877995880227594228e+01
1.744408011049016105e+00 2.505897683458083058e+00 2.810124278468184578e+00 3.359131746148745989e+00 4.707441236335209389e+00 4.965450963143656082e+00 6.367299424785528572e+00 6.753436385225255023e+00 7.527443909538553690e+00 7.941172924870739003e+00 8.027022603045200100e+00 9.140632104926966761e+00 1.067905169727855608e+01 1.122916435386258982e+01 1.207776933515880380e+01 1.239072608997825853e+01 1.250561019131691154e+01 1.299283461217219759e+01 1.397881258090314027e+01 1.400119220576058687e+01 1.401650329094704261e+01 1.674622277249263647e+01 1.850253217616040402e+01 1.903057291592802969e+01
1.845298759790416243e+00 2.508861688329489859e+00 3.011325216557038775e+00 3.250306780406305052e+00 4.729586097309812942e+00 4.897559734372169515e+00 6.323866845430531569e+00 6.819954410032801562e+00 7.539898385636386813e+00 8.040268828955836611e+00 8.080847184755320711e+00 9.096501088937511526e+00 1.066152411368433306e+01 1.110570503626343353e+01 1.189662811165944589e+01 1.238320457663759733e+01 1.250123249798373060e+01 1.299542660178910936e+01 1.388776340904780504e+01 1.397825510589155940e+01 1.400641611618927485e+01 1.676724589925627029e+01 1.864940270514787102e+01 1.922285312798734225e+01
1.895805766606501130e+00 2.509892185758285432e+00 3.085335742951555549e+00 3.212883536758258884e+00 4.727868665137394899e+00 4.867608136976729227e+00 6.310855385783078475e+00 6.842287810402119419e+00 7.544223957227761623e+00 8.051666698696005042e+00 8.124620800841690027e+00 9.080992138803866354e+00 1.065315452142910857e+01 1.106514276065575508e+01 1.183128921746156514e+01 1.238065235078194526e+01 1.249970837473457941e+01 1.299628829653582862e+01 1.383363305447325686e+01 1.397806150070194953e+01 1.401061895509869260e+01 1.677407209995221748e+01 1.870171982417494405e+01 1.929306488312393242e+01
1.695821998320520940e+00 2.789355382684653328e+00 2.881856601996471312e+00 3.052897958280895274e+00 4.349132644386046742e+00 4.980811292703655191e+00 5.245614507915957958e+00 6.233840534274420975e+00 6.611741909224321923e+00 7.464455397470850961e+00 8.372320648241153407e+00 1.020072840086237065e+01 1.102954251007118991e+01 1.116897789356569248e+01 1.248497553371849556e+01 1.263345297072996054e+01 1.285628907523603814e+01 1.353404533525361408e+01 1.400177374615193671e+01 1.425229576443885726e+01 1.565955362550306518e+01 1.638233550035094410e+01 1.699631604776006810e+01 1.840135380493269679e+01
1.559801063609628891e+00 2.758378403269508450e+00 2.898228024921549295e+00 3.134376893251320961e+00 4.309225729544509775e+00 4.980673646798020826e+00 5.270128868666307476e+00 6.270077526250528166e+00 6.691145832642503954e+00 7.458682249271311626e+00 8.305186824307131843e+00 1.024875794393296857e+01 1.081505366226058307e+01 1.134758520372021096e+01 1.248496923980557405e+01 1.262266681372301669e+01 1.286829336031334314e+01 1.335248200560076448e+01 1.400017760820450263e+01 1.418563201593963186e+01 1.577151557226413381e+01 1.633475281400654566e+01 1.700218352843226555e+01 1.839440912822374230e+01
1.168066529097689488e+00 2.678597745313040956e+00 2.937768690759674950e+00 3.316956638948412639e+00 4.190300397106556218e+00 4.980320637401235651e+00 5.332608658498859455e+00 6.381131977331654603e+00 6.894520270400141371e+00 7.443282087817525650e+00 8.145007504276879473e+00 1.022959330680500578e+01 1.059837835343222778e+01 1.159249518380271837e+01 1.248495812670951466e+01 1.259836958628556047e+01 1.289583348066926227e+01 1.296841986448062300e+01 1.399594592647085456e+01 1.403053885252075617e+01 1.590526905486230547e+01 1.621360318092990127e+01 1.705660832590183063e+01 1.838065837677791592e+01
3.567813783371875380e-01 2.582068179742642133e+00 2.982270264340729948e+00 3.502248036741399506e+00 4.005272697818262451e+00 4.979892679615378626e+00 5.406964371526479241e+00 6.555920331365316933e+00 7.144785281890807305e+00 7.423632844947245069e+00 7.964213326072462351e+00 9.954832367919246749e+00 1.052862612268677900e+01 1.193388754644875505e+01 1.248495965725265933e+01 1.257330245077611686e+01 1.263653752446740519e+01 1.292501595383948931e+01 1.376916026880716437e+01 1.399060555144421514e+01 1.589789980306500539e+01 1.607857110252188093e+01 1.717264613258737072e+01 1.837123971274984413e+01
-9.243416280327793055e-01 2.505191446341114236e+00 3.030805653278828338e+00 3.617281071549221849e+00 3.816179978964462816e+00 4.979550049283434809e+00 5.465232622230993265e+00 6.727256826839885129e+00 7.387332746895273416e+00 7.407192790618456257e+00 7.799193024460135959e+00 9.672012941776015893e+00 1.045079387301749563e+01 1.235046165172561494e+01 1.247877301159441998e+01 1.248498105069243991e+01 1.255557381309738219e+01 1.294615675009380773e+01 1.338395104540761515e+01 1.398619222870230061e+01 1.583579008791589438e+01 1.597657573034680212e+01 1.727610841413377685e+01 1.836909218383811293e+01
-1.109156768918262648e+00 2.476036605575629768e+00 3.059299252707411210e+00 3.633069921301287142e+00 3.747970859037432767e+00 4.979419702340878828e+00 5.487114860797258409e+00 6.795751783590948669e+00 7.400774811314962953e+00 7.607043626520606061e+00 7.620977940929225092e+00 9.555377619893436147e+00 1.040897785104663953e+01 1.238884736049133295e+01 1.248499663530989956e+01 1.254924718871900602e+01 1.277616881096932921e+01 1.295380442303972401e+01 1.301304110386756641e+01 1.398448373349216922e+01 1.580616203084212046e+01 1.593971852845348991e+01 1.731431298160636700e+01 1.836953778156219030e+01
3.209382299564075058e+00 3.501206862704586253e+00 4.929861509366166850e+00 5.393611674175457615e+00 5.800563972178445660e+00 6.460742336604070601e+00 6.687748866718108864e+00 7.168369315172478551e+00 8.285963994785593201e+00 8.546413483869615746e+00 9.551681401408645300e+00 9.903913328617075962e+00 1.016845464722694814e+01 1.024721012703966672e+01 1.039640106973696199e+01 1.175515398071193829e+01 1.190247074114678050e+01 1.266657518363820323e+01 1.282934589344214871e+01 1.348180345982010842e+01 1.648529254569961111e+01 1.711979725252920304e+01 1.830550045794614888e+01 1.866788450750255635e+01
3.286229496694595298e+00 3.562079272151345677e+00 4.817179222049275289e+00 5.512311343449997736e+00 5.753437036530757887e+00 6.392885005603971216e+00 6.708748679512600788e+00 7.141869691417422672e+00 8.316008011713856618e+00 8.436867896791376609e+00 9.610457260630923315e+00 9.921802446583500412e+00 1.022414764641548146e+01 1.028343107083801833e+01 1.045458629457126243e+01 1.174934067539047255e+01 1.196895968075508421e+01 1.269032664028779500e+01 1.285587470742355087e+01 1.355586412729956614e+01 1.648258801242003457e+01 1.711216272706205999e+01 1.830681016198633770e+01 1.863703135287024182e+01
3.493696383579609321e+00 3.723178957526271482e+00 4.625707569555803644e+00 5.586366630033333891e+00 5.728687175754425986e+00 6.240471470316409253e+00 6.731348261473777406e+00 7.052751736342999678e+00 8.212752828001175232e+00 8.375453655449017987e+00 9.709464720457987141e+00 9.996819119914009732e+00 1.026448207631040610e+01 1.043144184548996556e+01 1.060294819143800815e+01 1.164438526590435785e+01 1.225217328293895669e+01 1.279620943697116608e+01 1.291540712154587744e+01 1.374614646231291459e+01 1.644641363271731294e+01 1.712323218138580927e+01 1.829640422329873672e+01 1.856278575149564958e+01
3.774855422360774870e+00 3.929918241700472770e+00 4.446989284239537099e+00 5.383830805078166470e+00 5.879519535947980380e+00 6.050514727658645064e+00 6.738481989325719290e+00 6.891745024225634175e+00 8.019408567801342258e+00 8.416741099794830205e+00 9.780548300210746504e+00 1.007545975926517912e+01 1.031989189386082550e+01 1.056057771481158447e+01 1.078888315874424286e+01 1.150271068468569879e+01 1.244665517169013036e+01 1.297947973411840294e+01 1.321776621357250470e+01 1.396181659282987297e+01 1.631945791211273189e+01 1.722416940369986449e+01 1.819687282896908442e+01 1.852398133699605154e+01
4.047986921290640971e+00 4.112970336427506091e+00 4.311461868603656100e+00 5.173472785835049770e+00 5.875067041075679342e+00 5.994362681816217453e+00 6.699254891480475038e+00 6.742687031121050723e+00 7.908616476763132397e+00 8.438210300274544551e+00 9.816886719749261303e+00 1.010978695037946551e+01 1.037280217117977443e+01 1.064834452877891557e+01 1.094795572061627986e+01 1.136813441272234826e+01 1.247632666182905403e+01 1.302980274326684906e+01 1.379575667410177786e+01 1.413492950070068588e+01 1.611266425561681359e+01 1.742959854085001226e+01 1.797401244834664524e+01 1.854709034160359948e+01
4.177590576442008263e+00 4.219651131263425725e+00 4.227375614081447353e+00 5.072058693347786473e+00 5.800209113456795684e+00 6.045262457219366503e+00 6.607346960995851504e+00 6.740237497587186155e+00 7.874816807266022067e+00 8.444917888403663753e+00 9.827508591487482903e+00 1.011685331849399994e+01 1.039287992000623362e+01 1.068079406542792853e+01 1.102407342008408264e+01 1.129782539681890619e+01 1.247711688850914236e+01 1.304915729839072291e+01 1.402091801428793616e+01 1.425553139978184980e+01 1.598592895636864242e+01 1.769328206285905480e+01 1.770128653689514309e+01 1.856407474215438924e+01
2.594059755621377583e+00 2.674312870723325020e+00 4.346910963680921114e+00 5.019954561852582486e+00 6.639355298863092614e+00 7.087934691039840196e+00 7.232536717825372996e+00 7.383238689469210136e+00 8.783441642257061588e+00 9.746804507464526424e+00 9.876931878792088781e+00 9.958811628083205747e+00 1.021089846415000402e+01 1.038584711885512846e+01 1.055987778743918959e+01 1.195902775972831655e+01 1.205112584140695731e+01 1.242875337424984572e+01 1.346450621068482612e+01 1.428466801634080596e+01 1.508085992180635593e+01 1.624808117327297552e+01 1.678411348137363390e+01 1.760876499067291334e+01
2.650454999111004906e+00 2.713788789437387106e+00 4.403610447608239831e+00 5.070365750093775326e+00 6.509724336885097884e+00 6.865483043248921113e+00 7.334990409654539967e+00 7.555262024899525919e+00 8.799428739824831425e+00 9.743014702009244132e+00 9.856268059687357308e+00 9.931421350547335436e+00 1.015286617407241643e+01 1.045588741107429165e+01 1.054292726992319906e+01 1.174580673535679942e+01 1.227847390510132541e+01 1.242812597012772713e+01 1.348406656088193323e+01 1.425831140974249855e+01 1.515370127376456288e+01 1.608401677593272794e+01 1.693537643155817563e+01 1.759021314011982540e+01
2.815821158686539150e+00 2.836807984022700513e+00 4.549456487239874392e+00 5.186358972396522660e+00 6.271469899857102348e+00 6.524425756004409216e+00 7.504964467161268971e+00 7.756759366183638704e+00 8.853835075279421929e+00 9.671894390351411630e+00 9.803990924898229764e+00 9.880338232544410459e+00 1.011228490772626465e+01 1.049056241579224213e+01 1.056183171760971007e+01 1.151190981130214475e+01 1.239271477655325349e+01 1.259184631552744804e+01 1.353706426506204785e+01 1.420424035739671176e+01 1.532081390250205821e+01 1.580438762819008325e+01 1.718754028242258869e+01 1.753592819971175132e+01
3.045746399152005512e+00 3.077647985593216173e+00 4.713930082250771036e+00 5.225015447997439111e+00 6.133397136206505174e+00 6.196113586953086561e+00 7.640941141045001217e+00 7.880358260767581058e+00 8.956877196234977134e+00 9.463068935224645983e+00 9.799209701883365042e+00 9.842647600575110900e+00 1.011173838231976241e+01 1.040249012765894499e+01 1.065758784507361057e+01 1.131024217968519352e+01 1.237536618190660143e+01 1.289346000261059721e+01 1.361299941702256255e+01 1.415425982532272542e+01 1.533033646802843464e+01 1.571417737489447042e+01 1.739194468392312132e+01 1.747553965975816581e+01
3.322908560879430873e+00 3.414823326940311876e+00 4.780628819665017737e+00 5.017249237939799933e+00 5.967609637719404780e+00 6.246331827380339874e+00 7.706448487940878778e+00 7.925537920058798314e+00 9.089274703391824417e+00 9.251823131529301136e+00 9.797963426732080094e+00 9.804389375373849802e+00 1.012330344614230704e+01 1.028605372109727689e+01 1.073542328250545985e+01 1.116372158642885815e+01 1.235456683913621134e+01 1.317682722128596140e+01 1.371022557572091394e+01 1.412159697770204048e+01 1.505028503274921903e+01 1.592100444970406237e+01 1.731705340650255565e+01 1.761771496088839228e+01
3.614327951971890052e+00 3.799614356000709847e+00 4.649123831483770175e+00 4.681527321612263925e+00 5.900224029476062171e+00 6.458065099684415777e+00 7.696318990053840459e+00 7.926383299227413026e+00 9.037200169883600864e+00 9.302457280147418572e+00 9.725815195751646769e+00 9.805748423368546796e+00 1.012899013320046215e+01 1.018773813305196008e+01 1.078688335383476904e+01 1.108142982335430204e+01 1.233878346041810303e+01 1.337468640124275687e+01 1.383567938347425397e+01 1.411605150653621621e+01 1.476290520368743131e+01 1.611954017831199337e+01 1.720534322606935618e+01 1.773144856856901797e+01
3.769335230524259561e+00 4.126381188202058681e+00 4.330562314276543034e+00 4.567328301303504645e+00 5.902722353238202935e+00 6.561967410744584228e+00 7.671569781207035810e+00 7.921164362304780937e+00 8.980598782404404901e+00 9.398961128713390067e+00 9.660275245440141489e+00 9.805906262781865834e+00 1.011731308265082241e+01 1.016429428735533236e+01 1.080491034288514918e+01 1.105590102767068217e+01 1.233289410484576720e+01 1.343947517175978312e+01 1.391090471664875317e+01 1.413634429927356173e+01 1.461354373753450098e+01 1.620317017289253769e+01 1.715287448519135438e+01 1.777069421170857666e+01
