0.000000000000000000e+00
9.559088833297360588e-02
1.911817766659472118e-01
2.867726649989208454e-01
3.823635533318944235e-01
4.779544416648680016e-01
5.735453299978416908e-01
6.691362183308152689e-01
7.647271066637888470e-01
8.603179949967624252e-01
9.559088833297360033e-01
1.049569442678533360e+00
1.143230002027330494e+00
1.236890561376127851e+00
1.330551120724924985e+00
1.424211680073722341e+00
1.517872239422519698e+00
1.611532798771317054e+00
1.705193358120114189e+00
1.800784246453087878e+00
1.896375134786061345e+00
1.991966023119035034e+00
2.087556911452008723e+00
2.183147799784982190e+00
2.278738688117956102e+00
2.374329576450929569e+00
2.469920464783903036e+00
2.565511353116876503e+00
2.661102241449849970e+00
2.754762800798647326e+00
2.848423360147444683e+00
2.942083919496242039e+00
3.035744478845038952e+00
3.129405038193836308e+00
3.223065597542633665e+00
3.316726156891431021e+00
3.410386716240227933e+00
3.503107587704524128e+00
3.595828459168820768e+00
3.688549330633116963e+00
3.781270202097413602e+00
3.873991073561709797e+00
3.960891881137140302e+00
4.047792688712570808e+00
4.134693496288001313e+00
4.221594303863431819e+00
4.308495111438862324e+00
4.395395919014292829e+00
4.482296726589723335e+00
4.569197534165153840e+00
4.656098341740584345e+00
4.742999149316014851e+00
4.829899956891445356e+00
4.923560516240242713e+00
5.017221075589040069e+00
5.110881634937837426e+00
5.204542194286634782e+00
5.298202753635431250e+00
5.391863312984229495e+00
5.485523872333025963e+00
5.579184431681823320e+00
5.666085239257253825e+00
5.752986046832684330e+00
5.839886854408114836e+00
5.926787661983545341e+00
6.013688469558975846e+00
6.100589277134406352e+00
6.187490084709836857e+00
6.274390892285267363e+00
6.361291699860697868e+00
6.448192507436129262e+00
6.535093315011559767e+00
6.618347145543824084e+00
6.701600976076088401e+00
6.784854806608352717e+00
6.868108637140617034e+00
6.951362467672881351e+00
7.034616298205145668e+00
7.117870128737409985e+00
7.201123959269673414e+00
7.284377789801937730e+00
7.284377789801937730e+00
7.377098661266233925e+00
7.469819532730530121e+00
7.562540404194827204e+00
7.655261275659123399e+00
7.747982147123419594e+00
7.747982147123419594e+00
7.840703018587715789e+00
7.933423890052011984e+00
8.026144761516308179e+00
8.118865632980604374e+00
8.211586504444902346e+00
8.211586504444902346e+00
8.288853897331815546e+00
8.366121290218728745e+00
8.443388683105643722e+00
8.520656075992556922e+00
8.597923468879470121e+00
8.675190861766385098e+00
