0.000000000000000000e+00
4.135691450687378756e-02
8.271382901374757513e-02
1.240707435206213627e-01
1.654276580274951503e-01
2.067845725343689378e-01
2.418238114559463081e-01
2.768630503775236784e-01
3.119022892991010210e-01
3.469415282206783635e-01
3.819807671422557616e-01
4.170200060638331041e-01
4.520592449854105022e-01
4.870984839069878447e-01
5.221377228285651872e-01
5.571769617501425298e-01
5.922162006717199834e-01
6.272554395932972149e-01
6.622946785148746685e-01
6.973339174364520110e-01
7.323731563580293535e-01
7.674123952796068071e-01
8.024516342011840386e-01
8.374908731227614922e-01
8.725301120443387237e-01
8.725301120443387237e-01
9.068599113748337937e-01
9.411897107053288636e-01
9.755195100358239335e-01
1.009849309366319003e+00
1.044179108696814184e+00
1.078508908027309143e+00
1.112838707357804324e+00
1.147168506688299283e+00
1.181498306018794464e+00
1.215828105349289423e+00
1.250157904679784604e+00
1.284487704010279785e+00
1.318817503340774744e+00
1.353147302671269703e+00
1.387477102001764884e+00
1.421806901332260065e+00
1.456136700662755024e+00
1.490466499993249982e+00
1.524796299323745163e+00
1.559126601235030218e+00
1.593456903146315495e+00
1.627787205057600550e+00
1.662117506968885827e+00
1.696447808880170882e+00
1.730778110791455937e+00
1.765108412702741214e+00
1.799438714614026269e+00
1.833769016525311546e+00
1.868099318436596601e+00
1.902429620347881656e+00
1.936759922259166933e+00
1.971090224170451988e+00
2.005420526081737265e+00
2.039750827993022320e+00
2.074081129904307375e+00
2.108411431815592429e+00
2.142741733726877928e+00
2.177072035638162983e+00
2.177072035638162983e+00
2.210513286365454633e+00
2.243954537092745838e+00
2.277395787820037487e+00
2.310837038547328692e+00
2.344278289274620342e+00
2.377719540001911547e+00
2.411160790729203196e+00
2.444602041456494845e+00
2.478043292183786050e+00
2.511484542911077700e+00
2.544925793638368905e+00
2.578367044365660554e+00
2.611808295092951759e+00
2.645249545820243409e+00
2.678690796547535058e+00
2.712132047274826263e+00
2.745573298002117912e+00
2.779014548729409562e+00
2.812455799456700767e+00
2.845897050183991972e+00
2.879338300911283621e+00
2.914311992462725875e+00
2.949285684014168130e+00
2.984259375565609940e+00
3.019233067117052194e+00
3.054206758668494448e+00
3.089180450219936702e+00
3.089180450219936702e+00
3.121512337252421609e+00
3.153844224284906961e+00
3.186176111317391868e+00
3.218507998349877219e+00
3.250839885382362127e+00
3.283171772414847478e+00
3.315503659447332385e+00
