2.058027329572873487e+00 2.460568209152285135e+00 2.581289847088587663e+00 3.059235208612658408e+00 3.684602724923268458e+00 4.229479085934632288e+00 4.359583241848618229e+00 5.073760428696536984e+00 5.285729429410020330e+00 5.523596422677989892e+00 5.880024165021572102e+00 5.954146800919231985e+00 6.345293902924798779e+00 6.443716368420646212e+00 7.601954464166067460e+00 7.720821789502323895e+00 8.329924172471443455e+00 8.864202843715681013e+00 8.866708807524545932e+00 1.028602623355954293e+01 1.087204180894080352e+01 1.137306284145994262e+01 1.159007542287409365e+01 1.257260549914654568e+01 1.317617639686952380e+01 1.319764599402753724e+01 1.418019186245976293e+01 1.429804964261082212e+01 1.570609177272172374e+01 1.829647947506081351e+01 1.881284299985021491e+01 1.921815956840229589e+01 2.112899217578994637e+01 2.267964710447190058e+01 2.426241953039995636e+01 2.538809781079963201e+01
2.046256774261771660e+00 2.449010752955143921e+00 2.555641171125271338e+00 3.075853564450151900e+00 3.671110909390305821e+00 4.223406353960376336e+00 4.378165371194072009e+00 5.054738668964045445e+00 5.267729765382551221e+00 5.524101113666905150e+00 5.867161418696175801e+00 5.967745837949854248e+00 6.320639843178863515e+00 6.449388382700585787e+00 7.511968915993247897e+00 7.803685617135236008e+00 8.332809668652080504e+00 8.827516651231391620e+00 8.890003765466818919e+00 1.028725631592651979e+01 1.087583671233551641e+01 1.138252049601448412e+01 1.156950919769916730e+01 1.257649114401600343e+01 1.318033123394463324e+01 1.320144285624195568e+01 1.418320693097866503e+01 1.431509939964125522e+01 1.571804283253120182e+01 1.825521501485397025e+01 1.883730621805918659e+01 1.921651736181318171e+01 2.113098882846093574e+01 2.266410654009866121e+01 2.424768313782859508e+01 2.532945986297401220e+01
2.008038208508387878e+00 2.407256018207796888e+00 2.499234807509893574e+00 3.113756741452382570e+00 3.635291423866889193e+00 4.202889383980731530e+00 4.428686602441195497e+00 4.998102963807036225e+00 5.221172659892777901e+00 5.516708129051656861e+00 5.848921928443788332e+00 5.988687038229184800e+00 6.258104897548965262e+00 6.459685017165798904e+00 7.383728248547828166e+00 7.900938673998049389e+00 8.346628828904881559e+00 8.786649611116606806e+00 8.894645633667616735e+00 1.029180724372017153e+01 1.088476874515633774e+01 1.140837921624536122e+01 1.151572307376355120e+01 1.257679673700670619e+01 1.318091647234678376e+01 1.323641705381835010e+01 1.418488587345014018e+01 1.437018218740155184e+01 1.575192844384709900e+01 1.814894472086172073e+01 1.889358115482657396e+01 1.921151458712437687e+01 2.113558193481831893e+01 2.261441733524721442e+01 2.420403845845286384e+01 2.516011051459995684e+01
1.937174779019722237e+00 2.316261110764526343e+00 2.454410655121213480e+00 3.151899940982474391e+00 3.585153469943825666e+00 4.169301903929380160e+00 4.489814038267041063e+00 4.911647259814351685e+00 5.156612981748684987e+00 5.484465643224556430e+00 5.844195072276886727e+00 5.999255567889549390e+00 6.170899261126159274e+00 6.474055792582701585e+00 7.259585789417392299e+00 7.948856107093629220e+00 8.378998805116726345e+00 8.757440995671945672e+00 8.877345738627060001e+00 1.030148173236824327e+01 1.089325557585000048e+01 1.141167630393685428e+01 1.147912962870107556e+01 1.255387515356179229e+01 1.318557032072949653e+01 1.331832210409918638e+01 1.417480792809020329e+01 1.446419402578350955e+01 1.580223667143458144e+01 1.800404213761381911e+01 1.895668528180891244e+01 1.920291371459150298e+01 2.113845769474050584e+01 2.252049130904123686e+01 2.413252184694988500e+01 2.490164467171376828e+01
1.830512317844069425e+00 2.184287003445506858e+00 2.427428557203612502e+00 3.173344656204024616e+00 3.524766854412316075e+00 4.127752926160048297e+00 4.515507104700398955e+00 4.827908338683974954e+00 5.077200669408569844e+00 5.417629910370759028e+00 5.851389928782742444e+00 5.993929221976554977e+00 6.075980736822568673e+00 6.497489383776039240e+00 7.146617220550024463e+00 7.936441561612419093e+00 8.414090976822039991e+00 8.739831204749931359e+00 8.857085035365562575e+00 1.031716138274217442e+01 1.089621050098932109e+01 1.133582854060993661e+01 1.152703265026248403e+01 1.250466224962026729e+01 1.320679056537266938e+01 1.344621954391416274e+01 1.414872180138938162e+01 1.458803547891023555e+01 1.586092064346760466e+01 1.783832802342707069e+01 1.901162451171648371e+01 1.919019745439568325e+01 2.113175249006353695e+01 2.236358165417046706e+01 2.403229125699876434e+01 2.459614592658495269e+01
1.691738551469109009e+00 2.024653135087840727e+00 2.408725392786239539e+00 3.164180554263199774e+00 3.454772244770126566e+00 4.081046488502362735e+00 4.444342872966450031e+00 4.785432954138176598e+00 4.991934274921787207e+00 5.320721609377904393e+00 5.827816272663696395e+00 5.957076202040619606e+00 6.041888567521962905e+00 6.530133655663551195e+00 7.050714273848949887e+00 7.881667533740555953e+00 8.425490313921191188e+00 8.673069496085924257e+00 8.898386855577323118e+00 1.033734308711957972e+01 1.089144131343978827e+01 1.125741925601457183e+01 1.159132082018352250e+01 1.244456003590044268e+01 1.324813774782556663e+01 1.360981669546568007e+01 1.410514510512557429e+01 1.472817984494974120e+01 1.591848575111940001e+01 1.766694795255628492e+01 1.904797496498395404e+01 1.917208789775561328e+01 2.110156775782526495e+01 2.212066980246272152e+01 2.389785297186703517e+01 2.430901395004683962e+01
1.528537828385787778e+00 1.842316649115605109e+00 2.392548954584314380e+00 3.107558158513050728e+00 3.379571649321216231e+00 4.026362670107471509e+00 4.302213206045808036e+00 4.699671766021737085e+00 4.935700608510657617e+00 5.217881860834286734e+00 5.725827423468076383e+00 5.933493525464196949e+00 6.085510622188503582e+00 6.565898234704274472e+00 6.979648730687849856e+00 7.805517420042439092e+00 8.412489075782803027e+00 8.550007124697923899e+00 8.985515539563250442e+00 1.035884726136459122e+01 1.087994078887561678e+01 1.119672485413453167e+01 1.165864377895128534e+01 1.239191160601808051e+01 1.330715200386681474e+01 1.379548258154104623e+01 1.404314717442118976e+01 1.486969175615039163e+01 1.596459961352309165e+01 1.750819605056603478e+01 1.905189097713552826e+01 1.914677168932212226e+01 2.101854638914115014e+01 2.179449953843170817e+01 2.373412079858745116e+01 2.409769080115243511e+01
1.348462658810183790e+00 1.641661800393005244e+00 2.375349125361234659e+00 2.981389699029571627e+00 3.311226533033375663e+00 3.956969508788179990e+00 4.141793112593521897e+00 4.523296050992004602e+00 4.859941146978018267e+00 5.159732928465293966e+00 5.604959938300865474e+00 5.923359903266180559e+00 6.164081008085580571e+00 6.595008005862368350e+00 6.943304167554494200e+00 7.721956945918109660e+00 8.347714307458520722e+00 8.429128283864688598e+00 9.074167895799400085e+00 1.037947278371932924e+01 1.086522907919337122e+01 1.116162435878034387e+01 1.172469527087204533e+01 1.235823358644097958e+01 1.337653210567114215e+01 1.395567657078199630e+01 1.399699655037683321e+01 1.499624678175199577e+01 1.598895685198791661e+01 1.738453755262157685e+01 1.898941869668441385e+01 1.911987205393493738e+01 2.081956212119181515e+01 2.147211034904759686e+01 2.358156278194747912e+01 2.395545855754817666e+01
1.157592433688781064e+00 1.428814289016187455e+00 2.356280760098881988e+00 2.775534309101608255e+00 3.254303265515243293e+00 3.869298271913462539e+00 3.974917451564945914e+00 4.304504626163399905e+00 4.721178880475891404e+00 5.139664261329606632e+00 5.513379799846351403e+00 5.915913135214462493e+00 6.257837045089105210e+00 6.609296882668396655e+00 6.948711270676787066e+00 7.638285337809615605e+00 8.174995477135226452e+00 8.385720340123869576e+00 9.144782908869560245e+00 1.039907229031045865e+01 1.085170164702677020e+01 1.115317787826182716e+01 1.178548427881601945e+01 1.234733263827846272e+01 1.344126181102564921e+01 1.386615497235386307e+01 1.418416490616726833e+01 1.508922091577111502e+01 1.598569048277429339e+01 1.731381131723829014e+01 1.880862399753887715e+01 1.909731019900667448e+01 2.049532721124745294e+01 2.125446161171282000e+01 2.347019483518232263e+01 2.385047882678428977e+01
9.616524484734713107e-01 1.211569505144532544e+00 2.337291949788776968e+00 2.497643444352298570e+00 3.202331406478854170e+00 3.755709927655205949e+00 3.790129661069933764e+00 4.103102240297197056e+00 4.560475477573714187e+00 5.102127605949839051e+00 5.474895098511478153e+00 5.906370011628533589e+00 6.351982790365702236e+00 6.611450394221817461e+00 6.990402424531544590e+00 7.555714556542318938e+00 7.987343219126878502e+00 8.346754911290668488e+00 9.191711486614812188e+00 1.041702621436514065e+01 1.084157993672532605e+01 1.116921057941170403e+01 1.183292845511011748e+01 1.235924386712150280e+01 1.346412549958417060e+01 1.379047025853963326e+01 1.435953171409300744e+01 1.512643018695575492e+01 1.596208236373360378e+01 1.728138898184438332e+01 1.849767362960275108e+01 1.907479223653161426e+01 2.020066293811287750e+01 2.109485754696077464e+01 2.339991167796047833e+01 2.376702738480890886e+01
7.686615776645892018e-01 9.977346003997051849e-01 2.159642342764827028e+00 2.323547912121525894e+00 3.146761494079179045e+00 3.549295465735867072e+00 3.653923531412170078e+00 3.969467386963725808e+00 4.402725636786453123e+00 5.044861904438076472e+00 5.478781146413250092e+00 5.889292887665823706e+00 6.428331406410657145e+00 6.615293885716170053e+00 7.052109049129340335e+00 7.470052986103355330e+00 7.827769578504701897e+00 8.295205337355366026e+00 9.217531540258237399e+00 1.043069584188855536e+01 1.083238499780908271e+01 1.120680306470819687e+01 1.185267209384558029e+01 1.239441610795750393e+01 1.339466361723003907e+01 1.378700294353410705e+01 1.450700190489425445e+01 1.508144790798982626e+01 1.593909501921195471e+01 1.718754198313152060e+01 1.820657101658392207e+01 1.905181523497996210e+01 2.001186605658262607e+01 2.093860986488353149e+01 2.336209376533625814e+01 2.369874272961547135e+01
5.896445487166750432e-01 7.921122012525295686e-01 1.776335575274785805e+00 2.316709721236513975e+00 3.073579763484019178e+00 3.365194559060709967e+00 3.525778743941265780e+00 3.898672873286441742e+00 4.258868343331355888e+00 4.988158664470027759e+00 5.502265093299972598e+00 5.859998838974275870e+00 6.467439795247743817e+00 6.635014798143068937e+00 7.114490145451075165e+00 7.382589613662866590e+00 7.725706438593939573e+00 8.224938996873955688e+00 9.228557456839197926e+00 1.043802621697678568e+01 1.081714987819964691e+01 1.126000119422041479e+01 1.182776212604436417e+01 1.245438247241294150e+01 1.327516163122298920e+01 1.383290832850410368e+01 1.461557148259934458e+01 1.493048402225223903e+01 1.593563945500262058e+01 1.691975960448932170e+01 1.816587586371841923e+01 1.902982564522815423e+01 1.988855933466175330e+01 2.077359877229051577e+01 2.334867141464376061e+01 2.364193037053222213e+01
4.310213763785253338e-01 5.943457094882474978e-01 1.358491395243550892e+00 2.317373824352233047e+00 2.975668688494498060e+00 3.276317072529936869e+00 3.417435984504401780e+00 3.867332601320518037e+00 4.134980962928094250e+00 4.942463640404385572e+00 5.534113935041650834e+00 5.817013556195177237e+00 6.477116091547739707e+00 6.657464145589297111e+00 7.153386982329991817e+00 7.323611480968769349e+00 7.683766251563137750e+00 8.132985969441559604e+00 9.231232365896481440e+00 1.043977230306408543e+01 1.078787273140910408e+01 1.131815265201714027e+01 1.175109077705948657e+01 1.253828351202674263e+01 1.318370608818388590e+01 1.388193719316690711e+01 1.460085802847876835e+01 1.475108638963375363e+01 1.595629394165558423e+01 1.661369969672215774e+01 1.832740529559674769e+01 1.901068833845349104e+01 1.977854780621870034e+01 2.060983888991307822e+01 2.335281934890786104e+01 2.359390267574284650e+01
2.860652302760923749e-01 3.994780490963392716e-01 9.171937373015408568e-01 2.319989523546295729e+00 2.885121200271486774e+00 3.249306844656188353e+00 3.368305170309750629e+00 3.860333740091865362e+00 4.034521553818732009e+00 4.910435590014187390e+00 5.570782619240065792e+00 5.764744568888461984e+00 6.486176967242006874e+00 6.653505208619044708e+00 7.155161165644510213e+00 7.323552132156128103e+00 7.684115252959756504e+00 8.023417045008212511e+00 9.230353619613460125e+00 1.043848908139180587e+01 1.074209988949542982e+01 1.137109658087344144e+01 1.164267440709577350e+01 1.263259153304962545e+01 1.317398318399739310e+01 1.390299287001316664e+01 1.429466649263074629e+01 1.477115857202661431e+01 1.599549874945501671e+01 1.639249290432776363e+01 1.856828865554399854e+01 1.899679210104934768e+01 1.964489147437381433e+01 2.047085099680840869e+01 2.336806416254810870e+01 2.355334770945409062e+01
1.436818064690081054e-01 2.017528663513716569e-01 4.618322293527636346e-01 2.320366648237606189e+00 2.826334629224579675e+00 3.224479295891284014e+00 3.392002392047588799e+00 3.869776351427135275e+00 3.959945949072265048e+00 4.891911278749539349e+00 5.610087718414066948e+00 5.712693485231465473e+00 6.513058894471747351e+00 6.616264478841468843e+00 7.149860062733949029e+00 7.349326917422003724e+00 7.708665505495673642e+00 7.915193704226420657e+00 9.228845209225935875e+00 1.043669442300457817e+01 1.069351441859083174e+01 1.141723176981037113e+01 1.154210420647624780e+01 1.270281527170606140e+01 1.328079775079355684e+01 1.378845122590123395e+01 1.407440962379589777e+01 1.479464862940901781e+01 1.604422757375158781e+01 1.625657518791313194e+01 1.881444823259973731e+01 1.899486311514773007e+01 1.947606351812160597e+01 2.038108671558715912e+01 2.338658045248643091e+01 2.352215269767186001e+01
-4.645054639519151742e-04 -3.305275863236034942e-04 1.851892416311112049e-07 2.319843008166704745e+00 2.806168975740930716e+00 3.213191759719073115e+00 3.413760752687094335e+00 3.884058751092336337e+00 3.923212629428779685e+00 4.885918036667113995e+00 5.638685506868404751e+00 5.679493986012624340e+00 6.553821884370877093e+00 6.568917591729643846e+00 7.149063722928949538e+00 7.363000508584641501e+00 7.731207731316167120e+00 7.858567898616472647e+00 9.228192110426553185e+00 1.043593968003112948e+01 1.067168406496181454e+01 1.145798840554959774e+01 1.147999696283661386e+01 1.272608493896140303e+01 1.345990188141337462e+01 1.356000815857676756e+01 1.404455774581558636e+01 1.480241590878338442e+01 1.607648405194415275e+01 1.619952331152701674e+01 1.892724214880184874e+01 1.902799087475501949e+01 1.935724621881140450e+01 2.035094769952273097e+01 2.339596705809114852e+01 2.350896797300830698e+01
1.370355677479920264e-01 2.501171018001638879e-01 4.417261689605622710e-01 2.333669952015321680e+00 2.806238397876744894e+00 3.216369528163129488e+00 3.409932940214141173e+00 3.870240013927181977e+00 3.926292489587702939e+00 4.886858825362097924e+00 5.641305701929328009e+00 5.666399792210690123e+00 6.489187460530242646e+00 6.637753477514488409e+00 7.126238942595741754e+00 7.327844877982531813e+00 7.765128820066522941e+00 7.880972984668736636e+00 9.287571930912939422e+00 1.043459265561469174e+01 1.066508384195904746e+01 1.145458668096740951e+01 1.160429364667085395e+01 1.277671588807123548e+01 1.348997776921765812e+01 1.356450108729845283e+01 1.405806651096725268e+01 1.482348990837038905e+01 1.607372121159075462e+01 1.622768051893420349e+01 1.889240227960819851e+01 1.905707380548551910e+01 1.936575325248049850e+01 2.038441530744473695e+01 2.336943556382407294e+01 2.353611857961464082e+01
2.828747884166775139e-01 4.971497176816808139e-01 8.806869685435948503e-01 2.375917779447457079e+00 2.801177945040830508e+00 3.236580423347291458e+00 3.402174461298581143e+00 3.835187139835650516e+00 3.928467532229832582e+00 4.882132491570751576e+00 5.609219504085393382e+00 5.667149971097574124e+00 6.420780673090983548e+00 6.707939133113967500e+00 7.061988393997605584e+00 7.266003417888447835e+00 7.788131759339359306e+00 7.988725990970785951e+00 9.396091136349456363e+00 1.043365620577340991e+01 1.064010116325331623e+01 1.146440812676742738e+01 1.185058527433618636e+01 1.294367951723466703e+01 1.357685495302207812e+01 1.363729771297919058e+01 1.409280038242126132e+01 1.489915150684923795e+01 1.606747112943774525e+01 1.632471487242920105e+01 1.883749920101223907e+01 1.909586073051473676e+01 1.939110743917321145e+01 2.047931116018468600e+01 2.332273243702583798e+01 2.358613034220438109e+01
4.425622712550401072e-01 7.380396906583928107e-01 1.312927432229096913e+00 2.437431354694227892e+00 2.775218736011114018e+00 3.289277421558913783e+00 3.407780836236666389e+00 3.785844396739370232e+00 3.924452930194102684e+00 4.860803965157296957e+00 5.533274426499310117e+00 5.693499294084358731e+00 6.349384075223364121e+00 6.761851428844376066e+00 6.974217548544128675e+00 7.204742132252280662e+00 7.807317429022472943e+00 8.137445853029481313e+00 9.468144182613533744e+00 1.043464203852854411e+01 1.059764483741311913e+01 1.146755934033229707e+01 1.202299142866688797e+01 1.311493756426758317e+01 1.361781924796940224e+01 1.399697654175998451e+01 1.414133506032791487e+01 1.507134754690931544e+01 1.605988567364067165e+01 1.654776392040333377e+01 1.879421587749934375e+01 1.911967141278254800e+01 1.943086341675118689e+01 2.061934383990231012e+01 2.327886868687438238e+01 2.364143165285621961e+01
6.143405546325896305e-01 9.693347418422498807e-01 1.731499283707019554e+00 2.493279020014827374e+00 2.721002995619360654e+00 3.327115467393446213e+00 3.493310971945048138e+00 3.728712704845648318e+00 3.914890517363572187e+00 4.818016435109225171e+00 5.436334053898981722e+00 5.729110208300299156e+00 6.273082896650548079e+00 6.791030766160911725e+00 6.885743829919916514e+00 7.142180406604453857e+00 7.840531869727331404e+00 8.286369586323454328e+00 9.495091569246485008e+00 1.043442380965675653e+01 1.054751820687824981e+01 1.144878501849573205e+01 1.210499632010260918e+01 1.318717675948714785e+01 1.368230306155392029e+01 1.417592849192746662e+01 1.438295933417393968e+01 1.535274388594729089e+01 1.605200694020803454e+01 1.701086918046360097e+01 1.877674995844865791e+01 1.912982918445946368e+01 1.948098709498982473e+01 2.077898969363078052e+01 2.324355865350588246e+01 2.370812546343521987e+01
7.912816820489088077e-01 1.187005675198727017e+00 2.119265034710564599e+00 2.505967812172858356e+00 2.672100788535998195e+00 3.329512223318220610e+00 3.642041153012370636e+00 3.691126347502605931e+00 3.905192523765212531e+00 4.752714683461102041e+00 5.330164181030336401e+00 5.768328622435968001e+00 6.198191344801593949e+00 6.748673888176328184e+00 6.851415905395552564e+00 7.079336035944498562e+00 7.881031544549945700e+00 8.421131920716451447e+00 9.499157372779171382e+00 1.042995205402620051e+01 1.049931707662608638e+01 1.140410067283822038e+01 1.215619170081044764e+01 1.321423905114112785e+01 1.376523116926099632e+01 1.423126781058876489e+01 1.458014964593110641e+01 1.559459270831832001e+01 1.604517845754127947e+01 1.769456482560893917e+01 1.880630130208761130e+01 1.913206532485816069e+01 1.954143349887884185e+01 2.092659074660680929e+01 2.321768785006711155e+01 2.380342263283147375e+01
9.632778879442730480e-01 1.387164029647828922e+00 2.326567408061253062e+00 2.572016931302957943e+00 2.673270276123531630e+00 3.331228169090152846e+00 3.604559199317516782e+00 3.831912259305086721e+00 3.924770732730746836e+00 4.673139777489327074e+00 5.222766780384045404e+00 5.797663277436092777e+00 6.144869683106771951e+00 6.648756781529826299e+00 6.859865925421976485e+00 7.021928188019322725e+00 7.919794797762870431e+00 8.532755457568773849e+00 9.499183735695861941e+00 1.042003048354873940e+01 1.045989834515134298e+01 1.134357587525511235e+01 1.219790156429612260e+01 1.322564028500899269e+01 1.384897746539557950e+01 1.430205726500421193e+01 1.467376266932105722e+01 1.573650399969117863e+01 1.604121067373230858e+01 1.829001516238937697e+01 1.894325720357555198e+01 1.913460949827538116e+01 1.962220304204078403e+01 2.103033076924505806e+01 2.320019041841180041e+01 2.394196229417197230e+01
1.115564844189310012e+00 1.568192337815054849e+00 2.218474694287445814e+00 2.690717316595339526e+00 2.844620925244039977e+00 3.350335854208050801e+00 3.556371461741208329e+00 3.863273878574350562e+00 4.022511386995446969e+00 4.622136696457589622e+00 5.113442381953680282e+00 5.795876105372862241e+00 6.145889502813002281e+00 6.536200018305260429e+00 6.868310271690277524e+00 6.976361609155810051e+00 7.950596546269424358e+00 8.614588169183479138e+00 9.503836366533137792e+00 1.040351946111012360e+01 1.043536798004504185e+01 1.128398671137308007e+01 1.223068103932004114e+01 1.323071801749044951e+01 1.391344103523680253e+01 1.439576323526747537e+01 1.470298656913626445e+01 1.581571034932634845e+01 1.604123515152537749e+01 1.855003220675466125e+01 1.909994599451509600e+01 1.924941479208479933e+01 1.975204313200023520e+01 2.107232150813379690e+01 2.318943782144376087e+01 2.411024831964491710e+01
1.225590306326823420e+00 1.733771351672936278e+00 2.063943689503235479e+00 2.703023872869701805e+00 3.035886538226097109e+00 3.411707021078359769e+00 3.520816281974301187e+00 3.876967976806923843e+00 4.017497373702432206e+00 4.670472981844447702e+00 4.997079267653176338e+00 5.770901286769443139e+00 6.207637910405737536e+00 6.419021868562351685e+00 6.873764283207739467e+00 6.947028039532783694e+00 7.970070166457082550e+00 8.663457499745403467e+00 9.511666517449770097e+00 1.038585042327742869e+01 1.042521829099074537e+01 1.124104747801926329e+01 1.225154232488397632e+01 1.323285940747308587e+01 1.395024327266722963e+01 1.450114261949993555e+01 1.468048534927657833e+01 1.585624053338914408e+01 1.604386968825339110e+01 1.863448703948322560e+01 1.910416910111130662e+01 1.941442894276800146e+01 1.992221845238866607e+01 2.106619722223656765e+01 2.318383601442355868e+01 2.425472309743937416e+01
1.266641676191347932e+00 1.868861360868038668e+00 1.928292437518437596e+00 2.707098129209822179e+00 3.091952366403410757e+00 3.477812857477102781e+00 3.493788984353059845e+00 3.910965041850757995e+00 3.951027781651630821e+00 4.746042169048896753e+00 4.914711222733603613e+00 5.757472813797178013e+00 6.303952096278939266e+00 6.306851580816597469e+00 6.875831309710695116e+00 6.936747230803031350e+00 7.976702114632943541e+00 8.679525081955800303e+00 9.515607588659122484e+00 1.037852145279065041e+01 1.042257872741897984e+01 1.122546902331454355e+01 1.225866737297186226e+01 1.323344217258135380e+01 1.396177204346300194e+01 1.457468489145673196e+01 1.463672314318857381e+01 1.586864301841866620e+01 1.604544440461107868e+01 1.865767185762286928e+01 1.910284608421046215e+01 1.945955041706163513e+01 2.000259574124277506e+01 2.105491022181159977e+01 2.318213208673788017e+01 2.431204694467554006e+01
1.755939183284363825e+00 2.494778374460225656e+00 2.937909093027486040e+00 3.189527836434552732e+00 3.568843039747653378e+00 3.778279947692883223e+00 3.897984571721472502e+00 4.435362860294708831e+00 4.949467399571388704e+00 5.111780335380735174e+00 6.026762298304112697e+00 6.194868416075431483e+00 6.748067208432495967e+00 6.864228766771990564e+00 7.386138354734716138e+00 7.517849069502740456e+00 7.975918515743037673e+00 8.751299102766836313e+00 9.073483684110508207e+00 9.195040054072110891e+00 1.086906738457924071e+01 1.118327362478959053e+01 1.155270236025927488e+01 1.258688293092518506e+01 1.288040674370895822e+01 1.308387968789710776e+01 1.407832532977626983e+01 1.438873326942774256e+01 1.557186569967301715e+01 1.850478519446312120e+01 1.870543278948989396e+01 1.901780067716349620e+01 2.157538248775012946e+01 2.204040151835357619e+01 2.372697142870336862e+01 2.453442873246206446e+01
1.745216205125317943e+00 2.492198524134699777e+00 2.932283407484504778e+00 3.179207593834731505e+00 3.580747027579795017e+00 3.745059056558281085e+00 3.911394349037604190e+00 4.439919619716515164e+00 4.956565850115985050e+00 5.123369259449158442e+00 6.052501676347113779e+00 6.195154562656762565e+00 6.749577561878082221e+00 6.853287165965975980e+00 7.372251119590853108e+00 7.503570021614808461e+00 7.984836986834693562e+00 8.754521399016081062e+00 9.050014383425160958e+00 9.239838858830584201e+00 1.087137131233123100e+01 1.118101944854008067e+01 1.155587114343482646e+01 1.259061068759458557e+01 1.283735305208039890e+01 1.313888495603098150e+01 1.407918101777451270e+01 1.441104468995147059e+01 1.560765979449965535e+01 1.844389515067560126e+01 1.875026393201435582e+01 1.902913499181485335e+01 2.156049583118165813e+01 2.203244291496102747e+01 2.372273076183835627e+01 2.452017161050978089e+01
1.712934840281294280e+00 2.482458519653503615e+00 2.913303794921640488e+00 3.149108307978909504e+00 3.600217483962092846e+00 3.672295224729702046e+00 3.939068319776039218e+00 4.449908468044959875e+00 4.971845579101898949e+00 5.150637228722209748e+00 6.129325669072680505e+00 6.195366099570423835e+00 6.750473140295691898e+00 6.821766759751743514e+00 7.334912302758564095e+00 7.466156357801079224e+00 8.004610379134584619e+00 8.770402726266704363e+00 9.014486175416399405e+00 9.334724154609297386e+00 1.087982762299785300e+01 1.117458983188647892e+01 1.156659616693299775e+01 1.260414943585667302e+01 1.276343766062742802e+01 1.324758550785301559e+01 1.408534408395892612e+01 1.447587864840759764e+01 1.570956984036526372e+01 1.831795117470881351e+01 1.882738659439223028e+01 1.905932965361727227e+01 2.151561246465682586e+01 2.200842227682955610e+01 2.371010963165994312e+01 2.447705610495276574e+01
1.658867615735033274e+00 2.459565677818407625e+00 2.875957934571173880e+00 3.101176790965681995e+00 3.524267023795252030e+00 3.671939441485100541e+00 3.964703865714090281e+00 4.463390633924142925e+00 4.988571606413422899e+00 5.171231270888627662e+00 6.181953539838779932e+00 6.251379176880200284e+00 6.740564793913330632e+00 6.780232748257586373e+00 7.279331633435769611e+00 7.424312426622224237e+00 8.021520341988452429e+00 8.802938391877152213e+00 8.988413379074614795e+00 9.454101267145581744e+00 1.089886607795619256e+01 1.116519445056843374e+01 1.158826050743691205e+01 1.263280464145898385e+01 1.269406553213551803e+01 1.337156466615392247e+01 1.410332637505036146e+01 1.457741457237979432e+01 1.586530881875313348e+01 1.816015755497083717e+01 1.890200770492940663e+01 1.909837956431349326e+01 2.144073169776903143e+01 2.196681256273760141e+01 2.368941744058074761e+01 2.440466895730201813e+01
1.582946545928763271e+00 2.414807324484867568e+00 2.814156597803255000e+00 3.034338677006775065e+00 3.403799444659426854e+00 3.702525982746640576e+00 3.973364369529706508e+00 4.486109120635790148e+00 5.006023886521591137e+00 5.164612635600097867e+00 6.156145941786165032e+00 6.348453068797754284e+00 6.707255898850078779e+00 6.767369154138108023e+00 7.204740619086837938e+00 7.404852885543765417e+00 8.028653864386550154e+00 8.814663539534754122e+00 9.005272725664848821e+00 9.589689085556937442e+00 1.093376370164856759e+01 1.115561476263664531e+01 1.162558608898629053e+01 1.263214563671126989e+01 1.268500708551661127e+01 1.349991984980066029e+01 1.413642963518314311e+01 1.470577795965403212e+01 1.606277505560384355e+01 1.797590657252455415e+01 1.896638295832094556e+01 1.913455649381119628e+01 2.133636417623756998e+01 2.190331682136919156e+01 2.366125777598095326e+01 2.430415686752813542e+01
1.485603627612690714e+00 2.339545631274713156e+00 2.722581210268323559e+00 2.941288827511864934e+00 3.301482458192609215e+00 3.719800481201839926e+00 3.954587090308148145e+00 4.524510227090695835e+00 5.023308355359389132e+00 5.123704942694890185e+00 6.085997302120601304e+00 6.374776053001206755e+00 6.636145827356187077e+00 6.828457093941660894e+00 7.120108782273907089e+00 7.416017721992921530e+00 8.029505256327666984e+00 8.763242624904512112e+00 9.088189382524483051e+00 9.733236712910931843e+00 1.098364532687947204e+01 1.115213234785298368e+01 1.168359849759284508e+01 1.258525214099085332e+01 1.275707528511602895e+01 1.362601564385912489e+01 1.418310261303891373e+01 1.484626358122909728e+01 1.629216513911488917e+01 1.776859989883713808e+01 1.901219372810123431e+01 1.916238733124551530e+01 2.120092754774591270e+01 2.181238044812485555e+01 2.362682747579830078e+01 2.418013257333734956e+01
1.368166465992032954e+00 2.228001222376453150e+00 2.598134371157955425e+00 2.823322210977631475e+00 3.235825562979019132e+00 3.716022489176806776e+00 3.908208761821954980e+00 4.579033685255483377e+00 5.031507698218366187e+00 5.051087907593570847e+00 5.961688861190546085e+00 6.363299658995254404e+00 6.535086574275764448e+00 6.900057080203003679e+00 7.056744857715530728e+00 7.443707280279794780e+00 8.030052078697625717e+00 8.668859938178110625e+00 9.196122750340801844e+00 9.873110157835581546e+00 1.102898157640971988e+01 1.116972910788544304e+01 1.176517742465372329e+01 1.255499000538250698e+01 1.284895416704756066e+01 1.374346156298977029e+01 1.423815853928966568e+01 1.498091483540978963e+01 1.654009707066332169e+01 1.754737039434981583e+01 1.902341552651094148e+01 1.918950331233658346e+01 2.102579261461258753e+01 2.169261932111863800e+01 2.358842478376139340e+01 2.404160788842239072e+01
1.233220117265084959e+00 2.079225976974113266e+00 2.442807251075604480e+00 2.699027744962834596e+00 3.198491694820053688e+00 3.686434491170441419e+00 3.845480376040794734e+00 4.643771771297817708e+00 4.928533732265035106e+00 5.036043458830460118e+00 5.809457401030694079e+00 6.315768168458959941e+00 6.442893461602778871e+00 6.890361180746859660e+00 7.071407408499566394e+00 7.471406221827136207e+00 8.032339696263857576e+00 8.544286443250065588e+00 9.303050229071283539e+00 9.998263169308744480e+00 1.104394319964206694e+01 1.121906577170440222e+01 1.186352213353591800e+01 1.255168752936418386e+01 1.295199913650813528e+01 1.384610686039776972e+01 1.429418624759560963e+01 1.509289977205084021e+01 1.676722134705754286e+01 1.734489932860291361e+01 1.899298583211488278e+01 1.922037135262136331e+01 2.079368966070019198e+01 2.155296093045094352e+01 2.354975588301747891e+01 2.390071790299869292e+01
1.084599132174566494e+00 1.896938004529809207e+00 2.267040320085734972e+00 2.582205477773082514e+00 3.173414597730977338e+00 3.626868546816186090e+00 3.784293867430107650e+00 4.705468320795660020e+00 4.772671076970972592e+00 5.004833490223357551e+00 5.670052690726253175e+00 6.193517217710694744e+00 6.411799235989079193e+00 6.843339410624692754e+00 7.116887622107379130e+00 7.491688155146436934e+00 8.034425032069623995e+00 8.395239573194324123e+00 9.398526675757798543e+00 1.010331260785347496e+01 1.103633914966713725e+01 1.127721101960416483e+01 1.195618864108608292e+01 1.258581308908705765e+01 1.305512700290661066e+01 1.392882929417121218e+01 1.434301599987580822e+01 1.517081591767072979e+01 1.682331607389016170e+01 1.729934661811505237e+01 1.893622013641995494e+01 1.923729737439758125e+01 2.049365604167384447e+01 2.140972605044767718e+01 2.351535769002868648e+01 2.376946189104674190e+01
9.267096337032730835e-01 1.687233805653685526e+00 2.082553128072207826e+00 2.478977002385104544e+00 3.148194260389421739e+00 3.543289004861570390e+00 3.733735235748425918e+00 4.569437252818121742e+00 4.743088790040024705e+00 4.952068982048504431e+00 5.572956808794557126e+00 6.049144338109767816e+00 6.404506700891838378e+00 6.804920003740089207e+00 7.150661408174220135e+00 7.505977566660216205e+00 8.032342922922493855e+00 8.229413999761050036e+00 9.477016115220502357e+00 1.018803942329958190e+01 1.101764593570764994e+01 1.132568837230855330e+01 1.202111523417004868e+01 1.265124561098729394e+01 1.314684236709109477e+01 1.398704252347643262e+01 1.437956701561144612e+01 1.520959381018912815e+01 1.665406563645155202e+01 1.745189805617797418e+01 1.886665960992438329e+01 1.920056978680442228e+01 2.016171813318168304e+01 2.127271382293151092e+01 2.348903074567634874e+01 2.365677399917376889e+01
7.635978307186653824e-01 1.457649007742192859e+00 1.893866177251109173e+00 2.396063536555281814e+00 3.115203417848583456e+00 3.451460096388286214e+00 3.688109179638472401e+00 4.344938605707018731e+00 4.678967917637185003e+00 4.945165033824679313e+00 5.514809445907865815e+00 5.921925604356453654e+00 6.401440615327823380e+00 6.779999222504068612e+00 7.170407874714113561e+00 7.518995117194132938e+00 8.005900740565795815e+00 8.074247919954386177e+00 9.533746227964417841e+00 1.025447256717061428e+01 1.099089676241225355e+01 1.136030415849608310e+01 1.205620726939462628e+01 1.271399262802655095e+01 1.321797096566666241e+01 1.401448918958160839e+01 1.440935435886534677e+01 1.520699439910871931e+01 1.644509885463029164e+01 1.761288438862143124e+01 1.873559332481766049e+01 1.907682197609662467e+01 1.991397371043284892e+01 2.113983177260424284e+01 2.347211149538246389e+01 2.356793070695674430e+01
5.993398670996307187e-01 1.218272004821860932e+00 1.697449955378252939e+00 2.339872418052641567e+00 3.071671691719557895e+00 3.363174907953566883e+00 3.634715266926821453e+00 4.127829241346221423e+00 4.542660953130371659e+00 4.975504907212780381e+00 5.474927694827371738e+00 5.833188102408443321e+00 6.396792191169864417e+00 6.767813753758134432e+00 7.180295617421663223e+00 7.534256644833720706e+00 7.863072787385184448e+00 8.032289107196415756e+00 9.563083376193489471e+00 1.030557887941454531e+01 1.095629119232891213e+01 1.138229828230652529e+01 1.206477016934010038e+01 1.273727931514880751e+01 1.326209634651100799e+01 1.400698683121601285e+01 1.444984583548080792e+01 1.515674806538729946e+01 1.626205167157022657e+01 1.771061730805843482e+01 1.840833977190611037e+01 1.900116784746297327e+01 1.981245144636003630e+01 2.100443066240494261e+01 2.346111148094447074e+01 2.350703030217268008e+01
4.412033444963438522e-01 9.813424089929241312e-01 1.485327351982918875e+00 2.311510869399255430e+00 3.017182070488481749e+00 3.287319262792361307e+00 3.557848157172818215e+00 3.965135192732339053e+00 4.394574804791166578e+00 4.991999077262596174e+00 5.452409851709217214e+00 5.785043415505792375e+00 6.387998555721877025e+00 6.765516215124707244e+00 7.184869844987886722e+00 7.551642890339763881e+00 7.708525125936867006e+00 8.012223284108927146e+00 9.558659295265886868e+00 1.034493672717546886e+01 1.091324641174679222e+01 1.139565873360508341e+01 1.203471009048394080e+01 1.271917577747207240e+01 1.327192785381001272e+01 1.397738422286107607e+01 1.451236366157556645e+01 1.504367260272181817e+01 1.612881329340512337e+01 1.756603506955923777e+01 1.816739612768542855e+01 1.899786759065564112e+01 1.977615529748023349e+01 2.086237917292474364e+01 2.344198224172622602e+01 2.348393596643494874e+01
3.029275030819955639e-01 7.574459621848322888e-01 1.248228162389556140e+00 2.305257423779298431e+00 2.952904839642501056e+00 3.237030190568952470e+00 3.464612884035970009e+00 3.878479897804049781e+00 4.258210954705246465e+00 4.979550799073431122e+00 5.461661531404063297e+00 5.760943497868888485e+00 6.380128987579485766e+00 6.763946065206180691e+00 7.186361758184794724e+00 7.539543107702780134e+00 7.614664448730659174e+00 7.985267132323079053e+00 9.515996280653588713e+00 1.037596218453164454e+01 1.086147615097079111e+01 1.140554334717441876e+01 1.194360260107788108e+01 1.269930167034688928e+01 1.324572362153869065e+01 1.394979296063544183e+01 1.458993124404922170e+01 1.485045812036143253e+01 1.605172101086246883e+01 1.713353603028577865e+01 1.824152210908087213e+01 1.901227398320974515e+01 1.973899738231691003e+01 2.071572992113900114e+01 2.342025988547946369e+01 2.348581880938572652e+01
1.983776856077978379e-01 5.509487529923075000e-01 9.784658443976947950e-01 2.310985094045856947e+00 2.889635388543193351e+00 3.220204352401996317e+00 3.392607780149716756e+00 3.846037316179164556e+00 4.141013815636326534e+00 4.948549924410847289e+00 5.501218797696394880e+00 5.743391683384976965e+00 6.385850220419529322e+00 6.749062537679857421e+00 7.182753580064254351e+00 7.457191546092873047e+00 7.634896429613209357e+00 7.949442508604584567e+00 9.438191437464096722e+00 1.040075765451693890e+01 1.080238594164924493e+01 1.141604451643257079e+01 1.179737110807680267e+01 1.270808277138519848e+01 1.320764332086019621e+01 1.393117732916467411e+01 1.456789360200500028e+01 1.467774813439674730e+01 1.602187022541635741e+01 1.672980217028905869e+01 1.841276922860844678e+01 1.902675834498654339e+01 1.967241913804943820e+01 2.057458153339620566e+01 2.340690511797517104e+01 2.349341100659925630e+01
1.243423176517760714e-01 3.595140228780294711e-01 6.747614039914561213e-01 2.317828519024591305e+00 2.841931031583590173e+00 3.220066319182616876e+00 3.372329293407477557e+00 3.844695884873254421e+00 4.043223132549083942e+00 4.916376209779402373e+00 5.555655393828762278e+00 5.723175059978400370e+00 6.417651468451416541e+00 6.709936873344767960e+00 7.170882096290962515e+00 7.398771315978628138e+00 7.676512249852813774e+00 7.908476892441051120e+00 9.342419837760859380e+00 1.041963623837528807e+01 1.074140597295030020e+01 1.142860738864680492e+01 1.164345264527816681e+01 1.272752935536538033e+01 1.321230576650098953e+01 1.389698266166581142e+01 1.426779226685122381e+01 1.474169861598890563e+01 1.602546959027881357e+01 1.644422283019411068e+01 1.861563308117069582e+01 1.903631159802485229e+01 1.956683128549236272e+01 2.045607968126041953e+01 2.340001023589424634e+01 2.350128220466273632e+01
6.207683953913057523e-02 1.776386216092291914e-01 3.444145628809477944e-01 2.320040541594661665e+00 2.814688483103546801e+00 3.215947743008165105e+00 3.396521385246544789e+00 3.862439463037826037e+00 3.965663260074605123e+00 4.893880337941400427e+00 5.608600924226262663e+00 5.698622788160088604e+00 6.479111321452373673e+00 6.644616873554848979e+00 7.155854446968064053e+00 7.370776834133386579e+00 7.714967074595628027e+00 7.873138384542682999e+00 9.260728782021846683e+00 1.043173145421238956e+01 1.069157473180638540e+01 1.144295422756593084e+01 1.152972923131309635e+01 1.272997307657879595e+01 1.330989634855751547e+01 1.375520668354102582e+01 1.407970753431453481e+01 1.478661710739602952e+01 1.605167104614905682e+01 1.626967653271227121e+01 1.881533412417048723e+01 1.903772043447286677e+01 1.943557149850039778e+01 2.037796830488033706e+01 2.339686753126535024e+01 2.350693111449317030e+01
-4.645054639519151742e-04 -3.305275863236034942e-04 1.851892416311112049e-07 2.319843008166704745e+00 2.806168975740930716e+00 3.213191759719073115e+00 3.413760752687094335e+00 3.884058751092336337e+00 3.923212629428779685e+00 4.885918036667113995e+00 5.638685506868404751e+00 5.679493986012624340e+00 6.553821884370877093e+00 6.568917591729643846e+00 7.149063722928949538e+00 7.363000508584641501e+00 7.731207731316167120e+00 7.858567898616472647e+00 9.228192110426553185e+00 1.043593968003112948e+01 1.067168406496181454e+01 1.145798840554959774e+01 1.147999696283661386e+01 1.272608493896140303e+01 1.345990188141337462e+01 1.356000815857676756e+01 1.404455774581558636e+01 1.480241590878338442e+01 1.607648405194415275e+01 1.619952331152701674e+01 1.892724214880184874e+01 1.902799087475501949e+01 1.935724621881140450e+01 2.035094769952273097e+01 2.339596705809114852e+01 2.350896797300830698e+01
1.915050097223573722e-01 2.297719767900011645e-01 4.333598584361448847e-01 2.258423093240662372e+00 2.770569698398242853e+00 3.216465805294738800e+00 3.412947302181913223e+00 3.862778576563097754e+00 3.896979599802605332e+00 4.894128120292171147e+00 5.638729279454929966e+00 5.684748257745160238e+00 6.522512697353730182e+00 6.608493285176387566e+00 7.107646527413930215e+00 7.376697575324432599e+00 7.775631727528824477e+00 7.875089947217628783e+00 9.272558963953766664e+00 1.041234434550439758e+01 1.069187110697700582e+01 1.141976253981580491e+01 1.155270798452768943e+01 1.285541130321339054e+01 1.349325704547199045e+01 1.355790426395144621e+01 1.408886826094528111e+01 1.480127145326043880e+01 1.607356705905855776e+01 1.621984986629747638e+01 1.883759990799614314e+01 1.908037389627358138e+01 1.935581001563229009e+01 2.035486477380469950e+01 2.319984909917353377e+01 2.380789145367861082e+01
3.796018696528846159e-01 4.583661186474320415e-01 8.486486020565533472e-01 2.086585438334529030e+00 2.695200596280177496e+00 3.243910751808478654e+00 3.416371598547814248e+00 3.740243157085545889e+00 3.896978280111722537e+00 4.910502117921764942e+00 5.641952854429881370e+00 5.685058390113253424e+00 6.481788745654041506e+00 6.655259072756815719e+00 7.024940237846769797e+00 7.412564599018133471e+00 7.847561480610638185e+00 7.950371684522560933e+00 9.378103659515463875e+00 1.037186210320184010e+01 1.073261199669016008e+01 1.138059190991113745e+01 1.167536151318543602e+01 1.306872553804521786e+01 1.355727903637787080e+01 1.366069542120549762e+01 1.426689108461390809e+01 1.480741182771212472e+01 1.606489853481294716e+01 1.628334782741430686e+01 1.867465344216592626e+01 1.915173615982484279e+01 1.935604039774543850e+01 2.036820196322137733e+01 2.308338700639995977e+01 2.419991183844134497e+01
5.630330396943867832e-01 6.780185610740192548e-01 1.218807570215372227e+00 1.930533466135853304e+00 2.622163200031800034e+00 3.303274587881336100e+00 3.430504745064070438e+00 3.587856736558210358e+00 3.901944524809914050e+00 4.923376441728272823e+00 5.640795188262091919e+00 5.669212086462176003e+00 6.427296735927259697e+00 6.687569011440708699e+00 6.954945101315578526e+00 7.434399320834544689e+00 7.934403033685167195e+00 8.064131033215492295e+00 9.485930489542505839e+00 1.036062287233111689e+01 1.077326737893947417e+01 1.132225088870860397e+01 1.183165979909611387e+01 1.313088597111677913e+01 1.356963060231103135e+01 1.386339904905607767e+01 1.464091113996203752e+01 1.491506782510609064e+01 1.605003849882825051e+01 1.640833457445022248e+01 1.849870850030227487e+01 1.922584363591305490e+01 1.936404884190141473e+01 2.039659007254948264e+01 2.308255119627526497e+01 2.458173923114705062e+01
7.437218963688877471e-01 8.866149041219025806e-01 1.517086413631529851e+00 1.982192219406258671e+00 2.558842889789584518e+00 3.350795996640612007e+00 3.438802670064866618e+00 3.511116778287322493e+00 3.913887978506095155e+00 4.928422439917913955e+00 5.590922139429808091e+00 5.675007870479122474e+00 6.358868838055432349e+00 6.700337772115045887e+00 6.904425773273854539e+00 7.428357092704013453e+00 8.038136651489994122e+00 8.184866712841223801e+00 9.549958625456145711e+00 1.040441594410435044e+01 1.080671343896374381e+01 1.122570829970746686e+01 1.200583325633193610e+01 1.311862513195792346e+01 1.360168593141026072e+01 1.395264873804964623e+01 1.474944088123180386e+01 1.538140072993271268e+01 1.602900516610185377e+01 1.665241461714589022e+01 1.833615733639521750e+01 1.930190978021784076e+01 1.938279374949097544e+01 2.045003915293846219e+01 2.318166488120853685e+01 2.492491138777990756e+01
9.224728439655951462e-01 1.101295117269744273e+00 1.797743790725793156e+00 2.171139784101120185e+00 2.525712892980633839e+00 3.287965210458247967e+00 3.490590227332132756e+00 3.582004667095247008e+00 3.944258294386234986e+00 4.924434127886542889e+00 5.508089876254249617e+00 5.687478453303892678e+00 6.284540587908754361e+00 6.693409195058938721e+00 6.858783614057744060e+00 7.401909540354316697e+00 8.127337744482487025e+00 8.311233758339925615e+00 9.566556143789215483e+00 1.048810298558996124e+01 1.083113302352260021e+01 1.109597034977484498e+01 1.215944278867485906e+01 1.309018785509228877e+01 1.365305439555873335e+01 1.398731839171308700e+01 1.477382363470520055e+01 1.570217426043832099e+01 1.600419690803082062e+01 1.703521804317809085e+01 1.817275197409328413e+01 1.936286108829207819e+01 1.942295914170018278e+01 2.054075727894790404e+01 2.338457888402708917e+01 2.522616829641294345e+01
1.095632098166110069e+00 1.317396556625006099e+00 2.079397665886795199e+00 2.265354832621110592e+00 2.591972530620984205e+00 3.237776849685650493e+00 3.576328364130249682e+00 3.691071665845278904e+00 4.005705917710188579e+00 4.908995443751539511e+00 5.407032670356711535e+00 5.689257829566467528e+00 6.217750495985454151e+00 6.667382916540276483e+00 6.804325003399294580e+00 7.360452970367732384e+00 8.186349018850259895e+00 8.434906057968682092e+00 9.556276336859468756e+00 1.055300306618456574e+01 1.085501602464767501e+01 1.097550402362240796e+01 1.225720301209785745e+01 1.305776509215617587e+01 1.371116884081320642e+01 1.399480114486931548e+01 1.479609131992844162e+01 1.581679160598928569e+01 1.598374286023767255e+01 1.739084743323305915e+01 1.798187061804161857e+01 1.938725592409798892e+01 1.948930335915412826e+01 2.067735188063163321e+01 2.370158296603084835e+01 2.548258899722101489e+01
1.260800977056540928e+00 1.518779349951608459e+00 2.233965607707048218e+00 2.315176982450418475e+00 2.707387481619083047e+00 3.224652852006476778e+00 3.689393187335223256e+00 3.811970289526430467e+00 4.097713660063230456e+00 4.878930056902603063e+00 5.296310903105545975e+00 5.663221479536872494e+00 6.176347967849951104e+00 6.624149011822068722e+00 6.732813095487829358e+00 7.308013171226138027e+00 8.213829326362297678e+00 8.542947126489945475e+00 9.529146641335746182e+00 1.052510418702316208e+01 1.089745268324425709e+01 1.093980347439510581e+01 1.230074041659873885e+01 1.301554506068990236e+01 1.375752457901100456e+01 1.398349477423246867e+01 1.482589631586534473e+01 1.580974651857082769e+01 1.598490068978160927e+01 1.751677574762148026e+01 1.784603940246626408e+01 1.939542481413683106e+01 1.954237670577253283e+01 2.085560766162512891e+01 2.410694618875665896e+01 2.568070762101886118e+01
1.418206359050517618e+00 1.699332601523705355e+00 2.193787381811741710e+00 2.429039441140750544e+00 2.784656766661245619e+00 3.231259615766991722e+00 3.801045511550766864e+00 3.960721327447858098e+00 4.202658777523580191e+00 4.831628167612163516e+00 5.190567174712787057e+00 5.595152429661047755e+00 6.173906299792822239e+00 6.568485394505878538e+00 6.644756353806173799e+00 7.251100384068275062e+00 8.213902156481433181e+00 8.631943010320354048e+00 9.485881499762919944e+00 1.044514989444876996e+01 1.091603747834162697e+01 1.102005868947426492e+01 1.232363387906020336e+01 1.295314824121991393e+01 1.378396568894910779e+01 1.395854888155016127e+01 1.486585754623443201e+01 1.572552163863574570e+01 1.600235985680829387e+01 1.732627462441773503e+01 1.789965349503615855e+01 1.939781994841956347e+01 1.956655907523876792e+01 2.104963593923355347e+01 2.453044125884590443e+01 2.581011075750144812e+01
1.569247789127896864e+00 1.848539153426969284e+00 2.145061905620242015e+00 2.448554292615369832e+00 2.825147778986520031e+00 3.240174964262568569e+00 3.873700307304471568e+00 4.131145463548142160e+00 4.304778576746434382e+00 4.769074201379103428e+00 5.113648903045246996e+00 5.490673188712738906e+00 6.207667857624081797e+00 6.511569361332293582e+00 6.550542106526663133e+00 7.198777254985357921e+00 8.197195601016996847e+00 8.706628738403598078e+00 9.436058202187544097e+00 1.038558041259273779e+01 1.094472009890757747e+01 1.110682852156811506e+01 1.236368293902797610e+01 1.286621607793572331e+01 1.379556769093051116e+01 1.392607453038012189e+01 1.491997285061209944e+01 1.559242189735207340e+01 1.602119628667615814e+01 1.710615750341516161e+01 1.795481568689444174e+01 1.939835919301811273e+01 1.956872139253502141e+01 2.121859368318226302e+01 2.489235535098817209e+01 2.587818391551932962e+01
1.711734297664181614e+00 1.909923145722318472e+00 2.141407934408610991e+00 2.400549834268042471e+00 2.844777268587793895e+00 3.244685641524800879e+00 3.908450946448656538e+00 4.263905246372789115e+00 4.387388789411258649e+00 4.715726165061333575e+00 5.079870347030720268e+00 5.380828529287247974e+00 6.265148441304423166e+00 6.450608564693524727e+00 6.480223803471115929e+00 7.161234024775410489e+00 8.178444427253792171e+00 8.764493745756595899e+00 9.395963024454198731e+00 1.035911810732276450e+01 1.097275305115847921e+01 1.116258921587571251e+01 1.243409417648436666e+01 1.276519442102061674e+01 1.380081459948383404e+01 1.389581640749955938e+01 1.498661964067399666e+01 1.544747495322413577e+01 1.603527350933674711e+01 1.696178775055241417e+01 1.797969923123496372e+01 1.939858085113738539e+01 1.956253264314602802e+01 2.132880258890851266e+01 2.513233578197558060e+01 2.590605389723964080e+01
1.818034121342059439e+00 1.857968103214564515e+00 2.183520924957003118e+00 2.352897180617355311e+00 2.851187893250892724e+00 3.245698940553290779e+00 3.918328670070102326e+00 4.310006650865024547e+00 4.421049024673040506e+00 4.698963860716827590e+00 5.076078929374720161e+00 5.327316635409281353e+00 6.314062084532189090e+00 6.392595727214041013e+00 6.464724747548689088e+00 7.147464591512898480e+00 8.170488111329886394e+00 8.787835574389566418e+00 9.380255460486608854e+00 1.035331590199578500e+01 1.098426523366536856e+01 1.118058251846941964e+01 1.248547044704429609e+01 1.270428989737791703e+01 1.380300098030318168e+01 1.388262153628088136e+01 1.502685010621364015e+01 1.537384372831243873e+01 1.604056575573657284e+01 1.691334490466362439e+01 1.798602393531749399e+01 1.939870125780594634e+01 1.955906348661741845e+01 2.136620684683800775e+01 2.521598162381899755e+01 2.591296359200631727e+01
2.678222175868465005e+00 3.137176196710993903e+00 3.185255447065908019e+00 3.333030592993897923e+00 3.507156087820039847e+00 3.685337433178230704e+00 3.882704441960005415e+00 4.357913591817399457e+00 4.383958040212061036e+00 4.963546905507474349e+00 5.689003512188061329e+00 5.697321903865141479e+00 6.018851632076305691e+00 6.933641752655450574e+00 7.288006585393227432e+00 7.866962633164916063e+00 8.652748667103972835e+00 8.775189472885179143e+00 9.694389903433092925e+00 1.015334580954439758e+01 1.036831430532429010e+01 1.140305486395982193e+01 1.177591474423343776e+01 1.272534874406810168e+01 1.315354670332362730e+01 1.332389570321414141e+01 1.393521853842094593e+01 1.440907116773185592e+01 1.580889611302128195e+01 1.795219258748163327e+01 1.858189631672555464e+01 1.904531299858981086e+01 2.128428084106320739e+01 2.167002755201122355e+01 2.417964142813877970e+01 2.462761460583715589e+01
2.661601373298965623e+00 3.115680334068501978e+00 3.224331881823235602e+00 3.311640769538616524e+00 3.492952658950930545e+00 3.687231837083005725e+00 3.924414920686282393e+00 4.320786670982910138e+00 4.411311930932262371e+00 4.989307312703344266e+00 5.694876839588197015e+00 5.711108676951783814e+00 6.023649386789006854e+00 6.923701374463082203e+00 7.277731052873480877e+00 7.851956761461788226e+00 8.647767186425527441e+00 8.775063392113031213e+00 9.665203408928434214e+00 1.007388203708154961e+01 1.047827196102023706e+01 1.140810847587943222e+01 1.176343123409193048e+01 1.274144961472589266e+01 1.316159269138162813e+01 1.334789905408356603e+01 1.392879520562203055e+01 1.439408871756785402e+01 1.581923655583117849e+01 1.797017219616733996e+01 1.856527903823949543e+01 1.902610425005082817e+01 2.126078299910160396e+01 2.171314035555604960e+01 2.417509606669197453e+01 2.462877687717146102e+01
2.621009384397214426e+00 3.091477687860388013e+00 3.236984861243692446e+00 3.303214789686708119e+00 3.454377111143491330e+00 3.716693553638660941e+00 4.018321697626064726e+00 4.264170616809956016e+00 4.450483748792954053e+00 5.041852037569724665e+00 5.706998280402757473e+00 5.759573133344729534e+00 6.037458172022072134e+00 6.891121007446067814e+00 7.252784735855325238e+00 7.808728803710605959e+00 8.638643696344383116e+00 8.771961652193915882e+00 9.579090460042465338e+00 9.993065989564641427e+00 1.064433407029706125e+01 1.142809392271296609e+01 1.172790096430298057e+01 1.279012760099208279e+01 1.318600409791483408e+01 1.341333333475243705e+01 1.391096432704161678e+01 1.435634989765244818e+01 1.584706884652339909e+01 1.801617966062543630e+01 1.852175118539714305e+01 1.897316771863055962e+01 2.121562815447737194e+01 2.181329534811238702e+01 2.416041477340685617e+01 2.463021866205543020e+01
2.571279985770523080e+00 3.065563552559916971e+00 3.144037913037947884e+00 3.366563186982098888e+00 3.408101295310198342e+00 3.781930608724944243e+00 4.131816509221343026e+00 4.207921855356469898e+00 4.502444249024026846e+00 5.080896538352527081e+00 5.706403931930203122e+00 5.851504718960683249e+00 6.058029198094232903e+00 6.829738914241586301e+00 7.227517522917077386e+00 7.743548120207680796e+00 8.636612452869556478e+00 8.763076945051791355e+00 9.461155136580234881e+00 9.962277001656437037e+00 1.077672031481703918e+01 1.147522669519810989e+01 1.167542169461083645e+01 1.287154720111490924e+01 1.322425263216629077e+01 1.350498069334926754e+01 1.388675301906810056e+01 1.431399668882338894e+01 1.588570264270755850e+01 1.806538003266917158e+01 1.846691966991108558e+01 1.890402658559078475e+01 2.117745560384372538e+01 2.193039330579694024e+01 2.413290298283381219e+01 2.462667992146738882e+01
2.519427611814400780e+00 3.000606287961732566e+00 3.047530844771911163e+00 3.363041060518830339e+00 3.417079067801911396e+00 3.872457186876161028e+00 4.157169417441898496e+00 4.257187814433743611e+00 4.571578150277497699e+00 5.094622760497408365e+00 5.680561543374031075e+00 5.955151304361450570e+00 6.082815618600435847e+00 6.739559088320989488e+00 7.210230270230121974e+00 7.670029887626278686e+00 8.639786743314536110e+00 8.760192315986840228e+00 9.345365412625245227e+00 9.967785079701853235e+00 1.084627738605353997e+01 1.153713246995457453e+01 1.163420875489665107e+01 1.298334810622001889e+01 1.326967764727931076e+01 1.360194104028445139e+01 1.386671950093831285e+01 1.429056403926175634e+01 1.592975221091039728e+01 1.807541277927947476e+01 1.841923275374744406e+01 1.885303691775456159e+01 2.115450751935092910e+01 2.203774304817859786e+01 2.408944001578633376e+01 2.461184438965140231e+01
2.466419938753891650e+00 2.855746511976347879e+00 2.981812673529639746e+00 3.319231950340097992e+00 3.442988108200527808e+00 3.964229895150696681e+00 4.132454679375806350e+00 4.377831882350471382e+00 4.658014039231801462e+00 5.096402599265966948e+00 5.620374700273238489e+00 6.012815570271318855e+00 6.115580242832760582e+00 6.638299762190930764e+00 7.185842876388232270e+00 7.611029410181965993e+00 8.612592225828345605e+00 8.801370575972832455e+00 9.250008567847800123e+00 1.000335466087848069e+01 1.085763831584715966e+01 1.149617143749184045e+01 1.171462276954079940e+01 1.311655291968418702e+01 1.331552121115450049e+01 1.367756452571114956e+01 1.386816714350020519e+01 1.431171705848253239e+01 1.597693118421965508e+01 1.800673665576446325e+01 1.839431744455672657e+01 1.885222418460711324e+01 2.114459405730386621e+01 2.211357137902571779e+01 2.402804129162361590e+01 2.458093791508123616e+01
2.410763773305445223e+00 2.686799337146365652e+00 2.879897820194333935e+00 3.274061037425326504e+00 3.442688633423351519e+00 4.008098451502191573e+00 4.156265895448549408e+00 4.483589506811511249e+00 4.755397398266524078e+00 5.105506954777746742e+00 5.521732647499817404e+00 6.007369767650567738e+00 6.132149826238431523e+00 6.562152822734647728e+00 7.130593038502542669e+00 7.582946493035527702e+00 8.547176378960033460e+00 8.876421764375322709e+00 9.188146637533435523e+00 1.006908247349018382e+01 1.083457721313837041e+01 1.141145376751204488e+01 1.183631020047455884e+01 1.323875054864420875e+01 1.337073543886216065e+01 1.372101561275606763e+01 1.390447242237389780e+01 1.439415315262804107e+01 1.602624228036312459e+01 1.786758917646132616e+01 1.839255887945495260e+01 1.889561174177794811e+01 2.114112021425778210e+01 2.213685094255257724e+01 2.394899875436506420e+01 2.453322118701841603e+01
2.343696391775870858e+00 2.511024096050827215e+00 2.727212489413708418e+00 3.220740281337246103e+00 3.418527806962118998e+00 3.996080016912568755e+00 4.210396409131255346e+00 4.549507619769011413e+00 4.846197762840751544e+00 5.139071719312450881e+00 5.391625390478155033e+00 5.954248828932222182e+00 6.114235682845437836e+00 6.542093669636313891e+00 7.048896877380106396e+00 7.569770758922483189e+00 8.461378535999761752e+00 8.920209669398285968e+00 9.185956421893260782e+00 1.015980603106899594e+01 1.080035905765722148e+01 1.131929744206576061e+01 1.194697086521106577e+01 1.328048767290029808e+01 1.347156858088751896e+01 1.376169980849745222e+01 1.397708276221278645e+01 1.452877591636328169e+01 1.607453480747077990e+01 1.769739729976491560e+01 1.840046502672322148e+01 1.895499368648539473e+01 2.113464089743299112e+01 2.208785250161515634e+01 2.385502369771339914e+01 2.447380063787749194e+01
2.224411670325890711e+00 2.369135870283693546e+00 2.526641386592858307e+00 3.149225297287617575e+00 3.375337223096985806e+00 3.954671644310566947e+00 4.243903642092464068e+00 4.542613359849212884e+00 4.908052411185180652e+00 5.198064461406684877e+00 5.253797549090440278e+00 5.863003213613909637e+00 6.111182132429587632e+00 6.569353048099102921e+00 6.961458164263729209e+00 7.542509256008157692e+00 8.367694497939694998e+00 8.899244772578116525e+00 9.244423589512928530e+00 1.025591145128885451e+01 1.077619196065248985e+01 1.122601869229896998e+01 1.203218149722405172e+01 1.326018817616914092e+01 1.356235039564646350e+01 1.383518158491452255e+01 1.409083887107651556e+01 1.469060725881901242e+01 1.611497305188485996e+01 1.752635638126384876e+01 1.840365284387914713e+01 1.900981379626385603e+01 2.111203028460586140e+01 2.195264270755832925e+01 2.375056224749822675e+01 2.441331070406833703e+01
2.032098024272789072e+00 2.259316695687570764e+00 2.306900561880123046e+00 3.052917829957835227e+00 3.317321749147105869e+00 3.882754177373119120e+00 4.241250890274686824e+00 4.439634555485150180e+00 4.933734186807789079e+00 5.103208867116679315e+00 5.278315676276823076e+00 5.793444691564614502e+00 6.145166142245054530e+00 6.623148209101591632e+00 6.880937853000648197e+00 7.485417345463000416e+00 8.274137333640599223e+00 8.845628948163049898e+00 9.312987993359168826e+00 1.032992170974783797e+01 1.078183207566068269e+01 1.113589590164950849e+01 1.208417269937230820e+01 1.321045202278559394e+01 1.360897641096282307e+01 1.393737852472342098e+01 1.424061958324989519e+01 1.485682857522481193e+01 1.613994349578860010e+01 1.736718007267729647e+01 1.839333848174792152e+01 1.904892076273073442e+01 2.105368999529299145e+01 2.173322718899310146e+01 2.364120951299416262e+01 2.436358293737268710e+01
1.810320512212606481e+00 2.009997960744617451e+00 2.204425251801576113e+00 2.927971969507074945e+00 3.245014668573211747e+00 3.778534904609952783e+00 4.197128386197766403e+00 4.269397554490292457e+00 4.899636018822294048e+00 4.954458674514873984e+00 5.358853143228079041e+00 5.791718835917817110e+00 6.209546691836187904e+00 6.684582764760504503e+00 6.816778451992287380e+00 7.398722402647447183e+00 8.183685129342215703e+00 8.778421612856929457e+00 9.362987454443711499e+00 1.037177417312107686e+01 1.082383384007554561e+01 1.105350417339525038e+01 1.209828707918647339e+01 1.314410564150868765e+01 1.362859163348348979e+01 1.403321343395377774e+01 1.440543914332122455e+01 1.501087344341681096e+01 1.614473425433514819e+01 1.721785849812049563e+01 1.836666674842166103e+01 1.906548106260078157e+01 2.092595421176599402e+01 2.146641978789161698e+01 2.353360651938364612e+01 2.433014184338376751e+01
1.570423980173519141e+00 1.731691046314604021e+00 2.112651231250898931e+00 2.766413015018485133e+00 3.153360746594569441e+00 3.655390277442033486e+00 4.051327347408802737e+00 4.154622095258622139e+00 4.672979023492144890e+00 4.945488023958613866e+00 5.440650882629519458e+00 5.837014790792083296e+00 6.289514630392853967e+00 6.696098340760899603e+00 6.816398553429214857e+00 7.295612074846521189e+00 8.095682092205397140e+00 8.701384520535309974e+00 9.385304606104563518e+00 1.039404112170277728e+01 1.088909327898143964e+01 1.098802148092011421e+01 1.207355253040903165e+01 1.306944703731167934e+01 1.362779046341663047e+01 1.409860717232292338e+01 1.456117820057260559e+01 1.513959296691083267e+01 1.612561010014582052e+01 1.706861493619295800e+01 1.832342990002754135e+01 1.905611254939576682e+01 2.068891261535218362e+01 2.122695866720195212e+01 2.343464010843684520e+01 2.430694874842308906e+01
1.309992833229361331e+00 1.457720446597502439e+00 2.027319082432674779e+00 2.552474267457213841e+00 3.038826899022486927e+00 3.543780423325625595e+00 3.882785509177562933e+00 4.065291182612305043e+00 4.429259586695974527e+00 4.941123527492215395e+00 5.514789151963769065e+00 5.891229288318967861e+00 6.361792311337512551e+00 6.661412678576666302e+00 6.873726984424640030e+00 7.199253988793983261e+00 8.009763943983930545e+00 8.613278373319506187e+00 9.380872003810491577e+00 1.040642569752833246e+01 1.089694293101021394e+01 1.101679035120810290e+01 1.201380784758351439e+01 1.299331069821187334e+01 1.360087736769111189e+01 1.412438133693276754e+01 1.468815362964150317e+01 1.522187794294137042e+01 1.607813026217611352e+01 1.690693866621639785e+01 1.827051847337191504e+01 1.902472467027163816e+01 2.038552383988637473e+01 2.103830059821816434e+01 2.334963962013720362e+01 2.427791819672765783e+01
1.031236724619415401e+00 1.197420231494022325e+00 1.963912069033764141e+00 2.281653459382557259e+00 2.922301534470712614e+00 3.462282356566868113e+00 3.750788547958086916e+00 3.954451043552281497e+00 4.225462913016927224e+00 4.933368309713028310e+00 5.573645574817482462e+00 5.922518910253908864e+00 6.394593245196189102e+00 6.672949852169286267e+00 6.906866049252681883e+00 7.144240816943251637e+00 7.928445934710536491e+00 8.510422233460811725e+00 9.357294556223093807e+00 1.041113340542223753e+01 1.084918637357171178e+01 1.113110449921332723e+01 1.192694774728569662e+01 1.292364925572833201e+01 1.353846671075114649e+01 1.411714856069754731e+01 1.477169562378227319e+01 1.520568492769246483e+01 1.601248543656895151e+01 1.672576662287015381e+01 1.823724873052456275e+01 1.898857196667128733e+01 2.011991633490989528e+01 2.086539572446171320e+01 2.328187060551275778e+01 2.422369488915383684e+01
7.498730164882456695e-01 9.480466392804276499e-01 1.803327125326406266e+00 2.100505582130926641e+00 2.836054226491388608e+00 3.406238938373287617e+00 3.624587719128886665e+00 3.851953729981632435e+00 4.096030321176852063e+00 4.922130629961122494e+00 5.612634634134955114e+00 5.904027733423989233e+00 6.405237570598727004e+00 6.745052043764940386e+00 6.880027437209034424e+00 7.159030742192547869e+00 7.856623619045409512e+00 8.388272193972689195e+00 9.323885030725126200e+00 1.041204538495942700e+01 1.080300651134430012e+01 1.125337468538461216e+01 1.182226740172943202e+01 1.287105185370317351e+01 1.343778122664971342e+01 1.409348204465833732e+01 1.479321930864988133e+01 1.502322181134505819e+01 1.597258622247518289e+01 1.654719017807557435e+01 1.827014035347485077e+01 1.897171227263427440e+01 1.993032486201157383e+01 2.069540001418780051e+01 2.323502868320202808e+01 2.412946413176191385e+01
4.883905227867257337e-01 7.056150182242024727e-01 1.418327713215647545e+00 2.148090942445604501e+00 2.792722354455557721e+00 3.377257514328892096e+00 3.467912294590271394e+00 3.823575535903275924e+00 4.018463402303948051e+00 4.908990121619385860e+00 5.631231058317794691e+00 5.839254999844722072e+00 6.438717584023297746e+00 6.771156980722857099e+00 6.887510881799886242e+00 7.211996260750877852e+00 7.799554449880046647e+00 8.244276024062331842e+00 9.288531637479938041e+00 1.041455916607494636e+01 1.076007929089171000e+01 1.135448144819782001e+01 1.170878403727954975e+01 1.284131296157143609e+01 1.332121484508800080e+01 1.406621715988041466e+01 1.457887428762496995e+01 1.486733916269649214e+01 1.598118288386793218e+01 1.640464083844013032e+01 1.838984422412621100e+01 1.898378477598422975e+01 1.978406592979528966e+01 2.054176577475067944e+01 2.321678904023749723e+01 2.399105982177107421e+01
2.699752056240941056e-01 4.678814073093958137e-01 9.677411656614816060e-01 2.238670798322498712e+00 2.786927770804079607e+00 3.325185645734978213e+00 3.381412291583542729e+00 3.844841720596377410e+00 3.965759140002482752e+00 4.896868872150977658e+00 5.634437260677423787e+00 5.763985924314034115e+00 6.488567891660121489e+00 6.688466936446225475e+00 6.999662521023245709e+00 7.271608886839232788e+00 7.760566148797331643e+00 8.083439811416468501e+00 9.257460704072652646e+00 1.042157960978107312e+01 1.071960061550366916e+01 1.141833919104868755e+01 1.159872147662321495e+01 1.281138599726076421e+01 1.325794051978539834e+01 1.402638492836834061e+01 1.419102489409462997e+01 1.483440359171320999e+01 1.601547367025143487e+01 1.630182489400147361e+01 1.857729812944091918e+01 1.901380241987009256e+01 1.963128398350271198e+01 2.042909082017119360e+01 2.323903511485542595e+01 2.381821562902844747e+01
1.103061296666079383e-01 2.331835199148393489e-01 4.899721414706461609e-01 2.300627972494337925e+00 2.799369295264524826e+00 3.239385300034981707e+00 3.401835045356484954e+00 3.874278311849510104e+00 3.932258235443554906e+00 4.888704913651896966e+00 5.634410694242801831e+00 5.705619442474121783e+00 6.531615983371219514e+00 6.607894840911543000e+00 7.105440100175487217e+00 7.329379864595896521e+00 7.738882090276131720e+00 7.931113044429146441e+00 9.235943417421641044e+00 1.043108719231895520e+01 1.068588224200806103e+01 1.144846511055601468e+01 1.151384099582438303e+01 1.275630334147849076e+01 1.332150042228004949e+01 1.378642838984297470e+01 1.405519536041379247e+01 1.481149425339448911e+01 1.605482439052869026e+01 1.623055320024334591e+01 1.879060941955385644e+01 1.903740969641652114e+01 1.945931792701454199e+01 2.036862133731139934e+01 2.331100238762823196e+01 2.363509835419326066e+01
-4.645054639519151742e-04 -3.305275863236034942e-04 1.851892416311112049e-07 2.319843008166704745e+00 2.806168975740930716e+00 3.213191759719073115e+00 3.413760752687094335e+00 3.884058751092336337e+00 3.923212629428779685e+00 4.885918036667113995e+00 5.638685506868404751e+00 5.679493986012624340e+00 6.553821884370877093e+00 6.568917591729643846e+00 7.149063722928949538e+00 7.363000508584641501e+00 7.731207731316167120e+00 7.858567898616472647e+00 9.228192110426553185e+00 1.043593968003112948e+01 1.067168406496181454e+01 1.145798840554959774e+01 1.147999696283661386e+01 1.272608493896140303e+01 1.345990188141337462e+01 1.356000815857676756e+01 1.404455774581558636e+01 1.480241590878338442e+01 1.607648405194415275e+01 1.619952331152701674e+01 1.892724214880184874e+01 1.902799087475501949e+01 1.935724621881140450e+01 2.035094769952273097e+01 2.339596705809114852e+01 2.350896797300830698e+01
1.107277927638465331e-01 2.003101481652133642e-01 4.018591019433599976e-01 2.254733515529637966e+00 2.770639615151913482e+00 3.201509844906127444e+00 3.419055282850797184e+00 3.881770749452861935e+00 3.907328345116582113e+00 4.874293070599059696e+00 5.646816678886870555e+00 5.707598964619572612e+00 6.533200566956802291e+00 6.585585073026110514e+00 7.154196887821506756e+00 7.392906162200732822e+00 7.741511857591038215e+00 7.870385210785828534e+00 9.281643511783746803e+00 1.041404442340608760e+01 1.071426188161239246e+01 1.138632499764668005e+01 1.160602747484378128e+01 1.277789716729753344e+01 1.346149530714562914e+01 1.357052631833992251e+01 1.405937885808482690e+01 1.480169402442355420e+01 1.607620211071040828e+01 1.619906073140332126e+01 1.876811750588262484e+01 1.913532267204521986e+01 1.935754465515791622e+01 2.036228348731231819e+01 2.309688271372759871e+01 2.396173770730476349e+01
1.852456059390855669e-01 3.990272377843792628e-01 7.887687666232016115e-01 2.098030688871671323e+00 2.697408390405422907e+00 3.188316051407097174e+00 3.438518180831807047e+00 3.847410155351856265e+00 3.908486402616194511e+00 4.840848291782230639e+00 5.678337262255914730e+00 5.758077655050027666e+00 6.508435677256477980e+00 6.598826959077445764e+00 7.167171351251038658e+00 7.460694434609838943e+00 7.770262068837351599e+00 7.907864408395083977e+00 9.389023337721942752e+00 1.041277979188514813e+01 1.075028763543274657e+01 1.135447423287357438e+01 1.177610990122393275e+01 1.297808301936368380e+01 1.346515542100087082e+01 1.361739738459480265e+01 1.410310037459492349e+01 1.480440489262596770e+01 1.607566550194930599e+01 1.619749765178843148e+01 1.853000672440724017e+01 1.923663677891849844e+01 1.936297154354579320e+01 2.039392506125016169e+01 2.290870458341381877e+01 2.457160137155290869e+01
1.988223647981499365e-01 5.921739194646190585e-01 1.135049382342747881e+00 2.013790365173069752e+00 2.631134865104857834e+00 3.183629493674506872e+00 3.476675345980384080e+00 3.805717227584009876e+00 3.931625856303975208e+00 4.790242022596926219e+00 5.726012753607498063e+00 5.798413121585919150e+00 6.487394370495897178e+00 6.599593973817549752e+00 7.185244072664188408e+00 7.532355086261937060e+00 7.816580996364936418e+00 7.970244371266553607e+00 9.464819866275066218e+00 1.046303605869075071e+01 1.072902093879152119e+01 1.134418973206216208e+01 1.189904676032074704e+01 1.329092472884363119e+01 1.346874329868379760e+01 1.380928286523255366e+01 1.418520497095316379e+01 1.483115144187429202e+01 1.607580689668206730e+01 1.619430423475504810e+01 1.828187532427238438e+01 1.929278231516440201e+01 1.939255649648244173e+01 2.044084237802441351e+01 2.286734127337189548e+01 2.521146647154105835e+01
2.726295144713600793e-01 7.744417947347779219e-01 1.427579473741624305e+00 2.119537144629100922e+00 2.601201155094416073e+00 3.177543333603118025e+00 3.534076154617729948e+00 3.775115475506304996e+00 3.975346842595473884e+00 4.727657088270036390e+00 5.776281353362049842e+00 5.821087216523580743e+00 6.469303049840356756e+00 6.586203841437939133e+00 7.207286630705032948e+00 7.592262490334149128e+00 7.884723372706141653e+00 8.047671398376829544e+00 9.486967805021359723e+00 1.050993047647722811e+01 1.071081997396186836e+01 1.132255240890798653e+01 1.195168665984673417e+01 1.342684965173218536e+01 1.347383420626868045e+01 1.410124293357189984e+01 1.446152266794271135e+01 1.498286231998545581e+01 1.607856238705341312e+01 1.618869180410344200e+01 1.805793903230843611e+01 1.930669784444435777e+01 1.945255289293835332e+01 2.049723779536491008e+01 2.296144841818857785e+01 2.579759089051431431e+01
4.686355723684077490e-01 9.397801369520611958e-01 1.663426915644729220e+00 2.301579219062249493e+00 2.669713978062740356e+00 3.165496008902262570e+00 3.603979722434123900e+00 3.757453715688292561e+00 4.046463501844799637e+00 4.657610243512560366e+00 5.793974642221058957e+00 5.852696573525386192e+00 6.452225091552477032e+00 6.560640198893546327e+00 7.231392019094278645e+00 7.637846616262498500e+00 7.977470494713648108e+00 8.126369159244328344e+00 9.471425589675170897e+00 1.049547180471275531e+01 1.075371638353341730e+01 1.127811002972094023e+01 1.197873672395653166e+01 1.344675895747367811e+01 1.349239144862064066e+01 1.417038871163077474e+01 1.470227357969743665e+01 1.553430967976045096e+01 1.609146944163287074e+01 1.618099240401864947e+01 1.788223529368704234e+01 1.930695646329049353e+01 1.951766253149277830e+01 2.055608627021291568e+01 2.318619255196594153e+01 2.626124449273153516e+01
6.735632770758934740e-01 1.080474738624207287e+00 1.772542647066378763e+00 2.504407719014587030e+00 2.835825112060164077e+00 3.149758240545708965e+00 3.662703671033871178e+00 3.762252695828212978e+00 4.140617215649600169e+00 4.587973984610375311e+00 5.768260365620502483e+00 5.903129240918787879e+00 6.435106669476899910e+00 6.527911564915858555e+00 7.253717451901877666e+00 7.670779232604775899e+00 8.091040506255524178e+00 8.194747617203496759e+00 9.428020920903710689e+00 1.046695701961461467e+01 1.081465081400333794e+01 1.121221007193172348e+01 1.200862425487852825e+01 1.343931296680120191e+01 1.351130717632275413e+01 1.418374498161768571e+01 1.479692841794751068e+01 1.601386566101515996e+01 1.615158513763842052e+01 1.630239697157865209e+01 1.777034198592206238e+01 1.930426631423785011e+01 1.957638040450959238e+01 2.060945665849135011e+01 2.352713701027503745e+01 2.656059978850191072e+01
8.437949158693281992e-01 1.188419032085426652e+00 1.756104557319766446e+00 2.744210575718156520e+00 2.991221177859940017e+00 3.136180516953718467e+00 3.673455441931684273e+00 3.806452485437326949e+00 4.227216479825094630e+00 4.538991487677435543e+00 5.727340936016115158e+00 5.950196058684481315e+00 6.419056626526908893e+00 6.494115393512974066e+00 7.270545371822107583e+00 7.693006540883824407e+00 8.212168672496002131e+00 8.246088578858167040e+00 9.362947978080711664e+00 1.045878914587581221e+01 1.086689889687572652e+01 1.113216886571293074e+01 1.204419043618597840e+01 1.342714810891164667e+01 1.352427928480128116e+01 1.417749470635335385e+01 1.486297210735131280e+01 1.606018872762002658e+01 1.613948121159320692e+01 1.675541339551126185e+01 1.773185606241446166e+01 1.930129617901690509e+01 1.962320235235440435e+01 2.065065457570538143e+01 2.393068610019157560e+01 2.669131726237242574e+01
9.630312933377155327e-01 1.256740896150732700e+00 1.701727232750468444e+00 2.935187273570728284e+00 3.080033007042717763e+00 3.143639065006825994e+00 3.657849800581167710e+00 3.848972651572968751e+00 4.263286105820255578e+00 4.535299252317010144e+00 5.690673812072930993e+00 5.984611982643381012e+00 6.407329611142833947e+00 6.466850020331040838e+00 7.280407693419652659e+00 7.705817317187710458e+00 8.275918788773269696e+00 8.315355170945691654e+00 9.296370920557759376e+00 1.046716349177173377e+01 1.091550861651777105e+01 1.104966393380191825e+01 1.207419643771805084e+01 1.341670055354333790e+01 1.353197676309395980e+01 1.416764902418662331e+01 1.490588069467794874e+01 1.607363035647464500e+01 1.612145526184997735e+01 1.701489741703167979e+01 1.775531636623624010e+01 1.929911093416527734e+01 1.965360318699076103e+01 2.067601392410004735e+01 2.428282039045319607e+01 2.669993550712277042e+01
1.008141563729828993e+00 1.280292801314705242e+00 1.674449523892582725e+00 3.004616655276395765e+00 3.091036422634483305e+00 3.172658376632298438e+00 3.646484100178391863e+00 3.863377902903753824e+00 4.265551024635968247e+00 4.545781324892220532e+00 5.675883525841679322e+00 5.997567639488838864e+00 6.403099133837634405e+00 6.455904452266548965e+00 7.283580114534792926e+00 7.709992750456136967e+00 8.286390599060565521e+00 8.357203741998366908e+00 9.266321337135376979e+00 1.047344135717475666e+01 1.096278547487086996e+01 1.098712227944315067e+01 1.208595057553346308e+01 1.341258876950550771e+01 1.353454954321217230e+01 1.416337998976170098e+01 1.492083399309300873e+01 1.608043454506093184e+01 1.611169588964447641e+01 1.708792199297080927e+01 1.777831119418696915e+01 1.929830921642637520e+01 1.966417170958283478e+01 2.068448983123687057e+01 2.442857071184837636e+01 2.668232135039414032e+01
2.476551214559370440e+00 2.530058508732645706e+00 2.877098907137151329e+00 2.952846199624872270e+00 3.408386355703480586e+00 3.691930476917908432e+00 4.741900271746322559e+00 5.020387114755791025e+00 5.065828670247210397e+00 5.427994070021972206e+00 5.830004344404128958e+00 6.112079849907645190e+00 6.243143840784964205e+00 6.368222801331079097e+00 7.155054924277860273e+00 7.746489973885719138e+00 8.497286575538861797e+00 9.334758382313090408e+00 9.605953339310945083e+00 9.928359632845962679e+00 1.054752769296284676e+01 1.068758039758583678e+01 1.154370114856486573e+01 1.251514162281438303e+01 1.335538309409962920e+01 1.340125354340857555e+01 1.380561560801026033e+01 1.414053619968430375e+01 1.569824235369520338e+01 1.765045056562075132e+01 1.837587728793047859e+01 1.848805132596573841e+01 2.084677004949141121e+01 2.263138322464919128e+01 2.428440585065355606e+01 2.526893251086337600e+01
2.481604461163642306e+00 2.530885974426309470e+00 2.823214102501971468e+00 2.993774469177483688e+00 3.388299074135835198e+00 3.727993710688922047e+00 4.729698976739464378e+00 4.983039653087916854e+00 5.061911939938505967e+00 5.447623068327049900e+00 5.828077910874415402e+00 6.115224245431870820e+00 6.240013972835596334e+00 6.412141276940311663e+00 7.148678039954270425e+00 7.747499456638688109e+00 8.486506212478408528e+00 9.299136106848429506e+00 9.569481606897484838e+00 9.983281646181012547e+00 1.053777415388605299e+01 1.072923293416306478e+01 1.153691149555155349e+01 1.251213588039548874e+01 1.330838132390090855e+01 1.346859593738097516e+01 1.377616131079685147e+01 1.419033241516767596e+01 1.570974203815368675e+01 1.764503015863921931e+01 1.837869342719240606e+01 1.852528546857806191e+01 2.084616037797241361e+01 2.262083063251591852e+01 2.426698404635038386e+01 2.525256896440514964e+01
2.490944656901543208e+00 2.526744321986162500e+00 2.731973507537704293e+00 3.047381920605655825e+00 3.345835053155886918e+00 3.817420068881963502e+00 4.690850087801690549e+00 4.902203610149191704e+00 5.057306548764166187e+00 5.479766854558620892e+00 5.819964717808304044e+00 6.109153121492345129e+00 6.237856921760769779e+00 6.532419529116332058e+00 7.132849671173979722e+00 7.749181331944596351e+00 8.454100904693383711e+00 9.198791214646581338e+00 9.520921415850912339e+00 1.008700331779761683e+01 1.052402554955456893e+01 1.083388892645999846e+01 1.151914645502170131e+01 1.250233212002176764e+01 1.326834546321597053e+01 1.357185478539584622e+01 1.372149367811005760e+01 1.430307647152211281e+01 1.574367296413329420e+01 1.763850998430391215e+01 1.838081178260983606e+01 1.862487806018473435e+01 2.084437521322101716e+01 2.258895248918439336e+01 2.421782271957998134e+01 2.520252618568142111e+01
2.489453749023147644e+00 2.500334694509032119e+00 2.629129073585286580e+00 3.094075697245933121e+00 3.299417213483969213e+00 3.933053458030612237e+00 4.620296321129586659e+00 4.812645006534546965e+00 5.068222068024605953e+00 5.496214328113924630e+00 5.797992257393346449e+00 6.085137394122222432e+00 6.245410091836408384e+00 6.685980314876260877e+00 7.117271797565032365e+00 7.747167096264640840e+00 8.400477088642173129e+00 9.062361094912178672e+00 9.501291832343865096e+00 1.018704856236344902e+01 1.051550016375263930e+01 1.097742403064183314e+01 1.149716097174991347e+01 1.248747638343161626e+01 1.325400365703792360e+01 1.366322312548787288e+01 1.370484726480895432e+01 1.443900029943862862e+01 1.579770449900341056e+01 1.764310952733614002e+01 1.838348605457122886e+01 1.874976387417634172e+01 2.084138250738602594e+01 2.253463446610791721e+01 2.414510563228629536e+01 2.511730632277237873e+01
2.411180927046482569e+00 2.480306920157582695e+00 2.526182529544685362e+00 3.134273331897532433e+00 3.250544244854518539e+00 4.050102325828809136e+00 4.517934184838833467e+00 4.724518542119104048e+00 5.098543724494225771e+00 5.490527153464054955e+00 5.749886844094969085e+00 6.058600478883759521e+00 6.264490518103786876e+00 6.817784630524744927e+00 7.117735757658112838e+00 7.733566643602601154e+00 8.328758037503218858e+00 8.916547892801492736e+00 9.515667146791647824e+00 1.026851833169973105e+01 1.051507392288444542e+01 1.113544911350891198e+01 1.148023605643876799e+01 1.247594270865158705e+01 1.326340469910809716e+01 1.363162262012609638e+01 1.384194478722216992e+01 1.458178638351441592e+01 1.586668712008583704e+01 1.765470742228125545e+01 1.839420863574414966e+01 1.886441902830773998e+01 2.083635776160031128e+01 2.245475948143637623e+01 2.405904917218126826e+01 2.499848942009115049e+01
2.271841359079242118e+00 2.415388241089699406e+00 2.446282358024292947e+00 3.153178476666021357e+00 3.203700280732414640e+00 4.145609944179224016e+00 4.394409211423769612e+00 4.634422514613114608e+00 5.129888234654210954e+00 5.463736892867133932e+00 5.670224360529757313e+00 6.047331673296391763e+00 6.294587650951711133e+00 6.891868247278055470e+00 7.147426582258161964e+00 7.697691741440091384e+00 8.248401159570954988e+00 8.772299469463794352e+00 9.561002533846570728e+00 1.032146754110396536e+01 1.053380169144549328e+01 1.127478283447464946e+01 1.148208894890649745e+01 1.247957243449976694e+01 1.329315426929106891e+01 1.360482560251205975e+01 1.399599253721044256e+01 1.472493249170448593e+01 1.594268994177129528e+01 1.765493875513320532e+01 1.841759208855799201e+01 1.894945431335710495e+01 2.082611690273487426e+01 2.234325229886839637e+01 2.396729320734601032e+01 2.485581729851206134e+01
2.095900584339567274e+00 2.279746025749842531e+00 2.393123615870080378e+00 3.080426773813056407e+00 3.210049591452476925e+00 4.204643705706535783e+00 4.264646357193476511e+00 4.538336563891522069e+00 5.127969176834040965e+00 5.410288799773887547e+00 5.584804248967814466e+00 6.053976905581599510e+00 6.335319557875680019e+00 6.916902235956974287e+00 7.189861121301755809e+00 7.629551607856810413e+00 8.175596200729371432e+00 8.632158088955943498e+00 9.622034500952370450e+00 1.034169921356750699e+01 1.058207821780962021e+01 1.135429606226254506e+01 1.152308229427274888e+01 1.250808078708739401e+01 1.334069145938596357e+01 1.358322525830759631e+01 1.415143648006463906e+01 1.486495673864768818e+01 1.601646629935151722e+01 1.762682428276471569e+01 1.844472704426910070e+01 1.900337449025879621e+01 2.080309868565479547e+01 2.219176268163086618e+01 2.386921703410722984e+01 2.471219497243756891e+01
1.892301031824301871e+00 2.115160704370252720e+00 2.326237199193923466e+00 2.951296508240800254e+00 3.213018711787496873e+00 4.140339118332232893e+00 4.221618646908786410e+00 4.436562199521168814e+00 5.063188466449884295e+00 5.309081048013573501e+00 5.549313858063443128e+00 6.069731246250719359e+00 6.385066170291636034e+00 6.919884433981612126e+00 7.216578442857177755e+00 7.528192441215646902e+00 8.122650479095717913e+00 8.497533709430337368e+00 9.674967963026881890e+00 1.034708585984505902e+01 1.064981492328787915e+01 1.137938013239633150e+01 1.158321519443289382e+01 1.256330522401304428e+01 1.340223631096062817e+01 1.356327717290942303e+01 1.429649801397135533e+01 1.499784521050163733e+01 1.607888339087714868e+01 1.756983117666639416e+01 1.844882576385684914e+01 1.903716414523884382e+01 2.075407555146388106e+01 2.199416706925454790e+01 2.375452353095758795e+01 2.460151910738233028e+01
1.665224462101030589e+00 1.925644868374867258e+00 2.250763157153082616e+00 2.775932802204100547e+00 3.187540778410510978e+00 4.029796036063572728e+00 4.191648870112706149e+00 4.332335088520237854e+00 4.934896045721970381e+00 5.183052390385984864e+00 5.563151265298995618e+00 6.084676269923479097e+00 6.438557408755596789e+00 6.911978601109157516e+00 7.214175259144465890e+00 7.411943023412703724e+00 8.081448347932509435e+00 8.376615320489859684e+00 9.699480089927288162e+00 1.035681018087382022e+01 1.072214045621832668e+01 1.138624571534356278e+01 1.162504478714417999e+01 1.263513645015528297e+01 1.346488862413124465e+01 1.354884275582038811e+01 1.442200584671678421e+01 1.511705948237939801e+01 1.612064352975290404e+01 1.750245324585088724e+01 1.839909365051338952e+01 1.906093296790215419e+01 2.066126240003653081e+01 2.175621053365252067e+01 2.361712094331373279e+01 2.454713839046936030e+01
1.418751000917649385e+00 1.716824986004230391e+00 2.172476403396765399e+00 2.555812133456133672e+00 3.130958296375716099e+00 3.929386038815632531e+00 4.111666418824579061e+00 4.230167129914558899e+00 4.769598274541661631e+00 5.066267666459083330e+00 5.597990484612803463e+00 6.091549138218324444e+00 6.485727931615755892e+00 6.891590613043720559e+00 7.172986033241016024e+00 7.321598681521071406e+00 8.021915476097349895e+00 8.290820603066103800e+00 9.689338080838174605e+00 1.037492466936609148e+01 1.078915830436528545e+01 1.138560862815246821e+01 1.164789541670154627e+01 1.270568466285974019e+01 1.347137467565061364e+01 1.358689459091009155e+01 1.452334635775845761e+01 1.521301825637121219e+01 1.613146207089199891e+01 1.745663570640321893e+01 1.827264042771841801e+01 1.907511523928810604e+01 2.051074988619752659e+01 2.150326053438790197e+01 2.346994579072147147e+01 2.453834121017925085e+01
1.157674555250250314e+00 1.494926692480485597e+00 2.099485500162824980e+00 2.297099808147291533e+00 3.050375453316962027e+00 3.830120057214453144e+00 3.981099007461554429e+00 4.132619248879970009e+00 4.600684241488511184e+00 4.974097986882288325e+00 5.638164150979937617e+00 6.084393245308715947e+00 6.512231470639247455e+00 6.850289203979484043e+00 7.113519474112888652e+00 7.279566683750418932e+00 7.929774840642581424e+00 8.248795448780445128e+00 9.651313130308617261e+00 1.039438042553350883e+01 1.084268404114087048e+01 1.138099042716248377e+01 1.166088482556444283e+01 1.275858431493171707e+01 1.342540271233964155e+01 1.366430420950046809e+01 1.460083893178656034e+01 1.527281207009550101e+01 1.610517467611790110e+01 1.746327122470733428e+01 1.805179161598337245e+01 1.907761258346045707e+01 2.031490555715195967e+01 2.126643659762065042e+01 2.333343005983999774e+01 2.454023240745847900e+01
8.874645730526504739e-01 1.266722695338079241e+00 2.003179814701569583e+00 2.050517318296038116e+00 2.958873123701013963e+00 3.724368882559523364e+00 3.816884519670736164e+00 4.037772448554109772e+00 4.450230622309315542e+00 4.914005231236793669e+00 5.672543653791602303e+00 6.055821482948008594e+00 6.503860738833428634e+00 6.799471561651904139e+00 7.080126893521034859e+00 7.264532660476146653e+00 7.832986947692166524e+00 8.223812018650743738e+00 9.595119942413331771e+00 1.040758060361091353e+01 1.087489056143014388e+01 1.137878959883307672e+01 1.166630675958025343e+01 1.278501914853293009e+01 1.335942151699580727e+01 1.374376770521602076e+01 1.465857421388942861e+01 1.527648965066397402e+01 1.605241785847245239e+01 1.749882092380506649e+01 1.776778372310378984e+01 1.907212995084655915e+01 2.012163491634148116e+01 2.105495137919602300e+01 2.322145101962246372e+01 2.451679950385755191e+01
6.149807825768928149e-01 1.039306888782842941e+00 1.695425138923091879e+00 2.031331985200394818e+00 2.873195962153225480e+00 3.609023072394175191e+00 3.650440597429698286e+00 3.950959539114446972e+00 4.323949542271303237e+00 4.884105029615835925e+00 5.691588000702244798e+00 5.998164765082395711e+00 6.468422731851584118e+00 6.768459549977828615e+00 7.067461352751293724e+00 7.266628701530143175e+00 7.758863483632125302e+00 8.191693913466544075e+00 9.527287728183754467e+00 1.041229342532610680e+01 1.088050238550919602e+01 1.138539244698156239e+01 1.165888779486682481e+01 1.278545179982131863e+01 1.328539448412014146e+01 1.381702207268673988e+01 1.470215463169398440e+01 1.519033998269444830e+01 1.600210048885210057e+01 1.723823971560081603e+01 1.777659597116881685e+01 1.906676264585588854e+01 1.997087905064553226e+01 2.086043736074524446e+01 2.314179163192499544e+01 2.444323723456417952e+01
3.488872635466794825e-01 8.184529708548164972e-01 1.370087509467655673e+00 2.067449332182706101e+00 2.810650639547953578e+00 3.488519785450726829e+00 3.512203828817465290e+00 3.886210070728368215e+00 4.216248858591375992e+00 4.875312031361864307e+00 5.689197177922666881e+00 5.915725473204680895e+00 6.440758661290639786e+00 6.752064508019656408e+00 7.064190396466698552e+00 7.281551414684736656e+00 7.716895348271062716e+00 8.141206511236751098e+00 9.451730177870141247e+00 1.041165306849567607e+01 1.085925943659753301e+01 1.140121614186034904e+01 1.163236530152575909e+01 1.276854926661965095e+01 1.322096877881350707e+01 1.387979717627083787e+01 1.473609971906565264e+01 1.497667828269907453e+01 1.597967880328219614e+01 1.685430011824756846e+01 1.797728183309994421e+01 1.906811958226623105e+01 1.985863394276476868e+01 2.068033230010635037e+01 2.310066444030844579e+01 2.431004847885002818e+01
5.310352413070515420e-02 6.062873523097674910e-01 1.034886213960087176e+00 2.149451343862789354e+00 2.781161721627213090e+00 3.374596094495979859e+00 3.425047294916292451e+00 3.853617264579766388e+00 4.119170924385048949e+00 4.877135431001178745e+00 5.667343351848812993e+00 5.830746015203285282e+00 6.439175530799302827e+00 6.729072174180147137e+00 7.073805003664450197e+00 7.303842565379024876e+00 7.702857273732726107e+00 8.069641929973732530e+00 9.373245256073483134e+00 1.041155211439453154e+01 1.081484753204203031e+01 1.142118681594662277e+01 1.158753088086637995e+01 1.274739922397396441e+01 1.318889835363487784e+01 1.392740646231390045e+01 1.463626498298773093e+01 1.476510497770260422e+01 1.598779665807413863e+01 1.655451625324946008e+01 1.822493227921676251e+01 1.907730686916169915e+01 1.975064634935081287e+01 2.052736542176559098e+01 2.310499557366815893e+01 2.412314841727800641e+01
-1.508632202540602651e-01 4.011459463182975305e-01 6.932226389174460657e-01 2.240968161274647041e+00 2.781365051692569423e+00 3.284333925913614394e+00 3.395421416043788998e+00 3.851884834863664953e+00 4.030361936440078452e+00 4.881626990990518777e+00 5.641757650449723549e+00 5.760450108591474994e+00 6.461904556533639266e+00 6.686574882110508433e+00 7.100534136390387552e+00 7.328987590809881603e+00 7.706945174692809708e+00 7.982766279714905266e+00 9.300773841689952803e+00 1.041718096385561410e+01 1.075502655051099232e+01 1.143945066202983618e+01 1.153631355577181417e+01 1.273279970034644926e+01 1.321213745250438620e+01 1.394345465944371831e+01 1.425553880046062005e+01 1.478490028475926543e+01 1.601590574033550851e+01 1.636091191643479803e+01 1.849172751966515094e+01 1.908807703437748771e+01 1.961227250459354110e+01 2.042126310002158718e+01 2.316173830249974941e+01 2.390145516976182449e+01
-9.818803271287833423e-02 1.998733264184687497e-01 3.475674121124656124e-01 2.301277807789512408e+00 2.796954624486584162e+00 3.230287682478231837e+00 3.404010426016264468e+00 3.868836537754600347e+00 3.957934152977839570e+00 4.884850703346072187e+00 5.632864701728180989e+00 5.706621285797853993e+00 6.503805423385091267e+00 6.626734941223046071e+00 7.133598094238657872e+00 7.352220463551378593e+00 7.720592790061012956e+00 7.898987966938432415e+00 9.247844362334550539e+00 1.042870163584759702e+01 1.069736281680156509e+01 1.145237477184786812e+01 1.149603186180399383e+01 1.272709122127618286e+01 1.331095900687659572e+01 1.378846613716712177e+01 1.405778469861344426e+01 1.479791378293515258e+01 1.605294322376801119e+01 1.624563949785093797e+01 1.875258106417666681e+01 1.908117186567300649e+01 1.944844110412647709e+01 2.036662050875723651e+01 2.327357326823303652e+01 2.367339206853309719e+01
-4.645054639519151742e-04 -3.305275863236034942e-04 1.851892416311112049e-07 2.319843008166704745e+00 2.806168975740930716e+00 3.213191759719073115e+00 3.413760752687094335e+00 3.884058751092336337e+00 3.923212629428779685e+00 4.885918036667113995e+00 5.638685506868404751e+00 5.679493986012624340e+00 6.553821884370877093e+00 6.568917591729643846e+00 7.149063722928949538e+00 7.363000508584641501e+00 7.731207731316167120e+00 7.858567898616472647e+00 9.228192110426553185e+00 1.043593968003112948e+01 1.067168406496181454e+01 1.145798840554959774e+01 1.147999696283661386e+01 1.272608493896140303e+01 1.345990188141337462e+01 1.356000815857676756e+01 1.404455774581558636e+01 1.480241590878338442e+01 1.607648405194415275e+01 1.619952331152701674e+01 1.892724214880184874e+01 1.902799087475501949e+01 1.935724621881140450e+01 2.035094769952273097e+01 2.339596705809114852e+01 2.350896797300830698e+01
