-3.357628004368607755e+00
-3.217319575721552916e+00
-3.077011147074498520e+00
-2.936702718427443681e+00
-2.796394289780389286e+00
-2.656085861133334891e+00
-2.515777432486280052e+00
-2.375469003839225657e+00
-2.235160575192170818e+00
-2.094852146545116423e+00
-1.954543717898062027e+00
-1.814235289251007188e+00
-1.673926860603952793e+00
-1.533618431956898176e+00
-1.393310003309843337e+00
-1.253001574662788942e+00
-1.112693146015734325e+00
-9.723847173686799295e-01
-8.320762887216255344e-01
-6.917678600745705841e-01
-5.514594314275160780e-01
-4.111510027804616829e-01
-2.708425741334067882e-01
-1.305341454863523099e-01
9.774283160702161577e-03
1.500827118077566191e-01
2.903911404548110697e-01
4.306995691018655759e-01
5.710079977489208591e-01
7.113164263959753653e-01
8.516248550430297604e-01
9.919332836900842665e-01
1.132241712337138662e+00
1.272550140984193279e+00
1.412858569631247674e+00
1.553166998278302069e+00
1.693475426925356686e+00
1.833783855572411969e+00
1.974092284219466364e+00
2.114400712866520760e+00
2.254709141513575155e+00
2.395017570160629994e+00
2.535325998807684389e+00
2.675634427454738784e+00
2.815942856101794067e+00
2.956251284748848462e+00
3.096559713395902858e+00
3.236868142042957253e+00
3.377176570690012092e+00
3.517484999337066487e+00
3.657793427984120882e+00
3.798101856631175277e+00
3.938410285278229672e+00
4.078718713925285400e+00
4.219027142572338462e+00
4.359335571219393302e+00
4.499643999866449029e+00
4.639952428513503868e+00
4.780260857160557819e+00
4.920569285807612658e+00
5.060877714454667498e+00
5.201186143101721449e+00
5.341494571748776288e+00
5.481803000395830239e+00
5.622111429042885078e+00
5.762419857689939917e+00
5.902728286336993868e+00
6.043036714984048707e+00
6.183345143631102658e+00
6.323653572278157498e+00
6.463962000925211449e+00
6.604270429572266288e+00
6.744578858219321127e+00
6.884887286866376854e+00
7.025195715513431693e+00
7.165504144160485644e+00
7.305812572807540484e+00
7.446121001454594435e+00
7.586429430101649274e+00
7.726737858748704113e+00
7.867046287395758064e+00
8.007354716042812015e+00
8.147663144689866854e+00
8.287971573336921693e+00
8.428280001983976533e+00
8.568588430631031372e+00
8.708896859278084435e+00
8.849205287925139274e+00
8.989513716572195889e+00
9.129822145219250729e+00
9.270130573866303791e+00
9.410439002513358631e+00
9.550747431160413470e+00
9.691055859807468309e+00
9.831364288454523148e+00
9.971672717101576211e+00
1.011198114574863105e+01
1.025228957439568589e+01
1.039259800304274073e+01
1.053290643168979557e+01
1.067321486033684863e+01
1.081352328898390347e+01
1.095383171763095831e+01
1.109414014627801315e+01
1.123444857492506799e+01
1.137475700357212283e+01
1.151506543221917767e+01
1.165537386086623250e+01
1.179568228951328557e+01
1.193599071816034041e+01
1.207629914680739347e+01
1.221660757545445009e+01
1.235691600410150670e+01
1.249722443274855976e+01
1.263753286139561460e+01
1.277784129004266767e+01
1.291814971868972428e+01
1.305845814733677734e+01
1.319876657598383218e+01
1.333907500463088525e+01
1.347938343327794186e+01
1.361969186192499492e+01
1.376000029057205154e+01
1.390030871921910283e+01
1.404061714786615944e+01
1.418092557651321250e+01
1.432123400516026912e+01
1.446154243380732218e+01
1.460185086245437702e+01
1.474215929110143364e+01
1.488246771974848670e+01
1.502277614839554332e+01
1.516308457704259638e+01
1.530339300568965122e+01
1.544370143433670428e+01
1.558400986298376090e+01
1.572431829163081396e+01
1.586462672027786880e+01
1.600493514892492186e+01
1.614524357757197848e+01
1.628555200621903154e+01
1.642586043486608816e+01
1.656616886351314122e+01
1.670647729216019783e+01
1.684678572080725090e+01
1.698709414945430396e+01
1.712740257810136058e+01
1.726771100674841364e+01
1.740801943539547025e+01
1.754832786404252332e+01
1.768863629268957993e+01
1.782894472133663299e+01
1.796925314998368961e+01
1.810956157863074267e+01
1.824987000727779574e+01
1.839017843592484880e+01
1.853048686457190541e+01
1.867079529321895848e+01
1.881110372186601509e+01
1.895141215051306816e+01
1.909172057916012477e+01
1.923202900780718139e+01
1.937233743645423445e+01
1.951264586510128751e+01
1.965295429374834058e+01
1.979326272239539719e+01
1.993357115104245025e+01
2.007387957968950687e+01
2.021418800833655993e+01
2.035449643698361655e+01
2.049480486563066961e+01
2.063511329427772623e+01
2.077542172292477929e+01
2.091573015157183235e+01
2.105603858021888541e+01
2.119634700886594203e+01
2.133665543751299865e+01
2.147696386616005171e+01
2.161727229480710832e+01
2.175758072345416139e+01
2.189788915210121800e+01
2.203819758074827106e+01
2.217850600939532413e+01
2.231881443804237719e+01
2.245912286668943381e+01
2.259943129533648687e+01
2.273973972398354348e+01
2.288004815263059655e+01
2.302035658127765316e+01
2.316066500992470623e+01
2.330097343857176284e+01
2.344128186721881590e+01
2.358159029586586897e+01
2.372189872451292558e+01
2.386220715315997865e+01
2.400251558180703526e+01
2.414282401045408832e+01
2.428313243910114494e+01
2.442344086774819800e+01
2.456374929639525106e+01
