-3.610895235998958341e+00
-3.488621917156847552e+00
-3.366348598314735874e+00
-3.244075279472625084e+00
-3.121801960630513850e+00
-2.999528641788403061e+00
-2.877255322946291827e+00
-2.754982004104180593e+00
-2.632708685262069359e+00
-2.510435366419958569e+00
-2.388162047577847336e+00
-2.265888728735736546e+00
-2.143615409893624868e+00
-2.021342091051514078e+00
-1.899068772209402622e+00
-1.776795453367291833e+00
-1.654522134525180821e+00
-1.532248815683069809e+00
-1.409975496840958353e+00
-1.287702177998847342e+00
-1.165428859156736552e+00
-1.043155540314625096e+00
-9.208822214725140842e-01
-7.986089026304031835e-01
-6.763355837882917276e-01
-5.540622649461808269e-01
-4.317889461040698151e-01
-3.095156272619588589e-01
-1.872423084198474585e-01
-6.496898957773648842e-02
5.730432926437448171e-02
1.795776481064858543e-01
3.018509669485968105e-01
4.241242857907078223e-01
5.463976046328187230e-01
6.686709234749297348e-01
7.909442423170415237e-01
9.132175611591525355e-01
1.035490880001263436e+00
1.157764198843374448e+00
1.280037517685485460e+00
1.402310836527596472e+00
1.524584155369708149e+00
1.646857474211819161e+00
1.769130793053930173e+00
1.891404111896041185e+00
2.013677430738152196e+00
2.135950749580262986e+00
2.258224068422374664e+00
2.380497387264485898e+00
2.502770706106596688e+00
2.625044024948707921e+00
2.747317343790818711e+00
2.869590662632929501e+00
2.991863981475040735e+00
3.114137300317152413e+00
3.236410619159263202e+00
3.358683938001374436e+00
3.480957256843485226e+00
3.603230575685596460e+00
3.725503894527707249e+00
3.847777213369819371e+00
3.970050532211930605e+00
4.092323851054041839e+00
4.214597169896152629e+00
4.336870488738263418e+00
4.459143807580374208e+00
4.581417126422484998e+00
4.703690445264596676e+00
4.825963764106707465e+00
4.948237082948818255e+00
5.070510401790930821e+00
5.192783720633041611e+00
5.315057039475152401e+00
5.437330358317264078e+00
5.559603677159374868e+00
5.681876996001485658e+00
5.804150314843596448e+00
5.926423633685707237e+00
6.048696952527818915e+00
6.170970271369929705e+00
6.293243590212040495e+00
6.415516909054151284e+00
6.537790227896262074e+00
6.660063546738375528e+00
6.782336865580486318e+00
6.904610184422597108e+00
7.026883503264707898e+00
7.149156822106818687e+00
7.271430140948930365e+00
7.393703459791041155e+00
7.515976778633151945e+00
7.638250097475262734e+00
7.760523416317373524e+00
7.882796735159485202e+00
8.005070054001595992e+00
8.127343372843707670e+00
8.249616691685819347e+00
8.371890010527931025e+00
8.494163329370040927e+00
8.616436648212152605e+00
8.738709967054262506e+00
8.860983285896374184e+00
8.983256604738485862e+00
9.105529923580595764e+00
9.227803242422707442e+00
9.350076561264817343e+00
9.472349880106929021e+00
9.594623198949040699e+00
9.716896517791152377e+00
9.839169836633264055e+00
9.961443155475373956e+00
1.008371647431748563e+01
1.020598979315959731e+01
1.032826311200170721e+01
1.045053643084381889e+01
1.057280974968592879e+01
1.069508306852804047e+01
1.081735638737015215e+01
1.093962970621226205e+01
1.106190302505437373e+01
1.118417634389648363e+01
1.130644966273859708e+01
1.142872298158070876e+01
1.155099630042281866e+01
1.167326961926493034e+01
1.179554293810704024e+01
1.191781625694915192e+01
1.204008957579126360e+01
1.216236289463337350e+01
1.228463621347548518e+01
1.240690953231759508e+01
1.252918285115970676e+01
1.265145617000181844e+01
1.277372948884392834e+01
1.289600280768604001e+01
1.301827612652814992e+01
1.314054944537026159e+01
1.326282276421237327e+01
1.338509608305448317e+01
1.350736940189659485e+01
1.362964272073870831e+01
1.375191603958081998e+01
1.387418935842292989e+01
1.399646267726504156e+01
1.411873599610715324e+01
1.424100931494926314e+01
1.436328263379137482e+01
1.448555595263348472e+01
1.460782927147559640e+01
1.473010259031770808e+01
1.485237590915981798e+01
1.497464922800192966e+01
1.509692254684403956e+01
1.521919586568615124e+01
1.534146918452826291e+01
1.546374250337037282e+01
1.558601582221248449e+01
1.570828914105459440e+01
1.583056245989670607e+01
1.595283577873881775e+01
1.607510909758092765e+01
1.619738241642303933e+01
1.631965573526515101e+01
1.644192905410726269e+01
1.656420237294937081e+01
1.668647569179148249e+01
1.680874901063359772e+01
1.693102232947570940e+01
1.705329564831781752e+01
1.717556896715992920e+01
1.729784228600204088e+01
1.742011560484415256e+01
1.754238892368626423e+01
1.766466224252837236e+01
1.778693556137048404e+01
1.790920888021259572e+01
1.803148219905470739e+01
1.815375551789681907e+01
1.827602883673892720e+01
1.839830215558103887e+01
1.852057547442315055e+01
1.864284879326526223e+01
1.876512211210737391e+01
1.888739543094948203e+01
1.900966874979159371e+01
1.913194206863370539e+01
1.925421538747581707e+01
1.937648870631792875e+01
1.949876202516003687e+01
1.962103534400214855e+01
1.974330866284426023e+01
1.986558198168637546e+01
1.998785530052848713e+01
2.011012861937059526e+01
2.023240193821270694e+01
2.035467525705481862e+01
2.047694857589693029e+01
2.059922189473904197e+01
2.072149521358115010e+01
