-2.644038627349710069e+00
-2.512679158295833659e+00
-2.381319689241957693e+00
-2.249960220188081284e+00
-2.118600751134205318e+00
-1.987241282080329130e+00
-1.855881813026453164e+00
-1.724522343972576977e+00
-1.593162874918700789e+00
-1.461803405864824601e+00
-1.330443936810948635e+00
-1.199084467757072447e+00
-1.067724998703196038e+00
-9.363655296493199609e-01
-8.050060605954438842e-01
-6.736465915415679184e-01
-5.422871224876916196e-01
-4.109276534338152653e-01
-2.795681843799393551e-01
-1.482087153260630563e-01
-1.684924627218712875e-02
1.145102227816892082e-01
2.458696918355651184e-01
3.772291608894414727e-01
5.085886299433177715e-01
6.399480989971937372e-01
7.713075680510700360e-01
9.026670371049458907e-01
1.034026506158822301e+00
1.165385975212698266e+00
1.296745444266574010e+00
1.428104913320450864e+00
1.559464382374326830e+00
1.690823851428202573e+00
1.822183320482079427e+00
1.953542789535955393e+00
2.084902258589831359e+00
2.216261727643707324e+00
2.347621196697583734e+00
2.478980665751459700e+00
2.610340134805335666e+00
2.741699603859212520e+00
2.873059072913088485e+00
3.004418541966964451e+00
3.135778011020840417e+00
3.267137480074716827e+00
3.398496949128592792e+00
3.529856418182468758e+00
3.661215887236345612e+00
3.792575356290221134e+00
3.923934825344097987e+00
4.055294294397972621e+00
4.186653763451849919e+00
4.318013232505726329e+00
4.449372701559601850e+00
4.580732170613478260e+00
4.712091639667354670e+00
4.843451108721230192e+00
4.974810577775106601e+00
5.106170046828983899e+00
5.237529515882858533e+00
5.368888984936734943e+00
5.500248453990612241e+00
5.631607923044486874e+00
5.762967392098364172e+00
5.894326861152240582e+00
6.025686330206116104e+00
6.157045799259992513e+00
6.288405268313868923e+00
6.419764737367744445e+00
6.551124206421620855e+00
6.682483675475496376e+00
6.813843144529372786e+00
6.945202613583250084e+00
7.076562082637124718e+00
7.207921551691001127e+00
7.339281020744878425e+00
7.470640489798753059e+00
7.601999958852630357e+00
7.733359427906506767e+00
7.864718896960382288e+00
7.996078366014258698e+00
8.127437835068135996e+00
8.258797304122010630e+00
8.390156773175887039e+00
8.521516242229761673e+00
8.652875711283639859e+00
8.784235180337516269e+00
8.915594649391390902e+00
9.046954118445267312e+00
9.178313587499143722e+00
9.309673056553020132e+00
9.441032525606896542e+00
9.572391994660772951e+00
9.703751463714647585e+00
9.835110932768523995e+00
9.966470401822402181e+00
1.009782987087627681e+01
1.022918933993015322e+01
1.036054880898402786e+01
1.049190827803790604e+01
1.062326774709178245e+01
1.075462721614565709e+01
1.088598668519953350e+01
1.101734615425340991e+01
1.114870562330728632e+01
1.128006509236116273e+01
1.141142456141503914e+01
1.154278403046891377e+01
1.167414349952279018e+01
1.180550296857666659e+01
1.193686243763054300e+01
1.206822190668441941e+01
1.219958137573829404e+01
1.233094084479217045e+01
1.246230031384604864e+01
1.259365978289992327e+01
1.272501925195379968e+01
1.285637872100767609e+01
1.298773819006155428e+01
1.311909765911542713e+01
1.325045712816930354e+01
1.338181659722317995e+01
1.351317606627705636e+01
1.364453553533093455e+01
1.377589500438481096e+01
1.390725447343868382e+01
1.403861394249256023e+01
1.416997341154643664e+01
1.430133288060031482e+01
1.443269234965419123e+01
1.456405181870806409e+01
1.469541128776194050e+01
1.482677075681581869e+01
1.495813022586969510e+01
1.508948969492357151e+01
1.522084916397744792e+01
1.535220863303132077e+01
1.548356810208519896e+01
1.561492757113907537e+01
1.574628704019295178e+01
1.587764650924682819e+01
1.600900597830070282e+01
1.614036544735457923e+01
1.627172491640845564e+01
1.640308438546233205e+01
1.653444385451620846e+01
1.666580332357008487e+01
1.679716279262395773e+01
1.692852226167783414e+01
1.705988173073171410e+01
1.719124119978559051e+01
1.732260066883946692e+01
1.745396013789334333e+01
1.758531960694721619e+01
1.771667907600109260e+01
1.784803854505496901e+01
1.797939801410884542e+01
1.811075748316272183e+01
1.824211695221659824e+01
1.837347642127047465e+01
1.850483589032435106e+01
1.863619535937822747e+01
1.876755482843210388e+01
1.889891429748598028e+01
1.903027376653985314e+01
1.916163323559372955e+01
1.929299270464760596e+01
1.942435217370148237e+01
1.955571164275536233e+01
1.968707111180923519e+01
1.981843058086311160e+01
1.994979004991698801e+01
2.008114951897086442e+01
2.021250898802474083e+01
2.034386845707861724e+01
2.047522792613249010e+01
2.060658739518636651e+01
2.073794686424024647e+01
2.086930633329412288e+01
2.100066580234799929e+01
2.113202527140187215e+01
2.126338474045574856e+01
2.139474420950962497e+01
2.152610367856350138e+01
2.165746314761737779e+01
2.178882261667125420e+01
2.192018208572513061e+01
2.205154155477900701e+01
2.218290102383288342e+01
2.231426049288675983e+01
2.244561996194063624e+01
2.257697943099451265e+01
2.270833890004838551e+01
2.283969836910226192e+01
2.297105783815613833e+01
2.310241730721001474e+01
2.323377677626389470e+01
2.336513624531776756e+01
2.349649571437164752e+01
