0.000000000000000000e+00
8.788716297567691904e-02
1.757743259513538381e-01
2.636614889270307849e-01
3.515486519027076762e-01
4.394358148783845675e-01
5.273229778540615698e-01
6.152101408297384610e-01
7.030973038054153523e-01
7.909844667810922436e-01
8.788716297567691349e-01
9.667587927324460262e-01
1.054645955708122917e+00
1.142533118683799920e+00
1.230420281659476700e+00
1.318307444635153702e+00
1.406194607610830705e+00
1.494081770586507485e+00
1.581968933562184487e+00
1.669856096537861490e+00
1.757743259513538270e+00
1.840604071406002795e+00
1.923464883298467321e+00
2.006325695190931846e+00
2.089186507083396371e+00
2.172047318975860897e+00
2.254908130868325422e+00
2.337768942760789947e+00
2.420629754653254473e+00
2.503490566545718998e+00
2.586351378438183524e+00
2.669212190330648493e+00
2.752073002223113019e+00
2.834933814115577544e+00
2.917794626008042069e+00
3.000655437900506595e+00
3.087109010363608519e+00
3.173562582826709999e+00
3.260016155289811923e+00
3.346469727752913847e+00
3.432923300216015328e+00
3.519376872679117252e+00
3.605830445142219176e+00
3.685727866029198108e+00
3.765625286916177039e+00
3.845522707803156415e+00
3.925420128690135346e+00
4.005317549577114278e+00
4.085214970464093653e+00
4.165112391351072141e+00
4.245009812238051516e+00
4.324907233125030004e+00
4.404804654012009379e+00
4.484702074898988755e+00
4.564599495785968131e+00
4.644496916672946618e+00
4.724394337559925994e+00
4.804291758446904481e+00
4.884189179333883857e+00
4.964086600220863232e+00
5.043984021107841720e+00
5.123881441994821095e+00
5.203778862881799583e+00
5.283676283768778958e+00
5.363573704655758334e+00
5.436686185737344523e+00
5.509798666818930712e+00
5.582911147900517790e+00
5.656023628982103979e+00
5.729136110063690168e+00
5.802248591145276357e+00
5.875361072226862547e+00
5.948473553308449624e+00
6.021586034390035813e+00
6.094698515471622002e+00
6.167810996553208192e+00
6.240923477634794381e+00
6.314035958716381458e+00
6.387148439797967647e+00
6.460260920879553836e+00
6.533373401961140026e+00
6.606485883042726215e+00
6.606485883042726215e+00
6.682132758947940232e+00
6.757779634853154249e+00
6.833426510758368266e+00
6.909073386663582284e+00
6.984720262568796301e+00
7.060367138474010318e+00
7.136014014379224335e+00
7.211660890284438352e+00
7.211660890284438352e+00
7.287307766189652369e+00
7.362954642094866387e+00
7.438601518000080404e+00
7.514248393905294421e+00
7.589895269810508438e+00
7.665542145715722455e+00
7.741189021620936472e+00
7.816835897526150490e+00
