-3.421414636401677978e+00
-3.283602344463960154e+00
-3.145790052526242775e+00
-3.007977760588525395e+00
-2.870165468650807572e+00
-2.732353176713090193e+00
-2.594540884775372369e+00
-2.456728592837654546e+00
-2.318916300899937166e+00
-2.181104008962219787e+00
-2.043291717024501963e+00
-1.905479425086784584e+00
-1.767667133149066760e+00
-1.629854841211349159e+00
-1.492042549273631336e+00
-1.354230257335913956e+00
-1.216417965398196133e+00
-1.078605673460478531e+00
-9.407933815227611518e-01
-8.029810895850434393e-01
-6.651687976473257269e-01
-5.273565057096083475e-01
-3.895442137718906350e-01
-2.517319218341728670e-01
-1.139196298964555570e-01
2.389266204126217971e-02
1.617049539789799095e-01
2.995172459166976497e-01
4.373295378544154177e-01
5.751418297921326861e-01
7.129541217298500655e-01
8.507664136675682220e-01
9.885787056052854904e-01
1.126390997543002870e+00
1.264203289480720915e+00
1.402015581418438295e+00
1.539827873356155674e+00
1.677640165293873720e+00
1.815452457231591099e+00
1.953264749169308478e+00
2.091077041107026524e+00
2.228889333044743903e+00
2.366701624982461283e+00
2.504513916920179550e+00
2.642326208857896930e+00
2.780138500795613865e+00
2.917950792733332133e+00
3.055763084671049512e+00
3.193575376608766891e+00
3.331387668546485159e+00
3.469199960484202538e+00
3.607012252421920362e+00
3.744824544359637741e+00
3.882636836297354677e+00
4.020449128235073388e+00
4.158261420172789435e+00
4.296073712110508147e+00
4.433886004048225971e+00
4.571698295985942906e+00
4.709510587923660729e+00
4.847322879861377665e+00
4.985135171799094600e+00
5.122947463736814200e+00
5.260759755674531135e+00
5.398572047612248959e+00
5.536384339549965894e+00
5.674196631487683717e+00
5.812008923425402429e+00
5.949821215363119364e+00
6.087633507300837188e+00
6.225445799238554123e+00
6.363258091176271947e+00
6.501070383113988882e+00
6.638882675051707594e+00
6.776694966989425417e+00
6.914507258927142352e+00
7.052319550864860176e+00
7.190131842802577111e+00
7.327944134740294935e+00
7.465756426678013646e+00
7.603568718615730582e+00
7.741381010553448405e+00
7.879193302491165340e+00
8.017005594428882276e+00
8.154817886366600987e+00
8.292630178304319699e+00
8.430442470242036634e+00
8.568254762179753570e+00
8.706067054117470505e+00
8.843879346055189217e+00
8.981691637992906152e+00
9.119503929930624864e+00
9.257316221868341799e+00
9.395128513806058734e+00
9.532940805743777446e+00
9.670753097681494381e+00
9.808565389619211317e+00
9.946377681556930028e+00
1.008418997349464696e+01
1.022200226543236568e+01
1.035981455737008261e+01
1.049762684930779955e+01
1.063543914124551826e+01
1.077325143318323519e+01
1.091106372512095390e+01
1.104887601705867084e+01
1.118668830899638778e+01
1.132450060093410471e+01
1.146231289287182342e+01
1.160012518480954213e+01
1.173793747674725729e+01
1.187574976868497778e+01
1.201356206062269472e+01
1.215137435256041343e+01
1.228918664449813036e+01
1.242699893643584730e+01
1.256481122837356423e+01
1.270262352031128117e+01
1.284043581224899988e+01
1.297824810418671682e+01
1.311606039612443375e+01
1.325387268806215069e+01
1.339168497999986762e+01
1.352949727193758989e+01
1.366730956387530682e+01
1.380512185581302376e+01
1.394293414775074069e+01
1.408074643968845763e+01
1.421855873162617634e+01
1.435637102356389327e+01
1.449418331550161021e+01
1.463199560743932715e+01
1.476980789937704586e+01
1.490762019131476279e+01
1.504543248325248328e+01
1.518324477519020199e+01
1.532105706712791893e+01
1.545886935906563586e+01
1.559668165100335457e+01
1.573449394294107151e+01
1.587230623487878844e+01
1.601011852681650538e+01
1.614793081875422232e+01
1.628574311069193925e+01
1.642355540262965974e+01
1.656136769456737667e+01
1.669917998650509716e+01
1.683699227844281410e+01
1.697480457038053103e+01
1.711261686231824797e+01
1.725042915425596490e+01
1.738824144619368184e+01
1.752605373813139877e+01
1.766386603006911571e+01
1.780167832200683620e+01
1.793949061394455313e+01
1.807730290588227007e+01
1.821511519781998700e+01
1.835292748975770749e+01
1.849073978169542443e+01
1.862855207363314136e+01
1.876636436557085830e+01
1.890417665750857523e+01
1.904198894944629217e+01
1.917980124138401266e+01
1.931761353332172959e+01
1.945542582525944653e+01
1.959323811719716346e+01
1.973105040913488040e+01
1.986886270107260088e+01
2.000667499301031782e+01
2.014448728494803476e+01
2.028229957688575169e+01
2.042011186882346863e+01
2.055792416076118911e+01
2.069573645269890605e+01
2.083354874463662298e+01
2.097136103657433992e+01
2.110917332851205686e+01
2.124698562044977379e+01
2.138479791238749073e+01
2.152261020432521121e+01
2.166042249626292815e+01
2.179823478820064864e+01
2.193604708013836557e+01
2.207385937207608251e+01
2.221167166401379944e+01
2.234948395595151638e+01
2.248729624788923331e+01
2.262510853982695025e+01
2.276292083176466718e+01
2.290073312370238412e+01
2.303854541564010461e+01
2.317635770757782510e+01
2.331416999951554203e+01
2.345198229145325897e+01
2.358979458339097590e+01
2.372760687532869284e+01
2.386541916726640977e+01
2.400323145920412671e+01
