-5.326983804612810125e-02
-3.630380379735129864e-02
-1.933776954857449604e-02
-2.371735299797696466e-03
1.459429894897910397e-02
3.156033319775589790e-02
4.852636744653270745e-02
6.549240169530952393e-02
8.245843594408631960e-02
9.942447019286311527e-02
1.163905044416399109e-01
1.333565386904167205e-01
1.503225729391935162e-01
1.672886071879703118e-01
1.842546414367471352e-01
2.012206756855239309e-01
2.181867099343007266e-01
2.351527441830775222e-01
2.521187784318543179e-01
2.690848126806311136e-01
2.860508469294079092e-01
3.030168811781847604e-01
3.199829154269615561e-01
3.369489496757383518e-01
3.539149839245151474e-01
3.708810181732919431e-01
3.878470524220687388e-01
4.048130866708455344e-01
4.217791209196223856e-01
4.387451551683991258e-01
4.557111894171759769e-01
4.726772236659526616e-01
4.896432579147295128e-01
5.066092921635063639e-01
5.235753264122831041e-01
5.405413606610599553e-01
5.575073949098366954e-01
5.744734291586135466e-01
5.914394634073902868e-01
6.084054976561671380e-01
6.253715319049438781e-01
6.423375661537207293e-01
6.593036004024975805e-01
6.762696346512743206e-01
6.932356689000511718e-01
7.102017031488279120e-01
7.271677373976047631e-01
7.441337716463815033e-01
7.610998058951583545e-01
7.780658401439352057e-01
7.950318743927119458e-01
8.119979086414886860e-01
8.289639428902655371e-01
8.459299771390422773e-01
8.628960113878190175e-01
8.798620456365958686e-01
8.968280798853727198e-01
9.137941141341494600e-01
9.307601483829262001e-01
9.477261826317031623e-01
9.646922168804799025e-01
9.816582511292566426e-01
9.986242853780333828e-01
1.015590319626810345e+00
1.032556353875587085e+00
1.049522388124363825e+00
1.066488422373140788e+00
1.083454456621917528e+00
1.100420490870694268e+00
1.117386525119471008e+00
1.134352559368247970e+00
1.151318593617024710e+00
1.168284627865801450e+00
1.185250662114578413e+00
1.202216696363355153e+00
1.219182730612131893e+00
1.236148764860908633e+00
1.253114799109685595e+00
1.270080833358462336e+00
1.287046867607239076e+00
1.304012901856015816e+00
1.320978936104792778e+00
1.337944970353569518e+00
1.354911004602346258e+00
1.371877038851123221e+00
1.388843073099899961e+00
1.405809107348676701e+00
1.422775141597453441e+00
1.439741175846230403e+00
1.456707210095007143e+00
1.473673244343783884e+00
1.490639278592560846e+00
1.507605312841337586e+00
1.524571347090114326e+00
1.541537381338891066e+00
1.558503415587668028e+00
1.575469449836444769e+00
1.592435484085221509e+00
1.609401518333998471e+00
1.626367552582775211e+00
1.643333586831551951e+00
1.660299621080328691e+00
1.677265655329105654e+00
1.694231689577882394e+00
1.711197723826659134e+00
1.728163758075436096e+00
1.745129792324212836e+00
1.762095826572989576e+00
1.779061860821766317e+00
1.796027895070543279e+00
1.812993929319320019e+00
1.829959963568096759e+00
1.846925997816873721e+00
1.863892032065650239e+00
1.880858066314427202e+00
1.897824100563204164e+00
1.914790134811980682e+00
1.931756169060757644e+00
1.948722203309534606e+00
1.965688237558311124e+00
1.982654271807088087e+00
1.999620306055865049e+00
2.016586340304641567e+00
2.033552374553418307e+00
2.050518408802195047e+00
2.067484443050971787e+00
2.084450477299748972e+00
2.101416511548525268e+00
2.118382545797302452e+00
2.135348580046079192e+00
2.152314614294855932e+00
2.169280648543632672e+00
2.186246682792409857e+00
2.203212717041186153e+00
2.220178751289963337e+00
2.237144785538739633e+00
2.254110819787516817e+00
2.271076854036293557e+00
2.288042888285070298e+00
2.305008922533847038e+00
2.321974956782624222e+00
2.338940991031400518e+00
2.355907025280177702e+00
2.372873059528954442e+00
2.389839093777731183e+00
2.406805128026507923e+00
2.423771162275285107e+00
2.440737196524061403e+00
2.457703230772838587e+00
2.474669265021614883e+00
2.491635299270392068e+00
2.508601333519168808e+00
2.525567367767945548e+00
2.542533402016722288e+00
2.559499436265499472e+00
2.576465470514275768e+00
2.593431504763052953e+00
2.610397539011829693e+00
2.627363573260606433e+00
2.644329607509383173e+00
2.661295641758159913e+00
2.678261676006936653e+00
2.695227710255713838e+00
2.712193744504490134e+00
2.729159778753267318e+00
2.746125813002044058e+00
2.763091847250820798e+00
2.780057881499597539e+00
2.797023915748374723e+00
2.813989949997151019e+00
2.830955984245928203e+00
2.847922018494704943e+00
2.864888052743481683e+00
2.881854086992258424e+00
2.898820121241035164e+00
2.915786155489811904e+00
2.932752189738589088e+00
2.949718223987365384e+00
2.966684258236142568e+00
2.983650292484919309e+00
3.000616326733696049e+00
3.017582360982472789e+00
3.034548395231249973e+00
3.051514429480026269e+00
3.068480463728803453e+00
3.085446497977580194e+00
3.102412532226356934e+00
3.119378566475133674e+00
3.136344600723910414e+00
3.153310634972687154e+00
3.170276669221464338e+00
3.187242703470240635e+00
3.204208737719017819e+00
3.221174771967794559e+00
3.238140806216571299e+00
3.255106840465348039e+00
3.272072874714125224e+00
3.289038908962901520e+00
3.306004943211678704e+00
3.322970977460455444e+00
