-2.890811563548813634e+00
-2.749688925859614663e+00
-2.608566288170415692e+00
-2.467443650481216277e+00
-2.326321012792017306e+00
-2.185198375102818336e+00
-2.044075737413618921e+00
-1.902953099724420172e+00
-1.761830462035220757e+00
-1.620707824346021786e+00
-1.479585186656822815e+00
-1.338462548967623622e+00
-1.197339911278424429e+00
-1.056217273589225236e+00
-9.150946359000262653e-01
-7.739719982108271834e-01
-6.328493605216281015e-01
-4.917267228324290196e-01
-3.506040851432299377e-01
-2.094814474540308558e-01
-6.835880976483177385e-02
7.276382792436729419e-02
2.138864656135663622e-01
3.550091033027654164e-01
4.961317409919649424e-01
6.372543786811639688e-01
7.783770163703630507e-01
9.194996540595616885e-01
1.060622291748761326e+00
1.201744929437959852e+00
1.342867567127159267e+00
1.483990204816358016e+00
1.625112842505557431e+00
1.766235480194757068e+00
1.907358117883955595e+00
2.048480755573155232e+00
2.189603393262353759e+00
2.330726030951553174e+00
2.471848668640752145e+00
2.612971306329951560e+00
2.754093944019150086e+00
2.895216581708349501e+00
3.036339219397548028e+00
3.177461857086747887e+00
3.318584494775946414e+00
3.459707132465145829e+00
3.600829770154344356e+00
3.741952407843544215e+00
3.883075045532744074e+00
4.024197683221942157e+00
4.165320320911141572e+00
4.306442958600340098e+00
4.447565596289540402e+00
4.588688233978738928e+00
4.729810871667937455e+00
4.870933509357137758e+00
5.012056147046336285e+00
5.153178784735534812e+00
5.294301422424734227e+00
5.435424060113934530e+00
5.576546697803133057e+00
5.717669335492331584e+00
5.858791973181530111e+00
5.999914610870730414e+00
6.141037248559928940e+00
6.282159886249127467e+00
6.423282523938327770e+00
6.564405161627527185e+00
6.705527799316725712e+00
6.846650437005924239e+00
6.987773074695124542e+00
7.128895712384323069e+00
7.270018350073521596e+00
7.411140987762720123e+00
7.552263625451920426e+00
7.693386263141118953e+00
7.834508900830318368e+00
7.975631538519516894e+00
8.116754176208717197e+00
8.257876813897915724e+00
8.398999451587114251e+00
8.540122089276314554e+00
8.681244726965513081e+00
8.822367364654711608e+00
8.963490002343910135e+00
9.104612640033110438e+00
9.245735277722308965e+00
9.386857915411507491e+00
9.527980553100706018e+00
9.669103190789906321e+00
9.810225828479106625e+00
9.951348466168305151e+00
1.009247110385750368e+01
1.023359374154670398e+01
1.037471637923590251e+01
1.051583901692510103e+01
1.065696165461430134e+01
1.079808429230349986e+01
1.093920692999269839e+01
1.108032956768189692e+01
1.122145220537109722e+01
1.136257484306029575e+01
1.150369748074949428e+01
1.164482011843869280e+01
1.178594275612789311e+01
1.192706539381709163e+01
1.206818803150629016e+01
1.220931066919549046e+01
1.235043330688468899e+01
1.249155594457388752e+01
1.263267858226308960e+01
1.277380121995228812e+01
1.291492385764148665e+01
1.305604649533068518e+01
1.319716913301988370e+01
1.333829177070908223e+01
1.347941440839828076e+01
1.362053704608748284e+01
1.376165968377668136e+01
1.390278232146587989e+01
1.404390495915507842e+01
1.418502759684427694e+01
1.432615023453347547e+01
1.446727287222267400e+01
1.460839550991187430e+01
1.474951814760107460e+01
1.489064078529027491e+01
1.503176342297947343e+01
1.517288606066867018e+01
1.531400869835786871e+01
1.545513133604706724e+01
1.559625397373626576e+01
1.573737661142546784e+01
1.587849924911466637e+01
1.601962188680386490e+01
1.616074452449306520e+01
1.630186716218226195e+01
1.644298979987146225e+01
1.658411243756065900e+01
1.672523507524985931e+01
1.686635771293905961e+01
1.700748035062825991e+01
1.714860298831745666e+01
1.728972562600665697e+01
1.743084826369585372e+01
1.757197090138505402e+01
1.771309353907425077e+01
1.785421617676345463e+01
1.799533881445265138e+01
1.813646145214185168e+01
1.827758408983104843e+01
1.841870672752024873e+01
1.855982936520944904e+01
1.870095200289864579e+01
1.884207464058784609e+01
1.898319727827704639e+01
1.912431991596624670e+01
1.926544255365544345e+01
1.940656519134464375e+01
1.954768782903384050e+01
1.968881046672304080e+01
1.982993310441223755e+01
1.997105574210144141e+01
2.011217837979063816e+01
2.025330101747983846e+01
2.039442365516903521e+01
2.053554629285823552e+01
2.067666893054743227e+01
2.081779156823663257e+01
2.095891420592583287e+01
2.110003684361503318e+01
2.124115948130423348e+01
2.138228211899343023e+01
2.152340475668263053e+01
2.166452739437182728e+01
2.180565003206102759e+01
2.194677266975022434e+01
2.208789530743942819e+01
2.222901794512862494e+01
2.237014058281782525e+01
2.251126322050702200e+01
2.265238585819622230e+01
2.279350849588541905e+01
2.293463113357461935e+01
2.307575377126381611e+01
2.321687640895301996e+01
2.335799904664222026e+01
2.349912168433141701e+01
2.364024432202061732e+01
2.378136695970981407e+01
2.392248959739901437e+01
2.406361223508821112e+01
2.420473487277741498e+01
2.434585751046661173e+01
2.448698014815581203e+01
2.462810278584500878e+01
2.476922542353420909e+01
2.491034806122340584e+01
2.505147069891260614e+01
2.519259333660180644e+01
