# Frequency(THz)  DOS_Intensity
-2.890811563548813634e+00 1.085701009518695234e-02
-2.749688925859614663e+00 3.262601544045443092e+01
-2.608566288170415692e+00 1.280964795653931674e+02
-2.467443650481216277e+00 2.988622895254338232e+02
-2.326321012792017306e+00 4.746982463864422925e+02
-2.185198375102818336e+00 8.069532537852778660e+02
-2.044075737413618921e+00 9.321303914126855261e+02
-1.902953099724420172e+00 1.002403555097708477e+03
-1.761830462035220757e+00 1.226949718950709894e+03
-1.620707824346021786e+00 1.375179728784785993e+03
-1.479585186656822815e+00 1.490473851307469886e+03
-1.338462548967623622e+00 1.541726336780123120e+03
-1.197339911278424429e+00 1.503051617965672904e+03
-1.056217273589225236e+00 1.475012838262627156e+03
-9.150946359000262653e-01 1.388094311937991051e+03
-7.739719982108271834e-01 1.266998493617870508e+03
-6.328493605216281015e-01 1.092333036659529625e+03
-4.917267228324290196e-01 8.626064805716041519e+02
-3.506040851432299377e-01 6.517778370112998800e+02
-2.094814474540308558e-01 3.964357679595524928e+02
-6.835880976483177385e-02 1.336114453490303049e+02
7.276382792436729419e-02 1.396133554410529314e+02
2.138864656135663622e-01 4.125980187752603001e+02
3.550091033027654164e-01 6.901063457981468900e+02
4.961317409919649424e-01 1.012026201819277617e+03
6.372543786811639688e-01 1.376338829765587207e+03
7.783770163703630507e-01 1.740112877199585910e+03
9.194996540595616885e-01 2.294722914271735135e+03
1.060622291748761326e+00 2.899588408776042797e+03
1.201744929437959852e+00 3.449230456395634974e+03
1.342867567127159267e+00 3.996428508752084326e+03
1.483990204816358016e+00 4.309043306923957061e+03
1.625112842505557431e+00 4.279276796260954143e+03
1.766235480194757068e+00 4.595336988513106917e+03
1.907358117883955595e+00 4.984429848385658261e+03
2.048480755573155232e+00 5.501324786391159250e+03
2.189603393262353759e+00 5.290136322721049510e+03
2.330726030951553174e+00 5.601484344129171404e+03
2.471848668640752145e+00 5.494912139634394407e+03
2.612971306329951560e+00 5.587925946708016454e+03
2.754093944019150086e+00 5.647272366372986653e+03
2.895216581708349501e+00 5.711405499573310408e+03
3.036339219397548028e+00 5.691805241010732971e+03
3.177461857086747887e+00 5.990314616671860676e+03
3.318584494775946414e+00 5.902354221038237483e+03
3.459707132465145829e+00 5.159175283125588066e+03
3.600829770154344356e+00 4.757452419269538041e+03
3.741952407843544215e+00 4.835909691784531788e+03
3.883075045532744074e+00 4.754620619337205426e+03
4.024197683221942157e+00 5.010237576376221114e+03
4.165320320911141572e+00 4.863145849164211540e+03
4.306442958600340098e+00 4.619156187686890917e+03
4.447565596289540402e+00 4.216245446866706516e+03
4.588688233978738928e+00 4.290318479365257190e+03
4.729810871667937455e+00 4.082858208116724199e+03
4.870933509357137758e+00 4.409792080079426341e+03
5.012056147046336285e+00 4.753567299564592759e+03
5.153178784735534812e+00 5.284135283851109307e+03
5.294301422424734227e+00 5.067669802290390180e+03
5.435424060113934530e+00 4.206743141503810875e+03
5.576546697803133057e+00 4.488203020644533353e+03
5.717669335492331584e+00 3.990780185379087015e+03
5.858791973181530111e+00 3.730685925947761007e+03
5.999914610870730414e+00 3.924458820866492715e+03
6.141037248559928940e+00 3.998456206509735239e+03
6.282159886249127467e+00 4.589503163953475450e+03
6.423282523938327770e+00 4.417996655116367037e+03
6.564405161627527185e+00 4.311292576797955917e+03
6.705527799316725712e+00 3.703966582527050832e+03
6.846650437005924239e+00 2.970555811767755131e+03
6.987773074695124542e+00 2.639183296455340951e+03
7.128895712384323069e+00 3.528199944229033918e+03
7.270018350073521596e+00 3.442199095526434576e+03
7.411140987762720123e+00 3.981089163754324090e+03
7.552263625451920426e+00 3.170384904180176363e+03
7.693386263141118953e+00 3.359902526655855127e+03
7.834508900830318368e+00 2.746558289285255341e+03
7.975631538519516894e+00 3.493423303500868769e+03
8.116754176208717197e+00 2.748489669363975281e+03
8.257876813897915724e+00 2.604623825167298037e+03
8.398999451587114251e+00 2.514011872670798311e+03
8.540122089276314554e+00 3.455983555047152095e+03
8.681244726965513081e+00 2.451735058982602823e+03
8.822367364654711608e+00 1.828152743655036147e+03
8.963490002343910135e+00 2.096908087989970682e+03
9.104612640033110438e+00 2.379221576017395364e+03
9.245735277722308965e+00 2.893736746282008426e+03
9.386857915411507491e+00 2.731384130780525538e+03
9.527980553100706018e+00 2.144480493922214464e+03
9.669103190789906321e+00 2.439641657507138916e+03
9.810225828479106625e+00 2.272008108854083730e+03
9.951348466168305151e+00 2.664480289223296495e+03
1.009247110385750368e+01 3.011723484690908663e+03
1.023359374154670398e+01 2.969944078080876352e+03
1.037471637923590251e+01 2.612890031817042654e+03
1.051583901692510103e+01 3.126932565139342387e+03
1.065696165461430134e+01 3.380682522328409505e+03
1.079808429230349986e+01 3.133201942654353388e+03
1.093920692999269839e+01 3.090563872484372041e+03
1.108032956768189692e+01 1.978545609742503530e+03
1.122145220537109722e+01 3.191549172642052326e+03
1.136257484306029575e+01 3.401889653652121069e+03
1.150369748074949428e+01 3.091027339963455233e+03
1.164482011843869280e+01 3.397314014179863079e+03
1.178594275612789311e+01 2.895201444710411124e+03
1.192706539381709163e+01 2.795315011007768135e+03
1.206818803150629016e+01 1.996357729595701812e+03
1.220931066919549046e+01 2.997616893950565554e+03
1.235043330688468899e+01 3.405460743348809046e+03
1.249155594457388752e+01 3.184553689636028139e+03
1.263267858226308960e+01 2.708753198927262929e+03
1.277380121995228812e+01 2.824168207720477767e+03
1.291492385764148665e+01 2.939207499299578103e+03
1.305604649533068518e+01 2.481152237476546816e+03
1.319716913301988370e+01 3.636765560365601232e+03
1.333829177070908223e+01 2.431986397117912929e+03
1.347941440839828076e+01 3.075571723694498360e+03
1.362053704608748284e+01 3.067824135903648312e+03
1.376165968377668136e+01 3.249772164007185893e+03
1.390278232146587989e+01 2.927831308112205534e+03
1.404390495915507842e+01 2.799702780886379514e+03
1.418502759684427694e+01 1.288573379532748504e+03
1.432615023453347547e+01 1.787345322182036398e+03
1.446727287222267400e+01 2.707522955555446970e+03
1.460839550991187430e+01 2.127808244395414476e+03
1.474951814760107460e+01 1.930230205698167765e+03
1.489064078529027491e+01 2.527826236551942657e+03
1.503176342297947343e+01 1.972569579197754365e+03
1.517288606066867018e+01 2.194718022242837833e+03
1.531400869835786871e+01 2.218779551441997683e+03
1.545513133604706724e+01 3.114163276366109585e+03
1.559625397373626576e+01 2.571684969885250666e+03
1.573737661142546784e+01 1.741181051821102983e+03
1.587849924911466637e+01 2.943898464955658255e+03
1.601962188680386490e+01 2.146659567944962419e+03
1.616074452449306520e+01 2.446582168431372793e+03
1.630186716218226195e+01 5.366109110684732286e+02
1.644298979987146225e+01 1.252445495659751259e+03
1.658411243756065900e+01 2.105278655989374329e+03
1.672523507524985931e+01 2.128803270439764219e+03
1.686635771293905961e+01 2.515577538781847579e+03
1.700748035062825991e+01 2.562131064207006602e+03
1.714860298831745666e+01 1.823878897677642044e+03
1.728972562600665697e+01 1.973489760917966805e+03
1.743084826369585372e+01 1.976420421967764696e+03
1.757197090138505402e+01 1.295210300248885687e+03
1.771309353907425077e+01 1.140534742300945709e+03
1.785421617676345463e+01 1.523875636162876390e+03
1.799533881445265138e+01 1.321238009698553014e+03
1.813646145214185168e+01 1.918272633076358488e+03
1.827758408983104843e+01 3.039894445070824986e+03
1.841870672752024873e+01 1.277085507662879309e+03
1.855982936520944904e+01 2.545778166458139367e+03
1.870095200289864579e+01 4.011691319378649467e+01
1.884207464058784609e+01 1.414162816378545131e+03
1.898319727827704639e+01 3.041842846843059549e-04
1.912431991596624670e+01 6.997285056952519951e-25
1.926544255365544345e+01 4.804729704779299108e-23
1.940656519134464375e+01 2.769594662329972774e-03
1.954768782903384050e+01 3.873459446009372641e+03
1.968881046672304080e+01 3.683548452587191605e+03
1.982993310441223755e+01 1.001148267385735570e-02
1.997105574210144141e+01 5.027893010911433759e-22
2.011217837979063816e+01 8.889550965168920150e-56
2.025330101747983846e+01 3.944010543493441558e-47
2.039442365516903521e+01 2.037406814022781435e-16
2.053554629285823552e+01 3.411410127419737037e+00
2.067666893054743227e+01 7.373526294462612896e+02
2.081779156823663257e+01 4.324632968668672637e-09
2.095891420592583287e+01 1.658123874566178979e-10
2.110003684361503318e+01 4.251711487097389295e+02
2.124115948130423348e+01 5.328072811304132905e+00
2.138228211899343023e+01 2.513811670827717544e-16
2.152340475668263053e+01 9.834128518629066493e-34
2.166452739437182728e+01 2.879975938662009472e-08
2.180565003206102759e+01 1.610823228861807593e+03
2.194677266975022434e+01 1.804579041151199437e-01
2.208789530743942819e+01 1.293989445332379493e-15
2.222901794512862494e+01 1.053695974579845362e+01
2.237014058281782525e+01 2.670842597234381515e+02
2.251126322050702200e+01 2.635541716259081253e-11
2.265238585819622230e+01 8.336050580474514895e-21
2.279350849588541905e+01 8.610199658485238883e-02
2.293463113357461935e+01 1.995636564802857720e+03
2.307575377126381611e+01 1.032847726219604327e-07
2.321687640895301996e+01 1.137253314692227717e-32
2.335799904664222026e+01 2.514239705568750871e-72
2.349912168433141701e+01 1.061871541366790709e-126
2.364024432202061732e+01 1.192951174279488792e-106
2.378136695970981407e+01 2.554049454259699824e-57
2.392248959739901437e+01 1.124748424873970207e-22
2.406361223508821112e+01 1.151878488024136483e-02
2.420473487277741498e+01 2.998285861477968410e+03
2.434585751046661173e+01 1.954535914970452138e-06
2.448698014815581203e+01 2.916703807855469019e-30
2.462810278584500878e+01 9.001195354215435975e-69
2.476922542353420909e+01 5.602706811759500217e-37
2.491034806122340584e+01 3.296322390263307454e-10
2.505147069891260614e+01 5.155552784004408977e+02
2.519259333660180644e+01 4.809253483321125344e+00
