1.111351174352162186e-07 1.756679417464774635e-07 2.007475457327388304e-07 2.104823095268546052e+00 2.104823095269732214e+00 3.098288201379760576e+00 3.098288201379820084e+00 6.524935152062534272e+00 7.986119368875934654e+00 8.888401738599057467e+00 1.320982608043462392e+01 1.320982608043492945e+01 1.345814404452938540e+01 1.345814404452946178e+01 1.774530011582940858e+01 1.935710198624524736e+01 1.975439502360144672e+01 1.975439502360159238e+01
-1.811465617383643811e-01 5.537561423027087537e-01 7.961771730338053077e-01 1.264508799218658774e+00 2.377701900474079810e+00 3.093712377116581091e+00 3.867601035973213808e+00 6.512814135820211625e+00 7.998036188190893014e+00 8.880251705819144803e+00 1.290808083776099124e+01 1.317441239484370108e+01 1.351513683248318642e+01 1.403455107080393383e+01 1.775116413437540075e+01 1.914909884480734092e+01 1.972672561532010249e+01 1.993005833497305446e+01
-8.739251834031032118e-01 9.532895040134673481e-01 1.118730182707410981e+00 1.678078435148914416e+00 3.079453978884763909e+00 3.090156886095686062e+00 4.760141933990928997e+00 6.484484521949908320e+00 8.047048937036985095e+00 8.856042397249545672e+00 1.272631706704030208e+01 1.306936720958352360e+01 1.368215687247084311e+01 1.495684205355252416e+01 1.777532881667520570e+01 1.881992852765267799e+01 1.964396162763558351e+01 2.018508712672162986e+01
-3.919748207237173099e-01 1.254230697931023819e+00 1.867092759231467669e+00 2.445936044277298826e+00 3.056443135016300161e+00 4.009248612869212636e+00 5.411739076588832908e+00 6.484638137856371110e+00 8.162370426896609743e+00 8.817327121858577144e+00 1.268531033245541551e+01 1.289644591191500211e+01 1.394943620086853286e+01 1.595067618082013894e+01 1.781146725038902190e+01 1.859265779539490637e+01 1.950682323114700623e+01 2.042162918941044936e+01
9.124236975081891909e-01 1.513624441856522562e+00 2.745411803213639867e+00 3.022973604729914943e+00 3.232956149104247778e+00 4.984077000931951495e+00 5.728690013037398110e+00 6.638866590620247976e+00 8.370929632494069850e+00 8.767475015326347432e+00 1.265771048320285708e+01 1.270966372697491131e+01 1.430244639685051133e+01 1.667238839686706697e+01 1.769856328109727883e+01 1.887800630680391833e+01 1.931647617973676034e+01 2.064916482201170211e+01
1.376558726579036662e+00 1.746330920592536140e+00 2.978853441541201796e+00 3.339900886034345096e+00 4.062963120333995093e+00 5.759962710889014126e+00 5.947689037302811066e+00 6.959844813374589378e+00 8.672130243918926951e+00 8.724294594432818073e+00 1.235555380859463881e+01 1.272114750107359349e+01 1.472308275506149045e+01 1.697596326724518434e+01 1.744697375634330072e+01 1.907450389004797486e+01 1.968313844583470384e+01 2.092695314107448468e+01
1.766852578692089004e+00 1.954816294579625247e+00 2.923414213101041881e+00 3.667994103356939650e+00 4.767035764150962862e+00 5.725983106251051780e+00 6.869590446017920904e+00 7.293507931856897386e+00 8.638578551897463598e+00 9.109865627724911263e+00 1.199221752062617519e+01 1.264704925486754661e+01 1.519155558658334293e+01 1.707996436023789855e+01 1.722694462373778634e+01 1.878291120980836126e+01 2.038790888129730661e+01 2.143264429927032566e+01
2.131098753848272853e+00 2.140032630936627100e+00 2.855929955775126317e+00 3.765288366483460880e+00 5.268586534796102505e+00 5.753009372212381400e+00 7.580274645426495539e+00 7.734560992313693539e+00 8.560932537483230576e+00 9.602784128236429240e+00 1.156928674837125293e+01 1.244407982777591748e+01 1.568825037614040419e+01 1.705032914611610195e+01 1.715821403652558530e+01 1.844419363187691374e+01 2.072895783630194444e+01 2.218077758843999803e+01
2.303422647791702804e+00 2.478430634372016605e+00 2.775602655228626592e+00 3.675237037558171327e+00 5.535853040970798666e+00 5.892961261467833722e+00 7.817927522768341575e+00 8.464816856621462549e+00 8.535225658658388781e+00 1.013403000148409205e+01 1.108735217103694914e+01 1.211415035930557060e+01 1.619520075030894191e+01 1.696396137475861110e+01 1.719452352831599740e+01 1.806150761616472877e+01 2.090909669193531428e+01 2.285196143721465489e+01
2.446816080273366278e+00 2.681528642344053193e+00 2.802003956424133690e+00 3.473151609609216983e+00 5.635497669863597459e+00 6.055792212647725492e+00 8.018185475599375778e+00 8.344474038199797050e+00 9.268450016924004942e+00 1.054628590332523252e+01 1.067116062985365588e+01 1.168939263730350930e+01 1.669696180223117921e+01 1.691652900291659378e+01 1.722351424750891979e+01 1.763900081489390104e+01 2.101344508900136177e+01 2.328892782193639377e+01
2.566995301309553223e+00 2.577692060768063342e+00 3.008808037854747042e+00 3.301404497790062731e+00 5.662654466443506784e+00 6.119432515447004839e+00 8.169097769821352273e+00 8.219192790643385038e+00 9.881712817882347011e+00 9.997203350912375441e+00 1.113832916047942057e+01 1.125769471758901474e+01 1.690168639723000510e+01 1.716538214396705797e+01 1.719779259449074615e+01 1.723418467836129864e+01 2.104901250805787072e+01 2.343916663117110843e+01
2.486804254547067217e+00 2.712833626439974832e+00 3.023024710637829848e+00 3.291758255479982687e+00 5.645069061905455321e+00 6.101653568763202529e+00 8.163664298363210392e+00 8.242399825540983826e+00 9.718102252140685238e+00 9.926356953468834732e+00 1.108917594781229887e+01 1.123691477634081615e+01 1.689647159825864264e+01 1.710416014133092943e+01 1.721557230892308610e+01 1.731214471739603411e+01 2.106416544454320672e+01 2.336244267538925001e+01
2.475643494147933499e+00 2.858418313481476680e+00 3.070723075464278029e+00 3.272908358276690688e+00 5.590612180992018843e+00 6.046533002424287595e+00 8.127907096527463793e+00 8.297522254269162900e+00 9.354517239541449314e+00 9.623801504107232674e+00 1.093227699829879995e+01 1.120431238092348103e+01 1.687688984843325457e+01 1.707770314731535066e+01 1.717566197565665576e+01 1.746941843664485461e+01 2.110125610731043011e+01 2.314892889375638774e+01
2.528251705227456902e+00 2.935497467477297562e+00 3.128388846081429975e+00 3.304909015926735361e+00 5.495753764125915986e+00 5.950538806749998244e+00 7.994934965579131969e+00 8.350526297520669772e+00 8.873012976331857260e+00 9.115144079367532015e+00 1.073034318185320046e+01 1.115573377776358832e+01 1.683513206906350845e+01 1.705885656141208528e+01 1.714629745994831467e+01 1.762635115968515720e+01 2.114364774480634779e+01 2.284557524638282899e+01
2.612700896161943565e+00 2.910950345919354199e+00 3.122086270317101953e+00 3.441056963170701977e+00 5.360727494579804464e+00 5.813712542910907999e+00 7.706404295768667367e+00 8.282466158423616776e+00 8.308252356538911698e+00 8.533850322625211149e+00 1.061397827844193742e+01 1.106705556026027359e+01 1.676743034983555347e+01 1.696320678974164409e+01 1.719721497981193536e+01 1.774023128006134087e+01 2.118329508035707320e+01 2.251743227228791966e+01
2.676395292917816526e+00 2.804889337417958206e+00 3.026991252465531801e+00 3.599701862422129306e+00 5.206180730859003347e+00 5.645939699791623134e+00 7.307635724097774954e+00 7.629936510717179488e+00 7.718124123251029367e+00 8.282871354326607261e+00 1.064032748153717023e+01 1.096462003810412966e+01 1.667274485913664606e+01 1.682699877688747847e+01 1.727566779973294686e+01 1.778277883429995399e+01 2.122809475377621169e+01 2.222393837310385578e+01
2.476314617687676023e+00 2.610010268575525760e+00 2.933564866041786345e+00 3.734838624434367205e+00 5.092735499898578766e+00 5.464522934858627501e+00 6.885259763025676882e+00 6.940912871994191491e+00 7.009844023588103212e+00 7.962070022911262868e+00 1.076144499622109052e+01 1.091290022539310201e+01 1.655289546758526242e+01 1.667094644271830362e+01 1.735310863731518438e+01 1.776094666626485363e+01 2.128593554771584451e+01 2.199950726145268121e+01
1.685230614229841439e+00 2.224978965207177417e+00 3.025724931203777057e+00 3.813222235886220890e+00 5.070953721036668860e+00 5.284001368024555667e+00 6.240755710939285272e+00 6.352221789805720498e+00 6.541125573078630850e+00 7.521419532605673197e+00 1.090864551518404824e+01 1.093993886424874518e+01 1.642002536852695016e+01 1.651208296200666581e+01 1.741383466019953374e+01 1.771234656347606418e+01 2.133839774278245116e+01 2.186128296326975473e+01
-1.161483156219240698e+00 1.608282102744881481e+00 3.155571885655193309e+00 3.821807994513382489e+00 5.087599436704194567e+00 5.153673383386495388e+00 5.679265883079552601e+00 5.804397119916900216e+00 6.246718119844498318e+00 7.123906215345125581e+00 1.101164231860214215e+01 1.103494411358014560e+01 1.630044357037064273e+01 1.636868227416170285e+01 1.744769379722761471e+01 1.767498003770697323e+01 2.135048988888616961e+01 2.181674051057300190e+01
-2.264216082747414482e+00 7.312108952964424535e-01 3.276808469911538069e+00 3.791008305003273904e+00 5.022550294442118535e+00 5.174968456745366652e+00 5.329465338476577330e+00 5.414545020326722025e+00 6.060657164420839571e+00 6.877012292243420255e+00 1.107976293479265273e+01 1.111449385303858328e+01 1.622351041859703713e+01 1.626150259819622335e+01 1.745693241823229869e+01 1.766122098378198757e+01 2.133105822597198298e+01 2.182860744980827761e+01
-2.593038514448354537e+00 -4.869560298703504708e-01 3.331065542878481889e+00 3.771828923709812820e+00 5.022044605096196435e+00 5.152124977785911497e+00 5.205766350358658201e+00 5.291097987492933363e+00 6.000003490359781644e+00 6.795683540051808080e+00 1.110748385599410781e+01 1.114055200072434459e+01 1.620525685709248975e+01 1.621351600415805194e+01 1.745716294936698176e+01 1.765935712390022516e+01 2.131936569863685094e+01 2.183972453215269027e+01
-2.444358147961977590e+00 8.848138329746598751e-01 3.328442932599855908e+00 3.747944575915974852e+00 5.041211662430150398e+00 5.089107137660310087e+00 5.302090194582066651e+00 5.482692126941460131e+00 5.971459705270315332e+00 6.954388765335345113e+00 1.109797093203995288e+01 1.110369253272644308e+01 1.623399133832387164e+01 1.624432503262063321e+01 1.742248376733276416e+01 1.769640413948338420e+01 2.132291873304062335e+01 2.183433340942490730e+01
-1.821637022262008632e+00 1.702742853757153396e+00 3.362413050053275398e+00 3.712118471501394623e+00 5.025768273305999401e+00 5.072258435949216882e+00 5.388080505571793744e+00 6.003129310187728329e+00 6.052515237474832333e+00 7.300752621410589782e+00 1.097098952403031191e+01 1.110097162893837996e+01 1.631522016567357980e+01 1.633062830833728540e+01 1.734365671853012714e+01 1.778250133128245736e+01 2.133052255162156996e+01 2.181195309296089135e+01
8.608442927820382229e-01 2.184993930592991074e+00 3.458574520529074992e+00 3.756405400323140409e+00 4.957933937721743511e+00 5.084519470636305272e+00 5.498085796506309464e+00 6.203680469811542864e+00 6.835735885128832123e+00 7.684270895282973690e+00 1.076226588017391883e+01 1.112222410552443463e+01 1.643420431210484622e+01 1.645592200704545505e+01 1.723871239666713961e+01 1.790157799492209989e+01 2.133179987659881505e+01 2.175664594533767016e+01
1.986257979230528825e+00 2.393405917466269184e+00 3.575141142409172801e+00 3.978478517753901045e+00 4.879619417515464797e+00 5.073927361772121891e+00 5.628340427801681756e+00 6.552507507797685982e+00 7.741235044245756924e+00 8.046947568076763702e+00 1.047733018243163627e+01 1.119923830633949002e+01 1.656187546193033810e+01 1.659805909733255902e+01 1.711678929003479510e+01 1.805720914318168013e+01 2.130435498001927996e+01 2.165205080065935306e+01
2.257089500142271277e+00 2.387054061662076343e+00 3.654590680886596665e+00 4.302300334167313167e+00 4.781798996054779316e+00 5.022224143167402843e+00 5.769951206988201520e+00 6.904983592563048944e+00 8.378643805938793321e+00 8.704085873533564666e+00 1.012593720524152197e+01 1.136873967740986657e+01 1.661453281776332602e+01 1.673504341947257856e+01 1.703605390578407963e+01 1.825985467489752523e+01 2.119471351926452840e+01 2.150823527150248538e+01
2.207993405705215739e+00 2.248671971230379540e+00 3.656863947865583775e+00 4.569117743828281952e+00 4.653514415352993261e+00 4.909531081692804833e+00 5.905024768919735934e+00 7.111384980678889356e+00 8.630127663177949771e+00 9.664622291598043091e+00 9.727413737404084770e+00 1.164794039487074073e+01 1.646129856781260514e+01 1.685041076222594114e+01 1.710554380322123436e+01 1.851854598191640022e+01 2.091292479222931533e+01 2.137716895902295278e+01
1.995737944300338462e+00 2.019917291384139446e+00 3.556674927777451423e+00 4.487883876657035032e+00 4.518823992984773774e+00 4.931566506473103573e+00 6.005103873890901944e+00 7.148539050875008627e+00 8.748016912858613381e+00 9.294881439162200110e+00 1.057890701242008902e+01 1.198436898927892891e+01 1.616812575679702846e+01 1.693699396523532741e+01 1.724968860149920857e+01 1.882735276775700939e+01 2.044153368540056093e+01 2.125474451036722101e+01
1.638629249326926551e+00 1.750077878438761392e+00 3.331928414815426454e+00 4.099881924704675384e+00 4.284219774362796329e+00 5.110648077038592696e+00 6.030453919958896236e+00 7.048557078886330984e+00 8.770397251573525566e+00 8.878392491145188359e+00 1.137805940352905232e+01 1.228031668877792448e+01 1.581517029866576429e+01 1.699501952155318207e+01 1.739710243268490686e+01 1.915444122505124724e+01 1.981287442114992103e+01 2.111644023322143582e+01
1.105301482018695269e+00 1.453717526666470361e+00 2.969172552868098780e+00 3.490005686855338851e+00 4.034170301530863867e+00 5.247261901020719321e+00 5.933157815891610731e+00 6.853904933479538109e+00 8.525077510842336892e+00 8.767591372448913845e+00 1.201306644232804111e+01 1.247551883512808502e+01 1.544766135472873358e+01 1.700654426578344669e+01 1.752588105130547902e+01 1.909564352229401507e+01 1.944918358265089253e+01 2.095876860825769938e+01
-5.365811659487387253e-01 1.145044801696337267e+00 2.479037460070620202e+00 2.768857932939570166e+00 3.705500908633508672e+00 5.267832652450000985e+00 5.680026678908802751e+00 6.637417883366042659e+00 8.278276724068565073e+00 8.776098343485262632e+00 1.245049869466659054e+01 1.257191104779897373e+01 1.509507254503209772e+01 1.683272360345923602e+01 1.762740695451284267e+01 1.850015891795177936e+01 1.966574911421059468e+01 2.078424451590924704e+01
-1.279146139774141488e+00 8.490412691643417498e-01 1.906024038245450747e+00 2.078059770545990670e+00 3.251539136093059223e+00 5.086560821674096289e+00 5.284005037489245105e+00 6.497289389178527941e+00 8.137281466019610221e+00 8.799997683361459266e+00 1.261580319911674408e+01 1.270020104630794400e+01 1.476201881602957044e+01 1.622752276215032907e+01 1.769771720977331597e+01 1.834810042383644912e+01 1.978419968428452691e+01 2.059383513302718427e+01
-1.451938712434149847e+00 5.906202245064322565e-01 1.368661720440683460e+00 1.535448269843628033e+00 2.644722259150526167e+00 4.686871401066656340e+00 4.782496746644357088e+00 6.464699903975839490e+00 8.063734526511868950e+00 8.831242219439685570e+00 1.267116082829003432e+01 1.282195091967270528e+01 1.443064218821965206e+01 1.535870371538211288e+01 1.773656071752634844e+01 1.853885677954991351e+01 1.981658442174410695e+01 2.038561949875031587e+01
-1.055627900446848288e+00 3.814448448277298898e-01 1.150507265520794853e+00 1.203470262859117845e+00 1.929941887412248702e+00 4.140620463595332978e+00 4.191773089146943576e+00 6.485968592962257695e+00 8.021558605736931469e+00 8.860634435828716349e+00 1.279228776835368997e+01 1.290414313910995148e+01 1.408151526771229989e+01 1.451023630853297064e+01 1.774932950015380939e+01 1.884793804291758690e+01 1.979783072286839385e+01 2.015711238635750036e+01
-2.148034046376759709e-01 2.153705094575409096e-01 8.621737867145926604e-01 1.565323526414388544e+00 1.747213543448063344e+00 3.524707622294426468e+00 3.536498230351039496e+00 6.513548352332349189e+00 7.995579184466681255e+00 8.881107693526848479e+00 1.300225943460709921e+01 1.303509852592270057e+01 1.371949141707035658e+01 1.383034209379825086e+01 1.774780179907656930e+01 1.916692459863968878e+01 1.976768417544428047e+01 1.991484465013294525e+01
1.111351174352162186e-07 1.756679417464774635e-07 2.007475457327388304e-07 2.104823095268546052e+00 2.104823095269732214e+00 3.098288201379760576e+00 3.098288201379820084e+00 6.524935152062534272e+00 7.986119368875934654e+00 8.888401738599057467e+00 1.320982608043462392e+01 1.320982608043492945e+01 1.345814404452938540e+01 1.345814404452946178e+01 1.774530011582940858e+01 1.935710198624524736e+01 1.975439502360144672e+01 1.975439502360159238e+01
-1.218006629909435423e+00 2.037464168210763316e-01 2.149073645410350397e-01 2.090517305861387065e+00 2.090841528791397064e+00 3.101816965336020360e+00 3.102392635729045889e+00 6.271269443673605615e+00 8.134546924570019044e+00 1.031134103201645758e+01 1.308593374255471176e+01 1.308622934061677334e+01 1.357160931352976441e+01 1.357199988773185417e+01 1.768514418262297383e+01 1.935266692688663070e+01 1.975456675847627253e+01 1.975457709702525477e+01
-1.434198205277371629e+00 4.011375784807423850e-01 4.186808108406194773e-01 2.049829686260229877e+00 2.050783846580856107e+00 3.112127181483068217e+00 3.113857045196311457e+00 6.082926515892442154e+00 8.890280730471504356e+00 1.288841645394284363e+01 1.288886007033119441e+01 1.290673910782900435e+01 1.374048665378691680e+01 1.374122194495523885e+01 1.750459574904201787e+01 1.934429476728366737e+01 1.975505911573627671e+01 1.975509067806374475e+01
5.857176485290104262e-01 6.020638888364965302e-01 9.805450457786253349e-01 1.988848453281040873e+00 1.990037542382642632e+00 3.128174486496842821e+00 3.130425214414516155e+00 6.015159301557298832e+00 1.001765309377740820e+01 1.269380470404577821e+01 1.269415532186188500e+01 1.389374430193902654e+01 1.389448638491899146e+01 1.565419029436442599e+01 1.721195419530839388e+01 1.934443800204294917e+01 1.975579973418556179e+01 1.975584172420514406e+01
7.504494510208811198e-01 7.584168674868838611e-01 1.916447683852319228e+00 1.917091259457995855e+00 2.559480787044881023e+00 3.147651211333581056e+00 3.148980001899511105e+00 5.944599535116171118e+00 1.128181880514082636e+01 1.252230072298606522e+01 1.252244028885195526e+01 1.401906795791772353e+01 1.401944676776947141e+01 1.672717252866710780e+01 1.818045844421510893e+01 1.937621198194655747e+01 1.975666220858517619e+01 1.975668761367765569e+01
8.821886009010857510e-01 8.863489871224249361e-01 1.843845373630084383e+00 1.844159077654891288e+00 3.165983680350216822e+00 3.166752859617314453e+00 3.628328348154386873e+00 5.804111878585887396e+00 1.238806907794169909e+01 1.238812809601769160e+01 1.252164881758684878e+01 1.411108171457911453e+01 1.411128369071783695e+01 1.617667138318897813e+01 1.932562417095617846e+01 1.975746077746345364e+01 1.975747581656860419e+01 2.019791083813087340e+01
9.651848498337535220e-01 9.801294925931687274e-01 1.786656523542459407e+00 1.787544020177192383e+00 3.177968404515095102e+00 3.180849774820865505e+00 4.419790601390870322e+00 5.559389246140262308e+00 1.230239973544897936e+01 1.230257783866238874e+01 1.365105282572322842e+01 1.416685158017653912e+01 1.416757741483152166e+01 1.547874005956800048e+01 1.937788433478067773e+01 1.975800193542334071e+01 1.975805917483100416e+01 2.141089867627295007e+01
9.952085224603395286e-01 1.014547272965344193e+00 1.764386679394120749e+00 1.765342927747424628e+00 3.182296077686295188e+00 3.186055919793407298e+00 4.840244027091504364e+00 5.320672892582798852e+00 1.227295948369740408e+01 1.227317417466300498e+01 1.418555750757525580e+01 1.418649279038532285e+01 1.461975448658669485e+01 1.465668669116868905e+01 1.939224874549477207e+01 1.975819628054328092e+01 1.975827140344560107e+01 2.183210361025189172e+01
7.015129659566818887e-01 1.071130083231781160e+00 2.047859891351739403e+00 2.184972122178544751e+00 3.180415920606033175e+00 3.241777073939462017e+00 4.851124209548474120e+00 5.321715724950997206e+00 1.227443577455113655e+01 1.236037118609390006e+01 1.414095367052090779e+01 1.420370377889720359e+01 1.462974545268724036e+01 1.467242491309292163e+01 1.917817449509286121e+01 1.973588498883171383e+01 1.989146173602182444e+01 2.175109696680876326e+01
8.569677827031133566e-01 1.219556224623472795e+00 2.706569745030631857e+00 2.758165852815866792e+00 3.183250251934205188e+00 3.429353850389460057e+00 4.897642296411038210e+00 5.338013233026009274e+00 1.226932844901633501e+01 1.258262747456595854e+01 1.401768565117021659e+01 1.426487621647675930e+01 1.463101674288546761e+01 1.474033843937641919e+01 1.877155647348496714e+01 1.966892806597736865e+01 2.004912809289202258e+01 2.153365802278682040e+01
1.418071811319860709e+00 1.487355784589670327e+00 3.116595780161206974e+00 3.224400962127373038e+00 3.584020047929231012e+00 3.696693655266728662e+00 5.002111489908906528e+00 5.432873113107398844e+00 1.223530259316879487e+01 1.282903229858366778e+01 1.385471492982012975e+01 1.438535669907713732e+01 1.460202238992886947e+01 1.486599843595188197e+01 1.825473328613648505e+01 1.955799534423556096e+01 2.012458343264081861e+01 2.126105903096468097e+01
1.632523419399235065e+00 2.141049301645448377e+00 3.106916615276430704e+00 3.660330787047675560e+00 3.849685621939551439e+00 4.443361112911349942e+00 5.103520390255612327e+00 5.747826941868326323e+00 1.214761268417057849e+01 1.292801381339823763e+01 1.373007892094750027e+01 1.455683590373267045e+01 1.458011497950873903e+01 1.501976096087549450e+01 1.761544617541343527e+01 1.940404130963203500e+01 2.010273839551387454e+01 2.105169628618016731e+01
1.842227014288794873e+00 2.665743090762178191e+00 3.077175234786702074e+00 3.818307516872179175e+00 4.143296486394843825e+00 5.177422483258292907e+00 5.313385259728347521e+00 6.261222667658609353e+00 1.199107850122054231e+01 1.274895007672608216e+01 1.369065835679381138e+01 1.453538488214770474e+01 1.485196207653193312e+01 1.515345653720051189e+01 1.683781513011151176e+01 1.920833939434571036e+01 2.005856682839654681e+01 2.095537726089433406e+01
2.036443224100346505e+00 2.963274608935086096e+00 3.038287786435834192e+00 3.687129479473939764e+00 4.623304493335451681e+00 5.290845559796410136e+00 6.158799557580246997e+00 6.830822129558336897e+00 1.176253031139816052e+01 1.236907715913631911e+01 1.361828849109634376e+01 1.457625376146681084e+01 1.519018394509263992e+01 1.522306230834356811e+01 1.596028079092181429e+01 1.897245204820553965e+01 2.010788491558835034e+01 2.092293835697254778e+01
2.210605106202331083e+00 2.991287516444421257e+00 2.992945578451430499e+00 3.453634077529993629e+00 5.075619360517688250e+00 5.474654559229212403e+00 6.964510458334176590e+00 7.383512138325004415e+00 1.146545019117129094e+01 1.187668259656223491e+01 1.345706777396694065e+01 1.464610490430964873e+01 1.496889633543910136e+01 1.536576447103359300e+01 1.557695796433865887e+01 1.869823594198233963e+01 2.026567111976233093e+01 2.091225575196301278e+01
2.363756247622639250e+00 2.780184736142684798e+00 2.936027785290077130e+00 3.128417849298330555e+00 5.455191416427069839e+00 5.698509908929177747e+00 7.721935603669762394e+00 7.898709489016547458e+00 1.110466471361993968e+01 1.130886116951066711e+01 1.321377688892520119e+01 1.421420224316952208e+01 1.474785952252016763e+01 1.537476614665180641e+01 1.599354553601672535e+01 1.838790905192607283e+01 2.045892586026674564e+01 2.092018627474874037e+01
2.321040638651409083e+00 2.496912303451022552e+00 2.821374336001131855e+00 2.871835182774186368e+00 5.730910777637915565e+00 5.907502350709677330e+00 8.388294022275012196e+00 8.426139457375734665e+00 1.068398635855239220e+01 1.069052952527507827e+01 1.290091469002966029e+01 1.375039605665492282e+01 1.477517248139754535e+01 1.544076667712403328e+01 1.642331128176421728e+01 1.804420812890553449e+01 2.059350055758975984e+01 2.097063792710533292e+01
1.755777839639710791e+00 2.607891770652816188e+00 2.612003869998483108e+00 2.797625930325319032e+00 5.893389762237475793e+00 6.053998082474003617e+00 8.880249221609947341e+00 9.074233040155041508e+00 1.006539549354881480e+01 1.020602608282329093e+01 1.263735267657826178e+01 1.353598179957190517e+01 1.478256786274969059e+01 1.550465587979619464e+01 1.685253457982764758e+01 1.767070082147326104e+01 2.064032105061823330e+01 2.104854807147565410e+01
1.464699147241350641e+00 2.527316099810601013e+00 2.706311688896492207e+00 2.716852204260173487e+00 5.946770682622727122e+00 6.106220706195811587e+00 9.292251892701537841e+00 9.597213110538691083e+00 9.623916986799054385e+00 9.713050955106742990e+00 1.254058410170149784e+01 1.347465451953537574e+01 1.478325132680930487e+01 1.553044037178530168e+01 1.725334469569765972e+01 1.728914196710366724e+01 2.064800188035549056e+01 2.108436304555920771e+01
1.493435241452248485e+00 2.502695190091641209e+00 2.773776352449892180e+00 2.801195272877286424e+00 5.928120218848494716e+00 6.089189732298633473e+00 9.269178117223264124e+00 9.506214074733197350e+00 9.591759212800246459e+00 9.697233099290453850e+00 1.252325227872559843e+01 1.346631806937713627e+01 1.476146648129699201e+01 1.551053839750771957e+01 1.729315121428327728e+01 1.734812508638562889e+01 2.065712962246451312e+01 2.107740432322499302e+01
1.590985874687656620e+00 2.468040908304534486e+00 2.958677747822416659e+00 3.001928477569997700e+00 5.873975803722302658e+00 6.039077106715945220e+00 9.158018813475340636e+00 9.315725705490475406e+00 9.438805540861771703e+00 9.639593232431888481e+00 1.250439923539122233e+01 1.344338861241521421e+01 1.471663361447691010e+01 1.545315039292107251e+01 1.740901443402711379e+01 1.748880538474773161e+01 2.068616983122772268e+01 2.106033972153904088e+01
1.759637067667969346e+00 2.440022171433025022e+00 3.217590217515924778e+00 3.280467661228966936e+00 5.789650094429007687e+00 5.958996420889762113e+00 8.843651910604636512e+00 9.073680132113139507e+00 9.212482922418454123e+00 9.511879450613147213e+00 1.255323282404077645e+01 1.341896026084451599e+01 1.468060047841479054e+01 1.536062226562328092e+01 1.756842373059087237e+01 1.765915598204629688e+01 2.073861768918373016e+01 2.104352966377485146e+01
1.960489626889313275e+00 2.416763116846744719e+00 3.516203023823033291e+00 3.607917742628185209e+00 5.684058356435776282e+00 5.854607154631348287e+00 8.382428940443338305e+00 8.635002106245467601e+00 9.013916424753961820e+00 9.301360139865554544e+00 1.271073658839986820e+01 1.341987309696205877e+01 1.465803210816396174e+01 1.523113608649356721e+01 1.773339778245377119e+01 1.782208778030824092e+01 2.081606644977015108e+01 2.104059624293505948e+01
2.114025241668655575e+00 2.405331186724893655e+00 3.830087377910098123e+00 3.954478813731365339e+00 5.570492316651465714e+00 5.734741649164148747e+00 7.839101548267354502e+00 8.067509536750765875e+00 8.788532297007511929e+00 9.017549013012352788e+00 1.296228245468525131e+01 1.346737065392960808e+01 1.463039183700321466e+01 1.506197113161192824e+01 1.787846976358833118e+01 1.796007782591587087e+01 2.091434629611707408e+01 2.106341687303927657e+01
2.122821389223891408e+00 2.422085035436279732e+00 4.136902109791921411e+00 4.289881239767939114e+00 5.467142983177722293e+00 5.612418412247875743e+00 7.254554126286155480e+00 7.448283576322270783e+00 8.540205193634431424e+00 8.694669700013957225e+00 1.326290394234470682e+01 1.356080169028014915e+01 1.457891360395056424e+01 1.485606585242064703e+01 1.799378098786417368e+01 1.806934185021363248e+01 2.102229507189672475e+01 2.111738121198521156e+01
1.995585221759058614e+00 2.391836508369199699e+00 4.409549111483371142e+00 4.580346246964797530e+00 5.394283262281026836e+00 5.506594295418999252e+00 6.675191129113978938e+00 6.845657024775396060e+00 8.290800320598179951e+00 8.384203703244530459e+00 1.356216292951212843e+01 1.368472730099250967e+01 1.449582595921482486e+01 1.462962926068332337e+01 1.808151540400615076e+01 1.815121583883199108e+01 2.112628137606657219e+01 2.119734034578868176e+01
1.783160950615573226e+00 2.243791611208375780e+00 4.612393412634119727e+00 4.781052001281908659e+00 5.366891307405509792e+00 5.445304855317910864e+00 6.166995106485879674e+00 6.316204096189554917e+00 8.056744222384864429e+00 8.140198425319397302e+00 1.377788071638657819e+01 1.385645940621272310e+01 1.435668568190963867e+01 1.444445163879653293e+01 1.814771240417843856e+01 1.820840242587890856e+01 2.121992023010923845e+01 2.128373896688601619e+01
1.534448414850296816e+00 1.992093087452355915e+00 4.703205768659831421e+00 4.853757147757645996e+00 5.390908250776648813e+00 5.449169319493802455e+00 5.806176746297992963e+00 5.908219776004269619e+00 7.871141346966950891e+00 7.975580957827441253e+00 1.388839281305909523e+01 1.403777173579858228e+01 1.416830363531527937e+01 1.435766588032525526e+01 1.819630724407574363e+01 1.824418590122364847e+01 2.129921544481290141e+01 2.135450098496263749e+01
1.335220396937846443e+00 1.721129896026186490e+00 4.674343890074995400e+00 4.857840125525823893e+00 5.435616277724873768e+00 5.480683042842803943e+00 5.617513273742282820e+00 5.670561708124604472e+00 7.761078545962919684e+00 7.878733890454743261e+00 1.395446985523893879e+01 1.403042544222773103e+01 1.411731007063152887e+01 1.434323621210072908e+01 1.822790898369923696e+01 1.826205272540142133e+01 2.135507753244048956e+01 2.139762296498640382e+01
1.267058470014214233e+00 1.589725186539088897e+00 4.640405241681265558e+00 4.854427518808850373e+00 5.448506373844937301e+00 5.486357549369083486e+00 5.570535485136194787e+00 5.605954495245774716e+00 7.725821409650386329e+00 7.846484966774783132e+00 1.397346541952800614e+01 1.398428891847617805e+01 1.412568109135162508e+01 1.435637284934897906e+01 1.823957951332428706e+01 1.826671684137087226e+01 2.137604698948877058e+01 2.141116913006409206e+01
1.356483350641474406e+00 1.644139994821486317e+00 4.678913657465653131e+00 4.863362103293296990e+00 5.452493790941481677e+00 5.479701127809462946e+00 5.605981937075177335e+00 5.636536096053372802e+00 7.760811011610043941e+00 7.874792436607402024e+00 1.398071263306844436e+01 1.399450827402788455e+01 1.412592880180139154e+01 1.434374888107425683e+01 1.823124054427476892e+01 1.826065245699872008e+01 2.136092637933209204e+01 2.139833379629111221e+01
1.546127112627828204e+00 1.755187121226840397e+00 4.769722285635230818e+00 4.884953420620297138e+00 5.434718415606536901e+00 5.463681006900214854e+00 5.715983642109276452e+00 5.769114867693375892e+00 7.869458073792973352e+00 7.964462440110393615e+00 1.400080139497902643e+01 1.402346712814987306e+01 1.412807192836822701e+01 1.431122901404455661e+01 1.820661394265336241e+01 1.824251050165641530e+01 2.131643552949544329e+01 2.136019355993348157e+01
1.716404851270628251e+00 1.837703353124826355e+00 4.841869278765799756e+00 4.895581093174623533e+00 5.402424912321738049e+00 5.430513374293181705e+00 5.930514002123199013e+00 6.006866260945918690e+00 8.063538772341946270e+00 8.130935010723902678e+00 1.402907271578833281e+01 1.406119050807804705e+01 1.413991977237559539e+01 1.427464490061094615e+01 1.816672972899408123e+01 1.821221886263746725e+01 2.124530104583950063e+01 2.129816773083343051e+01
1.818866829963393439e+00 1.862168211019459063e+00 4.837815005177533045e+00 4.864247178958073015e+00 5.358973505567786511e+00 5.390174804604392023e+00 6.232136556412928741e+00 6.296442762989808983e+00 8.363597628846749288e+00 8.401876294803113154e+00 1.405490104869866563e+01 1.408310953545968580e+01 1.418203565873221628e+01 1.425992241800742910e+01 1.811291392201288275e+01 1.816911424782204776e+01 2.115237743940748416e+01 2.121559173229714190e+01
1.852448478408790677e+00 1.865651956002173595e+00 4.763094658272421178e+00 4.781910117907599123e+00 5.293017298127937309e+00 5.341389447797534551e+00 6.530078793671876269e+00 6.555565100307925164e+00 8.790844260583986269e+00 8.808267369509536593e+00 1.406625305288391914e+01 1.408532191175202009e+01 1.425280568586127217e+01 1.429350271276689455e+01 1.804654337983122403e+01 1.811188205324821965e+01 2.104481350734409517e+01 2.111879360207944245e+01
1.842149511768082615e+00 1.884687250232240263e+00 4.644218159366956478e+00 4.660055026256777033e+00 5.199714682051070902e+00 5.269900169226160891e+00 6.716328005226305464e+00 6.739093241190242445e+00 9.343641662835278083e+00 9.356085438104445373e+00 1.406288483876728002e+01 1.408347488212622700e+01 1.433559027958955134e+01 1.437817311968340128e+01 1.796952660825815329e+01 1.804008054833684227e+01 2.093163302118567515e+01 2.101774137226108508e+01
1.828675376275185505e+00 1.902210446794211807e+00 4.497889150292078142e+00 4.517034544540942775e+00 5.078066617700511820e+00 5.169652096803373453e+00 6.755184705193585160e+00 6.823469984467394944e+00 9.985450532738843421e+00 1.001002502576982955e+01 1.404110207514537656e+01 1.408940300968739479e+01 1.442157119118700592e+01 1.450465871816286345e+01 1.788629595640339787e+01 1.795895291605037514e+01 2.082223041845985279e+01 2.092536429770592932e+01
1.788934465101258198e+00 1.912560900400710695e+00 4.337784846460416510e+00 4.363405856081914003e+00 4.932897867829718841e+00 5.043504800480838490e+00 6.676204712951229858e+00 6.779982107397398927e+00 1.066256936628234975e+01 1.070854215351199912e+01 1.400160195773422167e+01 1.409559216748686339e+01 1.450480785089491143e+01 1.466076356646128609e+01 1.780746691718255192e+01 1.788883338898492426e+01 2.072378829569249703e+01 2.085508727239567861e+01
1.699733082527850936e+00 1.883563951203682807e+00 4.167968724392106417e+00 4.206749311113020973e+00 4.770295817322913301e+00 4.904193354095048640e+00 6.490986143036733935e+00 6.617069396876469334e+00 1.131990191064788043e+01 1.137930506216461168e+01 1.394401746013703658e+01 1.409365484698291304e+01 1.458004335364906012e+01 1.481734008024831795e+01 1.775343776985514666e+01 1.787611717190243255e+01 2.063867550306404297e+01 2.081771180628881623e+01
1.540766298840998250e+00 1.791626373617410284e+00 3.977439224863513978e+00 4.053548028015936389e+00 4.593200773257769320e+00 4.768315759149961863e+00 6.214490343005341089e+00 6.351901028065310761e+00 1.190101970466682424e+01 1.195014524439790016e+01 1.387412452962611198e+01 1.407994084243573596e+01 1.464158964034419697e+01 1.492424040978612076e+01 1.775375050087217943e+01 1.798854931212941466e+01 2.056349522935711605e+01 2.082026334183564487e+01
1.304821768812574279e+00 1.634767471343384182e+00 3.768660051193029492e+00 3.883133774765785251e+00 4.408774192027384409e+00 4.625627584966286676e+00 5.870644631579194694e+00 6.019577578431186460e+00 1.234314357106540783e+01 1.236419103018549315e+01 1.381591037791384124e+01 1.405861479439249351e+01 1.468405291314706318e+01 1.494188470860919438e+01 1.783825093158381137e+01 1.826647454990084185e+01 2.049046394082458988e+01 2.086841369995250872e+01
1.002695321867881795e+00 1.425882934210772168e+00 3.555601724729761770e+00 3.668780685806777520e+00 4.205427813664496028e+00 4.420861193166983227e+00 5.501485196085786455e+00 5.693876156862769378e+00 1.258251470949224071e+01 1.259132070480176857e+01 1.381635208273119098e+01 1.404554525163150558e+01 1.470465331137618747e+01 1.488434501182631031e+01 1.802135527095513723e+01 1.866485026936295455e+01 2.041004416496009455e+01 2.097052630107163651e+01
6.558356321767636610e-01 1.186228132577876293e+00 3.345199671870015656e+00 3.409300977759925910e+00 3.902486177935619693e+00 4.110819742534610022e+00 5.177388762100212816e+00 5.472015937359124393e+00 1.261428574100304267e+01 1.263460668601320691e+01 1.389614374828362031e+01 1.405958173021813629e+01 1.470511048945801491e+01 1.480018492809662511e+01 1.829046768337763851e+01 1.907557980078379600e+01 2.031321305549673184e+01 2.113616077653558634e+01
3.038780515398243898e-01 9.524852842210121961e-01 3.065014825032616130e+00 3.113977415938997240e+00 3.500704824541717830e+00 3.738643904692341646e+00 4.974376286329305508e+00 5.368529356097102578e+00 1.252263938521817366e+01 1.255012685657853311e+01 1.400744476107213288e+01 1.409864010077859398e+01 1.469002044330835766e+01 1.472641879065992754e+01 1.861052181512975423e+01 1.940311983271891094e+01 2.019270752456536400e+01 2.135833830895745677e+01
2.970415440425097642e-01 8.063477074760162511e-01 2.614987717500794950e+00 2.646839378309529867e+00 3.279094346292304341e+00 3.417114896989340345e+00 4.882563233987407436e+00 5.331729670430074286e+00 1.240103358811600387e+01 1.241976181983141458e+01 1.410307921354985616e+01 1.414265019375997490e+01 1.465946675385148268e+01 1.468324655719603022e+01 1.893920850954506818e+01 1.961403188367819794e+01 2.004422606724030231e+01 2.159160495533390289e+01
7.126859788608890245e-01 8.623463628714822526e-01 2.066672939055566260e+00 2.110673794691568350e+00 3.204973777206204577e+00 3.237225321999734895e+00 4.848515387908899577e+00 5.322065616902492913e+00 1.230756137945793682e+01 1.231323158566591935e+01 1.416461971283186827e+01 1.417471904169176256e+01 1.463014610970792084e+01 1.466363080656099172e+01 1.923350483580676951e+01 1.972449618210027467e+01 1.987331564895847080e+01 2.176729059935625443e+01
9.952085224603395286e-01 1.014547272965344193e+00 1.764386679394120749e+00 1.765342927747424628e+00 3.182296077686295188e+00 3.186055919793407298e+00 4.840244027091504364e+00 5.320672892582798852e+00 1.227295948369740408e+01 1.227317417466300498e+01 1.418555750757525580e+01 1.418649279038532285e+01 1.461975448658669485e+01 1.465668669116868905e+01 1.939224874549477207e+01 1.975819628054328092e+01 1.975827140344560107e+01 2.183210361025189172e+01
2.566995301309553223e+00 2.577692060768063342e+00 3.008808037854747042e+00 3.301404497790062731e+00 5.662654466443506784e+00 6.119432515447004839e+00 8.169097769821352273e+00 8.219192790643385038e+00 9.881712817882347011e+00 9.997203350912375441e+00 1.113832916047942057e+01 1.125769471758901474e+01 1.690168639723000510e+01 1.716538214396705797e+01 1.719779259449074615e+01 1.723418467836129864e+01 2.104901250805787072e+01 2.343916663117110843e+01
2.572415607326508535e+00 2.582850686532049522e+00 3.056751443782043776e+00 3.329076390125406348e+00 5.607956812635561228e+00 6.059403306619230101e+00 8.116520259423175787e+00 8.355380940617010310e+00 9.871917698347505876e+00 9.986449854242790636e+00 1.119105388117722555e+01 1.130759792596984070e+01 1.687006630898580184e+01 1.716881195506539726e+01 1.720136048476647872e+01 1.721211723580350750e+01 2.102309944495542737e+01 2.334291681032681254e+01
2.587815219550217094e+00 2.597580532851268220e+00 3.166910714278000416e+00 3.353174009868456373e+00 5.452571358190041906e+00 5.941738404010834529e+00 8.076051430098466710e+00 8.647238641391304270e+00 9.844015120317147094e+00 9.955807521306674346e+00 1.132170508517876684e+01 1.146533303153606376e+01 1.677555946909667739e+01 1.712961001482938173e+01 1.717854319561731202e+01 1.721147926375590487e+01 2.095093399144125001e+01 2.307177567562419185e+01
2.610744817439473398e+00 2.619757133549612149e+00 3.195870612695008717e+00 3.265495170096725186e+00 5.335242070776195611e+00 5.858531119263868270e+00 8.096875771849397552e+00 9.015507859573725469e+00 9.802233130570028763e+00 9.909888684607889076e+00 1.148511949279809663e+01 1.173635162538463206e+01 1.661895635865784016e+01 1.694930245821580428e+01 1.719300791228572578e+01 1.722651002031730982e+01 2.084899747755765631e+01 2.267525890185809700e+01
2.637565933539002483e+00 2.646176920878383410e+00 2.754138674833203293e+00 3.267680538247013544e+00 5.432349611084932306e+00 5.836958562759963165e+00 8.217523221391582311e+00 9.355309361152652770e+00 9.752914893477804270e+00 9.855615281437035691e+00 1.165763872307480931e+01 1.210799528045370543e+01 1.640015266557945495e+01 1.663939885273219232e+01 1.720991865076466354e+01 1.724407089364612133e+01 2.074281654948716636e+01 2.222382813317342354e+01
2.185803215970120839e+00 2.664098948253662780e+00 2.672938254400039071e+00 3.139339491581570218e+00 5.659178474138262693e+00 5.875394805513378671e+00 8.459683570600480707e+00 9.586411182525083063e+00 9.703565746542153647e+00 9.801200628840810225e+00 1.184333822471306519e+01 1.254793290626690272e+01 1.609145719656740781e+01 1.622774961071157307e+01 1.722666680394110372e+01 1.726145508805307216e+01 2.066091655266973248e+01 2.179015677381134353e+01
1.722602575638761513e+00 2.686365419333685889e+00 2.695907133767533548e+00 2.903476288705422181e+00 5.844571749890867807e+00 5.964820502996176721e+00 8.796340173985154109e+00 9.661711395886353415e+00 9.680010650966810459e+00 9.754938386786694338e+00 1.207982301491355770e+01 1.299133364549914127e+01 1.557571314119542549e+01 1.589473278873803430e+01 1.724073895093491160e+01 1.727605914134682408e+01 2.062396723620148009e+01 2.143020693690520417e+01
1.501540096298504823e+00 2.648342010475658981e+00 2.701140480468643634e+00 2.711390859567207379e+00 5.924453732595384103e+00 6.067061220862902893e+00 9.126202983949196934e+00 9.633739736133895448e+00 9.654668768524105715e+00 9.723949175276962009e+00 1.237243236484118114e+01 1.334037666889521745e+01 1.503624544185617928e+01 1.563929312345364231e+01 1.725007754585652719e+01 1.728575098640970964e+01 2.063188852413379237e+01 2.118056561969356366e+01
1.464699147241350641e+00 2.527316099810601013e+00 2.706311688896492207e+00 2.716852204260173487e+00 5.946770682622727122e+00 6.106220706195811587e+00 9.292251892701537841e+00 9.597213110538691083e+00 9.623916986799054385e+00 9.713050955106742990e+00 1.254058410170149784e+01 1.347465451953537574e+01 1.478325132680930487e+01 1.553044037178530168e+01 1.725334469569765972e+01 1.728914196710366724e+01 2.064800188035549056e+01 2.108436304555920771e+01
-2.593038514448354537e+00 -4.869560298703504708e-01 3.331065542878481889e+00 3.771828923709812820e+00 5.022044605096196435e+00 5.152124977785911497e+00 5.205766350358658201e+00 5.291097987492933363e+00 6.000003490359781644e+00 6.795683540051808080e+00 1.110748385599410781e+01 1.114055200072434459e+01 1.620525685709248975e+01 1.621351600415805194e+01 1.745716294936698176e+01 1.765935712390022516e+01 2.131936569863685094e+01 2.183972453215269027e+01
-2.490401493411765532e+00 -3.326829310680344265e-01 3.405982462432317170e+00 3.814939522782518022e+00 4.951320639237168919e+00 5.114320452320181509e+00 5.256389771693454449e+00 5.347119494748993951e+00 6.135018312201743207e+00 6.860624426001327159e+00 1.117085723103235750e+01 1.118949498488990990e+01 1.616932092874007765e+01 1.617670374032089597e+01 1.748797706966193743e+01 1.768358164043895542e+01 2.131908115756321109e+01 2.182401875028837779e+01
-2.188742135110616882e+00 4.730894054237618218e-01 3.614415651439167210e+00 3.942024459982921947e+00 4.794894860437326933e+00 5.015409101093377231e+00 5.414266368799917295e+00 5.513497973805787211e+00 6.425680011915939183e+00 7.024786305767776184e+00 1.132471681379820616e+01 1.138154255572575657e+01 1.605611611729919730e+01 1.607318279209738421e+01 1.757510945481110554e+01 1.775236557746255173e+01 2.131876342662439683e+01 2.177952863785784388e+01
-1.698377840608616518e+00 8.085097547646895588e-01 3.915879203854641943e+00 4.143510687562070416e+00 4.672820071116915663e+00 4.904201050030654763e+00 5.587310600823441220e+00 5.730155130259663387e+00 6.749710659974414995e+00 7.230453835908297044e+00 1.157403233112116681e+01 1.172333342633402964e+01 1.587214877301633464e+01 1.590120713834401123e+01 1.770410733335598508e+01 1.785435726213952634e+01 2.131980071661173781e+01 2.171350793930285406e+01
-9.811212560871350741e-01 1.028991760345875583e+00 4.262392442266393466e+00 4.396922991535180181e+00 4.634295486999218561e+00 4.817107274259052829e+00 5.722551900016154214e+00 5.895214383902409594e+00 7.058983483546105830e+00 7.431627992860238230e+00 1.193171711709217142e+01 1.218390675654661770e+01 1.562663653900015071e+01 1.565976941538458433e+01 1.785460307462162177e+01 1.797243022093078579e+01 2.132386148679108828e+01 2.163614979175015307e+01
7.702311921280878826e-01 1.172799237201430200e+00 4.594998436829372146e+00 4.641825165957301103e+00 4.677934080711086295e+00 4.817807655815474099e+00 5.786676916194744003e+00 5.954751115815544615e+00 7.333245606821058971e+00 7.601244026569213830e+00 1.238375199752286981e+01 1.271420923153413618e+01 1.531818436859748900e+01 1.536109324931312514e+01 1.800373028394096409e+01 1.808728237845572906e+01 2.133218651781307074e+01 2.155837605196905571e+01
1.198178582660797575e+00 1.337903368033384943e+00 4.658424316147174338e+00 4.743418096418090535e+00 4.959545407234794645e+00 5.045003208966121200e+00 5.766133810603191634e+00 5.907206303232472422e+00 7.550203444755450022e+00 7.728886208486332343e+00 1.289973306111069284e+01 1.325593316133405786e+01 1.493468943955168626e+01 1.502871915629850541e+01 1.812910393200732173e+01 1.818183960854279135e+01 2.134512487073103415e+01 2.148974777357560484e+01
1.255421238372522730e+00 1.529589821272394845e+00 4.645103828669173041e+00 4.823969932235633529e+00 5.243576130940077462e+00 5.318334906142153429e+00 5.665558421594055538e+00 5.774649271809828122e+00 7.683591858374736461e+00 7.813938111264125297e+00 1.344294434008019223e+01 1.376174353101735548e+01 1.448393706391642510e+01 1.466700527689585520e+01 1.821151280275267226e+01 1.824431180271299979e+01 2.136219998638749118e+01 2.143715805265335206e+01
1.267058470014214233e+00 1.589725186539088897e+00 4.640405241681265558e+00 4.854427518808850373e+00 5.448506373844937301e+00 5.486357549369083486e+00 5.570535485136194787e+00 5.605954495245774716e+00 7.725821409650386329e+00 7.846484966774783132e+00 1.397346541952800614e+01 1.398428891847617805e+01 1.412568109135162508e+01 1.435637284934897906e+01 1.823957951332428706e+01 1.826671684137087226e+01 2.137604698948877058e+01 2.141116913006409206e+01
