-2.644455266682580241e+00
-2.513093268724337914e+00
-2.381731270766096031e+00
-2.250369272807853704e+00
-2.119007274849611377e+00
-1.987645276891369273e+00
-1.856283278933127168e+00
-1.724921280974885063e+00
-1.593559283016642736e+00
-1.462197285058400631e+00
-1.330835287100158304e+00
-1.199473289141916199e+00
-1.068111291183674094e+00
-9.367492932254318783e-01
-8.053872952671896623e-01
-6.740252973089474464e-01
-5.426632993507052305e-01
-4.113013013924630146e-01
-2.799393034342207986e-01
-1.485773054759785550e-01
-1.721530751773633211e-02
1.141466904405058908e-01
2.455086883987481206e-01
3.768706863569903365e-01
5.082326843152321638e-01
6.395946822734743797e-01
7.709566802317165957e-01
9.023186781899588116e-01
1.033680676148200916e+00
1.165042674106443243e+00
1.296404672064685570e+00
1.427766670022927675e+00
1.559128667981170002e+00
1.690490665939412107e+00
1.821852663897654434e+00
1.953214661855896539e+00
2.084576659814138644e+00
2.215938657772380971e+00
2.347300655730623298e+00
2.478662653688865625e+00
2.610024651647107508e+00
2.741386649605349835e+00
2.872748647563592161e+00
3.004110645521834488e+00
3.135472643480076371e+00
3.266834641438318698e+00
3.398196639396561025e+00
3.529558637354803352e+00
3.660920635313044791e+00
3.792282633271286674e+00
3.923644631229529001e+00
4.055006629187770884e+00
4.186368627146013210e+00
4.317730625104255537e+00
4.449092623062497864e+00
4.580454621020740191e+00
4.711816618978982518e+00
4.843178616937224845e+00
4.974540614895467172e+00
5.105902612853709499e+00
5.237264610811950938e+00
5.368626608770194153e+00
5.499988606728435592e+00
5.631350604686678807e+00
5.762712602644920246e+00
5.894074600603161684e+00
6.025436598561404899e+00
6.156798596519646338e+00
6.288160594477888665e+00
6.419522592436130104e+00
6.550884590394373319e+00
6.682246588352614758e+00
6.813608586310857973e+00
6.944970584269099412e+00
7.076332582227342627e+00
7.207694580185584066e+00
7.339056578143827281e+00
7.470418576102067831e+00
7.601780574060311046e+00
7.733142572018552485e+00
7.864504569976795700e+00
7.995866567935037139e+00
8.127228565893279466e+00
8.258590563851521793e+00
8.389952561809764120e+00
8.521314559768006447e+00
8.652676557726248774e+00
8.784038555684491101e+00
8.915400553642733428e+00
9.046762551600975755e+00
9.178124549559218082e+00
9.309486547517458632e+00
9.440848545475702736e+00
9.572210543433943286e+00
9.703572541392187389e+00
9.834934539350427940e+00
9.966296537308670267e+00
1.009765853526691259e+01
1.022902053322515492e+01
1.036038253118339725e+01
1.049174452914163780e+01
1.062310652709988190e+01
1.075446852505812245e+01
1.088583052301636656e+01
1.101719252097460711e+01
1.114855451893285121e+01
1.127991651689109176e+01
1.141127851484933409e+01
1.154264051280757641e+01
1.167400251076581874e+01
1.180536450872406107e+01
1.193672650668230339e+01
1.206808850464054572e+01
1.219945050259878805e+01
1.233081250055703038e+01
1.246217449851527270e+01
1.259353649647351325e+01
1.272489849443175736e+01
1.285626049238999968e+01
1.298762249034824023e+01
1.311898448830648256e+01
1.325034648626472666e+01
1.338170848422296899e+01
1.351307048218120954e+01
1.364443248013945187e+01
1.377579447809769420e+01
1.390715647605593830e+01
1.403851847401417707e+01
1.416988047197242118e+01
1.430124246993066350e+01
1.443260446788890405e+01
1.456396646584714638e+01
1.469532846380539048e+01
1.482669046176363281e+01
1.495805245972187159e+01
1.508941445768011569e+01
1.522077645563835624e+01
1.535213845359660390e+01
1.548350045155484267e+01
1.561486244951308322e+01
1.574622444747132910e+01
1.587758644542956965e+01
1.600894844338780842e+01
1.614031044134605608e+01
1.627167243930429308e+01
1.640303443726254073e+01
1.653439643522078129e+01
1.666575843317902184e+01
1.679712043113726594e+01
1.692848242909550649e+01
1.705984442705374704e+01
1.719120642501199114e+01
1.732256842297023169e+01
1.745393042092847935e+01
1.758529241888671990e+01
1.771665441684495690e+01
1.784801641480320455e+01
1.797937841276144511e+01
1.811074041071968566e+01
1.824210240867792976e+01
1.837346440663617031e+01
1.850482640459441086e+01
1.863618840255265496e+01
1.876755040051089551e+01
1.889891239846914317e+01
1.903027439642738372e+01
1.916163639438562072e+01
1.929299839234386837e+01
1.942436039030210893e+01
1.955572238826034592e+01
1.968708438621859358e+01
1.981844638417683413e+01
1.994980838213508179e+01
2.008117038009331878e+01
2.021253237805155933e+01
2.034389437600980699e+01
2.047525637396804399e+01
2.060661837192628454e+01
2.073798036988453219e+01
2.086934236784277275e+01
2.100070436580101685e+01
2.113206636375925740e+01
2.126342836171749795e+01
2.139479035967574205e+01
2.152615235763398260e+01
2.165751435559222315e+01
2.178887635355047081e+01
2.192023835150870781e+01
2.205160034946695546e+01
2.218296234742519601e+01
2.231432434538343657e+01
2.244568634334168067e+01
2.257704834129992122e+01
2.270841033925816177e+01
2.283977233721640587e+01
2.297113433517464642e+01
2.310249633313288697e+01
2.323385833109113463e+01
2.336522032904937163e+01
2.349658232700761928e+01
