-8.870986231006249001e-02
-7.104294089631062181e-02
-5.337601948255873974e-02
-3.570909806880686460e-02
-1.804217665505499293e-02
-3.752552413031175270e-04
1.729166617244875734e-02
3.495858758620064288e-02
5.262550899995250414e-02
7.029243041370436540e-02
8.795935182745626135e-02
1.056262732412081434e-01
1.232931946549600116e-01
1.409601160687118659e-01
1.586270374824637897e-01
1.762939588962156301e-01
1.939608803099674983e-01
2.116278017237193665e-01
2.292947231374712347e-01
2.469616445512231584e-01
2.646285659649749711e-01
2.822954873787268948e-01
2.999624087924788185e-01
3.176293302062306312e-01
3.352962516199825549e-01
3.529631730337343121e-01
3.706300944474862358e-01
3.882970158612381595e-01
4.059639372749900832e-01
4.236308586887418959e-01
4.412977801024938196e-01
4.589647015162456323e-01
4.766316229299975005e-01
4.942985443437494242e-01
5.119654657575012369e-01
5.296323871712531606e-01
5.472993085850049733e-01
5.649662299987568970e-01
5.826331514125088207e-01
6.003000728262606334e-01
6.179669942400125571e-01
6.356339156537644808e-01
6.533008370675162935e-01
6.709677584812681062e-01
6.886346798950200299e-01
7.063016013087718425e-01
7.239685227225237663e-01
7.416354441362755789e-01
7.593023655500275026e-01
7.769692869637794264e-01
7.946362083775312390e-01
8.123031297912831628e-01
8.299700512050349754e-01
8.476369726187868991e-01
8.653038940325388229e-01
8.829708154462907466e-01
9.006377368600426703e-01
9.183046582737943719e-01
9.359715796875462956e-01
9.536385011012981083e-01
9.713054225150500320e-01
9.889723439288019557e-01
1.006639265342553768e+00
1.024306186756305692e+00
1.041973108170057616e+00
1.059640029583809540e+00
1.077306950997561241e+00
1.094973872411312943e+00
1.112640793825064867e+00
1.130307715238816790e+00
1.147974636652568714e+00
1.165641558066320638e+00
1.183308479480072339e+00
1.200975400893824263e+00
1.218642322307576187e+00
1.236309243721328111e+00
1.253976165135080034e+00
1.271643086548831958e+00
1.289310007962583660e+00
1.306976929376335583e+00
1.324643850790087507e+00
1.342310772203839431e+00
1.359977693617591354e+00
1.377644615031343056e+00
1.395311536445094980e+00
1.412978457858846904e+00
1.430645379272598827e+00
1.448312300686350751e+00
1.465979222100102675e+00
1.483646143513854376e+00
1.501313064927606300e+00
1.518979986341358224e+00
1.536646907755110147e+00
1.554313829168862071e+00
1.571980750582613773e+00
1.589647671996365697e+00
1.607314593410117398e+00
1.624981514823869322e+00
1.642648436237621246e+00
1.660315357651372947e+00
1.677982279065124871e+00
1.695649200478876795e+00
1.713316121892628718e+00
1.730983043306380642e+00
1.748649964720132344e+00
1.766316886133884267e+00
1.783983807547636191e+00
1.801650728961387893e+00
1.819317650375140039e+00
1.836984571788891740e+00
1.854651493202643886e+00
1.872318414616395588e+00
1.889985336030147511e+00
1.907652257443899213e+00
1.925319178857650915e+00
1.942986100271403060e+00
1.960653021685154762e+00
1.978319943098906908e+00
1.995986864512658610e+00
2.013653785926410311e+00
2.031320707340162457e+00
2.048987628753914159e+00
2.066654550167666304e+00
2.084321471581418006e+00
2.101988392995169708e+00
2.119655314408921853e+00
2.137322235822673555e+00
2.154989157236425701e+00
2.172656078650177403e+00
2.190323000063929104e+00
2.207989921477681250e+00
2.225656842891432952e+00
2.243323764305185097e+00
2.260990685718936799e+00
2.278657607132688501e+00
2.296324528546440646e+00
2.313991449960192348e+00
2.331658371373944494e+00
2.349325292787696196e+00
2.366992214201447897e+00
2.384659135615200043e+00
2.402326057028951745e+00
2.419992978442703446e+00
2.437659899856455148e+00
2.455326821270207294e+00
2.472993742683958995e+00
2.490660664097710697e+00
2.508327585511462843e+00
2.525994506925214544e+00
2.543661428338966690e+00
2.561328349752718392e+00
2.578995271166470094e+00
2.596662192580222239e+00
2.614329113993973941e+00
2.631996035407726087e+00
2.649662956821477788e+00
2.667329878235229490e+00
2.684996799648981636e+00
2.702663721062733337e+00
2.720330642476485483e+00
2.737997563890237185e+00
2.755664485303988886e+00
2.773331406717741032e+00
2.790998328131492734e+00
2.808665249545244880e+00
2.826332170958996581e+00
2.843999092372748283e+00
2.861666013786500429e+00
2.879332935200252130e+00
2.896999856614004276e+00
2.914666778027755978e+00
2.932333699441507679e+00
2.950000620855259825e+00
2.967667542269011527e+00
2.985334463682763673e+00
3.003001385096515374e+00
3.020668306510267520e+00
3.038335227924019222e+00
3.056002149337770923e+00
3.073669070751523069e+00
3.091335992165274771e+00
3.109002913579026917e+00
3.126669834992778618e+00
3.144336756406530320e+00
3.162003677820282466e+00
3.179670599234034167e+00
3.197337520647786313e+00
3.215004442061538015e+00
3.232671363475289716e+00
3.250338284889041862e+00
3.268005206302793564e+00
3.285672127716545710e+00
3.303339049130297411e+00
3.321005970544049113e+00
3.338672891957801259e+00
3.356339813371552960e+00
3.374006734785305106e+00
3.391673656199056808e+00
3.409340577612808509e+00
3.427007499026560655e+00
