-4.942759101426932330e-05 -2.302131911798431168e-08 1.041686274153586611e-08 3.716275598657919343e-01 4.020621743930856140e-01 4.982649408360522725e-01 6.987020555539863453e-01 7.147308401718525106e-01 7.731800888053469434e-01 8.066055698167929888e-01 8.209797040591890749e-01 8.239802389736239352e-01 9.495055694825337289e-01 9.526005718932099020e-01 1.006240211855669031e+00 1.062511796899781036e+00 1.085108448585970997e+00 1.209725717363724140e+00 1.268904345835937031e+00 1.348631887002896379e+00 1.421615338954133057e+00 1.440919167285692248e+00 1.443287135350380446e+00 1.486358250763949007e+00 1.556826144265998746e+00 1.642247097019382096e+00 2.208623126215032872e+00 2.217376877061459250e+00 2.658629993686250970e+00 3.142522968804708938e+00
-2.346698027790510011e-01 8.041856884358450364e-02 8.132611341802277460e-02 3.874207315989265932e-01 4.005510727837552909e-01 5.015205032317577860e-01 6.922504039214606442e-01 6.987765403797022712e-01 7.235967341903801753e-01 7.720069470290957803e-01 7.760533405476122137e-01 8.243785619279511145e-01 9.248898394667602885e-01 9.442335553241441026e-01 1.059053780998032712e+00 1.073298598684519600e+00 1.089930876034305385e+00 1.213832571752974543e+00 1.268767409822480596e+00 1.404382781735172170e+00 1.431755067575420259e+00 1.446977825360691305e+00 1.546078884331145264e+00 1.555631306911162692e+00 1.637233262732543881e+00 1.642432661689247952e+00 2.209678502531560174e+00 2.218832848677315894e+00 2.658467016805429850e+00 3.141279816137365621e+00
-2.297289767180250852e-01 1.583325915268528616e-01 1.599199584234488325e-01 3.987451290795527292e-01 4.259953619597689478e-01 5.123101239771175042e-01 6.599278154258224616e-01 6.695080239994080085e-01 7.302047723569224935e-01 7.653576880052417319e-01 7.761112853472091899e-01 8.690901110767238480e-01 8.862883991468439859e-01 9.352714114576979876e-01 1.065383160620709146e+00 1.087435601596897783e+00 1.132006452729820811e+00 1.227629310577304844e+00 1.270760084840536486e+00 1.417703881163112634e+00 1.435139489680957059e+00 1.448216372085023851e+00 1.554792686170333393e+00 1.642160579702941714e+00 1.796789960923077523e+00 1.986716414303678846e+00 2.212714582836021737e+00 2.223090089280002957e+00 2.658003160541008825e+00 3.138851358552181559e+00
2.257070736077617379e-01 2.301380740761984900e-01 3.705189460291531955e-01 4.582894629677992104e-01 4.829011666378915657e-01 5.341732847938301942e-01 6.431737743611427582e-01 7.055787565839296560e-01 7.482061995552103939e-01 7.686570856717109823e-01 7.763615638652300310e-01 8.734078857448381861e-01 9.237147346575970142e-01 1.048590552850534152e+00 1.068618292996302177e+00 1.095055827936373793e+00 1.168631492224013524e+00 1.253883964957749120e+00 1.281258992661849394e+00 1.401552709884056558e+00 1.445968906235261864e+00 1.464153330203178838e+00 1.553392233967125557e+00 1.642277934317039501e+00 2.057755146391578638e+00 2.217380473066247415e+00 2.228486246907785073e+00 2.347083173103989839e+00 2.657311133531741643e+00 3.139119109968320664e+00
2.661426070789639220e-01 2.836605407465787598e-01 3.824855545341371843e-01 4.510747491507767770e-01 5.512589146291669850e-01 6.608292348002522409e-01 6.868725452178238156e-01 7.314558652697481511e-01 7.675975083846859892e-01 7.856980001135306368e-01 8.152652836775298173e-01 9.297869333141461912e-01 9.709814532247063035e-01 1.079292741179085802e+00 1.103162759355393652e+00 1.226463406655004418e+00 1.227098855250608134e+00 1.304705245319942364e+00 1.345861294281707199e+00 1.408517357990100916e+00 1.443174747896892596e+00 1.502883221533923175e+00 1.553009659838408218e+00 1.642280714205870629e+00 2.222685688086757594e+00 2.236369742330786003e+00 2.283435260096462027e+00 2.656004005688322067e+00 2.666557441506584691e+00 3.147981081141805859e+00
2.382447292796869009e-01 2.722161901084331759e-01 4.151586601663663778e-01 4.418827808313710581e-01 5.584715756862884684e-01 6.942040523432605470e-01 7.271166915108869810e-01 7.704033814523759682e-01 7.886393995418713443e-01 7.977032048152887800e-01 8.599263595919256487e-01 9.373067504506378267e-01 1.018381944699632058e+00 1.065406483938496907e+00 1.139515611266178174e+00 1.245033453641010368e+00 1.329323625162812439e+00 1.366837870693505153e+00 1.404220716169316097e+00 1.433240875406978088e+00 1.550000638297934774e+00 1.627158189262378318e+00 1.632679142675355299e+00 1.663687683246290572e+00 2.228781534205481751e+00 2.244257977458275821e+00 2.452524049720542276e+00 2.655586611274268982e+00 2.928183655449805300e+00 3.170409647899059546e+00
1.431729885796031165e-01 1.547844842760830730e-01 4.627372854259290680e-01 4.741326249942210413e-01 5.660966896047885388e-01 6.764920986734375141e-01 7.991494713895217483e-01 8.038284200203691388e-01 8.125098751184194334e-01 8.179371123986630687e-01 9.030542606931992733e-01 9.432568506481067150e-01 1.024929239339799736e+00 1.050498799511401904e+00 1.144486579477911325e+00 1.224638524707684972e+00 1.357502089782451016e+00 1.371777003645884951e+00 1.426662574177904874e+00 1.459064727080008561e+00 1.553605763499118941e+00 1.639244595147607342e+00 1.899809064654632396e+00 1.914677857360211233e+00 2.234334199648436048e+00 2.251537599348397922e+00 2.563660639027607768e+00 2.654816733150821229e+00 3.125958171262743779e+00 3.204104943468418121e+00
-1.659234815710072808e-01 -1.287563558646979411e-01 5.056836001608621123e-01 5.132260132296351252e-01 5.713374633908119282e-01 6.643210214920157730e-01 8.076991063500327250e-01 8.276027132431501565e-01 8.532721206427120730e-01 8.735508453297797793e-01 9.279940378418022329e-01 9.487593259450267658e-01 1.030501685222642516e+00 1.040688970045058559e+00 1.151623669089214541e+00 1.184848346299586463e+00 1.380028831381457710e+00 1.380744334934161710e+00 1.420673760517392248e+00 1.466760993907266108e+00 1.556840061740292658e+00 1.638568833776683498e+00 2.118758559251046947e+00 2.151805702097890460e+00 2.238925256771760353e+00 2.257649023716865155e+00 2.631032904142419415e+00 2.654207149750988926e+00 3.237477811757774049e+00 3.259107551699755856e+00
-2.495804834261433069e-01 -2.068526359733064146e-01 5.360975080201919596e-01 5.439616789109459338e-01 5.714394253853309902e-01 6.562805860893927701e-01 8.113047513890243589e-01 8.423192982311289434e-01 8.846266950389598538e-01 9.028811505708789209e-01 9.276409956122683154e-01 9.769248261165387470e-01 1.035615190112121331e+00 1.040682537968784960e+00 1.135703066598943378e+00 1.163949387365156962e+00 1.387889498887928896e+00 1.395829003025518933e+00 1.416533276126683560e+00 1.463697189181069502e+00 1.558937320757528111e+00 1.637924129667624129e+00 2.237849137605995242e+00 2.250077688862846426e+00 2.260010266083062103e+00 2.320563263507373630e+00 2.653819374787993901e+00 2.670776267819730432e+00 3.259260431335971209e+00 3.333145839918802977e+00
-2.727646267298559635e-01 -2.283439388997920427e-01 5.474633310458569824e-01 5.608650955973862873e-01 5.654716348884661903e-01 6.530635136443793121e-01 8.122563132094366978e-01 8.494411042664963274e-01 9.027740135344529682e-01 9.078255300939123140e-01 9.135198810744079578e-01 1.000758899057463180e+00 1.037254099599082879e+00 1.052871855135912194e+00 1.100119045481408042e+00 1.170387216553223197e+00 1.390504906542103791e+00 1.401971289257797126e+00 1.415052876736687004e+00 1.460963263950157520e+00 1.559593303754094773e+00 1.637674331919497073e+00 2.241838860214054208e+00 2.261711136902483599e+00 2.289397815792038937e+00 2.378741546942386709e+00 2.653686586898240662e+00 2.685288738328210467e+00 3.266307311205756569e+00 3.356405836196420189e+00
-2.796051701303873260e-01 -2.320773436288099401e-01 5.500660790271832967e-01 5.653679424241930818e-01 5.847935133274826391e-01 6.483696619653532833e-01 8.097449015474450507e-01 8.503178378040351371e-01 8.881150037008881393e-01 8.966369070741966318e-01 9.127984020597045278e-01 9.753329728476713978e-01 1.075426280340259000e+00 1.077714597675283548e+00 1.128124301351998149e+00 1.176220260379152727e+00 1.390630166441380711e+00 1.401015501270379993e+00 1.421695244940542890e+00 1.433167719743868362e+00 1.615842525564003873e+00 1.647114556717530487e+00 2.225709383750050119e+00 2.244369017236972574e+00 2.289800343932054894e+00 2.379842795651603726e+00 2.650247636594062151e+00 2.684449993208505081e+00 3.273145598339687989e+00 3.355564475710426375e+00
-2.958560094427060694e-01 -2.437880171463190637e-01 5.603949995385113514e-01 5.773285402326643334e-01 6.271554242400770862e-01 6.368174828737815929e-01 8.031025492473118366e-01 8.523543078640923865e-01 8.649839413298968660e-01 8.858128696139425662e-01 9.112194522268846075e-01 9.352684470584061716e-01 1.114349861809386555e+00 1.156263264497094712e+00 1.189868746991211701e+00 1.195403079414203207e+00 1.390766308092473480e+00 1.393673903964166794e+00 1.400695604942016947e+00 1.438065036243201922e+00 1.680533899862793223e+00 1.730125749398893298e+00 2.181197298338373614e+00 2.196596641220383006e+00 2.290623660228114034e+00 2.382928158269578045e+00 2.637750049083591897e+00 2.681207893462620451e+00 3.290225356540427359e+00 3.354673671860293194e+00
-3.137023224811839039e-01 -2.639454061642670379e-01 5.674811236607396614e-01 5.933965172719906089e-01 6.244572244547723638e-01 6.681831982844553819e-01 7.941719887939597822e-01 8.511557018546006548e-01 8.528469922628892919e-01 8.956654559230764479e-01 8.994050061847070898e-01 9.110982997573585651e-01 1.150469508113564299e+00 1.210553667429321134e+00 1.241810550578663408e+00 1.275333754385632679e+00 1.368707705582333123e+00 1.391175485958346725e+00 1.394896627426269298e+00 1.453831167287798598e+00 1.749296304126066515e+00 1.859699708882208924e+00 2.117166407759340174e+00 2.130243738981257628e+00 2.290956197887046297e+00 2.388278200978120047e+00 2.611856361911983893e+00 2.673430448412476235e+00 3.310864386953279226e+00 3.357001134587480617e+00
-3.284753994607919614e-01 -2.904221389748022908e-01 5.668375474095295186e-01 6.103788510730955297e-01 6.171856603136623987e-01 6.812159677670074354e-01 7.838456403822343654e-01 8.323653617441920671e-01 8.679527524157366614e-01 8.839434300573442149e-01 9.010753934056899839e-01 9.326364576525525418e-01 1.183164009858360233e+00 1.230157674851891203e+00 1.312762544727714031e+00 1.332063156815899374e+00 1.386763720379953213e+00 1.390829217581206478e+00 1.392963156780749889e+00 1.466869364333232006e+00 1.853196407038306015e+00 1.944509743845054706e+00 2.045147693448521764e+00 2.084684064882325494e+00 2.290043001043327919e+00 2.396380903637978843e+00 2.570329310051830962e+00 2.657536504049808457e+00 3.331510096879977567e+00 3.363359325835914682e+00
-3.401562389440934142e-01 -3.163520717422786399e-01 5.667937841440048308e-01 6.180565031898914707e-01 6.252073732225460478e-01 6.657146970312031176e-01 7.731704426791110585e-01 8.015552197634787657e-01 8.842730149679116636e-01 8.980483861241710386e-01 9.049535874510060696e-01 9.604999579784325725e-01 1.211277137606523668e+00 1.245175571403874581e+00 1.334685160203789023e+00 1.357496202100267224e+00 1.384250047655445126e+00 1.389423875982749301e+00 1.480488898777074347e+00 1.491922689559085136e+00 1.901749405156658579e+00 1.952469946746943963e+00 1.991509588246230367e+00 2.138530447510756716e+00 2.287867495092089420e+00 2.401508351198451408e+00 2.521264070252954070e+00 2.629697642235830024e+00 3.350002654492389542e+00 3.372374650272612850e+00
-3.515375908073272715e-01 -3.315619977222506454e-01 5.740571570616136432e-01 6.257392826061138891e-01 6.325215872895700864e-01 6.420158984051326234e-01 7.646128572931609746e-01 7.761617356504338927e-01 8.877990673485449680e-01 8.947991776627399751e-01 9.409644231980491824e-01 9.740372760907627381e-01 1.233423230954044936e+00 1.251817586120984593e+00 1.341917786275645508e+00 1.366960553796454647e+00 1.382349263969523623e+00 1.386975263528924529e+00 1.539394230222653981e+00 1.559834549176192242e+00 1.835986721350145512e+00 1.883603542264993713e+00 2.108328123708218094e+00 2.193324679796939680e+00 2.286295605428070310e+00 2.367824498226326124e+00 2.507336692298134828e+00 2.589471581068604866e+00 3.359855013218777664e+00 3.384040231868383319e+00
-3.573627823966389894e-01 -3.353604494994296692e-01 5.821860357233097361e-01 6.222167291264066868e-01 6.339072101263489856e-01 6.363854357146553342e-01 7.622192048963580824e-01 7.651219861198745864e-01 8.902004408097999866e-01 8.926031359594212011e-01 9.600660584177210799e-01 9.728980203111413649e-01 1.246924023100274725e+00 1.248447619367492045e+00 1.349912632810772006e+00 1.362024469618452027e+00 1.383262178550338062e+00 1.384569601367805269e+00 1.576095160568087072e+00 1.585726644029157972e+00 1.816829161310416829e+00 1.835982573914620275e+00 2.192152747753696840e+00 2.200414480712762355e+00 2.300678977787598445e+00 2.306245764124808417e+00 2.536131151434643627e+00 2.548892124471074716e+00 3.362140933521838182e+00 3.389996251809027417e+00
-3.457433265622023022e-01 -3.260196194806634362e-01 5.714442516737215927e-01 6.034690143731319401e-01 6.417884041287865715e-01 6.505499579392202136e-01 7.659739558682088223e-01 7.688634629620301197e-01 8.841217319885279480e-01 8.869020320617093667e-01 9.733211031938591162e-01 9.843180869914520681e-01 1.234207779076469835e+00 1.236210262214559874e+00 1.346706247597051043e+00 1.356130591158884791e+00 1.385757062069704837e+00 1.394336039091134127e+00 1.576060003107545571e+00 1.586105334809527756e+00 1.816410492131310894e+00 1.836007590088233110e+00 2.187016956461995232e+00 2.195333034559851626e+00 2.274142438250186249e+00 2.278904179954918785e+00 2.511406465827971779e+00 2.524799880137312602e+00 3.353002930776614487e+00 3.381524630821835409e+00
-3.108349701347993821e-01 -2.986213294683549568e-01 5.513109261523672089e-01 5.773275833660110878e-01 6.519634457498154623e-01 6.611354565935537719e-01 7.754503497557292402e-01 7.783787901399153997e-01 8.787792671804717237e-01 8.825158808287960621e-01 9.997495308084585197e-01 1.008106825039779331e+00 1.202016210870684665e+00 1.205388593135619635e+00 1.337161806282065823e+00 1.341345282912996151e+00 1.397299047529381610e+00 1.407504377535667039e+00 1.575325051960410283e+00 1.586525651873329057e+00 1.813814901299013682e+00 1.834989630147634054e+00 2.116750260211107459e+00 2.126637666255416281e+00 2.225644981834615788e+00 2.232123837050679960e+00 2.467734678013028926e+00 2.481991938479505944e+00 3.321052560982610036e+00 3.351713394691957948e+00
-2.568959023000284003e-01 -2.476740893601419302e-01 5.304344163382512800e-01 5.505508955217757183e-01 6.515215399017968423e-01 6.619126317716442776e-01 7.867328183959838572e-01 7.905275081767776379e-01 8.852447219308622328e-01 8.910615776397888821e-01 1.024823964745851024e+00 1.030574914462313529e+00 1.160467151231647343e+00 1.167393264902402139e+00 1.320330470971411430e+00 1.321997216594405833e+00 1.407606220353478044e+00 1.417856886147667250e+00 1.570922947237644252e+00 1.583894291541399379e+00 1.793733911068069453e+00 1.818492108124293960e+00 1.927091732346560837e+00 1.939917218548794731e+00 2.218848211874171916e+00 2.225975711524202705e+00 2.430529257979120228e+00 2.444432141310800333e+00 3.261360589584672454e+00 3.295765932436204082e+00
-1.928315239499861777e-01 -1.451449944929399938e-01 5.091455371820360343e-01 5.236790197381798739e-01 6.399423658542406912e-01 6.551700047699344776e-01 7.970326177367350606e-01 8.051280689553438341e-01 8.983770632181504734e-01 9.052987394528981824e-01 1.036802886539543556e+00 1.040667293709938823e+00 1.121059837585119290e+00 1.135150047419613006e+00 1.294019610955579047e+00 1.299245462382827343e+00 1.404851588303124288e+00 1.416811112310651710e+00 1.534564379413023261e+00 1.547416606546918594e+00 1.644830612559839533e+00 1.657677201410649559e+00 1.847209913457353858e+00 1.858757515656671799e+00 2.216326281690127686e+00 2.223993861109066383e+00 2.380446942180259651e+00 2.392764598224152106e+00 3.181378118655983744e+00 3.221055192696073544e+00
-7.991642485103532534e-02 1.484791930183487485e-01 4.843960690740747310e-01 4.956873570675303653e-01 6.219994883780959327e-01 6.430114749693832676e-01 7.928686126088273500e-01 8.229640250872722884e-01 8.993188520806328912e-01 9.083082716387460565e-01 1.023779552154250760e+00 1.029744760600071585e+00 1.088504864311586440e+00 1.105903603706615890e+00 1.207795009548204401e+00 1.262723933338372628e+00 1.297651245208751414e+00 1.330712000975365239e+00 1.445442711936504088e+00 1.453893242637988692e+00 1.593041539378097005e+00 1.607442440033752140e+00 1.840315159277935209e+00 1.855384614286444744e+00 2.191521694271115539e+00 2.201598743838148575e+00 2.303237173755571909e+00 2.311383665339028060e+00 3.103382658190245724e+00 3.149308783420068814e+00
1.590149137314705308e-01 2.508204120539649362e-01 4.541391648823733251e-01 4.602004127988694737e-01 5.937470482162745533e-01 6.219316655847352271e-01 7.210060870211322248e-01 7.959353796111819923e-01 8.799841403588165578e-01 8.908524708308982465e-01 9.181424826997804933e-01 9.814635227331961476e-01 1.052473726391269349e+00 1.068471083885775608e+00 1.131709619846225312e+00 1.149926304289736745e+00 1.271436967063894974e+00 1.292435312657220559e+00 1.438357057639209957e+00 1.443632761108839979e+00 1.584921702613676153e+00 1.601170038984224719e+00 1.840067658328784495e+00 1.856035506771288368e+00 2.058949270767096440e+00 2.069062721525376514e+00 2.261525415449545662e+00 2.266199205980472087e+00 3.049815488701668187e+00 3.101785215712291599e+00
2.347227543884015943e-01 3.034158720824944866e-01 4.113502739701553335e-01 4.325089026649914237e-01 5.375843195942902053e-01 5.712307179892313069e-01 6.532507594658667482e-01 6.648529089023935690e-01 8.508783134949257088e-01 8.689811495803537733e-01 9.177468451213085521e-01 9.519464036746821956e-01 1.048138985479863727e+00 1.073545803386303010e+00 1.107549254113495474e+00 1.114821444252816818e+00 1.266309690013728062e+00 1.283266572357084190e+00 1.434700621809150034e+00 1.438027989254883288e+00 1.580453494512401802e+00 1.598144556174684094e+00 1.820484900587292953e+00 1.829253630983226575e+00 1.849637009478889871e+00 1.861623127156586399e+00 2.254475846718245524e+00 2.259089905837662116e+00 3.023996375137581794e+00 3.080819894407777593e+00
3.206611071807692892e-01 3.722224832260590532e-01 4.174066637154501547e-01 4.433202349192199576e-01 5.004065017651316838e-01 5.363398117016806577e-01 6.357133359680511298e-01 6.956381028989990778e-01 8.259603679912181917e-01 8.448719099935698695e-01 9.488217331617746497e-01 9.657183818981827095e-01 1.032861470883744914e+00 1.057861227675129578e+00 1.089739139350316854e+00 1.104291247225803074e+00 1.266134768865306404e+00 1.284471096761272912e+00 1.426737772521826875e+00 1.429655020193628667e+00 1.566761611956327016e+00 1.580702270968424639e+00 1.590910347844991968e+00 1.601771684012947672e+00 1.843541982490537690e+00 1.859370556631861682e+00 2.253084992730990166e+00 2.257764874677429034e+00 3.015177463554368220e+00 3.075152261927207586e+00
3.787283698383599462e-01 4.242574214242114117e-01 4.495836590096083940e-01 4.502742171401963867e-01 4.634140040735076904e-01 5.036755376527300987e-01 7.315522205914679610e-01 7.320018020979259799e-01 8.159856367804142474e-01 8.352433264123461099e-01 9.661602665599039463e-01 9.862330290966706547e-01 1.010987911828988839e+00 1.011374888249465753e+00 1.090787819196649799e+00 1.106292682212172362e+00 1.268261793712399443e+00 1.288199061034142945e+00 1.403081873167986382e+00 1.403203857186450909e+00 1.474323520406319643e+00 1.474584099142279614e+00 1.579087093600259006e+00 1.596861556554665551e+00 1.843734331114418090e+00 1.859644107668695145e+00 2.252846477981780282e+00 2.257544036951182775e+00 3.013413635095375742e+00 3.074486567694527661e+00
3.791767476666768610e-01 4.104491975085425293e-01 4.153921733714322495e-01 4.530756401486649154e-01 4.683009852971685705e-01 5.014904540665617860e-01 7.284466748874641739e-01 7.476265915285115193e-01 8.095589935980211926e-01 8.273828277827659505e-01 9.618184555540846281e-01 9.775635178926257440e-01 1.003216196762957368e+00 1.020727752597444304e+00 1.045576757926602873e+00 1.138188917179401294e+00 1.260760642515247776e+00 1.274914297762640203e+00 1.394090855270700313e+00 1.410953703362567202e+00 1.468577394665270930e+00 1.479100302511855203e+00 1.550129748069596802e+00 1.596105736419980659e+00 1.847064527486639518e+00 1.900118967986642815e+00 2.129117225425699811e+00 2.364697492780580834e+00 2.901975429536264972e+00 3.138747196934983386e+00
3.562046563519406517e-01 3.707711113805042813e-01 3.924012381504076719e-01 4.238836384966512272e-01 4.641118746311364562e-01 4.955715049262812699e-01 7.403927372799042894e-01 7.685726098704661613e-01 7.771690205237438143e-01 8.094036200471672604e-01 9.499432411244237429e-01 9.565318937485762785e-01 9.978575493092667337e-01 9.988319148146300730e-01 1.030870831420465095e+00 1.145849334941809294e+00 1.242024779800913192e+00 1.247956719534137671e+00 1.384173993847252371e+00 1.417251746692349990e+00 1.461805864352813789e+00 1.482435781437069444e+00 1.512189567257661960e+00 1.560502936037535759e+00 1.896393148347211843e+00 1.945216497973130565e+00 2.014398147324732768e+00 2.441610029841793317e+00 2.722599021566987076e+00 3.187881375854569654e+00
2.926299444165084696e-01 3.191545216541264440e-01 3.539089811665217522e-01 4.026023514377208845e-01 4.443879653960149390e-01 4.822750595495614578e-01 7.204277333667894467e-01 7.621084916356789529e-01 7.866867440102371933e-01 7.884975168227725817e-01 9.335558804841045388e-01 9.390350364427002550e-01 9.629113254846506376e-01 9.959066676170783561e-01 1.040729486811129201e+00 1.107379023824052844e+00 1.210014428737057779e+00 1.239769893203332085e+00 1.373959463566520434e+00 1.421751595824946479e+00 1.454836590426791698e+00 1.482443670485792842e+00 1.484565218850391943e+00 1.504836569609631747e+00 1.855159772052127565e+00 1.962647966347477402e+00 2.044006450949189535e+00 2.391812266180912694e+00 2.599593479250341233e+00 3.205818696298933457e+00
2.232704850751256742e-01 2.283264988347323832e-01 2.811248400249561352e-01 4.012821548314484676e-01 4.186852211831201265e-01 4.570969265370458667e-01 6.875442091213379570e-01 7.570453418399581969e-01 7.858248853925112742e-01 8.039870103036762528e-01 9.009626459373544227e-01 9.202228828821621409e-01 9.511841407987728925e-01 9.973984533188455792e-01 1.041172220956182226e+00 1.049502644426095310e+00 1.178914864625445036e+00 1.235397506030944337e+00 1.364256109309143428e+00 1.424038176411438483e+00 1.433182317252192917e+00 1.448843304099975304e+00 1.468482804871824143e+00 1.485719996732452364e+00 1.754028982951474580e+00 1.975074918623368481e+00 2.101735550609848513e+00 2.203318056822232585e+00 2.616050474597175324e+00 3.198555992946569670e+00
1.178638735865906867e-01 1.504243192973716281e-01 1.950290978679077303e-01 3.946118297155812860e-01 4.007959378386062310e-01 4.442026705752032401e-01 6.913305800478067864e-01 7.260367813452893726e-01 8.060080427747080556e-01 8.140621730332366912e-01 8.499498945804543348e-01 8.914654376122498336e-01 9.540471886341803653e-01 9.829908581864676975e-01 1.001090082553283800e+00 1.056458862919950059e+00 1.146605644887821907e+00 1.225624890772575304e+00 1.356094564974583916e+00 1.361965122020193375e+00 1.423883375303089061e+00 1.445092924966678849e+00 1.453755762454384870e+00 1.486208095575243915e+00 1.686159352872070860e+00 1.793467383704122398e+00 2.152302385152363495e+00 2.181079952612918760e+00 2.640388245855132876e+00 3.176025789387281417e+00
2.674131369011927342e-02 7.563894723400892139e-02 1.000834510560383861e-01 3.777058297898387984e-01 4.014936523820146208e-01 4.692332903232903085e-01 7.008647791021700435e-01 7.112728048207495046e-01 7.998251252589331228e-01 8.191984524170475845e-01 8.195082969107368998e-01 8.382443825713975505e-01 9.507961705584326850e-01 9.622207730503581358e-01 1.004740512955869081e+00 1.060953587420844446e+00 1.106956882501004102e+00 1.214436684508581221e+00 1.296172417474654726e+00 1.350585892636686491e+00 1.422405158286681459e+00 1.443605145668279910e+00 1.444227731594222019e+00 1.486342549998713070e+00 1.616412053031459850e+00 1.652297884919447846e+00 2.192369137475404184e+00 2.207544931841204594e+00 2.654329676541506089e+00 3.152509725979724564e+00
-4.942759101426932330e-05 -2.302131911798431168e-08 1.041686274153586611e-08 3.716275598657919343e-01 4.020621743930856140e-01 4.982649408360522725e-01 6.987020555539863453e-01 7.147308401718525106e-01 7.731800888053469434e-01 8.066055698167929888e-01 8.209797040591890749e-01 8.239802389736239352e-01 9.495055694825337289e-01 9.526005718932099020e-01 1.006240211855669031e+00 1.062511796899781036e+00 1.085108448585970997e+00 1.209725717363724140e+00 1.268904345835937031e+00 1.348631887002896379e+00 1.421615338954133057e+00 1.440919167285692248e+00 1.443287135350380446e+00 1.486358250763949007e+00 1.556826144265998746e+00 1.642247097019382096e+00 2.208623126215032872e+00 2.217376877061459250e+00 2.658629993686250970e+00 3.142522968804708938e+00
7.522176030777229239e-02 8.158156325738809278e-02 1.695906006059231252e-01 3.776631387390371741e-01 3.935859609489224531e-01 4.998280628599961473e-01 6.920096715539875154e-01 7.071611700643745113e-01 7.891360040288274424e-01 8.154805560939407671e-01 8.241359681088330502e-01 8.363431504328616706e-01 9.407869533244204163e-01 9.655111283141132317e-01 1.001251909762022274e+00 1.064008072779144554e+00 1.104048891532597443e+00 1.247318465625462336e+00 1.285640889820130806e+00 1.348927114326589294e+00 1.424257702758088717e+00 1.442365287590996470e+00 1.449064423174305061e+00 1.486720509288157910e+00 1.555777683381914578e+00 1.693570107350775400e+00 2.183719435759855720e+00 2.212877415328506903e+00 2.649544794764872258e+00 3.159460216248756392e+00
1.494084579206827745e-01 1.909078360352314541e-01 2.883993214456182508e-01 3.859615974605127287e-01 3.944637169680380029e-01 5.078925278398372933e-01 6.794979210875521369e-01 7.022893705036772349e-01 8.024377643453052267e-01 8.135227912617921664e-01 8.210518667318902342e-01 8.705688849298495180e-01 9.428211463899314193e-01 9.894427254477354827e-01 9.902595983490157794e-01 1.066323562842202533e+00 1.148193519818448749e+00 1.285699482605619615e+00 1.350324329756299457e+00 1.361258018224490218e+00 1.430907340941193429e+00 1.440099321332586335e+00 1.478765023860389993e+00 1.487608724104430458e+00 1.570296227645274545e+00 1.852265745850830925e+00 2.139681485676542483e+00 2.181597913471152062e+00 2.628007606001279139e+00 3.195478308518326482e+00
2.213974793764315885e-01 2.720163700738266188e-01 3.368732091591929434e-01 3.995953621824924196e-01 4.183712872463233312e-01 5.476117866213271457e-01 6.699306802041139486e-01 7.047650166331381749e-01 7.833855072829711830e-01 8.070778372347132690e-01 8.133096708692747479e-01 9.143853155503042229e-01 9.542654470607021544e-01 9.761537054373163880e-01 1.032898777151178837e+00 1.066834850240293120e+00 1.192937205945449053e+00 1.311464228528545162e+00 1.353585196316485106e+00 1.430980571574529847e+00 1.433568409941419874e+00 1.442856229213313801e+00 1.488551264917096217e+00 1.501703866213976557e+00 1.657593399983389837e+00 1.999328510500001821e+00 2.123059235131883771e+00 2.192086172229087193e+00 2.598940417213026599e+00 3.224170275428573706e+00
2.897222007954114442e-01 3.166508372810051264e-01 3.497697136533242102e-01 4.190032215696160578e-01 4.437117891431908712e-01 5.919243414820992699e-01 6.775053963821547898e-01 7.183029473258498721e-01 7.611098018780906305e-01 7.919742886233638313e-01 7.999340977910969208e-01 9.542702624885204266e-01 9.652838769539570096e-01 9.700746376278117644e-01 1.065135684664456406e+00 1.093758020149266930e+00 1.229349767788835868e+00 1.329602297605953165e+00 1.358699627032420310e+00 1.429011682431023500e+00 1.452422326572942790e+00 1.489033161870599198e+00 1.494066279398750030e+00 1.511327823832066652e+00 1.805563667517890991e+00 1.952088043422625985e+00 2.065797548188149868e+00 2.438510223987489844e+00 2.561059079108156222e+00 3.228504031662445595e+00
3.359133874460933367e-01 3.523021997153794604e-01 3.547335901902451405e-01 4.440468880464607526e-01 4.626206065064374928e-01 5.921406767177831432e-01 7.057565095952057499e-01 7.408743316244037480e-01 7.418133220486530233e-01 7.816201136732779942e-01 7.897784746152268776e-01 9.584788367631844608e-01 9.734908700114844882e-01 1.000359911572310523e+00 1.062248084576666862e+00 1.150939661309297701e+00 1.259083221707598677e+00 1.341120686648917815e+00 1.364708084313147385e+00 1.423678347751169415e+00 1.461540765287757226e+00 1.488690353821196632e+00 1.527450237639527142e+00 1.552404111221965977e+00 1.885119659650912771e+00 1.969957726464038217e+00 2.007379314661973613e+00 2.504420699626574542e+00 2.676770745480335556e+00 3.205963537731245871e+00
3.419816013541231436e-01 3.607036866512154383e-01 4.058391013758376742e-01 4.650161535877331276e-01 4.656284513190106500e-01 5.779839773964423610e-01 7.208650811797296942e-01 7.294925370479953264e-01 7.505791092359584971e-01 7.624910898079220178e-01 8.118477043834916307e-01 9.552680351965322503e-01 9.865281649079683524e-01 1.028999501607041234e+00 1.059660369923533851e+00 1.179832606567120301e+00 1.283793048886165300e+00 1.350162662353807885e+00 1.369877629763099014e+00 1.419198088176828909e+00 1.468419845288053693e+00 1.487589997459777047e+00 1.551466051689374570e+00 1.585292734490006739e+00 1.851803730583624352e+00 1.939485528678409398e+00 2.130548699886620323e+00 2.438751164155928297e+00 2.838088936780386096e+00 3.168954208984636089e+00
3.426294435248788961e-01 3.642178761095075101e-01 4.413668963889278429e-01 4.503333070564244367e-01 4.736558820751189391e-01 5.706960219780028432e-01 7.252980107010684740e-01 7.278086325974950643e-01 7.503816504931741793e-01 7.526308824501668493e-01 8.242784314750556396e-01 9.543981691237722886e-01 9.921579277053185209e-01 1.041645327511184549e+00 1.058632334344994153e+00 1.185714651047958146e+00 1.293941175782798325e+00 1.354644351278894154e+00 1.372006721374412264e+00 1.417354813018244064e+00 1.471194708360512360e+00 1.486821996196844964e+00 1.572475941815939526e+00 1.582765198461481448e+00 1.857565425128469228e+00 1.901486686985573549e+00 2.212077793067853460e+00 2.390747191056401988e+00 2.899177469769348203e+00 3.147588828641540104e+00
3.073010050210431277e-01 3.353445297723927632e-01 4.071257187767983732e-01 4.438621425498897599e-01 5.002946447109619665e-01 5.733013200814111032e-01 6.595479606833342112e-01 6.738044511808478632e-01 7.452040563759027014e-01 7.743395143019384808e-01 8.259842566674588937e-01 9.856441812174215888e-01 9.983884109065324086e-01 1.044579656946344803e+00 1.062635716379704887e+00 1.182620334368949866e+00 1.293504993307726947e+00 1.347868251567228448e+00 1.420134693165197248e+00 1.420280939094993311e+00 1.552160056290542656e+00 1.566237145158917654e+00 1.574833197359465586e+00 1.589281973176128737e+00 1.856721328987230413e+00 1.901187458942845465e+00 2.211468729090514174e+00 2.390726190196644119e+00 2.902020787705418492e+00 3.147311764746689722e+00
2.232799590923642552e-01 2.627523690539257384e-01 4.011058364576381985e-01 4.630980712976098257e-01 5.131670911776471389e-01 5.791574823845325737e-01 6.120754017244312006e-01 6.376793900693503714e-01 7.777497986390006224e-01 8.106890606668001320e-01 8.313426308191540492e-01 9.760009161088171181e-01 1.011623304496485964e+00 1.071716341549088680e+00 1.080616259188196926e+00 1.173327158255485392e+00 1.297309760500712228e+00 1.344178004007420490e+00 1.424247728154554471e+00 1.432156599139906339e+00 1.575110764314630263e+00 1.588631666340847959e+00 1.755315248256601457e+00 1.789437766169865496e+00 1.855931059649232662e+00 1.900988957308617611e+00 2.209788255624400843e+00 2.390663198984204207e+00 2.913701904325886716e+00 3.148574834134240330e+00
1.646172188198455899e-01 1.928439113929169557e-01 4.478956045700709376e-01 4.655837727231781353e-01 5.544204071674239120e-01 5.896822857716670363e-01 6.567404481551170070e-01 6.881639987982526296e-01 8.222853903304724321e-01 8.635799147845628632e-01 8.878641802549422923e-01 9.632392368834604701e-01 1.025202049375617985e+00 1.106977213744390287e+00 1.107075590039133584e+00 1.159077855052483175e+00 1.306263500443802794e+00 1.339825426018124599e+00 1.427848414269041522e+00 1.429598253052183576e+00 1.578891665700074665e+00 1.597983459538345086e+00 1.845256267556370178e+00 1.896517257248098165e+00 1.971738237008167305e+00 2.021099065047568644e+00 2.207706989957788135e+00 2.390556629382550646e+00 2.943092408848257513e+00 3.157431334939366341e+00
-2.042091812941958760e-03 1.110115131397071825e-01 4.492885040756236514e-01 4.859732419575027995e-01 5.718329886719377697e-01 6.023107755811188957e-01 6.784655185687450407e-01 7.857245631632070459e-01 8.638033616676523696e-01 9.256687387626489905e-01 9.653132329559678260e-01 1.057270640532630646e+00 1.075581810477212130e+00 1.131355135451708405e+00 1.160385264293388285e+00 1.193642130356138864e+00 1.320733970642701482e+00 1.337803058167209569e+00 1.428363757817858737e+00 1.429834902933411200e+00 1.584613199164000008e+00 1.611194864030463636e+00 1.841818130008066490e+00 1.895464691657653189e+00 2.130826450087877522e+00 2.191010060341056054e+00 2.224672236781580104e+00 2.390403173372428025e+00 3.000117946094264632e+00 3.182060009313995685e+00
-1.916006069995231931e-01 -7.658854260178486750e-02 4.360117417719646671e-01 5.026051141140684964e-01 5.873043923546142908e-01 6.118594172744452608e-01 6.741530483018949305e-01 8.006403353958870817e-01 8.771491040417237484e-01 9.770910694401551133e-01 9.805499048290589048e-01 1.111153939504456289e+00 1.121057161921059642e+00 1.137413085185897232e+00 1.280440863172776833e+00 1.324528284463273975e+00 1.360975189287292997e+00 1.405055098748514864e+00 1.448709873766387046e+00 1.471124993639377099e+00 1.602424073537287663e+00 1.634952726455340732e+00 1.838992766045161487e+00 1.894676597534003637e+00 2.197566736242911656e+00 2.228341145577198645e+00 2.347886876850514337e+00 2.390217162204989254e+00 3.083669275877450655e+00 3.226693202986567588e+00
-2.676471564492999833e-01 -1.663333009578443489e-01 4.319690822595756430e-01 5.045236775085222281e-01 6.134561966879801265e-01 6.137476428355654878e-01 6.719325613260608288e-01 7.790146050939998901e-01 8.798914149698702225e-01 9.826597421190934600e-01 1.014619855255001646e+00 1.090967670904977815e+00 1.159549650902217843e+00 1.164957587148772511e+00 1.302818936868780808e+00 1.343613619838858408e+00 1.373573879368196415e+00 1.417350656369225081e+00 1.555127708631553807e+00 1.588409449585046929e+00 1.726595233955264153e+00 1.750358173214377810e+00 1.851790476351647730e+00 1.901200696513110966e+00 2.194869060637091529e+00 2.277891635644376578e+00 2.390070710605387116e+00 2.427375076958841138e+00 3.175983290384521762e+00 3.284072134045407765e+00
-3.231914739943528847e-01 -2.242751837641979995e-01 4.374587586409808826e-01 5.062401724768241795e-01 6.079070619879036741e-01 6.337862132315306152e-01 6.754540136145175122e-01 7.565837114817224318e-01 8.817580204816118927e-01 9.703643144375182494e-01 1.028872451510741914e+00 1.075102562939428630e+00 1.182572389675943247e+00 1.211382993243023565e+00 1.306691445172564414e+00 1.357494061650508677e+00 1.363989444686203090e+00 1.408628078388042493e+00 1.566602192830453211e+00 1.615822628253808846e+00 1.803708841218440329e+00 1.865311900531545719e+00 1.991102617201766067e+00 2.009275652113108102e+00 2.192328567240941606e+00 2.306174932192597726e+00 2.390076216995491887e+00 2.475084150368499714e+00 3.255977951470047760e+00 3.338248530420218518e+00
-3.644391573101980475e-01 -2.644109500714788008e-01 4.486284646360792494e-01 5.143240461517067930e-01 5.989198869663879821e-01 6.300957112494214307e-01 6.800254963488552296e-01 7.549956254605011408e-01 8.847647084413191587e-01 9.495090973267428236e-01 1.023788800117895192e+00 1.065121749202529999e+00 1.210198494648451417e+00 1.254634883309647897e+00 1.309416528101550181e+00 1.350337850061376299e+00 1.367909352046164928e+00 1.396067804374620858e+00 1.568566469938885932e+00 1.625486724602190680e+00 1.807990318235533467e+00 1.872516842810149740e+00 2.142113289237081997e+00 2.174244328570666518e+00 2.191700015104706356e+00 2.346160696393408518e+00 2.390533376770731522e+00 2.516282314618058180e+00 3.311755457115832968e+00 3.376473827121821092e+00
-3.905733830658656425e-01 -2.882831794664722502e-01 4.595503930390906766e-01 5.278687330476993234e-01 5.908428067999637046e-01 6.091349201259603774e-01 6.828665347601609037e-01 7.682976312496732074e-01 8.912985678836329306e-01 9.258712944992093519e-01 1.015908551839404428e+00 1.057364107684132026e+00 1.236086095340729774e+00 1.288939245225213748e+00 1.308290319718042216e+00 1.339003814533936021e+00 1.372664211928350975e+00 1.383373108662515616e+00 1.568706473119434008e+00 1.630176494524040898e+00 1.807696731460148198e+00 1.872562788619286600e+00 2.188695124888194066e+00 2.202860608479763282e+00 2.268121458006548075e+00 2.388127586130154967e+00 2.414088128921302534e+00 2.561186667370078940e+00 3.341922238193578032e+00 3.395910540954599544e+00
-3.995833018691583027e-01 -2.962132617918909472e-01 4.641607926449279886e-01 5.367849844443034479e-01 5.874686146197737324e-01 5.962031193245720395e-01 6.837324145651060281e-01 7.756092535286946976e-01 9.022982084882846809e-01 9.075321602296342327e-01 1.012856775396409503e+00 1.054120687577575932e+00 1.248275981806393542e+00 1.304085527552535595e+00 1.304892009288882715e+00 1.335273926949020362e+00 1.369281577055261101e+00 1.380670977917150877e+00 1.568616907549842177e+00 1.631629368450007167e+00 1.807415307502171053e+00 1.872314821490247416e+00 2.188361573001650129e+00 2.214641876803168596e+00 2.293610707335436594e+00 2.389042869443144035e+00 2.445423097555444070e+00 2.583363352806618440e+00 3.350996085953000136e+00 3.401236249055059169e+00
-4.099114216149234435e-01 -3.116469714586370121e-01 4.668756121314391883e-01 5.441936068228616641e-01 5.911776926090165363e-01 6.043760576942486251e-01 6.906003465475506475e-01 7.749606047427533007e-01 8.995688225889771905e-01 9.086010049269794830e-01 1.005769023528260142e+00 1.051199891832609978e+00 1.250611710223783479e+00 1.305336149355287301e+00 1.307188242311714932e+00 1.336977484132820138e+00 1.365372723822991352e+00 1.380423758739744988e+00 1.514845335394824577e+00 1.588134390728226597e+00 1.860645221818199246e+00 1.915974078646163425e+00 2.139498081277646957e+00 2.172407952956934452e+00 2.304796412039050058e+00 2.344115394937652752e+00 2.508243428048349433e+00 2.598269175620322446e+00 3.348757427446737989e+00 3.396814512194607616e+00
-4.349323898415590195e-01 -3.487388786151256470e-01 4.745405033112951587e-01 5.611240333783131806e-01 6.009023031426615757e-01 6.251149623979883607e-01 7.082392866930696806e-01 7.742439579198309163e-01 8.919128249405096076e-01 9.116453559198601786e-01 9.831506015817458310e-01 1.042913229397625763e+00 1.256939783173667724e+00 1.308245430704332524e+00 1.312761957506801247e+00 1.341317981835800310e+00 1.347371042540721264e+00 1.380160165576555853e+00 1.417199333467779265e+00 1.509279355407284529e+00 1.959424137331460480e+00 1.989113629292189378e+00 2.046174987065633388e+00 2.055947423497475501e+00 2.314114677910622309e+00 2.320593006968073801e+00 2.579004564163448254e+00 2.630066181563308181e+00 3.342326403829567916e+00 3.384505320100221759e+00
-4.636592908271262026e-01 -3.920732946615357317e-01 4.860663747518231270e-01 5.767865034920423017e-01 6.146928112566085733e-01 6.475318579932639595e-01 7.306529690253913412e-01 7.763293841405672913e-01 8.803030114757879332e-01 9.162672045711169888e-01 9.433185754592814387e-01 1.030340202852231046e+00 1.265127047410631311e+00 1.287825918486805721e+00 1.301297429828246255e+00 1.312011522744263470e+00 1.346435362391213308e+00 1.350737263993674331e+00 1.380556791370951775e+00 1.451605219622313703e+00 1.882201517292391379e+00 1.905530347851281725e+00 2.068168034106284914e+00 2.111365194134674717e+00 2.311421902596630495e+00 2.318158927600546537e+00 2.630383278561191585e+00 2.660029579039594694e+00 3.332524740960467913e+00 3.366315280371430685e+00
-4.882293964030588462e-01 -4.323854552416408481e-01 5.002318157851380898e-01 5.831153733311046361e-01 6.291885131139739462e-01 6.607370443106024283e-01 7.528957510840725842e-01 7.828974574966394151e-01 8.629353112003640414e-01 8.886642566259218556e-01 9.224686929999560414e-01 1.014537533496092880e+00 1.210129054542481875e+00 1.223680595047135888e+00 1.276422453965956327e+00 1.312700821868776790e+00 1.354530445509563252e+00 1.359495378369851348e+00 1.381669860496931523e+00 1.423500387813963597e+00 1.739603726610407630e+00 1.750146746330546899e+00 2.170443653590808264e+00 2.205576482952242845e+00 2.308566809410552256e+00 2.316279551383101598e+00 2.662716513199486101e+00 2.679696595799646364e+00 3.320405500552311207e+00 3.344472416101731405e+00
-5.046150133082429878e-01 -4.659370232038438919e-01 5.160647973060693561e-01 5.784101213258793228e-01 6.374114392537451046e-01 6.634502787997275108e-01 7.719822214335808619e-01 7.913211393278065664e-01 8.284616934598951765e-01 8.333135955754273905e-01 9.308386184818768783e-01 9.964424631506554331e-01 1.145645706047085932e+00 1.163017743852638342e+00 1.285499566371888891e+00 1.311304277614599112e+00 1.367840167633913140e+00 1.372202674978197701e+00 1.382961857563520747e+00 1.404887988374790453e+00 1.610588585797335881e+00 1.613827538190400368e+00 2.260579549538184185e+00 2.287243665663780234e+00 2.307516772511247094e+00 2.313913210950120813e+00 2.679669688781907588e+00 2.688382463924723798e+00 3.307361218502069544e+00 3.322378053703293865e+00
-5.109383791061363755e-01 -4.909895069440616266e-01 5.327096548481087268e-01 5.659013519519789925e-01 6.291808976869521786e-01 6.683412113314681768e-01 7.768644081043631910e-01 7.873204648654640314e-01 7.951453459175199523e-01 7.989407479642810506e-01 9.427457435420278919e-01 9.772845957128017957e-01 1.115663300152240689e+00 1.125845530784498338e+00 1.294012225573348163e+00 1.307501461965098422e+00 1.376044032126649164e+00 1.382990159093812066e+00 1.384659842339014624e+00 1.392292113582042301e+00 1.512930831719471625e+00 1.526041523596150862e+00 2.302903425803072945e+00 2.308444151098353991e+00 2.330840050660150986e+00 2.347350818222663449e+00 2.685965122116571902e+00 2.689382961013405016e+00 3.296128251081482663e+00 3.305606460406726121e+00
-5.074744866724122394e-01 -5.051729289734031569e-01 5.466419254518705140e-01 5.527655909776973964e-01 6.208725693345723551e-01 6.726619464008173344e-01 7.569275466802380947e-01 7.797082828172694491e-01 7.938001890447965447e-01 7.975636418474321143e-01 9.572051205126014262e-01 9.601702258761913855e-01 1.108548172862641623e+00 1.113915759183063514e+00 1.300399754673266628e+00 1.302669149037694485e+00 1.380102298954167361e+00 1.381701232907064369e+00 1.383379956539074307e+00 1.394055636141746879e+00 1.479771424919868572e+00 1.492032115735560494e+00 2.303432599504897649e+00 2.307727960828181768e+00 2.355649619325950184e+00 2.367429929693489754e+00 2.687318491913172291e+00 2.688266226743790455e+00 3.291321217668088384e+00 3.299495581952124557e+00
-5.012926630429572761e-01 -4.991684920694156036e-01 5.382417222206917762e-01 5.495623830730225201e-01 6.232599973874747290e-01 6.706237458874687585e-01 7.542952031081779918e-01 7.779315561992110606e-01 8.030472006174360633e-01 8.093105479991993256e-01 9.560670016718179065e-01 9.590896692397528067e-01 1.108443600103671267e+00 1.113745657724896532e+00 1.299059123120621440e+00 1.301286132437709631e+00 1.350690492273207255e+00 1.355422092975261394e+00 1.406668604721670324e+00 1.414733444662713335e+00 1.480870624304278405e+00 1.493170592650403083e+00 2.267343816651537391e+00 2.271807437051484246e+00 2.356359087597459379e+00 2.368453545471558286e+00 2.676980454588862468e+00 2.678285376016176667e+00 3.283174306433419343e+00 3.291971710153932307e+00
-4.829667887214999511e-01 -4.810607716984500737e-01 5.185815279175868264e-01 5.408441008964094410e-01 6.246498691090124344e-01 6.640648143108967005e-01 7.535020645650731819e-01 7.766530835731382254e-01 8.272835194566173778e-01 8.343983543292322613e-01 9.527905100799989313e-01 9.556091335967935585e-01 1.107945938347556947e+00 1.113000415371467433e+00 1.291864134948768505e+00 1.293567388876181390e+00 1.318803213930400675e+00 1.322018500056383328e+00 1.425111552808636439e+00 1.434106416509007831e+00 1.483971210886970926e+00 1.496394809269156134e+00 2.157635399339698168e+00 2.163126938397712085e+00 2.358734779333078624e+00 2.371178251025736206e+00 2.651031585556319126e+00 2.652680466058125575e+00 3.257571376016061837e+00 3.267827610312687092e+00
-4.530563140015746448e-01 -4.502270782489289913e-01 4.947690256239228868e-01 5.288271496366073743e-01 6.182024308998536055e-01 6.518638178275484307e-01 7.585506477603378706e-01 7.779297101736939446e-01 8.602559501489368543e-01 8.654195595463448631e-01 9.470519604696546745e-01 9.493043896397482806e-01 1.106296468324032833e+00 1.110957353639993261e+00 1.260704998680984845e+00 1.262420362374642613e+00 1.303828215813845670e+00 1.306318871192764908e+00 1.437364409891075834e+00 1.447324944305889760e+00 1.488121236209138720e+00 1.501124278882333352e+00 1.979711579324886062e+00 1.987108617559795398e+00 2.362531245518552314e+00 2.375344443075384060e+00 2.611556385719677742e+00 2.612722625380655916e+00 3.215090700201014950e+00 3.226769645430874522e+00
-4.110432181814371311e-01 -4.057181947883897744e-01 4.688663803397445928e-01 5.157944202110800180e-01 6.033097085305826335e-01 6.360322058007198409e-01 7.625583916930960271e-01 7.824642092563915963e-01 8.955026030886851229e-01 8.985133768076155603e-01 9.356405397478654296e-01 9.416741728968711644e-01 1.101628735023343575e+00 1.106187993702272276e+00 1.215070050539785784e+00 1.216352319061582365e+00 1.297172595841756593e+00 1.301206293782140255e+00 1.443993266043574364e+00 1.454329947465126338e+00 1.490916831400244336e+00 1.505985429388106311e+00 1.754188834560008958e+00 1.763370383235456806e+00 2.367184819927355743e+00 2.380582595611217656e+00 2.545601139208520269e+00 2.546465251168983812e+00 3.164383340320916727e+00 3.176631302577701987e+00
-3.542914786671334526e-01 -3.453524494016353419e-01 4.390640868649272610e-01 5.023246274660430055e-01 5.847903391349184021e-01 6.204306781209282251e-01 7.587454435888399962e-01 7.858157440185623566e-01 9.013704259642435490e-01 9.056719166677023036e-01 9.393130060242413926e-01 9.499412665749901175e-01 1.089879063159264527e+00 1.095060107197357357e+00 1.167025392963081165e+00 1.171385311093152470e+00 1.280478178831687686e+00 1.289437031745314322e+00 1.437424063963433696e+00 1.449590927874475854e+00 1.477841435568816086e+00 1.494589694530475521e+00 1.539780650148169672e+00 1.553792587948020332e+00 2.370855229881887460e+00 2.384937970352382308e+00 2.433746796825757119e+00 2.436995987170159861e+00 3.120857255000176966e+00 3.132570008553456020e+00
-2.766284734238865783e-01 -2.632222427445362056e-01 4.039572705930846164e-01 4.866229942057744284e-01 5.680725109222408697e-01 6.065177851904216544e-01 7.398002301303757688e-01 7.746665872099656180e-01 8.382375781957195349e-01 8.598926545418642542e-01 9.709775326216503188e-01 9.815086704984015142e-01 1.062501389995357925e+00 1.068831604954569414e+00 1.128496732337380015e+00 1.138102813437973371e+00 1.196042580565813473e+00 1.221893016804577847e+00 1.356600422867622280e+00 1.366478191771377970e+00 1.454620369388784251e+00 1.460984006224586906e+00 1.510011170626945010e+00 1.528732770907732297e+00 2.259478719797777480e+00 2.263992664415339195e+00 2.380718261394588087e+00 2.395063123858489629e+00 3.094988980253853939e+00 3.105702780481083281e+00
-1.595306870730357762e-01 -1.374387154720217719e-01 3.688578392599440314e-01 4.663614584948728159e-01 5.495138103980929944e-01 5.814322392890447500e-01 6.706560942850632312e-01 6.898219685610469387e-01 7.723305744723604205e-01 8.093589107141829775e-01 9.956631101511508319e-01 1.004413487433394536e+00 1.020382609914939120e+00 1.030078604539955034e+00 1.083465633793474270e+00 1.108473224487881437e+00 1.131218158717838485e+00 1.138054195678588121e+00 1.337352234162593634e+00 1.347315802975838306e+00 1.449669564925359699e+00 1.454722011429511630e+00 1.510288977176949654e+00 1.533415248698875244e+00 2.039823248804062406e+00 2.045728468107272047e+00 2.384732645588454769e+00 2.400589732612563143e+00 3.085353621401198954e+00 3.095317735548529292e+00
1.309198344012517390e-01 1.708821322956143585e-01 3.579034393185797636e-01 4.471404200051642963e-01 5.073729624617424605e-01 5.306580660443029895e-01 6.137821058054855339e-01 6.266724111989070423e-01 7.445210998835070093e-01 7.875017041805218998e-01 9.731429013318758647e-01 9.846457634893200916e-01 1.011731660721556292e+00 1.023263231739483636e+00 1.047512257978091110e+00 1.073142657044489523e+00 1.122504788790679164e+00 1.132595555171922230e+00 1.337347492455688736e+00 1.346520705252714611e+00 1.443673723545946919e+00 1.447743953416314566e+00 1.511884556146554592e+00 1.537838976027792848e+00 1.794600182148307077e+00 1.799396408893764843e+00 2.388543506854533316e+00 2.405451090201232933e+00 3.084818059078995311e+00 3.094422932388850356e+00
1.862142992048654855e-01 2.686311246479527459e-01 4.041908311365210449e-01 4.631585300212783807e-01 5.356578416770600981e-01 5.403977834253221868e-01 6.095236315150117656e-01 6.180727958350393791e-01 7.228063807546994957e-01 7.682391583148829861e-01 9.473208257198899584e-01 9.577726742907372026e-01 1.006481782139192482e+00 1.010847649243117763e+00 1.032840410676788778e+00 1.054488190000355541e+00 1.126457017635047908e+00 1.139198844857820081e+00 1.341877348315372087e+00 1.350449496027016805e+00 1.436045927523549981e+00 1.439734708608924496e+00 1.510601202818410815e+00 1.532485621864680958e+00 1.576475210277200611e+00 1.581942182879328973e+00 2.391074991880932643e+00 2.408682953654910808e+00 3.087020212572281430e+00 3.096507283188749682e+00
1.907659923347359010e-01 2.962069891794802401e-01 4.304950856641928669e-01 4.733725928411054440e-01 5.794389264153131380e-01 5.798455443903469675e-01 6.292911500571396477e-01 6.306319690385012722e-01 7.115291288570892991e-01 7.589609693182882699e-01 9.395911175914268831e-01 9.491207708015142464e-01 9.905507536875368668e-01 9.908643981567900605e-01 1.029299330919724031e+00 1.051134333787428154e+00 1.129520793874521978e+00 1.143187528662661157e+00 1.348474481707982120e+00 1.357560203626587025e+00 1.422940059059282225e+00 1.423076800542423470e+00 1.472686651956469417e+00 1.473005800567382284e+00 1.520212988262592102e+00 1.549689727928285743e+00 2.391957661760046872e+00 2.409813494067166939e+00 3.088164094830396778e+00 3.097629506437300062e+00
2.233321557280774639e-01 3.055461570007715344e-01 4.294368872464619513e-01 4.706588006108427535e-01 5.636408205628998802e-01 5.702745297012833392e-01 6.410804060936937665e-01 6.423459956485501055e-01 7.293927425556728794e-01 7.719449801911691944e-01 9.385299624624046100e-01 9.434829352629142685e-01 9.821951124721925996e-01 1.000329192657825716e+00 1.033096153730459044e+00 1.066263077431986561e+00 1.114685437672332746e+00 1.159893095130305474e+00 1.350128651374969069e+00 1.364949475193427686e+00 1.417022163205388541e+00 1.427007503866040805e+00 1.470461433352765024e+00 1.475718749623777359e+00 1.544158982052977080e+00 1.574106453037442233e+00 2.368594590395470156e+00 2.388740810147240712e+00 3.084735303567810227e+00 3.112551945992063196e+00
2.701303008293768904e-01 3.318847354073243272e-01 4.362510749459442838e-01 4.627501662695782669e-01 5.385167445489370541e-01 5.475872881992528418e-01 6.616928271467236167e-01 6.642600165681491475e-01 7.652796628012710212e-01 7.936552117809114737e-01 9.328151866825042937e-01 9.403479623886191741e-01 9.748630870980968810e-01 1.010858755915102103e+00 1.046251121647976179e+00 1.092634173759856164e+00 1.115629102870171474e+00 1.184977498823252429e+00 1.347710796658295962e+00 1.383540877113189627e+00 1.409593596729924458e+00 1.428626082057260049e+00 1.469046367807190556e+00 1.478601108323877700e+00 1.618772087519442238e+00 1.647628574538613222e+00 2.305697989316859431e+00 2.332842245088805555e+00 3.083942007927063855e+00 3.136953667900646447e+00
2.958394807104944291e-01 3.488524617195149502e-01 4.468770595103014887e-01 4.722668812561869323e-01 5.128563401117094411e-01 5.228611917699460543e-01 6.806646640277566052e-01 6.878473716870077137e-01 7.774651014082184508e-01 8.045856793223530312e-01 9.327125509214925225e-01 9.467111944830163273e-01 9.686990755261823960e-01 1.021917397309890063e+00 1.067130445916888215e+00 1.080303734325902543e+00 1.189432259235647660e+00 1.215230653363521318e+00 1.340629441055712245e+00 1.401293234520444519e+00 1.404426415566807362e+00 1.427947187773372484e+00 1.468734336788358075e+00 1.481184960112687410e+00 1.731043884358400398e+00 1.770611632092597310e+00 2.220390320409745044e+00 2.255743404530351714e+00 3.077922583788871513e+00 3.157635007603268207e+00
3.096555318012963465e-01 3.526539382891539787e-01 4.419508456888953662e-01 4.892746296012337459e-01 4.994478865805060397e-01 5.068259468578798499e-01 6.970822428976050089e-01 7.093261541561898254e-01 7.588472218148683002e-01 8.007635964562160868e-01 9.286530647968398444e-01 9.607317007984027546e-01 9.636566920995303098e-01 1.032905733749682753e+00 1.067881536957773436e+00 1.100678561469637717e+00 1.248625290758713424e+00 1.277066690767642232e+00 1.341137947238124406e+00 1.392752721160422702e+00 1.425655116008272660e+00 1.426052998487054246e+00 1.469196486128326873e+00 1.483303536909842846e+00 1.861694564398891805e+00 1.925444792563383301e+00 2.128891077034267276e+00 2.169435806007709022e+00 3.058205237775090790e+00 3.168045248281011972e+00
3.179357658072766157e-01 3.566823752255631752e-01 4.457378000805206630e-01 4.693010158561900513e-01 4.792069681565473971e-01 5.324832618187065325e-01 7.102937576127048569e-01 7.273877593560308386e-01 7.395627829451170143e-01 7.809489743606955470e-01 9.083637240546466041e-01 9.596906825807309804e-01 9.766273232952307204e-01 1.043010496844161361e+00 1.057040488375744047e+00 1.136586426524665905e+00 1.285651174646475381e+00 1.308724784527107499e+00 1.384716433560730930e+00 1.401729281429029861e+00 1.422702308189288889e+00 1.454197717134970480e+00 1.469939439840163731e+00 1.484901393627271027e+00 1.987791843662503277e+00 2.040314307750726641e+00 2.078541439648671219e+00 2.095096270525509397e+00 3.021761662271250870e+00 3.167492895721887525e+00
3.274209319545537400e-01 3.610231424780178666e-01 4.541105014052884692e-01 4.576558021387899244e-01 4.635831399829663524e-01 5.501732711805092935e-01 7.199507174987745950e-01 7.318479181730824790e-01 7.410998358643227091e-01 7.573243557806287329e-01 8.762878384836261247e-01 9.567922983434135054e-01 9.880471034556860266e-01 1.047310175809386124e+00 1.051269863975610619e+00 1.164324007416304152e+00 1.297061461196225673e+00 1.329623990161848957e+00 1.378037909271986772e+00 1.419949807354096816e+00 1.470611134487638916e+00 1.485991887506733056e+00 1.486130079409187621e+00 1.496786866754732825e+00 1.954484857774160256e+00 1.992959617007318718e+00 2.114105043918541593e+00 2.235254081943392812e+00 2.972077498960775443e+00 3.159818435075747889e+00
3.378109855625981983e-01 3.635926794155892594e-01 4.446041159010519217e-01 4.537107581920726274e-01 4.692964392872011059e-01 5.641446331653565682e-01 7.258329645170793487e-01 7.309496257023991861e-01 7.449011211471422422e-01 7.496969788189131734e-01 8.421098515930411921e-01 9.550051918504492976e-01 9.920416405878064170e-01 1.042471736410407468e+00 1.056722109775702245e+00 1.180476912087865760e+00 1.295036983637610550e+00 1.348648159008952518e+00 1.373578463525052751e+00 1.418036709477691781e+00 1.471046712901764808e+00 1.486618499379497305e+00 1.546237162075163152e+00 1.554843970098569006e+00 1.887518695070887320e+00 1.928888656444635696e+00 2.186384620288047476e+00 2.346555449803899851e+00 2.922262865163992362e+00 3.151246935150436634e+00
3.426294435248788961e-01 3.642178761095075101e-01 4.413668963889278429e-01 4.503333070564244367e-01 4.736558820751189391e-01 5.706960219780028432e-01 7.252980107010684740e-01 7.278086325974950643e-01 7.503816504931741793e-01 7.526308824501668493e-01 8.242784314750556396e-01 9.543981691237722886e-01 9.921579277053185209e-01 1.041645327511184549e+00 1.058632334344994153e+00 1.185714651047958146e+00 1.293941175782798325e+00 1.354644351278894154e+00 1.372006721374412264e+00 1.417354813018244064e+00 1.471194708360512360e+00 1.486821996196844964e+00 1.572475941815939526e+00 1.582765198461481448e+00 1.857565425128469228e+00 1.901486686985573549e+00 2.212077793067853460e+00 2.390747191056401988e+00 2.899177469769348203e+00 3.147588828641540104e+00
3.787283698383599462e-01 4.242574214242114117e-01 4.495836590096083940e-01 4.502742171401963867e-01 4.634140040735076904e-01 5.036755376527300987e-01 7.315522205914679610e-01 7.320018020979259799e-01 8.159856367804142474e-01 8.352433264123461099e-01 9.661602665599039463e-01 9.862330290966706547e-01 1.010987911828988839e+00 1.011374888249465753e+00 1.090787819196649799e+00 1.106292682212172362e+00 1.268261793712399443e+00 1.288199061034142945e+00 1.403081873167986382e+00 1.403203857186450909e+00 1.474323520406319643e+00 1.474584099142279614e+00 1.579087093600259006e+00 1.596861556554665551e+00 1.843734331114418090e+00 1.859644107668695145e+00 2.252846477981780282e+00 2.257544036951182775e+00 3.013413635095375742e+00 3.074486567694527661e+00
3.715703691033372391e-01 4.099600933023028748e-01 4.537996697667863732e-01 4.544929184287872515e-01 4.629745931802589642e-01 5.079994402625680472e-01 7.288182361284594180e-01 7.292851894755743025e-01 8.163583374538757598e-01 8.330880644305722615e-01 9.662844078170562678e-01 9.826174239468433713e-01 1.009878792404607317e+00 1.010262136214059137e+00 1.091220748349833292e+00 1.108368892293699837e+00 1.271819002857209613e+00 1.291859760193746931e+00 1.404083138199563763e+00 1.404201339841126384e+00 1.474278541132073794e+00 1.474542172575212584e+00 1.533304286129105964e+00 1.545405156373173661e+00 1.893678831004723451e+00 1.903527548923230173e+00 2.211129392521007819e+00 2.220430735845533743e+00 3.027607100256811457e+00 3.084449713379545432e+00
3.515669290748509868e-01 3.770027912623009070e-01 4.617120290259786319e-01 4.660510641876791649e-01 4.667497266734716987e-01 5.113972559269420737e-01 7.206545212916800613e-01 7.211727714615255858e-01 8.195768681344657303e-01 8.312366897912993879e-01 9.614392878850411828e-01 9.687283825646223479e-01 1.006827763691016120e+00 1.007200948430130971e+00 1.094440298423968283e+00 1.111706187364335241e+00 1.278218561061549519e+00 1.298894241618260503e+00 1.406872192890438633e+00 1.406981384260443724e+00 1.442312662581701543e+00 1.455630916265035157e+00 1.474136869866459643e+00 1.474408929848575189e+00 1.978479810902683544e+00 1.986401645650177405e+00 2.109510208617690896e+00 2.125528331265057691e+00 3.058843050666069541e+00 3.106203714931847326e+00
3.208099117934624656e-01 3.425897199878673027e-01 4.560408257650727659e-01 4.852239630932891901e-01 4.859230776656537354e-01 5.061887477282106529e-01 7.072237968269800001e-01 7.078245811993322256e-01 8.272983541344876013e-01 8.362799516386915100e-01 9.346091888819022531e-01 9.526700622934117790e-01 1.002562927694654160e+00 1.002921479372701485e+00 1.096031950410182754e+00 1.113064530961002774e+00 1.269306579047346561e+00 1.286287239755524503e+00 1.368836744039515940e+00 1.386352389522441220e+00 1.410866765694239744e+00 1.410968502283802772e+00 1.473887085994241897e+00 1.474171025483919317e+00 1.923657347063070899e+00 1.950714457379571165e+00 2.111753513578336072e+00 2.122120640188642771e+00 3.087706459187339103e+00 3.124767400888560864e+00
2.817920168405303460e-01 3.192394950399977671e-01 4.441502937042918764e-01 4.935934099388985530e-01 5.096501760128629988e-01 5.103322893243756875e-01 6.889507163227948094e-01 6.896624483858304622e-01 8.331424905335008679e-01 8.458180735731406497e-01 9.000199083547577583e-01 9.283556767834273415e-01 9.980218617057533548e-01 9.983641929758764189e-01 1.089191595485729191e+00 1.108405670997215209e+00 1.218132596964713654e+00 1.229860570465391989e+00 1.355375024790474336e+00 1.366661712176127086e+00 1.415266460304251961e+00 1.415370331950702498e+00 1.473536920925404115e+00 1.473833717587069492e+00 1.769897452577190888e+00 1.800739582667472138e+00 2.208857878442211931e+00 2.216881288828426833e+00 3.102555054064736417e+00 3.130223590423911073e+00
2.416231493957131937e-01 3.058845087499289517e-01 4.322977704167283997e-01 4.792695328097787977e-01 5.371560094248434281e-01 5.377840657251153900e-01 6.667956091286609821e-01 6.676524939632331179e-01 8.018176033697022032e-01 8.332921552787870834e-01 8.940139981196779662e-01 9.195221258708800027e-01 9.940973610887136047e-01 9.944250008384174500e-01 1.071349192057156507e+00 1.091600269047786620e+00 1.162833369520200444e+00 1.178325120863789266e+00 1.356321116605842869e+00 1.366926945451086173e+00 1.419218674057254770e+00 1.419335063119884888e+00 1.473141970320429150e+00 1.473450218097073883e+00 1.634018847483458048e+00 1.665957923312914035e+00 2.299613611856877071e+00 2.311128636653634327e+00 3.101866541488715434e+00 3.121270902025263361e+00
2.063735593063288076e-01 2.987796180241250599e-01 4.290617182595535262e-01 4.724461525020563490e-01 5.642648409546997534e-01 5.647705498694912674e-01 6.432703388022608104e-01 6.443480129714205251e-01 7.427132619914026401e-01 7.848468935878647468e-01 9.197499938723836532e-01 9.393892585238093895e-01 9.914708767713965587e-01 9.917882300370021165e-01 1.044483944041599388e+00 1.065243646136785127e+00 1.136327760339648885e+00 1.150512036774665070e+00 1.352548756102141203e+00 1.362625941900992732e+00 1.421959016740898196e+00 1.422089649128287503e+00 1.472815378893554072e+00 1.473131625428630631e+00 1.547566602768130295e+00 1.578406742749302483e+00 2.366644190956023408e+00 2.382539852037035999e+00 3.093068671680252457e+00 3.105680508013619168e+00
1.907659923347359010e-01 2.962069891794802401e-01 4.304950856641928669e-01 4.733725928411054440e-01 5.794389264153131380e-01 5.798455443903469675e-01 6.292911500571396477e-01 6.306319690385012722e-01 7.115291288570892991e-01 7.589609693182882699e-01 9.395911175914268831e-01 9.491207708015142464e-01 9.905507536875368668e-01 9.908643981567900605e-01 1.029299330919724031e+00 1.051134333787428154e+00 1.129520793874521978e+00 1.143187528662661157e+00 1.348474481707982120e+00 1.357560203626587025e+00 1.422940059059282225e+00 1.423076800542423470e+00 1.472686651956469417e+00 1.473005800567382284e+00 1.520212988262592102e+00 1.549689727928285743e+00 2.391957661760046872e+00 2.409813494067166939e+00 3.088164094830396778e+00 3.097629506437300062e+00
-3.995833018691583027e-01 -2.962132617918909472e-01 4.641607926449279886e-01 5.367849844443034479e-01 5.874686146197737324e-01 5.962031193245720395e-01 6.837324145651060281e-01 7.756092535286946976e-01 9.022982084882846809e-01 9.075321602296342327e-01 1.012856775396409503e+00 1.054120687577575932e+00 1.248275981806393542e+00 1.304085527552535595e+00 1.304892009288882715e+00 1.335273926949020362e+00 1.369281577055261101e+00 1.380670977917150877e+00 1.568616907549842177e+00 1.631629368450007167e+00 1.807415307502171053e+00 1.872314821490247416e+00 2.188361573001650129e+00 2.214641876803168596e+00 2.293610707335436594e+00 2.389042869443144035e+00 2.445423097555444070e+00 2.583363352806618440e+00 3.350996085953000136e+00 3.401236249055059169e+00
-4.086933389514695314e-01 -2.513935922763006481e-01 4.371264408627428821e-01 5.621382787920695678e-01 5.700958263816172655e-01 6.226681280072079439e-01 6.846395132096957381e-01 7.763034492047146129e-01 8.892876147775461426e-01 9.063814469560874665e-01 1.008159230721762389e+00 1.054520338970704518e+00 1.238979796422060797e+00 1.296814973581416730e+00 1.305147129979899345e+00 1.339440426008411622e+00 1.365212471082448920e+00 1.383650434290679687e+00 1.542483150735266761e+00 1.601547552706294342e+00 1.820833774338810995e+00 1.920695808486942102e+00 2.116881893302551276e+00 2.197043050298516764e+00 2.292175341549550271e+00 2.430304491100375497e+00 2.440964184876474263e+00 2.598698324171494711e+00 3.349768566163405570e+00 3.396597777924845740e+00
-4.141602741426410605e-01 -1.177084221784914370e-01 3.988389886943587981e-01 5.524254964056720674e-01 6.048350047580595135e-01 6.597307192119649111e-01 6.908919343518312717e-01 7.780226461006348737e-01 8.561316188439105357e-01 9.033910388440861139e-01 9.930831932391396277e-01 1.055459825725140632e+00 1.214678767663449621e+00 1.276083317349201884e+00 1.307323160235091208e+00 1.344184329667406086e+00 1.350044146795975397e+00 1.390333470690097606e+00 1.500107205176571590e+00 1.525894049041162326e+00 1.882407376781308317e+00 1.976316272611656988e+00 2.000561360421159840e+00 2.143376007332322253e+00 2.291068321363423976e+00 2.419416322704003974e+00 2.501625237500607835e+00 2.632563579885593974e+00 3.344958327283602983e+00 3.385167035436299265e+00
-4.043094398120820054e-01 1.503517653473031845e-01 3.942892293236847645e-01 5.468501511031734763e-01 6.366938158303958595e-01 6.874118501089298006e-01 7.094010572031601569e-01 7.816261317391608454e-01 8.237359686776156709e-01 8.987680830800046650e-01 9.665755268938346356e-01 1.056244012634245166e+00 1.179991657199643829e+00 1.247947956003584435e+00 1.282309325943817857e+00 1.330869057510267961e+00 1.362123433517434146e+00 1.396370622015214558e+00 1.413402640913806962e+00 1.500567443827426128e+00 1.818362328600836575e+00 1.951798791390022103e+00 2.045375100715926209e+00 2.100806600040999061e+00 2.290871572217769714e+00 2.403428916236918678e+00 2.555455612784852892e+00 2.666359606731808274e+00 3.333912766005289186e+00 3.372644899057173795e+00
-3.803534305225519940e-01 1.317979680988573266e-01 4.445564387407097695e-01 5.551720832888257240e-01 6.578566580529879859e-01 6.665007433867337072e-01 7.359569776574739208e-01 7.945136348054741005e-01 8.290558119397812842e-01 8.925246486119750022e-01 9.317590963228934431e-01 1.055957674788160050e+00 1.137007284279270891e+00 1.218326889701742965e+00 1.229964383386074056e+00 1.284937843562238946e+00 1.368150235371700552e+00 1.377308148256410014e+00 1.400299576882161778e+00 1.495813251779869235e+00 1.676518483456870046e+00 1.890017557241846724e+00 2.083836776256248413e+00 2.161561983769708650e+00 2.290950842753272543e+00 2.391762267710797918e+00 2.593780830586328801e+00 2.689785296752957411e+00 3.315427397544107979e+00 3.363600254336525985e+00
-3.460326006150520328e-01 -8.201029621766572908e-02 5.014907540292051769e-01 5.713074209038557782e-01 6.111992157233133716e-01 6.679327703459481125e-01 7.632135208765072898e-01 8.255866493203016798e-01 8.404794047715654637e-01 8.848541063561908837e-01 9.207329578691599847e-01 1.053639838693425368e+00 1.087748224255165930e+00 1.158134326228932087e+00 1.191928289134887908e+00 1.199579149539129475e+00 1.380315475029749051e+00 1.393752332893419377e+00 1.402071452267743323e+00 1.479703175104062129e+00 1.589113955391973310e+00 1.771472270331053478e+00 2.157217515914568118e+00 2.218874239054182684e+00 2.290880892468342811e+00 2.384311359898147131e+00 2.620074382745475994e+00 2.698919957270739189e+00 3.292958201149929209e+00 3.358749236947566441e+00
-3.053193004079318706e-01 -1.826033363998851300e-01 5.433299814699714680e-01 5.632409772049623564e-01 5.748462292911442617e-01 6.607334713866245268e-01 7.940824134041383209e-01 8.496389772942753993e-01 8.534165841563461363e-01 8.892582061569368479e-01 9.437456388840864685e-01 1.031579244918831240e+00 1.055167114336259315e+00 1.063146811672766479e+00 1.137098030411092253e+00 1.176353435428305394e+00 1.387827689611548898e+00 1.402247075095390150e+00 1.408606795616510921e+00 1.462642394951553015e+00 1.564365975148688026e+00 1.675537668445092221e+00 2.215428029084320016e+00 2.253925196056130176e+00 2.290212432678894849e+00 2.380132719665950969e+00 2.640964333537436648e+00 2.693821172588263479e+00 3.273884122390295914e+00 3.356834415694056162e+00
-2.727646267298559635e-01 -2.283439388997920427e-01 5.474633310458569824e-01 5.608650955973862873e-01 5.654716348884661903e-01 6.530635136443793121e-01 8.122563132094366978e-01 8.494411042664963274e-01 9.027740135344529682e-01 9.078255300939123140e-01 9.135198810744079578e-01 1.000758899057463180e+00 1.037254099599082879e+00 1.052871855135912194e+00 1.100119045481408042e+00 1.170387216553223197e+00 1.390504906542103791e+00 1.401971289257797126e+00 1.415052876736687004e+00 1.460963263950157520e+00 1.559593303754094773e+00 1.637674331919497073e+00 2.241838860214054208e+00 2.261711136902483599e+00 2.289397815792038937e+00 2.378741546942386709e+00 2.653686586898240662e+00 2.685288738328210467e+00 3.266307311205756569e+00 3.356405836196420189e+00
-3.573627823966389894e-01 -3.353604494994296692e-01 5.821860357233097361e-01 6.222167291264066868e-01 6.339072101263489856e-01 6.363854357146553342e-01 7.622192048963580824e-01 7.651219861198745864e-01 8.902004408097999866e-01 8.926031359594212011e-01 9.600660584177210799e-01 9.728980203111413649e-01 1.246924023100274725e+00 1.248447619367492045e+00 1.349912632810772006e+00 1.362024469618452027e+00 1.383262178550338062e+00 1.384569601367805269e+00 1.576095160568087072e+00 1.585726644029157972e+00 1.816829161310416829e+00 1.835982573914620275e+00 2.192152747753696840e+00 2.200414480712762355e+00 2.300678977787598445e+00 2.306245764124808417e+00 2.536131151434643627e+00 2.548892124471074716e+00 3.362140933521838182e+00 3.389996251809027417e+00
-3.639535927318170994e-01 -3.432411625466252891e-01 5.852194364137149885e-01 6.225041959832866567e-01 6.276389616030995100e-01 6.324248090041730830e-01 7.642885170997777422e-01 7.674725334515610786e-01 8.948379827221684124e-01 8.969983371422911578e-01 9.569429721709600267e-01 9.710040993273812981e-01 1.249035676938807349e+00 1.250462671910687273e+00 1.347143041138445518e+00 1.359624776264291457e+00 1.382957317352552229e+00 1.384240755144816815e+00 1.536570465467734348e+00 1.545694452800625340e+00 1.859266582429359271e+00 1.874451193655133796e+00 2.155816989326367672e+00 2.163854654872153116e+00 2.302309445996093995e+00 2.308050622008794406e+00 2.553693382243350296e+00 2.565459919017620827e+00 3.360342010090403786e+00 3.387555413561518236e+00
-3.823413807878008330e-01 -3.649395981163574554e-01 5.922350697271299147e-01 6.104721934659635973e-01 6.132823697191552847e-01 6.357771598744705877e-01 7.690874132357491400e-01 7.729378132474886698e-01 9.065529644775329743e-01 9.083902631791747062e-01 9.467941606172787239e-01 9.641059126128489476e-01 1.254991787652913748e+00 1.256188908360860390e+00 1.334471239691757516e+00 1.348385121783341356e+00 1.382048984691594207e+00 1.383316360506978926e+00 1.464713729262722586e+00 1.471686251453184990e+00 1.938142316546403343e+00 1.947301074901950591e+00 2.071641129662872949e+00 2.080548307486212334e+00 2.303674240336491152e+00 2.310021359375777461e+00 2.590704009906205307e+00 2.600543421489088125e+00 3.354900433748130073e+00 3.380292819011907479e+00
-4.087962451085724869e-01 -3.955090072222733344e-01 5.891373098321944779e-01 5.929665126893532978e-01 6.074760852107355946e-01 6.444787696210025896e-01 7.747051245669841490e-01 7.791349008304317980e-01 9.196644300330177879e-01 9.228186954607852099e-01 9.285160855201201047e-01 9.491992683684288279e-01 1.263647617020413616e+00 1.264704092105486399e+00 1.296163498920060331e+00 1.312495719191138832e+00 1.380892057714937282e+00 1.382064568762983559e+00 1.413518591818706316e+00 1.417351305787945437e+00 1.923251961493904094e+00 1.933761010413784565e+00 2.059893981869859836e+00 2.066967376466133821e+00 2.304256042818987549e+00 2.310620938583948014e+00 2.627384493477206373e+00 2.635319962319564446e+00 3.345819592520447472e+00 3.368471296526667214e+00
-4.383607349400005515e-01 -4.289296339389879198e-01 5.736720744864475252e-01 5.775434940573076492e-01 6.148215247740981271e-01 6.527042630248003352e-01 7.802299548724355160e-01 7.848866404394404528e-01 8.952049348686053065e-01 9.229231693834102357e-01 9.349697159270885516e-01 9.367449159353363752e-01 1.234870597584273533e+00 1.250261438582310980e+00 1.274434541132212217e+00 1.275269741471614093e+00 1.380269427673679994e+00 1.380969175190820630e+00 1.391922449432507314e+00 1.398988728248321545e+00 1.802452869279217218e+00 1.814678352757779889e+00 2.142462420166087789e+00 2.147618513632363779e+00 2.304583942329258672e+00 2.310546272594272477e+00 2.655778950846395592e+00 2.661948773628910025e+00 3.333511121011220268e+00 3.352810707417755776e+00
-4.661801611690007396e-01 -4.598225081387574131e-01 5.611689513827281539e-01 5.659306935302533814e-01 6.208776744070141351e-01 6.594045330904654278e-01 7.851411336589390055e-01 7.896989302464026972e-01 8.529676765642993930e-01 8.847262835633458167e-01 9.452224709146043180e-01 9.475390668468998134e-01 1.178882742017261176e+00 1.190246595241940986e+00 1.284364524652435557e+00 1.285410083083238231e+00 1.380134363430272515e+00 1.380735372082162460e+00 1.384191041662803601e+00 1.392400533734940771e+00 1.680925518929091922e+00 1.693333622702454688e+00 2.222961414145210313e+00 2.229103622473942892e+00 2.305019868555504114e+00 2.310431369759487819e+00 2.674233988601115719e+00 2.678726753388104509e+00 3.319233600780016946e+00 3.334884562872549196e+00
-4.884344833175427447e-01 -4.842719389853261669e-01 5.528300589162610246e-01 5.583081334437912657e-01 6.236962256055569309e-01 6.651531510489202548e-01 7.883712914621819889e-01 7.928202940680474375e-01 8.078802400128538563e-01 8.389135368548673588e-01 9.521602633628730716e-01 9.548460541757100017e-01 1.138542964842514493e+00 1.146105581559175857e+00 1.292787255489215026e+00 1.294343293271817519e+00 1.380106030982806375e+00 1.380914807709324288e+00 1.381672566011889147e+00 1.390401711120743400e+00 1.577759676241980547e+00 1.590077106511743610e+00 2.287869415454629962e+00 2.295754491467997038e+00 2.308599309144513612e+00 2.312834750706540987e+00 2.683703820657261652e+00 2.686631760651414069e+00 3.305364779490203908e+00 3.317471014576243604e+00
-5.026271431935989131e-01 -4.998333851858237642e-01 5.481539145893201681e-01 5.541012103997591254e-01 6.226129563425902846e-01 6.702260863202254004e-01 7.691028432380629942e-01 7.917938651686496909e-01 7.956144658931617597e-01 7.997737658122000548e-01 9.559972998475789741e-01 9.588941481217880813e-01 1.115683949453526225e+00 1.121442284311654713e+00 1.298416490775832877e+00 1.300473575848088537e+00 1.380064299197820032e+00 1.381361610232277881e+00 1.382196872197796855e+00 1.392024218406579195e+00 1.506359347841591090e+00 1.518638716468263317e+00 2.302974676455144198e+00 2.307328960297172049e+00 2.339573529346135938e+00 2.350008633964420834e+00 2.686853115807163128e+00 2.688461427583252128e+00 3.295109029216725105e+00 3.304412428224586140e+00
-5.074744866724122394e-01 -5.051729289734031569e-01 5.466419254518705140e-01 5.527655909776973964e-01 6.208725693345723551e-01 6.726619464008173344e-01 7.569275466802380947e-01 7.797082828172694491e-01 7.938001890447965447e-01 7.975636418474321143e-01 9.572051205126014262e-01 9.601702258761913855e-01 1.108548172862641623e+00 1.113915759183063514e+00 1.300399754673266628e+00 1.302669149037694485e+00 1.380102298954167361e+00 1.381701232907064369e+00 1.383379956539074307e+00 1.394055636141746879e+00 1.479771424919868572e+00 1.492032115735560494e+00 2.303432599504897649e+00 2.307727960828181768e+00 2.355649619325950184e+00 2.367429929693489754e+00 2.687318491913172291e+00 2.688266226743790455e+00 3.291321217668088384e+00 3.299495581952124557e+00
