3.382119752386755773e-01
2.906044471934290829e+00
5.473876968629905804e+00
8.041709465325521222e+00
1.060954196202113664e+01
1.317737445871675206e+01
1.574520695541236925e+01
1.831303945210798645e+01
2.088087194880359831e+01
2.344870444549921373e+01
2.601653694219482915e+01
2.858436943889044812e+01
3.115220193558605999e+01
3.372003443228167185e+01
3.628786692897729438e+01
3.885569942567290980e+01
4.142353192236852522e+01
4.399136441906413353e+01
4.655919691575974895e+01
4.912702941245537147e+01
5.169486190915098689e+01
5.426269440584659520e+01
5.683052690254221773e+01
5.939835939923783314e+01
6.196619189593344856e+01
6.453402439262906398e+01
6.710185688932467940e+01
6.966968938602028061e+01
7.223752188271591024e+01
7.480535437941152566e+01
7.737318687610714107e+01
7.994101937280275649e+01
8.250885186949837191e+01
8.507668436619398733e+01
8.764451686288958854e+01
9.021234935958520396e+01
9.278018185628081937e+01
9.534801435297644900e+01
9.791584684967206442e+01
1.004836793463676798e+02
1.030515118430632953e+02
1.056193443397589107e+02
1.081871768364545119e+02
1.107550093331501273e+02
1.133228418298457569e+02
1.158906743265413724e+02
1.184585068232369878e+02
1.210263393199326032e+02
1.235941718166282044e+02
1.261620043133238198e+02
1.287298368100194352e+02
1.312976693067150507e+02
1.338655018034106661e+02
1.364333343001062815e+02
1.390011667968018685e+02
1.415689992934975123e+02
1.441368317901931277e+02
1.467046642868887432e+02
1.492724967835843586e+02
1.518403292802799740e+02
1.544081617769755894e+02
1.569759942736712048e+02
1.595438267703668203e+02
1.621116592670624073e+02
1.646794917637580511e+02
1.672473242604536665e+02
1.698151567571492819e+02
1.723829892538448973e+02
1.749508217505405128e+02
1.775186542472361282e+02
1.800864867439317152e+02
1.826543192406273590e+02
1.852221517373229460e+02
1.877899842340185899e+02
1.903578167307142053e+02
1.929256492274098207e+02
1.954934817241054361e+02
1.980613142208010231e+02
2.006291467174966670e+02
2.031969792141922539e+02
2.057648117108878978e+02
2.083326442075835132e+02
2.109004767042791286e+02
2.134683092009747440e+02
2.160361416976703595e+02
2.186039741943659749e+02
2.211718066910615619e+02
2.237396391877572057e+02
2.263074716844528211e+02
2.288753041811484366e+02
2.314431366778440520e+02
2.340109691745396674e+02
2.365788016712352828e+02
2.391466341679308698e+02
2.417144666646265136e+02
2.442822991613221291e+02
2.468501316580177729e+02
2.494179641547133883e+02
2.519857966514090037e+02
2.545536291481045907e+02
2.571214616448002062e+02
2.596892941414958500e+02
2.622571266381914938e+02
2.648249591348870240e+02
2.673927916315826678e+02
2.699606241282783117e+02
2.725284566249738987e+02
2.750962891216695425e+02
2.776641216183651295e+02
2.802319541150607733e+02
2.827997866117563603e+02
2.853676191084520042e+02
2.879354516051476480e+02
2.905032841018432350e+02
2.930711165985388220e+02
2.956389490952344659e+02
2.982067815919301097e+02
3.007746140886256399e+02
3.033424465853212837e+02
3.059102790820169275e+02
3.084781115787125714e+02
3.110459440754081584e+02
3.136137765721037454e+02
3.161816090687993892e+02
3.187494415654949762e+02
3.213172740621906200e+02
3.238851065588862070e+02
3.264529390555818509e+02
3.290207715522774379e+02
3.315886040489730817e+02
3.341564365456687256e+02
3.367242690423642557e+02
3.392921015390598996e+02
3.418599340357555434e+02
3.444277665324511872e+02
3.469955990291467174e+02
3.495634315258423612e+02
3.521312640225380051e+02
3.546990965192335921e+02
3.572669290159292359e+02
3.598347615126248229e+02
3.624025940093204667e+02
3.649704265060160537e+02
3.675382590027116976e+02
3.701060914994072846e+02
3.726739239961028716e+02
3.752417564927985154e+02
3.778095889894941593e+02
3.803774214861898031e+02
3.829452539828853332e+02
3.855130864795809771e+02
3.880809189762766209e+02
3.906487514729722079e+02
3.932165839696678518e+02
3.957844164663634388e+02
3.983522489630590826e+02
4.009200814597546696e+02
4.034879139564503134e+02
4.060557464531459004e+02
4.086235789498415443e+02
4.111914114465371313e+02
4.137592439432327751e+02
4.163270764399284189e+02
4.188949089366239491e+02
4.214627414333195929e+02
4.240305739300152368e+02
4.265984064267108806e+02
4.291662389234064108e+02
4.317340714201020546e+02
4.343019039167976985e+02
4.368697364134932855e+02
4.394375689101889293e+02
4.420054014068845163e+02
4.445732339035801601e+02
4.471410664002757471e+02
4.497088988969713910e+02
4.522767313936670348e+02
4.548445638903625650e+02
4.574123963870582088e+02
4.599802288837538526e+02
4.625480613804494965e+02
4.651158938771450266e+02
4.676837263738406705e+02
4.702515588705363143e+02
4.728193913672319013e+02
4.753872238639275452e+02
4.779550563606231322e+02
4.805228888573187760e+02
4.830907213540143630e+02
4.856585538507100068e+02
4.882263863474055938e+02
4.907942188441012377e+02
4.933620513407968247e+02
4.959298838374924117e+02
4.984977163341881123e+02
5.010655488308836425e+02
5.036333813275793432e+02
5.062012138242749302e+02
5.087690463209705172e+02
5.113368788176661610e+02
