-2.216663372604076032e-01
-2.041089916379596469e-01
-1.865516460155117462e-01
-1.689943003930638177e-01
-1.514369547706158614e-01
-1.338796091481679051e-01
-1.163222635257199766e-01
-9.876491790327203424e-02
-8.120757228082410573e-02
-6.365022665837617721e-02
-4.609288103592823482e-02
-2.853553541348028202e-02
-1.097818979103235698e-02
6.579155831415568062e-03
2.413650145386354515e-02
4.169384707631147019e-02
5.925119269875939176e-02
7.680853832120732028e-02
9.436588394365524879e-02
1.119232295661032189e-01
1.294805751885511336e-01
1.470379208109990621e-01
1.645952664334470461e-01
1.821526120558949746e-01
1.997099576783429031e-01
2.172673033007908316e-01
2.348246489232387324e-01
2.523819945456866609e-01
2.699393401681346449e-01
2.874966857905825734e-01
3.050540314130305020e-01
3.226113770354784305e-01
3.401687226579263590e-01
3.577260682803742875e-01
3.752834139028222160e-01
3.928407595252701445e-01
4.103981051477180730e-01
4.279554507701661126e-01
4.455127963926140411e-01
4.630701420150619696e-01
4.806274876375098981e-01
4.981848332599577711e-01
5.157421788824056996e-01
5.332995245048536281e-01
5.508568701273016677e-01
5.684142157497495962e-01
5.859715613721975247e-01
6.035289069946454532e-01
6.210862526170933817e-01
6.386435982395413102e-01
6.562009438619892387e-01
6.737582894844371673e-01
6.913156351068850958e-01
7.088729807293331353e-01
7.264303263517809528e-01
7.439876719742288813e-01
7.615450175966770319e-01
7.791023632191248494e-01
7.966597088415727779e-01
8.142170544640207064e-01
8.317744000864686349e-01
8.493317457089165634e-01
8.668890913313644919e-01
8.844464369538124204e-01
9.020037825762603489e-01
9.195611281987082775e-01
9.371184738211562060e-01
9.546758194436042455e-01
9.722331650660521740e-01
9.897905106885001025e-01
1.007347856310947920e+00
1.024905201933395960e+00
1.042462547555843777e+00
1.060019893178292039e+00
1.077577238800739856e+00
1.095134584423187896e+00
1.112691930045635713e+00
1.130249275668083753e+00
1.147806621290531570e+00
1.165363966912979610e+00
1.182921312535427427e+00
1.200478658157875467e+00
1.218036003780323284e+00
1.235593349402771324e+00
1.253150695025219141e+00
1.270708040647667181e+00
1.288265386270114998e+00
1.305822731892563038e+00
1.323380077515011077e+00
1.340937423137459117e+00
1.358494768759906934e+00
1.376052114382354752e+00
1.393609460004802791e+00
1.411166805627250609e+00
1.428724151249698648e+00
1.446281496872146466e+00
1.463838842494594505e+00
1.481396188117042323e+00
1.498953533739490362e+00
1.516510879361938180e+00
1.534068224984386219e+00
1.551625570606834037e+00
1.569182916229282077e+00
1.586740261851729894e+00
1.604297607474177934e+00
1.621854953096625973e+00
1.639412298719074013e+00
1.656969644341521830e+00
1.674526989963969648e+00
1.692084335586417465e+00
1.709641681208865505e+00
1.727199026831313322e+00
1.744756372453761806e+00
1.762313718076209623e+00
1.779871063698657441e+00
1.797428409321105480e+00
1.814985754943553298e+00
1.832543100566001337e+00
1.850100446188449155e+00
1.867657791810897194e+00
1.885215137433345012e+00
1.902772483055792829e+00
1.920329828678240647e+00
1.937887174300688686e+00
1.955444519923136504e+00
1.973001865545584543e+00
1.990559211168032361e+00
2.008116556790480178e+00
2.025673902412928218e+00
2.043231248035376257e+00
2.060788593657824297e+00
2.078345939280271892e+00
2.095903284902719932e+00
2.113460630525167971e+00
2.131017976147616011e+00
2.148575321770063606e+00
2.166132667392511646e+00
2.183690013014959685e+00
2.201247358637407725e+00
2.218804704259855320e+00
2.236362049882303360e+00
2.253919395504751400e+00
2.271476741127199439e+00
2.289034086749647035e+00
2.306591432372095074e+00
2.324148777994543558e+00
2.341706123616991153e+00
2.359263469239439193e+00
2.376820814861887232e+00
2.394378160484335272e+00
2.411935506106782867e+00
2.429492851729230907e+00
2.447050197351678946e+00
2.464607542974126986e+00
2.482164888596574581e+00
2.499722234219022621e+00
2.517279579841470660e+00
2.534836925463918700e+00
2.552394271086366295e+00
2.569951616708814335e+00
2.587508962331262374e+00
2.605066307953710414e+00
2.622623653576158009e+00
2.640180999198606049e+00
2.657738344821054088e+00
2.675295690443502128e+00
2.692853036065949723e+00
2.710410381688397763e+00
2.727967727310845802e+00
2.745525072933293398e+00
2.763082418555741437e+00
2.780639764178189477e+00
2.798197109800637516e+00
2.815754455423085112e+00
2.833311801045533151e+00
2.850869146667981191e+00
2.868426492290429675e+00
2.885983837912877270e+00
2.903541183535325310e+00
2.921098529157773349e+00
2.938655874780221389e+00
2.956213220402668984e+00
2.973770566025117024e+00
2.991327911647565063e+00
3.008885257270013103e+00
3.026442602892460698e+00
3.043999948514908738e+00
3.061557294137356777e+00
3.079114639759804373e+00
3.096671985382252412e+00
3.114229331004700452e+00
3.131786676627148491e+00
3.149344022249596087e+00
3.166901367872044126e+00
3.184458713494492166e+00
3.202016059116940205e+00
3.219573404739387801e+00
3.237130750361835840e+00
3.254688095984283880e+00
3.272245441606731919e+00
