0.000000000000000000e+00
4.029978114510193027e-02
8.059956229020386054e-02
1.208993434353057839e-01
1.611991245804077211e-01
2.014989057255096583e-01
2.417986868706115677e-01
2.820984680157135327e-01
3.223982491608154421e-01
3.626980303059173516e-01
4.055940891012083105e-01
4.484901478964992694e-01
4.913862066917902283e-01
5.342822654870811316e-01
5.771783242823721460e-01
6.200743830776631604e-01
6.629704418729540638e-01
7.058665006682449672e-01
7.461662818133468766e-01
7.864660629584487861e-01
8.267658441035508066e-01
8.670656252486527160e-01
9.073654063937546255e-01
9.476651875388565349e-01
9.879649686839584444e-01
1.028264749829060465e+00
1.068564530974162263e+00
1.111460589769453167e+00
1.154356648564744070e+00
1.197252707360035195e+00
1.240148766155326099e+00
1.283044824950617002e+00
1.325940883745908128e+00
1.368836942541199031e+00
1.411733001336489934e+00
1.453159486250559018e+00
1.494585971164628102e+00
1.536012456078697186e+00
1.577438940992766270e+00
1.618865425906835576e+00
1.660291910820904659e+00
1.700591691966006680e+00
1.740891473111108478e+00
1.781191254256210499e+00
1.821491035401312297e+00
1.861790816546414318e+00
1.902090597691516116e+00
1.942390378836618137e+00
1.982690159981720157e+00
2.022989941126822178e+00
2.061119771167081005e+00
2.099249601207339389e+00
2.137379431247598216e+00
2.175509261287856599e+00
2.213639091328115427e+00
2.251768921368373810e+00
2.289898751408632638e+00
2.328028581448891465e+00
2.366158411489149849e+00
2.406458192634251869e+00
2.446757973779353890e+00
2.487057754924455466e+00
2.527357536069557487e+00
2.567657317214659507e+00
2.607957098359761527e+00
2.648256879504863548e+00
2.688556660649965124e+00
2.728856441795067145e+00
2.766986271835325972e+00
2.805116101875584356e+00
2.843245931915843183e+00
2.881375761956101567e+00
2.919505591996360394e+00
2.957635422036618777e+00
2.995765252076877605e+00
3.033895082117136432e+00
3.072024912157394816e+00
3.072024912157394816e+00
3.107533327798025269e+00
3.143041743438656166e+00
3.178550159079286619e+00
3.214058574719917516e+00
3.249566990360547969e+00
3.285075406001178866e+00
3.320583821641809319e+00
3.320583821641809319e+00
3.356092237282439772e+00
3.391600652923070669e+00
3.427109068563701122e+00
3.462617484204332019e+00
3.498125899844962472e+00
3.533634315485593369e+00
3.569142731126223822e+00
3.569142731126223822e+00
3.610569216040293128e+00
3.651995700954361990e+00
3.693422185868431296e+00
3.734848670782500157e+00
3.776275155696569463e+00
3.817701640610638325e+00
