-2.601044729404705103e-01
-2.406874985782305465e-01
-2.212705242159905827e-01
-2.018535498537505912e-01
-1.824365754915106552e-01
-1.630196011292707192e-01
-1.436026267670307555e-01
-1.241856524047907778e-01
-1.047686780425508279e-01
-8.535170368031089194e-02
-6.593472931807092818e-02
-4.651775495583095055e-02
-2.710078059359100761e-02
-7.683806231351065531e-03
1.173316813088893032e-02
3.115014249312887326e-02
5.056711685536881273e-02
6.998409121760876261e-02
8.940106557984869862e-02
1.088180399420887040e-01
1.282350143043286539e-01
1.476519886665685899e-01
1.670689630288085814e-01
1.864859373910485174e-01
2.059029117532884534e-01
2.253198861155284172e-01
2.447368604777683532e-01
2.641538348400083169e-01
2.835708092022483640e-01
3.029877835644883000e-01
3.224047579267282360e-01
3.418217322889681720e-01
3.612387066512081080e-01
3.806556810134480440e-01
4.000726553756879800e-01
4.194896297379279715e-01
4.389066041001679075e-01
4.583235784624079545e-01
4.777405528246478350e-01
4.971575271868878820e-01
5.165745015491277625e-01
5.359914759113677540e-01
5.554084502736076345e-01
5.748254246358476260e-01
5.942423989980877286e-01
6.136593733603274980e-01
6.330763477225676006e-01
6.524933220848073701e-01
6.719102964470474726e-01
6.913272708092874641e-01
7.107442451715273446e-01
7.301612195337674471e-01
7.495781938960072166e-01
7.689951682582473191e-01
7.884121426204870886e-01
8.078291169827271911e-01
8.272460913449671827e-01
8.466630657072070631e-01
8.660800400694470547e-01
8.854970144316869352e-01
9.049139887939270377e-01
9.243309631561668072e-01
9.437479375184069097e-01
9.631649118806466792e-01
9.825818862428867817e-01
1.001998860605126884e+00
1.021415834967366543e+00
1.040832809329606645e+00
1.060249783691846526e+00
1.079666758054086628e+00
1.099083732416326509e+00
1.118500706778566389e+00
1.137917681140806270e+00
1.157334655503046372e+00
1.176751629865286475e+00
1.196168604227526133e+00
1.215585578589766236e+00
1.235002552952006116e+00
1.254419527314246219e+00
1.273836501676486099e+00
1.293253476038725980e+00
1.312670450400966082e+00
1.332087424763205963e+00
1.351504399125446065e+00
1.370921373487685946e+00
1.390338347849925826e+00
1.409755322212165707e+00
1.429172296574405809e+00
1.448589270936645912e+00
1.468006245298885570e+00
1.487423219661125673e+00
1.506840194023365553e+00
1.526257168385605656e+00
1.545674142747845536e+00
1.565091117110085417e+00
1.584508091472325297e+00
1.603925065834565400e+00
1.623342040196805502e+00
1.642759014559045383e+00
1.662175988921285263e+00
1.681592963283525144e+00
1.701009937645765024e+00
1.720426912008005127e+00
1.739843886370245007e+00
1.759260860732484888e+00
1.778677835094725213e+00
1.798094809456965093e+00
1.817511783819204751e+00
1.836928758181444632e+00
1.856345732543684957e+00
1.875762706905924837e+00
1.895179681268164495e+00
1.914596655630404598e+00
1.934013629992644479e+00
1.953430604354884359e+00
1.972847578717124239e+00
1.992264553079364342e+00
2.011681527441604445e+00
2.031098501803844325e+00
2.050515476166083761e+00
2.069932450528324086e+00
2.089349424890563967e+00
2.108766399252803847e+00
2.128183373615044172e+00
2.147600347977284052e+00
2.167017322339523933e+00
2.186434296701763813e+00
2.205851271064003694e+00
2.225268245426243574e+00
2.244685219788483455e+00
2.264102194150723779e+00
2.283519168512963660e+00
2.302936142875203540e+00
2.322353117237443421e+00
2.341770091599683745e+00
2.361187065961923626e+00
2.380604040324163506e+00
2.400021014686403387e+00
2.419437989048643267e+00
2.438854963410883148e+00
2.458271937773123028e+00
2.477688912135363353e+00
2.497105886497603233e+00
2.516522860859843114e+00
2.535939835222082994e+00
2.555356809584323319e+00
2.574773783946562755e+00
2.594190758308802636e+00
2.613607732671042960e+00
2.633024707033282841e+00
2.652441681395522721e+00
2.671858655757762602e+00
2.691275630120002926e+00
2.710692604482242807e+00
2.730109578844482687e+00
2.749526553206722568e+00
2.768943527568962448e+00
2.788360501931202329e+00
2.807777476293442209e+00
2.827194450655682534e+00
2.846611425017922414e+00
2.866028399380162295e+00
2.885445373742402619e+00
2.904862348104642500e+00
2.924279322466881936e+00
2.943696296829121817e+00
2.963113271191362141e+00
2.982530245553602022e+00
3.001947219915841902e+00
3.021364194278082227e+00
3.040781168640322107e+00
3.060198143002561988e+00
3.079615117364801868e+00
3.099032091727041749e+00
3.118449066089281629e+00
3.137866040451521510e+00
3.157283014813761834e+00
3.176699989176001715e+00
3.196116963538241595e+00
3.215533937900481476e+00
3.234950912262721801e+00
3.254367886624961681e+00
3.273784860987201117e+00
3.293201835349440998e+00
3.312618809711681322e+00
3.332035784073921203e+00
3.351452758436161083e+00
3.370869732798401408e+00
3.390286707160641289e+00
3.409703681522881169e+00
3.429120655885121050e+00
3.448537630247360930e+00
3.467954604609600811e+00
3.487371578971840691e+00
3.506788553334081016e+00
3.526205527696320452e+00
3.545622502058561221e+00
3.565039476420801101e+00
3.584456450783040982e+00
3.603873425145280862e+00
