0.000000000000000000e+00
4.564405348007521956e-02
9.128810696015043913e-02
1.369321604402256587e-01
1.825762139203008783e-01
2.282202674003760978e-01
2.738643208804513174e-01
3.195083743605265370e-01
3.651524278406017565e-01
4.107964813206769761e-01
4.564405348007521956e-01
5.020845882808273597e-01
5.477286417609026348e-01
5.933726952409779098e-01
6.390167487210530739e-01
6.846608022011282380e-01
7.303048556812035130e-01
7.759489091612787881e-01
8.215929626413539522e-01
8.672370161214292272e-01
9.413742473594088889e-01
1.015511478597388439e+00
1.015511478597388439e+00
1.061150114254268084e+00
1.106788749911147729e+00
1.152427385568027596e+00
1.198066021224907240e+00
1.243704656881786885e+00
1.289343292538666530e+00
1.334981928195546175e+00
1.380620563852426042e+00
1.426259199509305686e+00
1.471897835166185331e+00
1.517536470823064976e+00
1.563175106479944620e+00
1.608813742136824487e+00
1.654452377793703910e+00
1.700091013450583777e+00
1.745729649107463421e+00
1.791368284764343066e+00
1.837006920421222933e+00
1.882645556078102356e+00
1.926112699838611331e+00
1.969579843599120084e+00
2.013046987359628837e+00
2.056514131120137812e+00
2.099981274880646787e+00
2.143448418641155762e+00
2.186915562401664737e+00
2.230382706162173267e+00
2.273849849922682242e+00
2.317316993683191217e+00
2.360784137443700192e+00
2.404251281204208723e+00
2.447718424964717698e+00
2.491185568725226673e+00
2.491185568725226673e+00
2.536294229075650719e+00
2.581402889426075209e+00
2.626511549776499255e+00
2.671620210126923300e+00
2.716728870477347790e+00
2.761837530827771836e+00
2.806946191178195882e+00
2.852054851528619928e+00
2.897163511879044417e+00
2.942272172229468463e+00
2.987380832579892509e+00
3.032489492930316999e+00
3.077598153280741045e+00
3.122706813631165090e+00
3.166459229471124459e+00
3.210211645311083384e+00
3.253964061151042753e+00
3.297716476991001677e+00
3.341468892830961046e+00
3.385221308670920415e+00
3.428973724510879340e+00
3.472726140350838708e+00
3.516478556190797633e+00
3.560230972030757002e+00
3.603983387870715926e+00
3.647735803710675295e+00
3.691488219550634220e+00
3.735240635390593589e+00
3.735240635390593589e+00
3.779360831177436264e+00
3.823481026964278939e+00
3.867601222751121615e+00
3.911721418537964290e+00
3.955841614324807409e+00
3.999961810111650085e+00
4.044082005898492760e+00
4.088202201685334991e+00
4.132322397472178110e+00
4.176442593259021230e+00
4.220562789045863461e+00
4.264682984832706580e+00
4.308803180619548812e+00
4.352923376406391931e+00
