-1.604977160564135197e+00
-1.472408656547448569e+00
-1.339840152530761719e+00
-1.207271648514074869e+00
-1.074703144497388241e+00
-9.421346404807013908e-01
-8.095661364640146518e-01
-6.769976324473279128e-01
-5.444291284306410628e-01
-4.118606244139543793e-01
-2.792921203972674737e-01
-1.467236163805807903e-01
-1.415511236389408595e-02
1.184133916527928126e-01
2.509818956694794823e-01
3.835503996861662213e-01
5.161189037028530713e-01
6.486874077195400323e-01
7.812559117362264383e-01
9.138244157529133993e-01
1.046392919769600249e+00
1.178961423786286877e+00
1.311529927802973727e+00
1.444098431819660577e+00
1.576666935836346983e+00
1.709235439853034055e+00
1.841803943869720905e+00
1.974372447886407977e+00
2.106940951903094383e+00
2.239509455919781011e+00
2.372077959936467639e+00
2.504646463953154711e+00
2.637214967969841339e+00
2.769783471986527523e+00
2.902351976003215039e+00
3.034920480019901667e+00
3.167488984036587851e+00
3.300057488053275367e+00
3.432625992069961995e+00
3.565194496086648179e+00
3.697763000103335695e+00
3.830331504120021879e+00
3.962900008136708507e+00
4.095468512153395579e+00
4.228037016170082651e+00
4.360605520186768835e+00
4.493174024203455907e+00
4.625742528220142979e+00
4.758311032236829163e+00
4.890879536253516235e+00
5.023448040270203308e+00
5.156016544286890380e+00
5.288585048303576563e+00
5.421153552320263636e+00
5.553722056336950708e+00
5.686290560353636891e+00
5.818859064370323964e+00
5.951427568387011036e+00
6.083996072403697219e+00
6.216564576420383403e+00
6.349133080437070475e+00
6.481701584453756659e+00
6.614270088470444620e+00
6.746838592487131692e+00
6.879407096503817876e+00
7.011975600520504059e+00
7.144544104537191131e+00
7.277112608553879092e+00
7.409681112570565276e+00
7.542249616587252348e+00
7.674818120603938532e+00
7.807386624620624715e+00
7.939955128637311788e+00
8.072523632653998860e+00
8.205092136670685932e+00
8.337660640687373004e+00
8.470229144704058299e+00
8.602797648720745372e+00
8.735366152737432444e+00
8.867934656754119516e+00
9.000503160770806588e+00
9.133071664787493660e+00
9.265640168804178955e+00
9.398208672820866028e+00
9.530777176837553100e+00
9.663345680854240172e+00
9.795914184870927244e+00
9.928482688887614316e+00
1.006105119290429961e+01
1.019361969692098668e+01
1.032618820093767376e+01
1.045875670495436083e+01
1.059132520897104790e+01
1.072389371298773497e+01
1.085646221700442027e+01
1.098903072102110734e+01
1.112159922503779441e+01
1.125416772905448148e+01
1.138673623307116856e+01
1.151930473708785563e+01
1.165187324110454092e+01
1.178444174512122800e+01
1.191701024913791684e+01
1.204957875315460214e+01
1.218214725717128921e+01
1.231471576118797628e+01
1.244728426520466158e+01
1.257985276922134865e+01
1.271242127323803572e+01
1.284498977725472280e+01
1.297755828127140987e+01
1.311012678528809516e+01
1.324269528930478224e+01
1.337526379332146931e+01
1.350783229733815638e+01
1.364040080135484168e+01
1.377296930537153052e+01
1.390553780938821760e+01
1.403810631340490289e+01
1.417067481742159174e+01
1.430324332143827526e+01
1.443581182545496411e+01
1.456838032947164940e+01
1.470094883348833648e+01
1.483351733750502532e+01
1.496608584152171062e+01
1.509865434553839769e+01
1.523122284955508299e+01
1.536379135357177184e+01
1.549635985758845891e+01
1.562892836160514420e+01
1.576149686562183305e+01
1.589406536963851657e+01
1.602663387365520364e+01
1.615920237767189249e+01
1.629177088168857779e+01
1.642433938570526664e+01
1.655690788972195193e+01
1.668947639373864078e+01
1.682204489775532252e+01
1.695461340177201137e+01
1.708718190578870022e+01
1.721975040980538552e+01
1.735231891382207436e+01
1.748488741783875966e+01
1.761745592185544496e+01
1.775002442587213380e+01
1.788259292988881910e+01
1.801516143390550795e+01
1.814772993792219324e+01
1.828029844193888209e+01
1.841286694595556384e+01
1.854543544997225268e+01
1.867800395398894153e+01
1.881057245800562683e+01
1.894314096202231568e+01
1.907570946603900097e+01
1.920827797005568627e+01
1.934084647407237512e+01
1.947341497808906041e+01
1.960598348210574926e+01
1.973855198612243456e+01
1.987112049013912340e+01
2.000368899415580870e+01
2.013625749817249400e+01
2.026882600218918284e+01
2.040139450620586814e+01
2.053396301022255699e+01
2.066653151423924228e+01
2.079910001825592758e+01
2.093166852227261643e+01
2.106423702628930172e+01
2.119680553030599057e+01
2.132937403432267587e+01
2.146194253833936116e+01
2.159451104235605001e+01
2.172707954637273531e+01
2.185964805038942416e+01
2.199221655440610945e+01
2.212478505842279830e+01
2.225735356243948004e+01
2.238992206645616889e+01
2.252249057047285774e+01
2.265505907448954304e+01
2.278762757850623188e+01
2.292019608252291718e+01
2.305276458653960248e+01
2.318533309055629132e+01
2.331790159457297662e+01
2.345047009858966547e+01
2.358303860260635076e+01
2.371560710662303961e+01
2.384817561063972136e+01
2.398074411465641020e+01
2.411331261867309905e+01
2.424588112268978435e+01
2.437844962670647320e+01
2.451101813072315849e+01
2.464358663473984379e+01
2.477615513875653264e+01
