-2.674370489490247138e+00
-2.538858477099280808e+00
-2.403346464708314034e+00
-2.267834452317347704e+00
-2.132322439926381374e+00
-1.996810427535415045e+00
-1.861298415144448493e+00
-1.725786402753481941e+00
-1.590274390362515611e+00
-1.454762377971549281e+00
-1.319250365580582729e+00
-1.183738353189616177e+00
-1.048226340798649847e+00
-9.127143284076835172e-01
-7.772023160167167433e-01
-6.416903036257504134e-01
-5.061782912347840835e-01
-3.706662788438178091e-01
-2.351542664528514515e-01
-9.964225406188470524e-02
3.586975832908163159e-02
1.713817707200479823e-01
3.068937831110147285e-01
4.424057955019810584e-01
5.779178078929474438e-01
7.134298202839137737e-01
8.489418326748801036e-01
9.844538450658467665e-01
1.119965857456813652e+00
1.255477869847779537e+00
1.390989882238746311e+00
1.526501894629712197e+00
1.662013907020678971e+00
1.797525919411645745e+00
1.933037931802611631e+00
2.068549944193578405e+00
2.204061956584544291e+00
2.339573968975511065e+00
2.475085981366477839e+00
2.610597993757443724e+00
2.746110006148410498e+00
2.881622018539377272e+00
3.017134030930343158e+00
3.152646043321309932e+00
3.288158055712276706e+00
3.423670068103242592e+00
3.559182080494209366e+00
3.694694092885175252e+00
3.830206105276141582e+00
3.965718117667109244e+00
4.101230130058074685e+00
4.236742142449040571e+00
4.372254154840006457e+00
4.507766167230974119e+00
4.643278179621940005e+00
4.778790192012905891e+00
4.914302204403873553e+00
5.049814216794839439e+00
5.185326229185805325e+00
5.320838241576771210e+00
5.456350253967738873e+00
5.591862266358704758e+00
5.727374278749670644e+00
5.862886291140638306e+00
5.998398303531604192e+00
6.133910315922570078e+00
6.269422328313537740e+00
6.404934340704503626e+00
6.540446353095469512e+00
6.675958365486437174e+00
6.811470377877403060e+00
6.946982390268368945e+00
7.082494402659334831e+00
7.218006415050302493e+00
7.353518427441268379e+00
7.489030439832234265e+00
7.624542452223201927e+00
7.760054464614167813e+00
7.895566477005133699e+00
8.031078489396101361e+00
8.166590501787068135e+00
8.302102514178033132e+00
8.437614526569001683e+00
8.573126538959966680e+00
8.708638551350933454e+00
8.844150563741900228e+00
8.979662576132867002e+00
9.115174588523832000e+00
9.250686600914800550e+00
9.386198613305765548e+00
9.521710625696732322e+00
9.657222638087697320e+00
9.792734650478665870e+00
9.928246662869630867e+00
1.006375867526059764e+01
1.019927068765156442e+01
1.033478270004253119e+01
1.047029471243349619e+01
1.060580672482446474e+01
1.074131873721542973e+01
1.087683074960639651e+01
1.101234276199736328e+01
1.114785477438833006e+01
1.128336678677929505e+01
1.141887879917026183e+01
1.155439081156122860e+01
1.168990282395219538e+01
1.182541483634316037e+01
1.196092684873412892e+01
1.209643886112509392e+01
1.223195087351606070e+01
1.236746288590702747e+01
1.250297489829799602e+01
1.263848691068895924e+01
1.277399892307992779e+01
1.290951093547089101e+01
1.304502294786185956e+01
1.318053496025282634e+01
1.331604697264379134e+01
1.345155898503475811e+01
1.358707099742572666e+01
1.372258300981668988e+01
1.385809502220765843e+01
1.399360703459862521e+01
1.412911904698959020e+01
1.426463105938055698e+01
1.440014307177152553e+01
1.453565508416248875e+01
1.467116709655345730e+01
1.480667910894442407e+01
1.494219112133538907e+01
1.507770313372635584e+01
1.521321514611732617e+01
1.534872715850828939e+01
1.548423917089925794e+01
1.561975118329022472e+01
1.575526319568118971e+01
1.589077520807215649e+01
1.602628722046312504e+01
1.616179923285409004e+01
1.629731124524505503e+01
1.643282325763602358e+01
1.656833527002698858e+01
1.670384728241795713e+01
1.683935929480891858e+01
1.697487130719988713e+01
1.711038331959085568e+01
1.724589533198182068e+01
1.738140734437278567e+01
1.751691935676375422e+01
1.765243136915471922e+01
1.778794338154568777e+01
1.792345539393665277e+01
1.805896740632761777e+01
1.819447941871858632e+01
1.832999143110955487e+01
1.846550344350051631e+01
1.860101545589148486e+01
1.873652746828245341e+01
1.887203948067341841e+01
1.900755149306438341e+01
1.914306350545535196e+01
1.927857551784631696e+01
1.941408753023728551e+01
1.954959954262825050e+01
1.968511155501921550e+01
1.982062356741018405e+01
1.995613557980115260e+01
2.009164759219211405e+01
2.022715960458308260e+01
2.036267161697405115e+01
2.049818362936501615e+01
2.063369564175598114e+01
2.076920765414694969e+01
2.090471966653791469e+01
2.104023167892888324e+01
2.117574369131984824e+01
2.131125570371081324e+01
2.144676771610178179e+01
2.158227972849274678e+01
2.171779174088371178e+01
2.185330375327468033e+01
2.198881576566564533e+01
2.212432777805661388e+01
2.225983979044757888e+01
2.239535180283854388e+01
2.253086381522951243e+01
2.266637582762048098e+01
2.280188784001144242e+01
2.293739985240241097e+01
2.307291186479337952e+01
2.320842387718434452e+01
2.334393588957530952e+01
2.347944790196627807e+01
2.361495991435724306e+01
2.375047192674821162e+01
2.388598393913917661e+01
2.402149595153014161e+01
2.415700796392111016e+01
2.429251997631207871e+01
