0.000000000000000000e+00
6.905073195625850702e-02
1.381014639125170140e-01
2.071521958687755349e-01
2.762029278250340281e-01
3.452536597812925212e-01
4.143043917375510699e-01
4.833551236938095630e-01
5.524058556500680561e-01
6.214565876063266048e-01
6.905073195625851534e-01
7.595580515188435911e-01
8.286087834751021397e-01
8.976595154313606884e-01
9.667102473876191260e-01
1.035760979343877786e+00
1.104811711300136112e+00
1.173862443256394661e+00
1.242913175212653210e+00
1.305689770542579620e+00
1.368466365872506252e+00
1.431242961202432662e+00
1.494019556532359072e+00
1.556796151862285482e+00
1.619572747192211892e+00
1.682349342522138524e+00
1.745125937852064935e+00
1.807902533181991345e+00
1.870679128511917977e+00
1.933455723841844387e+00
1.996232319171770797e+00
2.059008914501696985e+00
2.121785509831623617e+00
2.189027177302925065e+00
2.256268844774226068e+00
2.323510512245527515e+00
2.390752179716828962e+00
2.457993847188130410e+00
2.525235514659431413e+00
2.592477182130732860e+00
2.659718849602033863e+00
2.726960517073335311e+00
2.789106175833968138e+00
2.851251834594600520e+00
2.913397493355233348e+00
2.975543152115865730e+00
3.037688810876498557e+00
3.099834469637131384e+00
3.161980128397763767e+00
3.224125787158396594e+00
3.286271445919028977e+00
3.348417104679661804e+00
3.410562763440294631e+00
3.472708422200927014e+00
3.534854080961559841e+00
3.596999739722192224e+00
3.659145398482825051e+00
3.721291057243457878e+00
3.783436716004090261e+00
3.845582374764723088e+00
3.907728033525355471e+00
3.969873692285988298e+00
4.028465181260586725e+00
4.087056670235184264e+00
4.145648159209782690e+00
4.204239648184380229e+00
4.262831137158978656e+00
4.321422626133576195e+00
4.380014115108174622e+00
4.438605604082772160e+00
4.497197093057370587e+00
4.555788582031969014e+00
4.614380071006566553e+00
4.672971559981164980e+00
4.731563048955762518e+00
4.790154537930360945e+00
4.848746026904958484e+00
4.848746026904958484e+00
4.909263527629129875e+00
4.969781028353301267e+00
5.030298529077471770e+00
5.090816029801643161e+00
5.151333530525814552e+00
5.211851031249985944e+00
5.272368531974156447e+00
5.332886032698327838e+00
5.393403533422499230e+00
5.453921034146670621e+00
5.453921034146670621e+00
5.508936943895917260e+00
5.563952853645163898e+00
5.618968763394410537e+00
5.673984673143657176e+00
5.729000582892902926e+00
5.784016492642149565e+00
5.839032402391396204e+00
5.894048312140642842e+00
5.949064221889889481e+00
6.004080131639136120e+00
6.059096041388382758e+00
