-2.548446678973710355e-01
-1.186002352318724223e-01
1.764419743362617352e-02
1.538886300991247624e-01
2.901330627646233618e-01
4.263774954301218778e-01
5.626219280956205049e-01
6.988663607611191875e-01
8.351107934266177590e-01
9.713552260921163306e-01
1.107599658757614902e+00
1.243844091423113474e+00
1.380088524088612045e+00
1.516332956754110617e+00
1.652577389419609410e+00
1.788821822085107760e+00
1.925066254750606554e+00
2.061310687416105125e+00
2.197555120081603697e+00
2.333799552747102268e+00
2.470043985412600840e+00
2.606288418078099411e+00
2.742532850743597983e+00
2.878777283409096555e+00
3.015021716074595126e+00
3.151266148740094142e+00
3.287510581405592269e+00
3.423755014071091285e+00
3.559999446736589856e+00
3.696243879402088428e+00
3.832488312067586556e+00
3.968732744733085127e+00
4.104977177398583699e+00
4.241221610064083158e+00
4.377466042729581730e+00
4.513710475395079413e+00
4.649954908060577985e+00
4.786199340726076557e+00
4.922443773391576016e+00
5.058688206057074588e+00
5.194932638722572271e+00
5.331177071388070843e+00
5.467421504053570303e+00
5.603665936719068874e+00
5.739910369384567446e+00
5.876154802050066017e+00
6.012399234715563701e+00
6.148643667381063160e+00
6.284888100046561732e+00
6.421132532712060303e+00
6.557376965377558875e+00
6.693621398043056558e+00
6.829865830708556018e+00
6.966110263374054590e+00
7.102354696039553161e+00
7.238599128705051733e+00
7.374843561370550304e+00
7.511087994036049764e+00
7.647332426701548336e+00
7.783576859367045131e+00
7.919821292032543703e+00
8.056065724698042274e+00
8.192310157363541734e+00
8.328554590029039417e+00
8.464799022694538877e+00
8.601043455360038337e+00
8.737287888025536020e+00
8.873532320691035480e+00
9.009776753356534940e+00
9.146021186022032623e+00
9.282265618687530306e+00
9.418510051353027990e+00
9.554754484018527450e+00
9.690998916684026909e+00
9.827243349349524593e+00
9.963487782015024052e+00
1.009973221468052174e+01
1.023597664734602120e+01
1.037222108001152066e+01
1.050846551267701834e+01
1.064470994534251602e+01
1.078095437800801371e+01
1.091719881067351317e+01
1.105344324333901262e+01
1.118968767600451031e+01
1.132593210867000977e+01
1.146217654133550745e+01
1.159842097400100691e+01
1.173466540666650637e+01
1.187090983933200405e+01
1.200715427199750351e+01
1.214339870466300120e+01
1.227964313732849888e+01
1.241588756999399834e+01
1.255213200265949602e+01
1.268837643532499548e+01
1.282462086799049494e+01
1.296086530065599263e+01
1.309710973332149209e+01
1.323335416598698977e+01
1.336959859865248923e+01
1.350584303131798869e+01
1.364208746398348460e+01
1.377833189664898406e+01
1.391457632931448174e+01
1.405082076197998120e+01
1.418706519464548066e+01
1.432330962731097834e+01
1.445955405997647780e+01
1.459579849264197549e+01
1.473204292530747495e+01
1.486828735797297441e+01
1.500453179063847209e+01
1.514077622330396977e+01
1.527702065596947101e+01
1.541326508863496692e+01
1.554950952130046993e+01
1.568575395396596406e+01
1.582199838663145997e+01
1.595824281929696120e+01
1.609448725196245888e+01
1.623073168462795834e+01
1.636697611729345425e+01
1.650322054995895726e+01
1.663946498262445317e+01
1.677570941528995618e+01
1.691195384795544854e+01
1.704819828062095155e+01
1.718444271328644746e+01
1.732068714595195047e+01
1.745693157861744638e+01
1.759317601128294584e+01
1.772942044394844174e+01
1.786566487661394476e+01
1.800190930927944066e+01
1.813815374194494368e+01
1.827439817461043603e+01
1.841064260727593904e+01
1.854688703994143495e+01
1.868313147260693086e+01
1.881937590527243387e+01
1.895562033793792622e+01
1.909186477060342924e+01
1.922810920326892514e+01
1.936435363593442815e+01
1.950059806859992406e+01
1.963684250126542352e+01
1.977308693393091943e+01
1.990933136659642244e+01
2.004557579926191835e+01
2.018182023192742136e+01
2.031806466459291372e+01
2.045430909725841673e+01
2.059055352992391263e+01
2.072679796258941565e+01
2.086304239525491155e+01
2.099928682792041101e+01
2.113553126058590692e+01
2.127177569325140993e+01
2.140802012591690584e+01
2.154426455858240175e+01
2.168050899124790121e+01
2.181675342391339711e+01
2.195299785657890013e+01
2.208924228924439603e+01
2.222548672190989905e+01
2.236173115457539495e+01
2.249797558724089441e+01
2.263422001990639032e+01
2.277046445257189333e+01
2.290670888523738924e+01
2.304295331790288870e+01
2.317919775056838461e+01
2.331544218323388762e+01
2.345168661589938353e+01
2.358793104856488654e+01
2.372417548123038245e+01
2.386041991389588190e+01
2.399666434656137781e+01
2.413290877922688082e+01
2.426915321189237673e+01
2.440539764455787619e+01
2.454164207722337210e+01
2.467788650988886801e+01
2.481413094255437102e+01
2.495037537521986692e+01
2.508661980788536994e+01
2.522286424055086229e+01
2.535910867321636530e+01
2.549535310588186121e+01
2.563159753854736422e+01
2.576784197121286013e+01
2.590408640387835959e+01
2.604033083654385550e+01
2.617657526920935851e+01
2.631281970187485442e+01
2.644906413454035743e+01
2.658530856720584978e+01
2.672155299987135280e+01
2.685779743253685226e+01
