0.000000000000000000e+00
3.468809309698436122e-02
6.937618619396872244e-02
1.040642792909530767e-01
1.387523723879374449e-01
1.734404654849218130e-01
2.081285585819061534e-01
2.428166516788905216e-01
2.775047447758748898e-01
3.121928378728592302e-01
3.468809309698436261e-01
3.815690240668279665e-01
4.188794890784248159e-01
4.561899540900217209e-01
4.935004191016185704e-01
5.308108841132154199e-01
5.681213491248122693e-01
6.054318141364092298e-01
6.054318141364092298e-01
6.405238439001434969e-01
6.756158736638777640e-01
7.107079034276120311e-01
7.457999331913462981e-01
7.808919629550805652e-01
8.159839927188148323e-01
8.510760224825490994e-01
8.861680522462833665e-01
9.212600820100176335e-01
9.563521117737519006e-01
9.914441415374861677e-01
1.026536171301220435e+00
1.061382770349570848e+00
1.096229369397921261e+00
1.131075968446271673e+00
1.165922567494622086e+00
1.200769166542972499e+00
1.235615765591322912e+00
1.270462364639673325e+00
1.305308963688023738e+00
1.340155562736374151e+00
1.375002161784724564e+00
1.409848760833074977e+00
1.444695359881425389e+00
1.479541958929775802e+00
1.514388557978126215e+00
1.549235157026476628e+00
1.584081756074827041e+00
1.584081756074827041e+00
1.619161456299363921e+00
1.654241156523900802e+00
1.689320856748437460e+00
1.724400556972974341e+00
1.759480257197511222e+00
1.794559957422048102e+00
1.829639657646584983e+00
1.864719357871121863e+00
1.899799058095658744e+00
1.934878758320195402e+00
1.969958458544732283e+00
2.005038158769269163e+00
2.040117858993806266e+00
2.075197559218342924e+00
2.110277259442879583e+00
2.145356959667416685e+00
2.180436659891953344e+00
2.212790482582476681e+00
2.245144305273000018e+00
2.277498127963522911e+00
2.309851950654046249e+00
2.342205773344569586e+00
2.374559596035092923e+00
2.406913418725616260e+00
2.439267241416139598e+00
2.471621064106662491e+00
2.503974886797185828e+00
2.536328709487709165e+00
2.568682532178232503e+00
2.601036354868755396e+00
2.633390177559278733e+00
2.665744000249802070e+00
2.698097822940325408e+00
2.730451645630848745e+00
2.730451645630848745e+00
2.764187746829548153e+00
2.797923848028247562e+00
2.831659949226946971e+00
2.865396050425646379e+00
2.899132151624345788e+00
2.932868252823045196e+00
2.966604354021744605e+00
3.000340455220444014e+00
3.034076556419143422e+00
3.067812657617842831e+00
3.101548758816542239e+00
3.135284860015241648e+00
3.169020961213941057e+00
3.202757062412640465e+00
3.236493163611339874e+00
3.270229264810039282e+00
3.303965366008738691e+00
