0.000000000000000000e+00
2.207912995533564335e-02
4.415825991067128670e-02
6.623738986600692658e-02
8.831651982134257339e-02
1.103956497766782202e-01
1.324747797320138532e-01
1.545539096873495000e-01
1.766330396426851468e-01
1.987121695980207936e-01
2.207912995533564404e-01
2.428704295086920872e-01
2.649495594640277063e-01
2.870286894193633809e-01
3.106083410010416768e-01
3.341879925827199171e-01
3.577676441643982130e-01
3.813472957460764534e-01
4.049269473277547493e-01
4.285065989094329897e-01
4.520862504911112856e-01
4.756659020727895815e-01
4.756659020727895815e-01
4.977218169803795389e-01
5.197777318879694963e-01
5.418336467955595648e-01
5.638895617031495222e-01
5.859454766107394796e-01
6.080013915183294371e-01
6.300573064259193945e-01
6.521132213335094630e-01
6.741691362410994204e-01
6.962250511486893778e-01
7.182809660562794463e-01
7.403368809638692927e-01
7.623927958714593611e-01
7.844487107790493186e-01
8.065046256866392760e-01
8.277839317203046221e-01
8.490632377539700792e-01
8.703425437876354254e-01
8.916218498213007715e-01
9.129011558549662286e-01
9.341804618886315748e-01
9.554597679222969209e-01
9.767390739559623780e-01
9.980183799896277241e-01
1.019297686023293181e+00
1.040576992056958527e+00
1.061856298090623874e+00
1.061856298090623874e+00
1.083132117762830138e+00
1.104407937435036402e+00
1.125683757107242666e+00
1.146959576779448930e+00
1.168235396451655195e+00
1.189511216123861459e+00
1.210787035796067723e+00
1.232062855468273987e+00
1.253338675140480252e+00
1.274614494812686516e+00
1.295890314484892780e+00
1.317166134157099044e+00
1.338441953829305309e+00
1.359717773501511573e+00
1.380993593173717837e+00
1.402269412845924101e+00
1.423595272039554827e+00
1.444921131233185330e+00
1.466246990426816055e+00
1.487572849620446780e+00
1.508898708814077505e+00
1.530224568007708008e+00
1.551550427201338733e+00
1.572876286394969458e+00
1.594202145588600184e+00
1.615528004782230687e+00
1.636853863975861412e+00
1.658179723169492137e+00
1.679505582363122862e+00
1.700831441556753365e+00
1.700831441556753365e+00
1.720962240052811953e+00
1.741093038548870764e+00
1.761223837044929352e+00
1.781354635540988163e+00
1.801485434037046751e+00
1.821616232533105340e+00
1.841747031029164150e+00
1.861877829525222738e+00
1.882008628021281327e+00
1.902139426517340137e+00
1.922270225013398726e+00
1.942401023509457314e+00
1.962531822005516124e+00
1.982662620501574713e+00
2.002793418997633523e+00
2.022924217493692112e+00
2.043055015989750700e+00
2.063185814485809288e+00
