-4.765800522176041887e-02
8.697609418512299018e-02
2.216101935920063992e-01
3.562442929988898221e-01
4.908783924057732451e-01
6.255124918126566680e-01
7.601465912195400909e-01
8.947806906264234028e-01
1.029414790033306826e+00
1.164048889440190360e+00
1.298682988847073894e+00
1.433317088253956983e+00
1.567951187660840517e+00
1.702585287067724051e+00
1.837219386474607363e+00
1.971853485881490897e+00
2.106487585288374209e+00
2.241121684695257965e+00
2.375755784102141277e+00
2.510389883509024589e+00
2.645023982915908345e+00
2.779658082322791213e+00
2.914292181729674969e+00
3.048926281136558281e+00
3.183560380543441592e+00
3.318194479950325348e+00
3.452828579357208660e+00
3.587462678764091972e+00
3.722096778170975284e+00
3.856730877577858596e+00
3.991364976984741464e+00
4.125999076391625664e+00
4.260633175798508532e+00
4.395267275205391400e+00
4.529901374612275156e+00
4.664535474019158912e+00
4.799169573426042668e+00
4.933803672832925535e+00
5.068437772239809291e+00
5.203071871646692159e+00
5.337705971053575915e+00
5.472340070460459671e+00
5.606974169867342539e+00
5.741608269274226295e+00
5.876242368681109163e+00
6.010876468087992919e+00
6.145510567494876675e+00
6.280144666901760431e+00
6.414778766308643299e+00
6.549412865715526166e+00
6.684046965122409922e+00
6.818681064529292790e+00
6.953315163936177434e+00
7.087949263343060302e+00
7.222583362749944058e+00
7.357217462156826926e+00
7.491851561563709794e+00
7.626485660970594438e+00
7.761119760377478194e+00
7.895753859784360174e+00
8.030387959191244818e+00
8.165022058598127686e+00
8.299656158005012330e+00
8.434290257411893421e+00
8.568924356818778065e+00
8.703558456225660933e+00
8.838192555632543801e+00
8.972826655039428445e+00
9.107460754446311313e+00
9.242094853853195957e+00
9.376728953260077049e+00
9.511363052666961693e+00
9.645997152073846337e+00
9.780631251480727428e+00
9.915265350887612072e+00
1.004989945029449494e+01
1.018453354970137958e+01
1.031916764910826245e+01
1.045380174851514532e+01
1.058843584792202996e+01
1.072306994732891283e+01
1.085770404673579570e+01
1.099233814614267857e+01
1.112697224554956321e+01
1.126160634495644608e+01
1.139624044436332895e+01
1.153087454377021359e+01
1.166550864317709646e+01
1.180014274258397933e+01
1.193477684199086397e+01
1.206941094139774684e+01
1.220404504080462971e+01
1.233867914021151257e+01
1.247331323961839722e+01
1.260794733902528186e+01
1.274258143843216295e+01
1.287721553783904760e+01
1.301184963724593047e+01
1.314648373665281333e+01
1.328111783605969798e+01
1.341575193546658085e+01
1.355038603487346549e+01
1.368502013428034658e+01
1.381965423368723123e+01
1.395428833309411409e+01
1.408892243250099696e+01
1.422355653190788161e+01
1.435819063131476447e+01
1.449282473072164912e+01
1.462745883012853021e+01
1.476209292953541485e+01
1.489672702894229950e+01
1.503136112834918059e+01
1.516599522775606879e+01
1.530062932716294988e+01
1.543526342656983275e+01
1.556989752597671739e+01
1.570453162538360026e+01
1.583916572479048313e+01
1.597379982419736777e+01
1.610843392360424886e+01
1.624306802301113350e+01
1.637770212241801815e+01
1.651233622182489924e+01
1.664697032123178744e+01
1.678160442063866853e+01
1.691623852004554962e+01
1.705087261945243426e+01
1.718550671885931891e+01
1.732014081826620000e+01
1.745477491767308464e+01
1.758940901707996929e+01
1.772404311648685038e+01
1.785867721589373502e+01
1.799331131530061967e+01
1.812794541470750431e+01
1.826257951411438540e+01
1.839721361352126650e+01
1.853184771292815469e+01
1.866648181233503578e+01
1.880111591174191688e+01
1.893575001114880507e+01
1.907038411055568616e+01
1.920501820996256725e+01
1.933965230936945190e+01
1.947428640877633654e+01
1.960892050818321763e+01
1.974355460759010228e+01
1.987818870699698692e+01
2.001282280640387157e+01
2.014745690581075266e+01
2.028209100521763730e+01
2.041672510462452195e+01
2.055135920403140304e+01
2.068599330343828413e+01
2.082062740284517233e+01
2.095526150225205342e+01
2.108989560165893451e+01
2.122452970106582271e+01
2.135916380047270380e+01
2.149379789987958844e+01
2.162843199928646953e+01
2.176306609869335418e+01
2.189770019810023882e+01
2.203233429750711991e+01
2.216696839691400456e+01
2.230160249632088920e+01
2.243623659572777029e+01
2.257087069513465494e+01
2.270550479454153958e+01
2.284013889394842067e+01
2.297477299335530176e+01
2.310940709276218996e+01
2.324404119216907105e+01
2.337867529157595570e+01
2.351330939098284034e+01
2.364794349038972143e+01
2.378257758979660608e+01
2.391721168920348717e+01
2.405184578861037181e+01
2.418647988801725646e+01
2.432111398742413755e+01
2.445574808683102219e+01
2.459038218623790684e+01
2.472501628564478793e+01
2.485965038505167257e+01
2.499428448445855722e+01
2.512891858386543831e+01
2.526355268327232295e+01
2.539818678267920760e+01
2.553282088208608869e+01
2.566745498149297333e+01
2.580208908089985798e+01
2.593672318030673907e+01
2.607135727971362371e+01
2.620599137912050480e+01
2.634062547852738945e+01
2.647525957793427409e+01
2.660989367734115518e+01
2.674452777674803983e+01
