0.000000000000000000e+00
5.463525422535701892e-02
1.092705084507140378e-01
1.639057626760710429e-01
2.185410169014280757e-01
2.731762711267851085e-01
3.278115253521420858e-01
3.824467795774991186e-01
4.370820338028561514e-01
4.917172880282131842e-01
5.463525422535702170e-01
6.009877964789271942e-01
6.561549733908631499e-01
7.113221503027991055e-01
7.664893272147350611e-01
8.216565041266711278e-01
8.768236810386070834e-01
9.319908579505430390e-01
9.871580348624791057e-01
1.042325211774415061e+00
1.097492388686351017e+00
1.152659565598286973e+00
1.152659565598286973e+00
1.203230785911898915e+00
1.253802006225511079e+00
1.304373226539123021e+00
1.354944446852734963e+00
1.405515667166347127e+00
1.456086887479959069e+00
1.506658107793571233e+00
1.557229328107183175e+00
1.607800548420795117e+00
1.658371768734407059e+00
1.708942989048019223e+00
1.759514209361631165e+00
1.810085429675243329e+00
1.860656649988855271e+00
1.911227870302467213e+00
1.961799090616079155e+00
2.015488045912639414e+00
2.069177001209199673e+00
2.122865956505759932e+00
2.176554911802320191e+00
2.230243867098880450e+00
2.283932822395440709e+00
2.337621777692000968e+00
2.391310732988560783e+00
2.444999688285121042e+00
2.498688643581681301e+00
2.552377598878241560e+00
2.606066554174801819e+00
2.606066554174801819e+00
2.655726410722788255e+00
2.705386267270774692e+00
2.755046123818761572e+00
2.804705980366748008e+00
2.854365836914734444e+00
2.904025693462720881e+00
2.953685550010707317e+00
3.003345406558694197e+00
3.053005263106680633e+00
3.102665119654667070e+00
3.152324976202653950e+00
3.201984832750640386e+00
3.251644689298626822e+00
3.301304545846613259e+00
3.350964402394599695e+00
3.400624258942586131e+00
3.450284115490573011e+00
3.499525187681444383e+00
3.548766259872315310e+00
3.598007332063186681e+00
3.647248404254057608e+00
3.696489476444928979e+00
3.745730548635800350e+00
3.794971620826671277e+00
3.844212693017542648e+00
3.893453765208414019e+00
3.942694837399284946e+00
3.991935909590156317e+00
4.041176981781027244e+00
4.090418053971898615e+00
4.090418053971898615e+00
4.139512725738809351e+00
4.188607397505720087e+00
4.237702069272631711e+00
4.286796741039542447e+00
4.335891412806453182e+00
4.384986084573364806e+00
4.434080756340275542e+00
4.483175428107186278e+00
4.532270099874097014e+00
4.581364771641007749e+00
4.630459443407919373e+00
4.679554115174830109e+00
4.728648786941740845e+00
4.777743458708652469e+00
4.826838130475563204e+00
4.875932802242473940e+00
4.925027474009384676e+00
