-2.644939539913302440e+00
-2.513572848663580217e+00
-2.382206157413858438e+00
-2.250839466164136216e+00
-2.119472774914413993e+00
-1.988106083664691992e+00
-1.856739392414970213e+00
-1.725372701165247991e+00
-1.594006009915525990e+00
-1.462639318665803767e+00
-1.331272627416081766e+00
-1.199905936166359766e+00
-1.068539244916637765e+00
-9.371725536669157641e-01
-8.058058624171936524e-01
-6.744391711674715406e-01
-5.430724799177494289e-01
-4.117057886680273726e-01
-2.803390974183053164e-01
-1.489724061685832046e-01
-1.760571491886111367e-02
1.137609763308609773e-01
2.451276675805830751e-01
3.764943588303051314e-01
5.078610500800267991e-01
6.392277413297489108e-01
7.705944325794710226e-01
9.019611238291931343e-01
1.033327815078915135e+00
1.164694506328637580e+00
1.296061197578359359e+00
1.427427888828081803e+00
1.558794580077803582e+00
1.690161271327525139e+00
1.821527962577247806e+00
1.952894653826969362e+00
2.084261345076691807e+00
2.215628036326413586e+00
2.346994727576136253e+00
2.478361418825857587e+00
2.609728110075580254e+00
2.741094801325302033e+00
2.872461492575024256e+00
3.003828183824746034e+00
3.135194875074468701e+00
3.266561566324190036e+00
3.397928257573912703e+00
3.529294948823634481e+00
3.660661640073356260e+00
3.792028331323078039e+00
3.923395022572799817e+00
4.054761713822522928e+00
4.186128405072245151e+00
4.317495096321966486e+00
4.448861787571687820e+00
4.580228478821411819e+00
4.711595170071133154e+00
4.842961861320854489e+00
4.974328552570578488e+00
5.105695243820299822e+00
5.237061935070021157e+00
5.368428626319743380e+00
5.499795317569466491e+00
5.631162008819187825e+00
5.762528700068910048e+00
5.893895391318631383e+00
6.025262082568353605e+00
6.156628773818076716e+00
6.287995465067798051e+00
6.419362156317520274e+00
6.550728847567241608e+00
6.682095538816964719e+00
6.813462230066686942e+00
6.944828921316408277e+00
7.076195612566129611e+00
7.207562303815853610e+00
7.338928995065574945e+00
7.470295686315296280e+00
7.601662377565018502e+00
7.733029068814741613e+00
7.864395760064462948e+00
7.995762451314185171e+00
8.127129142563907394e+00
8.258495833813627840e+00
8.389862525063351839e+00
8.521229216313074062e+00
8.652595907562794508e+00
8.783962598812516731e+00
8.915329290062240730e+00
9.046695981311961177e+00
9.178062672561683399e+00
9.309429363811405622e+00
9.440796055061127845e+00
9.572162746310850068e+00
9.703529437560572291e+00
9.834896128810292737e+00
9.966262820060014960e+00
1.009762951130973896e+01
1.022899620255945941e+01
1.036036289380918163e+01
1.049172958505890385e+01
1.062309627630862607e+01
1.075446296755834830e+01
1.088582965880807052e+01
1.101719635005779097e+01
1.114856304130751496e+01
1.127992973255723719e+01
1.141129642380695763e+01
1.154266311505667986e+01
1.167402980630640386e+01
1.180539649755612430e+01
1.193676318880584653e+01
1.206812988005556875e+01
1.219949657130529097e+01
1.233086326255501319e+01
1.246222995380473542e+01
1.259359664505445942e+01
1.272496333630417986e+01
1.285633002755390208e+01
1.298769671880362431e+01
1.311906341005334475e+01
1.325043010130306698e+01
1.338179679255278920e+01
1.351316348380250965e+01
1.364453017505223542e+01
1.377589686630195764e+01
1.390726355755167809e+01
1.403863024880140031e+01
1.416999694005112254e+01
1.430136363130084298e+01
1.443273032255056521e+01
1.456409701380028743e+01
1.469546370505000787e+01
1.482683039629973365e+01
1.495819708754945587e+01
1.508956377879917632e+01
1.522093047004889677e+01
1.535229716129861899e+01
1.548366385254833943e+01
1.561503054379806166e+01
1.574639723504778388e+01
1.587776392629750788e+01
1.600913061754723188e+01
1.614049730879695232e+01
1.627186400004667277e+01
1.640323069129639677e+01
1.653459738254611722e+01
1.666596407379583766e+01
1.679733076504556166e+01
1.692869745629528211e+01
1.706006414754500611e+01
1.719143083879473011e+01
1.732279753004445055e+01
1.745416422129417100e+01
1.758553091254389500e+01
1.771689760379361545e+01
1.784826429504333589e+01
1.797963098629305989e+01
1.811099767754278389e+01
1.824236436879250434e+01
1.837373106004222834e+01
1.850509775129194878e+01
1.863646444254166923e+01
1.876783113379139323e+01
1.889919782504111367e+01
1.903056451629083412e+01
1.916193120754055812e+01
1.929329789879028212e+01
1.942466459004000257e+01
1.955603128128972656e+01
1.968739797253944701e+01
1.981876466378916746e+01
1.995013135503889146e+01
2.008149804628861190e+01
2.021286473753833235e+01
2.034423142878805990e+01
2.047559812003778035e+01
2.060696481128750079e+01
2.073833150253722479e+01
2.086969819378694524e+01
2.100106488503666569e+01
2.113243157628638969e+01
2.126379826753611013e+01
2.139516495878583058e+01
2.152653165003555813e+01
2.165789834128527858e+01
2.178926503253499902e+01
2.192063172378472302e+01
2.205199841503444347e+01
2.218336510628416391e+01
2.231473179753388791e+01
2.244609848878360836e+01
2.257746518003332881e+01
2.270883187128305636e+01
2.284019856253277680e+01
2.297156525378249725e+01
2.310293194503222125e+01
2.323429863628194170e+01
2.336566532753166214e+01
2.349703201878138970e+01
