0.000000000000000000e+00
8.788737555517381339e-02
1.757747511103476268e-01
2.636621266655214679e-01
3.515495022206952536e-01
4.394368777758690392e-01
5.273242533310429359e-01
6.152116288862167215e-01
7.030990044413905071e-01
7.909863799965642928e-01
8.788737555517380784e-01
9.667611311069118640e-01
1.054648506662085650e+00
1.142535882217259546e+00
1.230423257772433221e+00
1.318310633327607118e+00
1.406198008882781014e+00
1.494085384437954911e+00
1.581972759993128586e+00
1.669860135548302260e+00
1.757747511103476157e+00
1.840608523417812448e+00
1.923469535732148739e+00
2.006330548046484807e+00
2.089191560360821320e+00
2.172052572675157389e+00
2.254913584989493902e+00
2.337774597303829971e+00
2.420635609618166484e+00
2.503496621932502553e+00
2.586357634246839066e+00
2.669218646561175134e+00
2.752079658875511647e+00
2.834940671189847716e+00
2.917801683504183785e+00
3.000662695818520298e+00
3.087114988685050854e+00
3.173567281551581853e+00
3.260019574418112409e+00
3.346471867284642965e+00
3.432924160151173520e+00
3.519376453017704520e+00
3.605828745884235076e+00
3.685726360025302295e+00
3.765623974166369070e+00
3.845521588307436289e+00
3.925419202448503508e+00
4.005316816589570728e+00
4.085214430730637503e+00
4.165112044871705166e+00
4.245009659012771941e+00
4.324907273153838716e+00
4.404804887294906379e+00
4.484702501435973154e+00
4.564600115577039929e+00
4.644497729718107593e+00
4.724395343859174368e+00
4.804292958000241143e+00
4.884190572141308806e+00
4.964088186282375581e+00
5.043985800423442356e+00
5.123883414564510019e+00
5.203781028705576794e+00
5.283678642846644458e+00
5.363576256987711233e+00
5.436688914912125803e+00
5.509801572836540373e+00
5.582914230760954055e+00
5.656026888685368625e+00
5.729139546609783196e+00
5.802252204534197766e+00
5.875364862458611448e+00
5.948477520383026018e+00
6.021590178307440588e+00
6.094702836231855159e+00
6.167815494156268841e+00
6.240928152080683411e+00
6.314040810005097981e+00
6.387153467929512551e+00
6.460266125853927122e+00
6.533378783778340804e+00
6.606491441702755374e+00
6.606491441702755374e+00
6.682137197960969388e+00
6.757782954219184290e+00
6.833428710477398305e+00
6.909074466735612319e+00
6.984720222993827221e+00
7.060365979252041235e+00
7.136011735510256138e+00
7.211657491768470152e+00
7.211657491768470152e+00
7.287303248026684166e+00
7.362949004284899068e+00
7.438594760543113082e+00
7.514240516801327985e+00
7.589886273059541999e+00
7.665532029317756013e+00
7.741177785575970915e+00
7.816823541834184930e+00
