-1.357099918015910456e+00
-1.331136726052818187e+00
-1.305173534089726362e+00
-1.279210342126634092e+00
-1.253247150163541823e+00
-1.227283958200449998e+00
-1.201320766237357729e+00
-1.175357574274265460e+00
-1.149394382311173635e+00
-1.123431190348081365e+00
-1.097467998384989096e+00
-1.071504806421897049e+00
-1.045541614458805002e+00
-1.019578422495712733e+00
-9.936152305326207967e-01
-9.676520385695286386e-01
-9.416888466064364804e-01
-9.157256546433443223e-01
-8.897624626802522751e-01
-8.637992707171600060e-01
-8.378360787540679588e-01
-8.118728867909759117e-01
-7.859096948278836425e-01
-7.599465028647915954e-01
-7.339833109016995483e-01
-7.080201189386072791e-01
-6.820569269755152320e-01
-6.560937350124231848e-01
-6.301305430493309157e-01
-6.041673510862388685e-01
-5.782041591231468214e-01
-5.522409671600545522e-01
-5.262777751969625051e-01
-5.003145832338704579e-01
-4.743513912707782443e-01
-4.483881993076861416e-01
-4.224250073445940390e-01
-3.964618153815018253e-01
-3.704986234184096672e-01
-3.445354314553176756e-01
-3.185722394922254619e-01
-2.926090475291333037e-01
-2.666458555660413121e-01
-2.406826636029491262e-01
-2.147194716398569125e-01
-1.887562796767649487e-01
-1.627930877136727350e-01
-1.368298957505805491e-01
-1.108667037874885714e-01
-8.490351182439638544e-02
-5.894031986130418566e-02
-3.297712789821220791e-02
-7.013935935120012462e-03
1.894925602797218125e-02
4.491244799106416247e-02
7.087563995415635532e-02
9.683883191724854123e-02
1.228020238803405328e-01
1.487652158434327188e-01
1.747284078065249047e-01
2.006915997696168963e-01
2.266547917327090822e-01
2.526179836958012959e-01
2.785811756588932875e-01
3.045443676219854456e-01
3.305075595850776593e-01
3.564707515481696509e-01
3.824339435112618091e-01
4.083971354743540227e-01
4.343603274374460144e-01
4.603235194005381725e-01
4.862867113636303862e-01
5.122499033267223778e-01
5.382130952898145360e-01
5.641762872529068051e-01
5.901394792159989633e-01
6.161026711790911214e-01
6.420658631421829465e-01
6.680290551052751047e-01
6.939922470683672628e-01
7.199554390314595320e-01
7.459186309945516902e-01
7.718818229576438483e-01
7.978450149207356734e-01
8.238082068838278316e-01
8.497713988469199897e-01
8.757345908100122589e-01
9.016977827731044171e-01
9.276609747361965752e-01
9.536241666992884003e-01
9.795873586623805584e-01
1.005550550625472717e+00
1.031513742588564986e+00
1.057476934551657255e+00
1.083440126514749302e+00
1.109403318477841127e+00
1.135366510440933396e+00
1.161329702404025443e+00
1.187292894367117713e+00
1.213256086330209982e+00
1.239219278293302029e+00
1.265182470256393854e+00
1.291145662219486123e+00
1.317108854182578170e+00
1.343072046145670440e+00
1.369035238108762709e+00
1.394998430071854756e+00
1.420961622034946581e+00
1.446924813998038850e+00
1.472888005961130897e+00
1.498851197924223166e+00
1.524814389887315436e+00
1.550777581850407483e+00
1.576740773813499308e+00
1.602703965776591577e+00
1.628667157739683624e+00
1.654630349702775893e+00
1.680593541665868162e+00
1.706556733628960210e+00
1.732519925592052035e+00
1.758483117555144304e+00
1.784446309518236351e+00
1.810409501481328620e+00
1.836372693444420889e+00
1.862335885407512936e+00
1.888299077370604762e+00
1.914262269333697253e+00
1.940225461296789300e+00
1.966188653259881569e+00
1.992151845222973838e+00
2.018115037186066107e+00
2.044078229149158155e+00
2.070041421112249314e+00
2.096004613075341805e+00
2.121967805038433852e+00
2.147930997001525899e+00
2.173894188964618390e+00
2.199857380927710437e+00
2.225820572890802485e+00
2.251783764853894976e+00
2.277746956816987023e+00
2.303710148780079070e+00
2.329673340743171561e+00
2.355636532706263608e+00
2.381599724669355211e+00
2.407562916632447259e+00
2.433526108595539306e+00
2.459489300558631353e+00
2.485452492521723844e+00
2.511415684484815891e+00
2.537378876447907938e+00
2.563342068411000430e+00
2.589305260374092477e+00
2.615268452337184080e+00
2.641231644300276127e+00
2.667194836263368174e+00
2.693158028226460665e+00
2.719121220189552712e+00
2.745084412152644759e+00
2.771047604115737251e+00
2.797010796078829298e+00
2.822973988041921345e+00
2.848937180005013836e+00
2.874900371968105883e+00
2.900863563931197930e+00
2.926826755894289533e+00
2.952789947857381581e+00
2.978753139820473628e+00
3.004716331783566119e+00
3.030679523746658166e+00
3.056642715709750213e+00
3.082605907672842704e+00
3.108569099635934752e+00
3.134532291599026799e+00
3.160495483562119290e+00
3.186458675525211337e+00
3.212421867488303384e+00
3.238385059451394987e+00
3.264348251414487034e+00
3.290311443377579081e+00
3.316274635340671573e+00
3.342237827303763620e+00
3.368201019266855667e+00
3.394164211229948158e+00
3.420127403193040205e+00
3.446090595156132252e+00
3.472053787119224744e+00
3.498016979082316791e+00
3.523980171045408838e+00
3.549943363008500441e+00
3.575906554971592488e+00
3.601869746934684535e+00
3.627832938897777026e+00
3.653796130860869074e+00
3.679759322823961121e+00
3.705722514787053612e+00
3.731685706750145659e+00
3.757648898713237706e+00
3.783612090676330197e+00
3.809575282639422245e+00
