1.459633221634191735e-01
2.422610151605946172e-01
3.385587081577700053e-01
4.348564011549454489e-01
5.311540941521208925e-01
6.274517871492961696e-01
7.237494801464717797e-01
8.200471731436472789e-01
9.163448661408225560e-01
1.012642559137997944e+00
1.108940252135173443e+00
1.205237945132348942e+00
1.301535638129524441e+00
1.397833331126699719e+00
1.494131024123875218e+00
1.590428717121050495e+00
1.686726410118225994e+00
1.783024103115401493e+00
1.879321796112576770e+00
1.975619489109752269e+00
2.071917182106927768e+00
2.168214875104103267e+00
2.264512568101278767e+00
2.360810261098453822e+00
2.457107954095629765e+00
2.553405647092804820e+00
2.649703340089980319e+00
2.746001033087155374e+00
2.842298726084331317e+00
2.938596419081506372e+00
3.034894112078681871e+00
3.131191805075857371e+00
3.227489498073032870e+00
3.323787191070207925e+00
3.420084884067383868e+00
3.516382577064558923e+00
3.612680270061734422e+00
3.708977963058909921e+00
3.805275656056085865e+00
3.901573349053260920e+00
3.997871042050436419e+00
4.094168735047611918e+00
4.190466428044787861e+00
4.286764121041962916e+00
4.383061814039138859e+00
4.479359507036313914e+00
4.575657200033488969e+00
4.671954893030664913e+00
4.768252586027840856e+00
4.864550279025015023e+00
4.960847972022190966e+00
5.057145665019366021e+00
5.153443358016541964e+00
5.249741051013717019e+00
5.346038744010892074e+00
5.442336437008068017e+00
5.538634130005243961e+00
5.634931823002418128e+00
5.731229515999594071e+00
5.827527208996770014e+00
5.923824901993945069e+00
6.020122594991121012e+00
6.116420287988296067e+00
6.212717980985471122e+00
6.309015673982647066e+00
6.405313366979823009e+00
6.501611059976997176e+00
6.597908752974173119e+00
6.694206445971349062e+00
6.790504138968524117e+00
6.886801831965699172e+00
6.983099524962875115e+00
7.079397217960050170e+00
7.175694910957226114e+00
7.271992603954401169e+00
7.368290296951576224e+00
7.464587989948752167e+00
7.560885682945928110e+00
7.657183375943103165e+00
7.753481068940277332e+00
7.849778761937452387e+00
7.946076454934629218e+00
8.042374147931804274e+00
8.138671840928978440e+00
8.234969533926156160e+00
8.331267226923330327e+00
8.427564919920504494e+00
8.523862612917682213e+00
8.620160305914856380e+00
8.716457998912030547e+00
8.812755691909208267e+00
8.909053384906382433e+00
9.005351077903558377e+00
9.101648770900734320e+00
9.197946463897908487e+00
9.294244156895084430e+00
9.390541849892260373e+00
9.486839542889436316e+00
9.583137235886610483e+00
9.679434928883784650e+00
9.775732621880962370e+00
9.872030314878136537e+00
9.968328007875310703e+00
1.006462570087248842e+01
1.016092339386966259e+01
1.025722108686683853e+01
1.035351877986401448e+01
1.044981647286118864e+01
1.054611416585836459e+01
1.064241185885554053e+01
1.073870955185271470e+01
1.083500724484989064e+01
1.093130493784706658e+01
1.102760263084424253e+01
1.112390032384141669e+01
1.122019801683859264e+01
1.131649570983576858e+01
1.141279340283294275e+01
1.150909109583012047e+01
1.160538878882729463e+01
1.170168648182446880e+01
1.179798417482164652e+01
1.189428186781882069e+01
1.199057956081599485e+01
1.208687725381317257e+01
1.218317494681034674e+01
1.227947263980752268e+01
1.237577033280469863e+01
1.247206802580187279e+01
1.256836571879904874e+01
1.266466341179622468e+01
1.276096110479340062e+01
1.285725879779057479e+01
1.295355649078775073e+01
1.304985418378492668e+01
1.314615187678210084e+01
1.324244956977927679e+01
1.333874726277645273e+01
1.343504495577362690e+01
1.353134264877080462e+01
1.362764034176797878e+01
1.372393803476515295e+01
1.382023572776233067e+01
1.391653342075950484e+01
1.401283111375667900e+01
1.410912880675385672e+01
1.420542649975103089e+01
1.430172419274820683e+01
1.439802188574538278e+01
1.449431957874255694e+01
1.459061727173973289e+01
1.468691496473690883e+01
1.478321265773408477e+01
1.487951035073125894e+01
1.497580804372843488e+01
1.507210573672561083e+01
1.516840342972278499e+01
1.526470112271996271e+01
1.536099881571713865e+01
1.545729650871431282e+01
1.555359420171148876e+01
1.564989189470866293e+01
1.574618958770584065e+01
1.584248728070301659e+01
1.593878497370019076e+01
1.603508266669736670e+01
1.613138035969453910e+01
1.622767805269171504e+01
1.632397574568889453e+01
1.642027343868606692e+01
1.651657113168324287e+01
1.661286882468041881e+01
1.670916651767759475e+01
1.680546421067476714e+01
1.690176190367194664e+01
1.699805959666912258e+01
1.709435728966629497e+01
1.719065498266347092e+01
1.728695267566064686e+01
1.738325036865781925e+01
1.747954806165499875e+01
1.757584575465217469e+01
1.767214344764934708e+01
1.776844114064652302e+01
1.786473883364369897e+01
1.796103652664087491e+01
1.805733421963805085e+01
1.815363191263522680e+01
1.824992960563240274e+01
1.834622729862957513e+01
1.844252499162675107e+01
1.853882268462392702e+01
1.863512037762110296e+01
1.873141807061827890e+01
1.882771576361545485e+01
1.892401345661262724e+01
1.902031114960980318e+01
1.911660884260697912e+01
1.921290653560415507e+01
1.930920422860133101e+01
