-9.274516523847711746e-02
-7.588305711262181841e-02
-5.902094898676653323e-02
-4.215884086091124111e-02
-2.529673273505594899e-02
-8.434624609200653406e-03
8.427483516654628304e-03
2.528959164250992389e-02
4.215169976836521948e-02
5.901380789422049772e-02
7.587591602007580371e-02
9.273802414593108889e-02
1.096001322717863741e-01
1.264622403976416731e-01
1.433243485234969583e-01
1.601864566493522712e-01
1.770485647752075564e-01
1.939106729010628416e-01
2.107727810269180990e-01
2.276348891527734397e-01
2.444969972786287249e-01
2.613591054044839823e-01
2.782212135303392953e-01
2.950833216561945527e-01
3.119454297820498656e-01
3.288075379079051785e-01
3.456696460337604915e-01
3.625317541596157489e-01
3.793938622854710063e-01
3.962559704113263748e-01
4.131180785371816322e-01
4.299801866630369451e-01
4.468422947888922026e-01
4.637044029147474600e-01
4.805665110406027174e-01
4.974286191664580858e-01
5.142907272923132878e-01
5.311528354181687117e-01
5.480149435440240246e-01
5.648770516698792266e-01
5.817391597957346505e-01
5.986012679215897414e-01
6.154633760474451654e-01
6.323254841733003673e-01
6.491875922991557912e-01
6.660497004250108821e-01
6.829118085508663061e-01
6.997739166767215080e-01
7.166360248025768209e-01
7.334981329284322449e-01
7.503602410542874468e-01
7.672223491801427597e-01
7.840844573059979616e-01
8.009465654318533856e-01
8.178086735577085875e-01
8.346707816835639004e-01
8.515328898094191024e-01
8.683949979352745263e-01
8.852571060611298392e-01
9.021192141869850412e-01
9.189813223128404651e-01
9.358434304386956670e-01
9.527055385645509800e-01
9.695676466904061819e-01
9.864297548162616058e-01
1.003291862942117030e+00
1.020153971067972121e+00
1.037016079193827434e+00
1.053878187319682747e+00
1.070740295445538059e+00
1.087602403571393372e+00
1.104464511697248685e+00
1.121326619823103776e+00
1.138188727948959311e+00
1.155050836074814402e+00
1.171912944200669715e+00
1.188775052326525250e+00
1.205637160452380341e+00
1.222499268578235654e+00
1.239361376704090967e+00
1.256223484829946280e+00
1.273085592955801371e+00
1.289947701081656906e+00
1.306809809207511996e+00
1.323671917333367309e+00
1.340534025459222622e+00
1.357396133585077935e+00
1.374258241710933470e+00
1.391120349836788561e+00
1.407982457962643874e+00
1.424844566088499187e+00
1.441706674214354500e+00
1.458568782340209591e+00
1.475430890466065126e+00
1.492292998591920217e+00
1.509155106717775530e+00
1.526017214843630843e+00
1.542879322969486156e+00
1.559741431095341468e+00
1.576603539221196781e+00
1.593465647347052094e+00
1.610327755472907407e+00
1.627189863598762720e+00
1.644051971724617811e+00
1.660914079850473346e+00
1.677776187976328437e+00
1.694638296102183750e+00
1.711500404228039285e+00
1.728362512353894376e+00
1.745224620479749689e+00
1.762086728605605002e+00
1.778948836731460315e+00
1.795810944857315405e+00
1.812673052983170940e+00
1.829535161109026031e+00
1.846397269234881344e+00
1.863259377360736879e+00
1.880121485486591970e+00
1.896983593612447061e+00
1.913845701738302596e+00
1.930707809864157687e+00
1.947569917990013000e+00
1.964432026115868091e+00
1.981294134241723626e+00
1.998156242367578939e+00
2.015018350493434252e+00
2.031880458619289342e+00
2.048742566745144877e+00
2.065604674870999968e+00
2.082466782996855059e+00
2.099328891122710594e+00
2.116190999248566129e+00
2.133053107374421220e+00
2.149915215500276311e+00
2.166777323626131846e+00
2.183639431751986937e+00
2.200501539877842472e+00
2.217363648003697563e+00
2.234225756129553098e+00
2.251087864255408189e+00
2.267949972381263279e+00
2.284812080507118814e+00
2.301674188632974349e+00
2.318536296758829440e+00
2.335398404884684531e+00
2.352260513010540066e+00
2.369122621136395157e+00
2.385984729262250248e+00
2.402846837388105783e+00
2.419708945513961318e+00
2.436571053639816409e+00
2.453433161765671500e+00
2.470295269891527035e+00
2.487157378017382570e+00
2.504019486143237661e+00
2.520881594269092751e+00
2.537743702394948286e+00
2.554605810520803377e+00
2.571467918646658468e+00
2.588330026772514003e+00
2.605192134898369538e+00
2.622054243024224629e+00
2.638916351150079720e+00
2.655778459275935255e+00
2.672640567401790346e+00
2.689502675527645881e+00
2.706364783653500972e+00
2.723226891779356507e+00
2.740088999905211598e+00
2.756951108031066688e+00
2.773813216156922223e+00
2.790675324282777758e+00
2.807537432408632849e+00
2.824399540534487940e+00
2.841261648660343475e+00
2.858123756786198566e+00
2.874985864912054101e+00
2.891847973037909192e+00
2.908710081163764727e+00
2.925572189289619818e+00
2.942434297415474909e+00
2.959296405541330444e+00
2.976158513667185979e+00
2.993020621793041069e+00
3.009882729918896160e+00
3.026744838044751695e+00
3.043606946170606786e+00
3.060469054296462321e+00
3.077331162422317412e+00
3.094193270548172947e+00
3.111055378674028038e+00
3.127917486799883129e+00
3.144779594925738220e+00
3.161641703051594199e+00
3.178503811177449290e+00
3.195365919303304381e+00
3.212228027429159916e+00
3.229090135555015006e+00
3.245952243680870541e+00
3.262814351806726076e+00
