-8.799056790224998870e-02
-6.914594676988962407e-02
-5.030132563752926639e-02
-3.145670450516891564e-02
-1.261208337280855275e-02
6.232537759551808401e-03
2.507715889191215741e-02
4.392178002427252897e-02
6.276640115663288666e-02
8.161102228899322353e-02
1.004556434213536020e-01
1.193002645537139528e-01
1.381448856860743035e-01
1.569895068184346543e-01
1.758341279507950605e-01
1.946787490831553835e-01
2.135233702155157343e-01
2.323679913478760850e-01
2.512126124802364635e-01
2.700572336125968698e-01
2.889018547449571650e-01
3.077464758773175157e-01
3.265910970096778665e-01
3.454357181420382172e-01
3.642803392743985680e-01
3.831249604067589742e-01
4.019695815391192695e-01
4.208142026714796757e-01
4.396588238038400820e-01
4.585034449362003772e-01
4.773480660685607835e-01
4.961926872009210787e-01
5.150373083332814295e-01
5.338819294656418357e-01
5.527265505980021310e-01
5.715711717303625372e-01
5.904157928627228324e-01
6.092604139950832387e-01
6.281050351274436450e-01
6.469496562598039402e-01
6.657942773921643465e-01
6.846388985245246417e-01
7.034835196568850479e-01
7.223281407892454542e-01
7.411727619216057494e-01
7.600173830539661557e-01
7.788620041863264509e-01
7.977066253186868572e-01
8.165512464510471524e-01
8.353958675834075587e-01
8.542404887157679649e-01
8.730851098481283712e-01
8.919297309804885554e-01
9.107743521128489617e-01
9.296189732452093679e-01
9.484635943775698852e-01
9.673082155099300694e-01
9.861528366422902536e-01
1.004997457774650771e+00
1.023842078907011066e+00
1.042686700039371583e+00
1.061531321171731879e+00
1.080375942304091952e+00
1.099220563436452691e+00
1.118065184568812764e+00
1.136909805701173504e+00
1.155754426833533577e+00
1.174599047965893872e+00
1.193443669098254389e+00
1.212288290230614685e+00
1.231132911362975202e+00
1.249977532495335497e+00
1.268822153627695570e+00
1.287666774760056310e+00
1.306511395892416383e+00
1.325356017024777122e+00
1.344200638157137195e+00
1.363045259289497491e+00
1.381889880421858008e+00
1.400734501554218303e+00
1.419579122686578820e+00
1.438423743818939116e+00
1.457268364951299189e+00
1.476112986083659928e+00
1.494957607216020001e+00
1.513802228348380519e+00
1.532646849480740814e+00
1.551491470613101109e+00
1.570336091745461626e+00
1.589180712877821700e+00
1.608025334010182439e+00
1.626869955142542512e+00
1.645714576274902807e+00
1.664559197407263325e+00
1.683403818539623620e+00
1.702248439671984137e+00
1.721093060804344432e+00
1.739937681936704506e+00
1.758782303069065245e+00
1.777626924201425318e+00
1.796471545333786057e+00
1.815316166466146131e+00
1.834160787598506870e+00
1.853005408730866943e+00
1.871850029863227238e+00
1.890694650995587756e+00
1.909539272127948051e+00
1.928383893260308568e+00
1.947228514392668863e+00
1.966073135525028936e+00
1.984917756657389676e+00
2.003762377789749749e+00
2.022606998922110488e+00
2.041451620054470784e+00
2.060296241186830635e+00
2.079140862319191374e+00
2.097985483451551669e+00
2.116830104583911965e+00
2.135674725716272260e+00
2.154519346848632555e+00
2.173363967980993294e+00
2.192208589113353590e+00
2.211053210245713885e+00
2.229897831378074180e+00
2.248742452510434475e+00
2.267587073642794770e+00
2.286431694775155066e+00
2.305276315907515805e+00
2.324120937039876100e+00
2.342965558172235951e+00
2.361810179304596691e+00
2.380654800436956986e+00
2.399499421569317725e+00
2.418344042701677576e+00
2.437188663834037872e+00
2.456033284966398611e+00
2.474877906098758906e+00
2.493722527231119201e+00
2.512567148363479497e+00
2.531411769495839792e+00
2.550256390628200531e+00
2.569101011760560382e+00
2.587945632892921122e+00
2.606790254025281417e+00
2.625634875157641712e+00
2.644479496290002007e+00
2.663324117422362303e+00
2.682168738554723042e+00
2.701013359687083337e+00
2.719857980819443188e+00
2.738702601951803928e+00
2.757547223084164223e+00
2.776391844216524962e+00
2.795236465348884813e+00
2.814081086481245109e+00
2.832925707613605848e+00
2.851770328745966143e+00
2.870614949878326438e+00
2.889459571010686734e+00
2.908304192143047029e+00
2.927148813275407324e+00
2.945993434407767619e+00
2.964838055540128359e+00
2.983682676672488654e+00
3.002527297804848505e+00
3.021371918937209244e+00
3.040216540069569540e+00
3.059061161201930279e+00
3.077905782334290130e+00
3.096750403466650425e+00
3.115595024599011165e+00
3.134439645731371460e+00
3.153284266863731755e+00
3.172128887996092050e+00
3.190973509128452346e+00
3.209818130260813085e+00
3.228662751393172936e+00
3.247507372525533675e+00
3.266351993657893971e+00
3.285196614790254266e+00
3.304041235922614561e+00
3.322885857054974856e+00
3.341730478187335596e+00
3.360575099319695891e+00
3.379419720452055742e+00
3.398264341584416481e+00
3.417108962716776777e+00
3.435953583849137516e+00
3.454798204981497367e+00
3.473642826113857662e+00
3.492487447246218402e+00
3.511332068378578697e+00
3.530176689510938548e+00
3.549021310643299287e+00
3.567865931775659583e+00
3.586710552908019878e+00
3.605555174040380173e+00
3.624399795172740468e+00
3.643244416305101208e+00
3.662089037437461059e+00
