-2.298662910616975641e-01
-2.122685696886112139e-01
-1.946708483155248914e-01
-1.770731269424385690e-01
-1.594754055693522465e-01
-1.418776841962658963e-01
-1.242799628231795600e-01
-1.066822414500932376e-01
-8.908452007700688735e-02
-7.148679870392055102e-02
-5.388907733083422857e-02
-3.629135595774788531e-02
-1.869363458466154204e-02
-1.095913211575223712e-03
1.650180816151109245e-02
3.409952953459743918e-02
5.169725090768378245e-02
6.929497228077012572e-02
8.689269365385647592e-02
1.044904150269427567e-01
1.220881364000291069e-01
1.396858577731154571e-01
1.572835791462018074e-01
1.748813005192881298e-01
1.924790218923744800e-01
2.100767432654607747e-01
2.276744646385471249e-01
2.452721860116334751e-01
2.628699073847197698e-01
2.804676287578061755e-01
2.980653501308924147e-01
3.156630715039788204e-01
3.332607928770651151e-01
3.508585142501514098e-01
3.684562356232378155e-01
3.860539569963241102e-01
4.036516783694105159e-01
4.212493997424968106e-01
4.388471211155831053e-01
4.564448424886695110e-01
4.740425638617557502e-01
4.916402852348421559e-01
5.092380066079285061e-01
5.268357279810147453e-01
5.444334493541012066e-01
5.620311707271874457e-01
5.796288921002737959e-01
5.972266134733601461e-01
6.148243348464464963e-01
6.324220562195328466e-01
6.500197775926190857e-01
6.676174989657055470e-01
6.852152203387917861e-01
7.028129417118782474e-01
7.204106630849644866e-01
7.380083844580508368e-01
7.556061058311370759e-01
7.732038272042234262e-01
7.908015485773098874e-01
8.083992699503960155e-01
8.259969913234824768e-01
8.435947126965688270e-01
8.611924340696552882e-01
8.787901554427414164e-01
8.963878768158278776e-01
9.139855981889142278e-01
9.315833195620003560e-01
9.491810409350868172e-01
9.667787623081731674e-01
9.843764836812596286e-01
1.001974205054345868e+00
1.019571926427432107e+00
1.037169647800518568e+00
1.054767369173604807e+00
1.072365090546691269e+00
1.089962811919777508e+00
1.107560533292863747e+00
1.125158254665950208e+00
1.142755976039036447e+00
1.160353697412122909e+00
1.177951418785209148e+00
1.195549140158295609e+00
1.213146861531381848e+00
1.230744582904468087e+00
1.248342304277554549e+00
1.265940025650640788e+00
1.283537747023727027e+00
1.301135468396813488e+00
1.318733189769899949e+00
1.336330911142986189e+00
1.353928632516072428e+00
1.371526353889158889e+00
1.389124075262245350e+00
1.406721796635331367e+00
1.424319518008417829e+00
1.441917239381504290e+00
1.459514960754590529e+00
1.477112682127676768e+00
1.494710403500763229e+00
1.512308124873849691e+00
1.529905846246935708e+00
1.547503567620022169e+00
1.565101288993108630e+00
1.582699010366194869e+00
1.600296731739281109e+00
1.617894453112367570e+00
1.635492174485454031e+00
1.653089895858540048e+00
1.670687617231626509e+00
1.688285338604712971e+00
1.705883059977799432e+00
1.723480781350885671e+00
1.741078502723971688e+00
1.758676224097058149e+00
1.776273945470144611e+00
1.793871666843230850e+00
1.811469388216317311e+00
1.829067109589403772e+00
1.846664830962489567e+00
1.864262552335576029e+00
1.881860273708662490e+00
1.899457995081748729e+00
1.917055716454834968e+00
1.934653437827921429e+00
1.952251159201007891e+00
1.969848880574094130e+00
1.987446601947180591e+00
2.005044323320266830e+00
2.022642044693353292e+00
2.040239766066439753e+00
2.057837487439526214e+00
2.075435208812612675e+00
2.093032930185698248e+00
2.110630651558784709e+00
2.128228372931871171e+00
2.145826094304957188e+00
2.163423815678043649e+00
2.181021537051130110e+00
2.198619258424216572e+00
2.216216979797303033e+00
2.233814701170389494e+00
2.251412422543475955e+00
2.269010143916561972e+00
2.286607865289648434e+00
2.304205586662734895e+00
2.321803308035820468e+00
2.339401029408906929e+00
2.356998750781993390e+00
2.374596472155079852e+00
2.392194193528165869e+00
2.409791914901252330e+00
2.427389636274338791e+00
2.444987357647425252e+00
2.462585079020511714e+00
2.480182800393598175e+00
2.497780521766684636e+00
2.515378243139770653e+00
2.532975964512857114e+00
2.550573685885943576e+00
2.568171407259029149e+00
2.585769128632115610e+00
2.603366850005202071e+00
2.620964571378288532e+00
2.638562292751374994e+00
2.656160014124461011e+00
2.673757735497547472e+00
2.691355456870633933e+00
2.708953178243720394e+00
2.726550899616806856e+00
2.744148620989893317e+00
2.761746342362979778e+00
2.779344063736065795e+00
2.796941785109151368e+00
2.814539506482237829e+00
2.832137227855324291e+00
2.849734949228410752e+00
2.867332670601497213e+00
2.884930391974583674e+00
2.902528113347669692e+00
2.920125834720756153e+00
2.937723556093842614e+00
2.955321277466929075e+00
2.972918998840015536e+00
2.990516720213101998e+00
3.008114441586188459e+00
3.025712162959274476e+00
3.043309884332360049e+00
3.060907605705446510e+00
3.078505327078532972e+00
3.096103048451619433e+00
3.113700769824705894e+00
3.131298491197792355e+00
3.148896212570878816e+00
3.166493933943964834e+00
3.184091655317051295e+00
3.201689376690137756e+00
3.219287098063224217e+00
3.236884819436310678e+00
3.254482540809397140e+00
3.272080262182482713e+00
