0.000000000000000000e+00
4.231522787058956958e-02
8.463045574117913916e-02
1.269456836117687226e-01
1.692609114823582783e-01
2.115761393529478340e-01
2.538913672235374452e-01
2.962065950941270009e-01
3.385218229647165566e-01
3.808370508353061124e-01
4.231522787058956681e-01
4.644893914515504374e-01
5.058265041972052067e-01
5.471636169428599761e-01
5.885007296885146344e-01
6.298378424341694037e-01
6.711749551798241731e-01
7.125120679254788314e-01
7.538491806711336007e-01
7.951862934167883701e-01
8.365234061624431394e-01
8.778605189080979088e-01
9.191976316537526781e-01
9.191976316537526781e-01
9.590404503991631913e-01
9.988832691445737044e-01
1.038726087889984218e+00
1.078568906635394731e+00
1.118411725380805244e+00
1.158254544126215757e+00
1.198097362871626270e+00
1.237940181617037005e+00
1.277783000362447297e+00
1.317625819107858032e+00
1.357468637853268545e+00
1.397311456598679058e+00
1.437154275344089571e+00
1.476997094089500084e+00
1.516839912834910598e+00
1.556682731580321111e+00
1.598789028541856894e+00
1.640895325503392899e+00
1.683001622464928682e+00
1.725107919426464687e+00
1.767214216388000469e+00
1.809320513349536474e+00
1.851426810311072257e+00
1.893533107272608262e+00
1.935639404234144045e+00
1.977745701195680050e+00
2.019851998157216055e+00
2.061958295118751838e+00
2.061958295118751838e+00
2.101049702545955356e+00
2.140141109973158873e+00
2.179232517400362390e+00
2.218323924827565463e+00
2.257415332254768980e+00
2.296506739681972498e+00
2.335598147109176015e+00
2.374689554536379532e+00
2.413780961963583049e+00
2.452872369390786567e+00
2.491963776817989640e+00
2.531055184245193157e+00
2.570146591672396674e+00
2.609237999099600191e+00
2.647490444814572186e+00
2.685742890529544180e+00
2.723995336244515730e+00
2.762247781959487725e+00
2.800500227674459719e+00
2.838752673389431713e+00
2.877005119104403263e+00
2.915257564819375258e+00
2.953510010534347252e+00
2.991762456249319246e+00
3.030014901964291241e+00
3.068267347679262791e+00
3.106519793394234785e+00
3.144772239109206780e+00
3.183024684824178774e+00
3.221277130539150768e+00
3.221277130539150768e+00
3.260809158059508217e+00
3.300341185579865666e+00
3.339873213100223115e+00
3.379405240620580564e+00
3.418937268140938013e+00
3.458469295661295462e+00
3.498001323181652911e+00
3.537533350702010360e+00
3.577065378222367809e+00
3.616597405742725257e+00
3.656129433263082706e+00
3.695661460783440155e+00
3.735193488303797604e+00
3.774725515824155053e+00
3.814257543344512502e+00
3.853789570864869951e+00
