-3.239758416721046252e+00
-3.126177309101762170e+00
-3.012596201482478531e+00
-2.899015093863194004e+00
-2.785433986243909921e+00
-2.671852878624626282e+00
-2.558271771005342199e+00
-2.444690663386058116e+00
-2.331109555766774477e+00
-2.217528448147490394e+00
-2.103947340528206311e+00
-1.990366232908922450e+00
-1.876785125289638145e+00
-1.763204017670354284e+00
-1.649622910051070201e+00
-1.536041802431786119e+00
-1.422460694812502258e+00
-1.308879587193218175e+00
-1.195298479573934092e+00
-1.081717371954650231e+00
-9.681362643353662589e-01
-8.545551567160823980e-01
-7.409740490967984261e-01
-6.273929414775141211e-01
-5.138118338582301492e-01
-4.002307262389462328e-01
-2.866496186196623164e-01
-1.730685110003783722e-01
-5.948740338109442805e-02
5.409370423818992552e-02
1.676748118574738489e-01
2.812559194767577653e-01
3.948370270960417372e-01
5.084181347153255981e-01
6.219992423346100141e-01
7.355803499538938750e-01
8.491614575731778469e-01
9.627425651924618188e-01
1.076323672811745791e+00
1.189904780431029652e+00
1.303485888050313513e+00
1.417066995669597596e+00
1.530648103288881456e+00
1.644229210908165317e+00
1.757810318527449400e+00
1.871391426146734149e+00
1.984972533766018010e+00
2.098553641385302093e+00
2.212134749004585732e+00
2.325715856623869815e+00
2.439296964243153898e+00
2.552878071862437537e+00
2.666459179481721620e+00
2.780040287101005703e+00
2.893621394720289342e+00
3.007202502339573424e+00
3.120783609958857507e+00
3.234364717578141146e+00
3.347945825197426117e+00
3.461526932816709756e+00
3.575108040435993839e+00
3.688689148055277922e+00
3.802270255674562005e+00
3.915851363293845200e+00
4.029432470913129727e+00
4.143013578532412922e+00
4.256594686151697893e+00
4.370175793770981088e+00
4.483756901390266059e+00
4.597338009009549253e+00
4.710919116628833336e+00
4.824500224248116531e+00
4.938081331867401502e+00
5.051662439486684697e+00
5.165243547105969668e+00
5.278824654725252863e+00
5.392405762344536946e+00
5.505986869963821917e+00
5.619567977583105112e+00
5.733149085202390083e+00
5.846730192821673278e+00
5.960311300440957361e+00
6.073892408060240555e+00
6.187473515679525526e+00
6.301054623298808721e+00
6.414635730918093692e+00
6.528216838537376887e+00
6.641797946156660970e+00
6.755379053775944165e+00
6.868960161395229136e+00
6.982541269014514107e+00
7.096122376633797302e+00
7.209703484253081385e+00
7.323284591872364580e+00
7.436865699491649551e+00
7.550446807110932745e+00
7.664027914730217717e+00
7.777609022349500911e+00
7.891190129968784994e+00
8.004771237588068189e+00
8.118352345207354048e+00
8.231933452826636355e+00
8.345514560445920438e+00
8.459095668065206297e+00
8.572676775684488604e+00
8.686257883303774463e+00
8.799838990923056770e+00
8.913420098542340853e+00
9.027001206161624935e+00
9.140582313780909018e+00
9.254163421400193101e+00
9.367744529019477184e+00
9.481325636638761267e+00
9.594906744258045350e+00
9.708487851877327657e+00
9.822068959496613516e+00
9.935650067115897599e+00
1.004923117473518168e+01
1.016281228235446576e+01
1.027639338997374807e+01
1.038997449759303393e+01
1.050355560521231624e+01
1.061713671283160210e+01
1.073071782045088440e+01
1.084429892807016849e+01
1.095788003568945257e+01
1.107146114330873665e+01
1.118504225092802074e+01
1.129862335854730482e+01
1.141220446616658890e+01
1.152578557378587298e+01
1.163936668140515707e+01
1.175294778902444115e+01
1.186652889664372523e+01
1.198011000426300932e+01
1.209369111188229340e+01
1.220727221950157748e+01
1.232085332712085979e+01
1.243443443474014387e+01
1.254801554235942973e+01
1.266159664997871381e+01
1.277517775759799790e+01
1.288875886521728020e+01
1.300233997283656429e+01
1.311592108045585015e+01
1.322950218807513423e+01
1.334308329569441653e+01
1.345666440331370062e+01
1.357024551093298470e+01
1.368382661855227056e+01
1.379740772617155109e+01
1.391098883379083695e+01
1.402456994141012103e+01
1.413815104902940512e+01
1.425173215664869097e+01
1.436531326426797150e+01
1.447889437188725736e+01
1.459247547950654145e+01
1.470605658712582553e+01
1.481963769474510784e+01
1.493321880236439192e+01
1.504679990998367778e+01
1.516038101760296186e+01
1.527396212522224417e+01
1.538754323284152825e+01
1.550112434046081233e+01
1.561470544808009819e+01
1.572828655569938228e+01
1.584186766331866458e+01
1.595544877093794867e+01
1.606902987855723453e+01
1.618261098617651683e+01
1.629619209379579914e+01
1.640977320141508500e+01
1.652335430903437086e+01
1.663693541665365316e+01
1.675051652427293547e+01
1.686409763189222133e+01
1.697767873951150364e+01
1.709125984713078950e+01
1.720484095475007535e+01
1.731842206236935411e+01
1.743200316998863997e+01
1.754558427760792583e+01
1.765916538522721169e+01
1.777274649284649044e+01
1.788632760046577630e+01
1.799990870808506216e+01
1.811348981570434447e+01
1.822707092332362677e+01
1.834065203094291263e+01
1.845423313856219849e+01
1.856781424618148080e+01
1.868139535380076666e+01
1.879497646142004896e+01
1.890855756903933127e+01
1.902213867665861713e+01
1.913571978427790299e+01
1.924930089189718529e+01
1.936288199951646760e+01
