-3.463647004195409356e-04 -5.862601293818863013e-08 1.437300077368192994e-07 3.249395337189036947e+00 3.911450935791710215e+00 4.046519045616083332e+00 5.127007208512473824e+00 6.920475003400334835e+00 8.328681067380294678e+00 9.642873458358986127e+00 1.301726770736104832e+01 1.305832381075959958e+01 1.350267426499920376e+01 1.379169479942947518e+01 1.767973156522825917e+01 1.840838211724126339e+01 1.934550445591035128e+01 1.983520231153157098e+01
3.575201642167400440e-01 5.073642070133248527e-01 9.335035271546392455e-01 2.712451125375956895e+00 3.908829244810870573e+00 4.170725890878421716e+00 5.738128135663710161e+00 6.930359519002577073e+00 8.343336998834329776e+00 9.647274149599843085e+00 1.272659861348910582e+01 1.312655986450671719e+01 1.375109090414832735e+01 1.404661091169302800e+01 1.768782866952502175e+01 1.829824096474586881e+01 1.936521692241482739e+01 1.985300377011848383e+01
7.174550246953506072e-01 9.097957595255766750e-01 1.811864773624838110e+00 2.438949464997653749e+00 3.897198946394022201e+00 4.515676595866672471e+00 6.418551578141656222e+00 7.138980923364776743e+00 8.386725708661410650e+00 9.676621150001766480e+00 1.244733958484506786e+01 1.332677570589440741e+01 1.372559154972116957e+01 1.489978670412532935e+01 1.766025068791607566e+01 1.813439171054358212e+01 1.934336298722101688e+01 1.992455016195714279e+01
1.157059217141670482e+00 1.454634039994332717e+00 2.593553604731000828e+00 2.945369345876485134e+00 3.918406450419885001e+00 4.997191749756270340e+00 6.492120468034555891e+00 7.744573939796211448e+00 8.456407761750678986e+00 9.768033067537984948e+00 1.223934024855382141e+01 1.364503741348362986e+01 1.371268830950702622e+01 1.571643625859596582e+01 1.740380522084604920e+01 1.834883367293318557e+01 1.922158851412001113e+01 2.004865257761688468e+01
1.619353648113133648e+00 1.911018557319335454e+00 3.310730994395580051e+00 3.495675033678822263e+00 4.198101878438265544e+00 5.470070454843561691e+00 6.464317061763165562e+00 8.293298433077776366e+00 8.546032460874037895e+00 9.956678366453154183e+00 1.200210893093987075e+01 1.373520352990388638e+01 1.406235283194107311e+01 1.618993967036211501e+01 1.706403857297681270e+01 1.889009048933096935e+01 1.913580855347143839e+01 2.022215560110526411e+01
2.049254478325744699e+00 2.237290134927244711e+00 3.453061991067766456e+00 4.039476554416247644e+00 4.843714320321701017e+00 5.696893858161257818e+00 6.694561099760070633e+00 8.637902226893265478e+00 8.707682818419137050e+00 1.026111624238528819e+01 1.167638128202603198e+01 1.373141344962936827e+01 1.454923119637366469e+01 1.630445275622184909e+01 1.683928591864716395e+01 1.868244123104012289e+01 1.981396488486314311e+01 2.057437370474315941e+01
2.459295526286999767e+00 2.487608725443557489e+00 3.392543324356267487e+00 4.337313805161824298e+00 5.440643285952338815e+00 5.751945193478946727e+00 7.199838961207642107e+00 8.718623184283755378e+00 9.009635807828169973e+00 1.067615033091104770e+01 1.126456266708319198e+01 1.358312920403432500e+01 1.507660904378426991e+01 1.625875131133060592e+01 1.678060479950777406e+01 1.833249357072283914e+01 2.019240193220500501e+01 2.129068656546039051e+01
2.692710981795670477e+00 2.855430469201094557e+00 3.293262644508257342e+00 4.284223104324791365e+00 5.796669832500518815e+00 5.949314232563147620e+00 7.752005677144595097e+00 8.753149309732036087e+00 9.256638613894761392e+00 1.079795708450547309e+01 1.117169924197503406e+01 1.324971389601948779e+01 1.560483053932466291e+01 1.622711653808497445e+01 1.680189574837952193e+01 1.792656314288026564e+01 2.038813762933172313e+01 2.199997998738110283e+01
2.867705716840066810e+00 3.145821289416585564e+00 3.267697391168515431e+00 4.022740444229266465e+00 5.946968386171541887e+00 6.191697983918768244e+00 8.227766923015966682e+00 8.710766305302167112e+00 9.518033397433725895e+00 1.031948733514516903e+01 1.170885498167251093e+01 1.278618927417744366e+01 1.601837358008021184e+01 1.628497959058161371e+01 1.686626080394080418e+01 1.749011922528764629e+01 2.051456878187498489e+01 2.246932226785909847e+01
3.000431794243124006e+00 3.045822081432994821e+00 3.537730150529962980e+00 3.766297160213576856e+00 6.000209847681581721e+00 6.278728379177409558e+00 8.539988089244548775e+00 8.560454335560754302e+00 9.811647072704655415e+00 9.934082111543933280e+00 1.222668833960340606e+01 1.228840051059757954e+01 1.610558058283379168e+01 1.643363386586080921e+01 1.701024141119019006e+01 1.714820021405348527e+01 2.056066583052679775e+01 2.263139630913483558e+01
2.921510424066326994e+00 3.149213535933972796e+00 3.549386336352587712e+00 3.760534935115222410e+00 6.004120494514582518e+00 6.270685276899853555e+00 8.505660184480564823e+00 8.580641138357325559e+00 9.694646726952928617e+00 9.846258467609329657e+00 1.208900313141061922e+01 1.224574730396836486e+01 1.609859351153932394e+01 1.647817791566439283e+01 1.696303496255213261e+01 1.718728819415120057e+01 2.059144777889396494e+01 2.253530208113931010e+01
2.891996267916711716e+00 3.196921595404146110e+00 3.567937197295851792e+00 3.778408353062075342e+00 6.013228983749674406e+00 6.248811129726289160e+00 8.399860495032443808e+00 8.602982319819348689e+00 9.386542824256025597e+00 9.580194583180848156e+00 1.172689870872834916e+01 1.210930727338255153e+01 1.611058741508486847e+01 1.655207410627401643e+01 1.689354664861667388e+01 1.724684468784414548e+01 2.065720962960741502e+01 2.228482953559391788e+01
2.896829626888136389e+00 3.115161632300878836e+00 3.523967483152108393e+00 3.866588774200502066e+00 6.015826613449704929e+00 6.218592314504024721e+00 8.141079377836350162e+00 8.587082198876773376e+00 8.966723838474203845e+00 9.169774323541169281e+00 1.131393037078403374e+01 1.185334741304766837e+01 1.615675274772811676e+01 1.656279431821072023e+01 1.686012429384598832e+01 1.728806527528028880e+01 2.071781755456350638e+01 2.197524483842467902e+01
2.757179636822523872e+00 2.945503177134489725e+00 3.424907891587247288e+00 3.958270431492010299e+00 5.984538970080974352e+00 6.176473757585918101e+00 7.695561640850506535e+00 8.426927009883376840e+00 8.533108195862190826e+00 8.712605770905673452e+00 1.103773432170400781e+01 1.149853101415213885e+01 1.620122984024460067e+01 1.649238728199769710e+01 1.686590794190312792e+01 1.727969746189781475e+01 2.077547261003035572e+01 2.170156121134855454e+01
2.192806070220957970e+00 2.598227963325704604e+00 3.383064439543880031e+00 3.998144906317618652e+00 5.882270613598019615e+00 6.081853267930121376e+00 7.268030913371477553e+00 8.000847069200059281e+00 8.124056950310619030e+00 8.361235873987563849e+00 1.092855155742939388e+01 1.116694789534258092e+01 1.620320966363728488e+01 1.637831175865687783e+01 1.689280039858568117e+01 1.721964820348679837e+01 2.085119802111556808e+01 2.150826940192272474e+01
4.008427240596628693e-01 1.957159969590069659e+00 3.419494644599528232e+00 3.954383890422599190e+00 5.665459128793807864e+00 5.939292822912795700e+00 7.060184047082100456e+00 7.579863684508014288e+00 7.791642081867768965e+00 8.009036451166236859e+00 1.090234036895891023e+01 1.098650066389333269e+01 1.614743356055257806e+01 1.626654991410776319e+01 1.692585857060257126e+01 1.715199574902595003e+01 2.091440550179834901e+01 2.141369150346281813e+01
-2.132647165357790975e+00 9.629876996085527940e-01 3.481482299046698703e+00 3.848188512584759025e+00 5.410758051406956426e+00 5.840289391211613612e+00 7.002217552239892839e+00 7.387180171499425185e+00 7.578234313954879120e+00 7.708670388329512235e+00 1.088845229967912864e+01 1.094532807593173906e+01 1.605648609977225760e+01 1.620804921641775209e+01 1.694171465693760936e+01 1.711651127256479654e+01 2.092487707200517733e+01 2.140952226068112907e+01
-2.577163483913039954e+00 -5.369695885244207822e-01 3.517632494339562932e+00 3.787003961544790798e+00 5.304274886230643915e+00 5.808031763764166300e+00 6.998385842924512268e+00 7.344905925965231397e+00 7.534510246131654654e+00 7.561012717151782248e+00 1.088582814111785346e+01 1.094220083012745803e+01 1.601415920199135101e+01 1.619100818471203240e+01 1.694261574100526957e+01 1.710973971885191247e+01 2.091842115316205408e+01 2.142236026811048433e+01
-2.164366708135183615e+00 7.320042851130975636e-01 3.533719594123011287e+00 3.834209133946568038e+00 5.299937041703359775e+00 5.779946254903941316e+00 7.006843105504784397e+00 7.317247691947409649e+00 7.630769729958172043e+00 7.766801591538308180e+00 1.085482680854012827e+01 1.091191196173383915e+01 1.605465353666990680e+01 1.623118406410825187e+01 1.694988442633628623e+01 1.711542336706047962e+01 2.094668273394184865e+01 2.140966594229056597e+01
-4.375634796713457897e-01 1.637299907351394301e+00 3.552389433480262593e+00 4.000886403225576871e+00 5.312175055541182189e+00 5.719556558710812588e+00 7.053510268817768214e+00 7.356628083312964250e+00 7.982253480504026832e+00 8.126322758404990410e+00 1.076601273692053695e+01 1.085693981301025879e+01 1.616330507992623922e+01 1.633278643975943822e+01 1.696889662734475479e+01 1.713820139693094546e+01 2.100894707743990963e+01 2.140588157132023639e+01
2.059901120132304086e+00 2.272605839417376483e+00 3.595829479430754372e+00 4.201519894513259246e+00 5.387460903777122390e+00 5.658709474946523876e+00 7.139555342363645529e+00 7.595987898636304969e+00 8.420052319332064883e+00 8.533039897963798026e+00 1.065153196630665278e+01 1.086336808893736006e+01 1.629831072948740811e+01 1.645471166782461125e+01 1.700086741737993279e+01 1.718121208931419375e+01 2.103882409546777765e+01 2.151129511457035548e+01
2.594882584034557738e+00 2.695710768832848103e+00 3.721409135196234619e+00 4.272489393482901576e+00 5.523561852440685094e+00 5.626394733341331111e+00 7.327409333282684401e+00 7.978055496094887289e+00 8.807886044849384533e+00 8.883641799987119114e+00 1.059888814557494641e+01 1.099603200681125337e+01 1.638374979041955370e+01 1.657798445928344577e+01 1.705691772682216367e+01 1.722175405254034786e+01 2.103518277120706159e+01 2.177066459453237002e+01
2.787897944866362998e+00 2.874792299553063923e+00 3.836545930329279042e+00 4.183346917722982283e+00 5.566490700628241584e+00 5.739387468742663145e+00 7.649698596049824495e+00 8.296437696064790757e+00 9.097049500970607383e+00 9.191369066441096081e+00 1.070629810920856961e+01 1.120734092536433835e+01 1.638428940737700401e+01 1.668183335175197968e+01 1.711171158197869602e+01 1.724632541487625303e+01 2.105183701344148517e+01 2.214629153096097269e+01
2.794399569402552963e+00 2.973894841961310487e+00 3.837125800417088062e+00 3.997197745437004013e+00 5.588941933241437177e+00 5.872735886313122045e+00 7.976516726483771969e+00 8.407119996720565425e+00 9.356585358939080166e+00 9.572051994601347147e+00 1.096587773952441580e+01 1.138589397126365554e+01 1.634416168631201316e+01 1.670516991427670206e+01 1.709194736501533995e+01 1.731194070810964902e+01 2.109094050440959123e+01 2.258361599189774438e+01
2.747436022375385090e+00 2.982745725694080363e+00 3.760914098885328016e+00 3.820090882375771546e+00 5.624661236128797981e+00 5.961204964212757140e+00 8.150138554521666023e+00 8.404502961163592190e+00 9.673625167823225013e+00 9.949937631484878864e+00 1.124707753042984848e+01 1.149975414868513646e+01 1.631055000498234619e+01 1.661883006582643318e+01 1.704884830231044646e+01 1.739401279431558933e+01 2.112917202257375493e+01 2.299703905507070090e+01
2.728617744935156963e+00 2.895030200952824817e+00 3.639806353009552353e+00 3.768701836199658040e+00 5.653981181850613602e+00 6.009304579100913202e+00 8.195251168522393215e+00 8.385352636447334973e+00 9.985569416135902543e+00 1.018017018836016518e+01 1.143328721474310150e+01 1.157936179438595659e+01 1.631485442770366845e+01 1.648309905660804731e+01 1.701830255340624376e+01 1.745281958583547421e+01 2.115254112691399513e+01 2.329139938447772096e+01
2.780502615097931951e+00 2.785316873691620732e+00 3.594733652303596205e+00 3.759630417573525563e+00 5.664895156393780162e+00 6.024347327603707392e+00 8.199764257279754887e+00 8.377657520409737657e+00 1.014060362009280958e+01 1.022467178908143559e+01 1.149355622835473945e+01 1.161465154270488576e+01 1.636549761007677972e+01 1.637898930856271562e+01 1.700574375363419577e+01 1.747377032965595589e+01 2.115985996931055979e+01 2.339766683665592950e+01
2.649919849913196401e+00 2.895277298971459246e+00 3.287381095796169550e+00 3.933399466418387114e+00 5.636744731923168494e+00 5.960149024537377827e+00 8.186743040090656010e+00 8.363128474560028280e+00 9.465885460608575386e+00 1.082710043430716418e+01 1.102895758907614976e+01 1.206468186444410584e+01 1.589891862080389728e+01 1.681541433247939210e+01 1.703251026619676978e+01 1.744152190787539070e+01 2.110726356735251130e+01 2.316334729485396338e+01
2.490066364490477024e+00 2.845136784265091645e+00 2.990384762609395786e+00 3.941384724027044761e+00 5.464263813642530110e+00 5.882839980999839291e+00 8.121764614254706416e+00 8.330053633460018148e+00 8.689852704253340221e+00 1.053569041589374677e+01 1.139215236662301756e+01 1.251797869127789120e+01 1.541069125778538407e+01 1.709613208990223754e+01 1.721710050178732843e+01 1.736442687253692085e+01 2.094833021547284702e+01 2.249986092835118967e+01
2.292316948769977714e+00 2.364054128218645356e+00 3.069959337668673793e+00 3.645070788936155104e+00 5.039790438638866554e+00 5.922133995278379359e+00 7.873706456232445028e+00 7.936199718581130824e+00 8.308339565985930264e+00 1.013080110383131682e+01 1.187756110153259748e+01 1.287840260629162081e+01 1.492737421155104549e+01 1.704075298058814880e+01 1.739601582449295947e+01 1.756904386290211306e+01 2.061966474356907142e+01 2.158783415605378408e+01
1.853874251227253245e+00 2.038313079601538735e+00 3.045860606364465983e+00 3.134727229645205782e+00 4.445851790642608492e+00 5.956938550303199520e+00 7.055626514121985160e+00 7.615722624278921771e+00 8.301660179273868678e+00 9.877290440246209613e+00 1.228087095307767029e+01 1.311344545083144730e+01 1.447364985182770347e+01 1.673513512054662655e+01 1.759750643301680739e+01 1.786493289697439124e+01 1.983836349926498954e+01 2.094138601637883923e+01
1.292257786638150607e+00 1.700278599992492756e+00 2.211291069882686422e+00 3.184964749388458305e+00 3.806345959311557614e+00 5.825922348341738832e+00 6.295395904072510262e+00 7.276052686688873727e+00 8.304243748874039710e+00 9.764301181526782614e+00 1.259943605846881631e+01 1.322367175774900083e+01 1.407767571711835330e+01 1.607842773297045724e+01 1.778842942452006071e+01 1.809994301657253502e+01 1.902038928414222241e+01 2.060613871363388938e+01
6.248109140018214269e-01 1.246668850501017500e+00 1.351829294134698101e+00 3.220782192299982860e+00 3.323224708574660458e+00 5.416611898507108336e+00 5.672779726363280872e+00 7.064153037579059990e+00 8.313306086132023154e+00 9.715839970911581247e+00 1.283021175562506500e+01 1.323543520064753665e+01 1.376823902483070761e+01 1.502471908639475373e+01 1.778111837333926104e+01 1.827042052957277463e+01 1.888363949122910057e+01 2.031677340123557229e+01
-1.034602187560816067e-01 6.586862654092207059e-01 6.664973844603314657e-01 3.242245288518907476e+00 3.338052595396596267e+00 4.772641440823688797e+00 5.266930787318825580e+00 6.959211853652993440e+00 8.323777991544600852e+00 9.670808089468806656e+00 1.297025438925989427e+01 1.315640334072188722e+01 1.357068478261018107e+01 1.409811086268423885e+01 1.770586534718175997e+01 1.837375931550596064e+01 1.914381092299679565e+01 2.002421271996807661e+01
-3.463647004195409356e-04 -5.862601293818863013e-08 1.437300077368192994e-07 3.249395337189036947e+00 3.911450935791710215e+00 4.046519045616083332e+00 5.127007208512473824e+00 6.920475003400334835e+00 8.328681067380294678e+00 9.642873458358986127e+00 1.301726770736104832e+01 1.305832381075959958e+01 1.350267426499920376e+01 1.379169479942947518e+01 1.767973156522825917e+01 1.840838211724126339e+01 1.934550445591035128e+01 1.983520231153157098e+01
-5.051194043847587883e-02 3.876105078353979105e-01 8.876403744797790596e-01 3.230027227942502854e+00 3.834882656818497715e+00 4.098526806316001192e+00 5.124987784150961012e+00 6.748765789362379586e+00 8.575512374652779712e+00 1.070094072749042269e+01 1.296629240199464839e+01 1.301401876709559247e+01 1.354535105439811282e+01 1.385517380788346564e+01 1.770528582780012172e+01 1.840906377438123087e+01 1.936348728802023800e+01 1.988152157955076760e+01
7.001466426763662820e-01 7.623258518357715063e-01 1.773612278534464126e+00 3.173272113264050009e+00 3.685341788183919665e+00 4.169483589876691099e+00 5.119519565066130262e+00 6.605023812204563249e+00 9.504446058782736628e+00 1.230943646760993282e+01 1.285497375316077751e+01 1.296867860034457465e+01 1.363419286283971488e+01 1.432866766280931969e+01 1.774872205325013397e+01 1.841077149837904159e+01 1.940228493743580884e+01 2.005936173192303684e+01
1.109513394617110071e+00 1.237322145628396486e+00 2.662772066274606164e+00 3.084093669610286526e+00 3.493590475576896726e+00 4.222075294422412917e+00 5.112166992779604513e+00 6.437627538362153956e+00 1.078752569396320560e+01 1.266602128335421185e+01 1.273513277452708081e+01 1.318203414169893861e+01 1.372379173770721650e+01 1.577150261555416577e+01 1.785636828219606898e+01 1.841273883952364088e+01 1.943059159941729774e+01 2.039971710305537300e+01
1.409193263827971165e+00 1.668422845489545114e+00 2.974610373487739601e+00 3.273788910670343721e+00 3.512034398359183740e+00 4.260795760150546840e+00 5.104951759758312058e+00 6.141836180665671385e+00 1.165892002338243394e+01 1.263442533331148532e+01 1.292570364136389216e+01 1.332186291319564653e+01 1.379479073566460201e+01 1.668126872624344159e+01 1.841428458346229391e+01 1.860794940027286870e+01 1.944475121613356094e+01 2.077642531789589242e+01
1.627933770715915607e+00 1.987452008174792617e+00 2.872400828297756004e+00 3.062746016632759805e+00 4.107497025484009967e+00 4.470702385436408299e+00 5.099758185845079339e+00 5.700484540905233821e+00 1.185311944427898645e+01 1.256833355160748944e+01 1.317334701391300733e+01 1.371324449457369887e+01 1.383947309988363905e+01 1.668746038104013607e+01 1.841514901846245422e+01 1.942979880144674709e+01 1.984204712511158064e+01 2.094074975587628984e+01
1.712430226393545585e+00 2.123849897557370081e+00 2.827155322271027948e+00 2.958761967189513786e+00 4.171687235666096782e+00 5.032408584027851184e+00 5.097876067396658328e+00 5.196695498723541640e+00 1.186964790146834758e+01 1.254537937962865968e+01 1.319941737786058944e+01 1.385466251830410478e+01 1.397309500061818532e+01 1.661610739865019681e+01 1.841540898380119984e+01 1.943750548678117340e+01 2.063177866490744350e+01 2.068928127767755853e+01
1.817260584212007535e+00 2.110685784670397691e+00 2.953988284392138119e+00 3.053889397030807196e+00 4.216316285643610939e+00 4.944977533259747204e+00 5.066533374954055091e+00 5.507640935576095131e+00 1.186641190007919633e+01 1.264886160398038584e+01 1.325887142436044108e+01 1.382268120764564934e+01 1.398652972516167381e+01 1.657032836741162285e+01 1.829888760569501116e+01 1.940207966105892723e+01 2.052460628676339383e+01 2.066680387350458759e+01
2.088212644907673887e+00 2.189586979727774718e+00 3.233261691009148731e+00 3.281097275530874935e+00 4.389352153190841044e+00 4.811837742931856177e+00 5.189073940957350750e+00 6.039932952531410493e+00 1.184381367340021285e+01 1.286165522020192853e+01 1.343654180545977184e+01 1.370120616435963434e+01 1.409174295655082076e+01 1.643148854310290474e+01 1.795516711304767554e+01 1.929501503161164777e+01 2.024108666758878883e+01 2.060749625690924702e+01
2.207599363135101633e+00 2.641586767219001874e+00 3.355000854726743587e+00 3.693746518836449333e+00 4.679986447300428232e+00 4.722925979568247001e+00 5.472458493954123426e+00 6.669588737037108750e+00 1.177482750132787537e+01 1.291228142560004422e+01 1.359803201802313488e+01 1.373575463478038117e+01 1.428988833677280113e+01 1.619908733469710427e+01 1.740546661117821614e+01 1.911414283370684686e+01 1.989591908777290641e+01 2.053207093023422658e+01
2.353743120584924853e+00 3.057608406189529671e+00 3.384521504107885104e+00 3.998323680975030658e+00 4.713060600547567702e+00 5.072531419159443722e+00 5.990100749253114643e+00 7.302693485523374939e+00 1.163901233039100269e+01 1.260923477727517295e+01 1.366450397250519266e+01 1.412199435152317051e+01 1.444047247796541811e+01 1.588716288281493583e+01 1.669710162506808970e+01 1.886384721500759909e+01 1.965879756838374348e+01 2.046036322862227763e+01
2.513422352450456643e+00 3.214051645371307941e+00 3.373157510842192952e+00 3.883760353649961417e+00 5.091165053924451733e+00 5.454693673791889630e+00 6.674016069766560477e+00 7.879428278767275806e+00 1.143424155436771983e+01 1.209802985780380169e+01 1.375876919229986228e+01 1.433324698545695774e+01 1.461754976108382209e+01 1.555067236931401631e+01 1.592292742988283472e+01 1.856043419204867106e+01 1.964816884653640017e+01 2.040450938769906131e+01
2.668273416084636640e+00 3.074156268127124836e+00 3.316803928765901244e+00 3.492638840099340225e+00 5.569557460127098736e+00 5.839247053270174348e+00 7.409370468553896139e+00 8.376533171515916365e+00 1.117431721066643391e+01 1.151676031272923595e+01 1.366792632476461833e+01 1.411738588539700245e+01 1.499854297539205028e+01 1.528347036107190426e+01 1.534709063278820018e+01 1.820475765820337699e+01 1.982597139994892999e+01 2.037515420671179811e+01
2.597482943860565552e+00 2.807827562734412918e+00 2.984705646233831278e+00 3.241095370886128091e+00 5.968560522129870982e+00 6.162576465248768898e+00 8.111636192280762714e+00 8.797106677575003530e+00 1.086318635655158360e+01 1.100471197229819076e+01 1.331007449915963647e+01 1.377661207246820041e+01 1.484977190270169167e+01 1.506161643757186042e+01 1.574857570067187496e+01 1.779350454170124962e+01 2.002484196027238639e+01 2.040240474820059546e+01
1.767852874094241189e+00 2.598782928367479261e+00 2.943715334700654385e+00 3.154519747697013710e+00 6.226962986412287293e+00 6.371998129315703530e+00 8.691722266958732845e+00 9.122962031901074909e+00 1.049192299551260454e+01 1.071155347210049946e+01 1.297361443684938287e+01 1.335741908418713564e+01 1.484722306252949231e+01 1.494704815578396939e+01 1.629089406431896592e+01 1.733106656532401857e+01 2.010843663694010175e+01 2.049865300088179865e+01
1.223524447781474622e+00 2.450029605715555281e+00 3.053238060967201406e+00 3.058490470197107847e+00 6.316658262165200100e+00 6.443248605471699975e+00 8.966993304162606648e+00 9.240896272084262009e+00 1.032542549691938127e+01 1.058809895165761183e+01 1.284540506877689481e+01 1.317427657315585776e+01 1.488075338223492849e+01 1.489854920665391269e+01 1.681456932731194698e+01 1.683719532268638730e+01 2.012187248040405407e+01 2.055173996262804081e+01
1.339708947791045990e+00 2.449175623498915044e+00 3.113273786042148217e+00 3.139743113393718144e+00 6.298943537879407195e+00 6.428860591608995811e+00 8.895214796018366954e+00 9.081439561314450515e+00 1.032733541449950643e+01 1.051287882518136030e+01 1.290302136517193965e+01 1.322420484008024744e+01 1.482455271782972694e+01 1.485560649112070841e+01 1.684416646630179670e+01 1.689710797165184886e+01 2.015182015716693087e+01 2.055029744962353533e+01
1.620494326242543970e+00 2.445003771065296316e+00 3.291112091552926611e+00 3.357066343944012043e+00 6.248836348632724302e+00 6.386216010559290446e+00 8.622530285385385795e+00 8.757343729399117649e+00 1.024089692785440953e+01 1.032047750662021812e+01 1.305804600725899256e+01 1.336514577437604956e+01 1.468354320429729398e+01 1.473697390572837129e+01 1.694751728468964913e+01 1.701872198182357820e+01 2.023926187056549253e+01 2.055281493932701764e+01
1.941829992372461344e+00 2.440837988484228394e+00 3.552726695456093875e+00 3.671513488205285558e+00 6.174583099483837323e+00 6.317292488958656804e+00 8.141341556851500627e+00 8.422339087252957768e+00 9.971090788900655255e+00 1.007385458577507187e+01 1.326312132359901597e+01 1.356670033478729565e+01 1.451286890506684912e+01 1.456359032844954449e+01 1.709109167532015405e+01 1.715138936155407734e+01 2.037536937373906554e+01 2.057637879405870507e+01
2.193324862547608500e+00 2.451415994832908396e+00 3.866524492129284063e+00 4.030317798685905117e+00 6.086393156103433455e+00 6.226373302443191093e+00 7.634030391944684801e+00 8.024175126844816930e+00 9.609204649841114332e+00 9.729243559288764942e+00 1.345879933661110606e+01 1.377265545597840202e+01 1.433804077275579125e+01 1.438635811562337885e+01 1.723383671713256149e+01 1.727422794987724686e+01 2.054252895251380906e+01 2.063885377535558874e+01
2.298205552848736843e+00 2.498688046946353047e+00 4.201210185168267053e+00 4.381922329171125341e+00 5.991116082063393300e+00 6.121629622158677009e+00 7.184172255027709397e+00 7.608624267865041091e+00 9.212113342502869173e+00 9.316412263149127071e+00 1.357451487949526125e+01 1.387068445283484230e+01 1.418800782257343762e+01 1.431244951837551049e+01 1.735322517719833613e+01 1.738331043435738366e+01 2.071082930335964889e+01 2.075191091177184077e+01
2.304826192383808703e+00 2.536281925620603062e+00 4.507807803296771887e+00 4.682455751255585774e+00 5.896950436799866857e+00 6.019050735867317314e+00 6.842930275383027450e+00 7.228001322240480420e+00 8.828203275164202779e+00 8.901353350589134905e+00 1.356188729732610909e+01 1.370177360532054500e+01 1.426841962043108936e+01 1.432729634873659563e+01 1.744969692181535592e+01 1.747113497053528164e+01 2.085105490488778557e+01 2.090649398396174519e+01
2.283858349636604057e+00 2.539821221761950465e+00 4.721756294652211139e+00 4.895344790046902261e+00 5.839288946871810992e+00 5.948363200771104253e+00 6.621602210930547905e+00 6.911024122002864978e+00 8.505494284031726693e+00 8.560300791040214463e+00 1.340074167521056658e+01 1.355375966931791609e+01 1.433260086030928449e+01 1.443903802300679473e+01 1.751472833299480314e+01 1.754269043182881305e+01 2.097056975983361227e+01 2.104598239072029386e+01
2.258910811304993160e+00 2.535698875832699706e+00 4.819320033910048373e+00 4.993643717219205413e+00 5.847572283113182223e+00 5.943867275824990415e+00 6.497672066823856341e+00 6.673830487172836889e+00 8.275756013812898715e+00 8.359687955003971993e+00 1.322373717709204399e+01 1.348342451919112683e+01 1.435796058618000792e+01 1.454106595119448997e+01 1.754698651339926485e+01 1.759484200783597885e+01 2.105155817882264557e+01 2.114183195903384416e+01
2.247583017411431960e+00 2.534605217093258922e+00 4.845211332669966176e+00 5.008744006261639292e+00 5.869222315529587064e+00 5.963569903594185817e+00 6.461631952235460830e+00 6.568730869554975094e+00 8.192252620211487368e+00 8.295734357472579035e+00 1.315602802777086922e+01 1.345792237267589186e+01 1.436629980468813095e+01 1.457788830058198748e+01 1.755679117741590289e+01 1.761361611597169841e+01 2.107986158265090637e+01 2.117623240653189853e+01
2.295677907032683596e+00 2.558606977511318714e+00 4.853263461042379490e+00 4.984089208589829845e+00 5.827734209022374046e+00 5.917532085660810459e+00 6.549781934796923721e+00 6.658607234952336640e+00 8.231435402238563626e+00 8.344371791255417392e+00 1.312178793573042945e+01 1.339877903946680249e+01 1.442511052693746265e+01 1.461980376961242989e+01 1.754214425027915425e+01 1.760366993500631239e+01 2.106519783879125640e+01 2.116180909913181196e+01
2.394778267536718186e+00 2.620092696615884176e+00 4.865983895187769193e+00 4.920500206068369131e+00 5.719164403793858042e+00 5.783373834979540717e+00 6.809981284187306194e+00 6.901913924655043608e+00 8.342003562890036861e+00 8.485203104820721265e+00 1.303409031913943750e+01 1.323204140792285521e+01 1.458154924267892483e+01 1.473554345992322112e+01 1.749857016506104657e+01 1.757286672619875745e+01 2.102614206859251667e+01 2.112140948777576455e+01
2.449356409917360811e+00 2.697965573271493334e+00 4.793279343778404034e+00 4.851355797671197401e+00 5.595177546514063849e+00 5.621571978277052573e+00 7.203488154469168236e+00 7.242596371913110787e+00 8.505657262841957333e+00 8.697937591937549229e+00 1.292743657258143308e+01 1.298586238428558737e+01 1.478833513156833845e+01 1.490507098080330195e+01 1.742613643616709140e+01 1.751918754929483057e+01 2.097423741266792518e+01 2.106539942279136568e+01
2.410256331042232691e+00 2.752868896297699042e+00 4.590057608640524478e+00 4.667887324799878890e+00 5.518049929055141689e+00 5.580280779134655589e+00 7.601888869017097150e+00 7.668502933545336298e+00 8.702303994576704227e+00 8.944374264084244075e+00 1.270712696221530358e+01 1.284339875600628744e+01 1.498365775952565571e+01 1.511646419575838252e+01 1.732338157677828505e+01 1.744045566868482666e+01 2.091873387679599361e+01 2.101551354880075451e+01
2.290338731673807526e+00 2.755120996925693788e+00 4.272697639935470804e+00 4.336115638883502044e+00 5.535758520583538456e+00 5.665205548259837798e+00 7.888210981844999026e+00 8.112258562364043968e+00 8.928389583603580704e+00 9.186099740829545723e+00 1.246174624940658582e+01 1.282364078364777882e+01 1.513814917653909120e+01 1.533976523558000693e+01 1.718845145663039986e+01 1.733345228111726399e+01 2.086322204500913102e+01 2.099896710770721597e+01
2.125332364126487850e+00 2.714113529712454564e+00 3.892427057157314074e+00 3.950238177651991478e+00 5.618728426621839134e+00 5.783193529709306446e+00 7.990116144755894823e+00 8.449792248852499910e+00 9.198377143378440479e+00 9.412887815660344160e+00 1.231425344657313836e+01 1.289371283665871459e+01 1.525929363507147052e+01 1.553900098921929640e+01 1.702331086271770388e+01 1.719267391827857594e+01 2.081813439679826061e+01 2.102398298376786201e+01
1.968269433418462944e+00 2.659058833380867792e+00 3.511647508992181255e+00 3.570100489982909853e+00 5.716857079655720320e+00 5.881826765809867297e+00 7.903120080582335838e+00 8.627451085818679033e+00 9.486095460760596509e+00 9.628081379046415478e+00 1.228902407926247164e+01 1.304158362659154413e+01 1.536185125724317757e+01 1.570547356071790190e+01 1.683866208608397841e+01 1.701364499646717832e+01 2.079292597040372215e+01 2.107866591737498396e+01
1.878692330776052799e+00 2.622930363461709380e+00 3.174826676704713524e+00 3.230505587773718101e+00 5.793235948244053191e+00 5.943076800113814784e+00 7.733448775586581725e+00 8.680102689342218625e+00 9.726104894224018693e+00 9.806036446767203429e+00 1.235130764709260554e+01 1.321824953400829550e+01 1.545863582989806240e+01 1.585003152134162185e+01 1.665736711746939136e+01 1.680230955726777609e+01 2.078609897306612453e+01 2.114184274494288118e+01
1.878105108040930338e+00 2.633550979537469416e+00 2.922525953395899823e+00 2.959770234971109915e+00 5.827469935118112510e+00 5.975297511361850944e+00 7.593806593943790872e+00 8.678955343177520376e+00 9.866018549267190352e+00 9.928309571588490812e+00 1.243097051426444999e+01 1.336094821000066624e+01 1.554115958063629677e+01 1.598681072468635556e+01 1.651618340297009624e+01 1.658909196761642235e+01 2.078851659674754515e+01 2.119093353763573973e+01
1.900751662470542058e+00 2.674940299521015419e+00 2.820936002517359764e+00 2.823478252083032380e+00 5.832762614420196279e+00 5.986710217097034992e+00 7.542852065415257989e+00 8.673134712114292100e+00 9.906432438151924202e+00 9.975343198280510748e+00 1.246548793834192637e+01 1.341595632797999293e+01 1.557583255281081769e+01 1.606901231205412373e+01 1.645840723088054602e+01 1.647603710997278270e+01 2.079063256956344929e+01 2.120930712080613745e+01
2.177564997317893880e+00 2.718905950561541385e+00 2.824141262830963672e+00 2.907104590060439531e+00 5.695797819306007703e+00 6.044317237683757504e+00 7.575012569101349236e+00 8.790200127510070516e+00 9.347842872031302264e+00 1.047932130070122270e+01 1.258621347457933481e+01 1.347803347465177382e+01 1.545617031071500946e+01 1.606934292540502796e+01 1.618608870275501843e+01 1.684419766778443517e+01 2.078025201513911924e+01 2.114332677950995887e+01
2.597368947975063236e+00 2.604092373906861546e+00 2.973276133693985024e+00 3.203742366275128095e+00 5.458792768929749961e+00 6.017970849314028037e+00 7.621967865472970338e+00 8.707394403471578670e+00 9.162573677354385993e+00 1.095877236475694616e+01 1.288792993469030179e+01 1.372866120173289062e+01 1.522884963009275694e+01 1.566167445538141578e+01 1.640694221358929639e+01 1.719167078202221433e+01 2.074230907393624790e+01 2.097330849986326484e+01
2.458449984441749336e+00 2.857680741175896433e+00 3.019571182274437771e+00 3.575781352921094669e+00 5.163666451729930884e+00 5.865030040874994022e+00 7.571087758926342559e+00 8.028611738326263847e+00 9.739023660782820002e+00 1.137935254242527350e+01 1.317030169084299551e+01 1.435054178845198436e+01 1.498493552801609141e+01 1.525779186427066314e+01 1.663536041357994222e+01 1.750341858260663486e+01 2.062368783751834656e+01 2.081632024680297377e+01
2.304906523879090674e+00 2.901877258768440715e+00 3.043320757364711415e+00 3.776759586695856097e+00 4.839665365409278053e+00 5.650721632494337676e+00 7.331340139369567410e+00 7.332657168418119653e+00 1.036472558690950940e+01 1.173879856285874013e+01 1.336071781111116685e+01 1.470504084882997908e+01 1.487415826634365068e+01 1.533401094353099126e+01 1.683863015643206751e+01 1.777454698427735380e+01 2.044044461153410808e+01 2.075544322516795503e+01
2.142907128907457714e+00 2.735021759070233038e+00 3.039949667609816775e+00 3.753687486986858612e+00 4.595317104509642370e+00 5.448215597840112778e+00 6.647693910113148696e+00 6.882320271586378269e+00 1.092721946741539085e+01 1.203439074399549469e+01 1.351167952302879804e+01 1.441088202124230833e+01 1.452917462291381945e+01 1.626135739631875765e+01 1.712461608744575159e+01 1.800129238777426011e+01 2.035016004867861028e+01 2.072610882041814406e+01
1.983709345172629979e+00 2.434903290940971132e+00 3.004161473311807384e+00 3.523282113647649982e+00 4.498402928966463321e+00 5.296163489817511838e+00 6.025545446539817718e+00 6.278566264183933043e+00 1.137436608016053263e+01 1.226311494001998526e+01 1.360954114837010387e+01 1.408919205875788982e+01 1.424159688869437623e+01 1.659278826255869532e+01 1.787132946488654284e+01 1.818071324031650349e+01 2.038838941982962893e+01 2.071129388052279197e+01
1.844652725406483507e+00 2.173444042852590297e+00 2.936991153149921985e+00 3.244436836654942091e+00 4.435108430910656097e+00 5.191647030912009519e+00 5.526033349221631141e+00 5.662787300639876342e+00 1.167763720730903820e+01 1.242304413572884059e+01 1.350631623084732347e+01 1.393394168081890072e+01 1.402774060165345738e+01 1.662580106621720333e+01 1.831053491371639197e+01 1.868374858924897453e+01 2.049638829621476432e+01 2.070317054522210753e+01
1.747574414354196026e+00 2.097523421606663163e+00 2.861814811646945511e+00 3.037536310580189358e+00 4.289360172618729372e+00 5.097926912034798086e+00 5.206523722517100161e+00 5.273852509137388900e+00 1.183055858478901889e+01 1.251554213072937216e+01 1.328624684038605963e+01 1.389783936697893729e+01 1.395584951064541634e+01 1.661984649172489270e+01 1.838910476310972086e+01 1.923961217558376546e+01 2.059486178141986557e+01 2.069427435044040564e+01
1.712430226393545585e+00 2.123849897557370081e+00 2.827155322271027948e+00 2.958761967189513786e+00 4.171687235666096782e+00 5.032408584027851184e+00 5.097876067396658328e+00 5.196695498723541640e+00 1.186964790146834758e+01 1.254537937962865968e+01 1.319941737786058944e+01 1.385466251830410478e+01 1.397309500061818532e+01 1.661610739865019681e+01 1.841540898380119984e+01 1.943750548678117340e+01 2.063177866490744350e+01 2.068928127767755853e+01
2.780502615097931951e+00 2.785316873691620732e+00 3.594733652303596205e+00 3.759630417573525563e+00 5.664895156393780162e+00 6.024347327603707392e+00 8.199764257279754887e+00 8.377657520409737657e+00 1.014060362009280958e+01 1.022467178908143559e+01 1.149355622835473945e+01 1.161465154270488576e+01 1.636549761007677972e+01 1.637898930856271562e+01 1.700574375363419577e+01 1.747377032965595589e+01 2.115985996931055979e+01 2.339766683665592950e+01
2.783250963309814807e+00 2.787737710443968009e+00 3.566983790638290408e+00 3.766037802355378883e+00 5.678013423053124953e+00 5.981207535734568204e+00 8.024273233624516166e+00 8.562400387934069101e+00 1.012481383011186153e+01 1.020789104178434137e+01 1.153303196643468809e+01 1.172530952437236529e+01 1.637131645687652792e+01 1.638628756172761314e+01 1.697583311282014051e+01 1.739548669798741187e+01 2.110537855083019920e+01 2.322980900279764072e+01
2.790755719424525161e+00 2.794423256809056788e+00 3.383155720901313224e+00 3.725290019571234179e+00 5.716757191714589403e+00 5.896335078455947176e+00 7.777993276120864330e+00 8.842234988466490364e+00 1.008175656276986665e+01 1.016211054963978810e+01 1.169484079914773389e+01 1.199305069120360479e+01 1.638778447345116618e+01 1.640535857864327340e+01 1.685982045197815538e+01 1.716182831483951787e+01 2.097382751309071836e+01 2.278605392692917420e+01
2.800963553227318492e+00 2.803763626790786834e+00 2.916098892893221439e+00 3.571470645520533171e+00 5.731449754339407399e+00 5.903767288777538091e+00 7.655568195749418159e+00 8.940288950028673298e+00 1.002312204210098123e+01 1.009971604260507938e+01 1.196290622580496432e+01 1.239274123108917181e+01 1.641098441072182013e+01 1.643001860218556232e+01 1.660627782692743182e+01 1.680249182810146280e+01 2.083938473958843218e+01 2.222032573532625577e+01
2.335639440833092273e+00 2.811039733086492909e+00 2.813430435298639676e+00 3.279991246572436125e+00 5.759173585639730142e+00 5.966572624747317199e+00 7.636677335512806586e+00 8.809844124334212268e+00 9.964685021721466640e+00 1.003746743340480840e+01 1.220420545432930481e+01 1.289429043582044265e+01 1.619345977497966871e+01 1.643191703185706842e+01 1.643458608616964511e+01 1.645350858825045748e+01 2.076582746906538546e+01 2.170466609860326912e+01
1.970233757936342034e+00 2.818298802836419537e+00 2.820751359689824156e+00 2.897226961417824764e+00 5.809271535274780796e+00 5.990167024769811555e+00 7.589597832040104741e+00 8.689634958609385507e+00 9.922023739525222652e+00 9.991978394018445897e+00 1.238639576355234695e+01 1.328253000748967061e+01 1.576344072000740226e+01 1.616561337829141110e+01 1.645200803869208883e+01 1.647008828626673704e+01 2.076703009545225243e+01 2.134717169843959539e+01
1.900751662470542058e+00 2.674940299521015419e+00 2.820936002517359764e+00 2.823478252083032380e+00 5.832762614420196279e+00 5.986710217097034992e+00 7.542852065415257989e+00 8.673134712114292100e+00 9.906432438151924202e+00 9.975343198280510748e+00 1.246548793834192637e+01 1.341595632797999293e+01 1.557583255281081769e+01 1.606901231205412373e+01 1.645840723088054602e+01 1.647603710997278270e+01 2.079063256956344929e+01 2.120930712080613745e+01
1.223524447781474622e+00 2.450029605715555281e+00 3.053238060967201406e+00 3.058490470197107847e+00 6.316658262165200100e+00 6.443248605471699975e+00 8.966993304162606648e+00 9.240896272084262009e+00 1.032542549691938127e+01 1.058809895165761183e+01 1.284540506877689481e+01 1.317427657315585776e+01 1.488075338223492849e+01 1.489854920665391269e+01 1.681456932731194698e+01 1.683719532268638730e+01 2.012187248040405407e+01 2.055173996262804081e+01
1.342706455484204087e+00 2.618773339675696921e+00 3.051378854644231975e+00 3.062520198169872643e+00 6.292264632769831501e+00 6.402496290785090416e+00 8.847877205637574960e+00 9.227135673899850232e+00 1.027714881301040073e+01 1.057319076340680120e+01 1.263985036502332271e+01 1.331120204781256078e+01 1.494543426301607880e+01 1.511996680667652981e+01 1.681937258510076560e+01 1.684318886537229432e+01 2.011993842155662904e+01 2.062796152257542204e+01
1.813359513801243939e+00 2.942606139390937958e+00 3.065160388576670947e+00 3.083589979324972585e+00 6.197277535944293980e+00 6.297683534062845645e+00 8.585667803428203015e+00 9.182594756029384797e+00 1.019139812936008127e+01 1.049861902911499989e+01 1.243166543580812267e+01 1.327736012166852575e+01 1.533984431187137609e+01 1.545859749551587470e+01 1.683785486414178223e+01 1.686332585592620248e+01 2.013464339679153881e+01 2.085462002829021699e+01
2.503665457636642611e+00 3.013988524336655317e+00 3.091903922228848689e+00 3.361150541290597094e+00 6.005684923747396375e+00 6.193748333798202665e+00 8.366050598293311324e+00 9.101830674871969507e+00 1.011506806097798261e+01 1.035219428654966656e+01 1.230303342226346075e+01 1.308002030046390551e+01 1.570255389322528572e+01 1.586964811646447870e+01 1.688097439256494425e+01 1.690085083610670580e+01 2.020051475842925015e+01 2.122237912037271457e+01
2.962484222468178441e+00 3.010738516643712170e+00 3.239601285133860920e+00 3.648725602835046988e+00 5.866943691034281372e+00 6.111231074008101061e+00 8.283639442687661614e+00 8.979906431314338633e+00 1.004916765625567265e+01 1.016334733600929496e+01 1.222029314210264950e+01 1.283400818418948930e+01 1.592133509953098880e+01 1.618654508465152730e+01 1.694480503890373058e+01 1.696118104113061520e+01 2.031782493821448554e+01 2.168928954802425579e+01
3.005109993095710585e+00 3.028275051300262977e+00 3.468357737313426892e+00 3.788704605495199829e+00 5.945754222988744786e+00 6.072259058055896830e+00 8.326110653135806672e+00 8.824693967285503149e+00 9.980335031619757657e+00 9.993814679330435879e+00 1.217644925568497527e+01 1.259547561067573440e+01 1.604035173168803396e+01 1.634720746953797743e+01 1.698473552628111705e+01 1.705191392844875153e+01 2.044276484337125765e+01 2.215815677276850693e+01
3.001498213203674936e+00 3.041943105405457981e+00 3.537666671572792687e+00 3.780366203837313144e+00 6.002749603291897884e+00 6.193293830604962302e+00 8.436475807040398678e+00 8.671071433121438687e+00 9.855638787222632757e+00 9.950395483496139448e+00 1.218216317316525021e+01 1.239966948027649529e+01 1.609204431836433358e+01 1.641501800627871788e+01 1.700479483756743448e+01 1.712244318013574329e+01 2.053029803903083206e+01 2.250435358536173069e+01
3.000431794243124006e+00 3.045822081432994821e+00 3.537730150529962980e+00 3.766297160213576856e+00 6.000209847681581721e+00 6.278728379177409558e+00 8.539988089244548775e+00 8.560454335560754302e+00 9.811647072704655415e+00 9.934082111543933280e+00 1.222668833960340606e+01 1.228840051059757954e+01 1.610558058283379168e+01 1.643363386586080921e+01 1.701024141119019006e+01 1.714820021405348527e+01 2.056066583052679775e+01 2.263139630913483558e+01
-2.577163483913039954e+00 -5.369695885244207822e-01 3.517632494339562932e+00 3.787003961544790798e+00 5.304274886230643915e+00 5.808031763764166300e+00 6.998385842924512268e+00 7.344905925965231397e+00 7.534510246131654654e+00 7.561012717151782248e+00 1.088582814111785346e+01 1.094220083012745803e+01 1.601415920199135101e+01 1.619100818471203240e+01 1.694261574100526957e+01 1.710973971885191247e+01 2.091842115316205408e+01 2.142236026811048433e+01
-2.327569873598547723e+00 4.222656140794021629e-01 3.627405935490989108e+00 3.863883229773704020e+00 5.326947570088872652e+00 5.839293768761278258e+00 6.952513676045866120e+00 7.277153278733711872e+00 7.579855295242353463e+00 7.688406074447134309e+00 1.095769576665201939e+01 1.107458328031066230e+01 1.596222383831700853e+01 1.612496411013582431e+01 1.697538405218238466e+01 1.712928492211422693e+01 2.093131587503525282e+01 2.140520398592133233e+01
-1.540296042738480642e+00 1.168350446534869969e+00 3.915712909115549589e+00 4.082382523843000932e+00 5.396215915929843732e+00 5.882048336474715811e+00 6.873692794102319148e+00 7.151638423968188718e+00 7.727414068442501005e+00 7.876139698689878621e+00 1.121796746066916484e+01 1.143324224306860160e+01 1.579786409024711880e+01 1.592608254287826774e+01 1.707420653852672743e+01 1.719452258993104721e+01 2.096442211596585281e+01 2.135973261845870041e+01
1.018185517300892018e+00 1.697342588271354424e+00 4.286986586527400611e+00 4.390609665595960109e+00 5.510611374716678945e+00 5.874276830515944958e+00 6.797003651663702684e+00 6.998537201285358833e+00 7.887587881724022587e+00 8.048025935838639455e+00 1.166924953029547751e+01 1.197173920968311123e+01 1.550878889766389257e+01 1.561026606988781573e+01 1.722351348240300695e+01 1.730851722585409291e+01 2.100571519581172453e+01 2.129954382271836977e+01
1.880801682339164227e+00 2.111446643354541575e+00 4.628639290983633359e+00 4.690361231008858489e+00 5.660844978135163963e+00 5.850085598299749279e+00 6.689100509853720844e+00 6.821327492015551108e+00 8.035619847817020656e+00 8.180114503995483233e+00 1.224662605246730784e+01 1.259605639665823595e+01 1.510209459030573065e+01 1.521693896278703306e+01 1.738746047255992266e+01 1.744606246736610800e+01 2.104396078279672722e+01 2.123916772011318699e+01
2.174386360561384013e+00 2.419652091484540524e+00 4.808024746239605740e+00 4.920025841908992170e+00 5.802792153157700028e+00 5.900956923682272759e+00 6.543011545734775503e+00 6.653425577097116239e+00 8.148830508699008490e+00 8.265548810211022612e+00 1.283335506789617497e+01 1.317333285271833709e+01 1.463728765647788777e+01 1.480937196950890211e+01 1.751228582246853449e+01 1.756445352677429739e+01 2.107054870767572297e+01 2.119339441132048307e+01
2.247583017411431960e+00 2.534605217093258922e+00 4.845211332669966176e+00 5.008744006261639292e+00 5.869222315529587064e+00 5.963569903594185817e+00 6.461631952235460830e+00 6.568730869554975094e+00 8.192252620211487368e+00 8.295734357472579035e+00 1.315602802777086922e+01 1.345792237267589186e+01 1.436629980468813095e+01 1.457788830058198748e+01 1.755679117741590289e+01 1.761361611597169841e+01 2.107986158265090637e+01 2.117623240653189853e+01
