0.000000000000000000e+00
3.067179202578579691e-02
6.134358405157159383e-02
9.201537607735739421e-02
1.226871681031431877e-01
1.533589601289289950e-01
1.840307521547147884e-01
2.147025441805005819e-01
2.453743362062863753e-01
2.760461282320721965e-01
3.067179202578579900e-01
3.373897122836437834e-01
3.680615043094295769e-01
3.987332963352153703e-01
4.294050883610011637e-01
4.600768803867869572e-01
4.907486724125727506e-01
5.214204644383585441e-01
5.550429587560470335e-01
5.886654530737354118e-01
6.222879473914239012e-01
6.559104417091123906e-01
6.895329360268007690e-01
7.231554303444892584e-01
7.567779246621777478e-01
7.567779246621777478e-01
7.880967315796117978e-01
8.194155384970458478e-01
8.507343454144797867e-01
8.820531523319138367e-01
9.133719592493478867e-01
9.446907661667819367e-01
9.760095730842159867e-01
1.007328380001649926e+00
1.038647186919084087e+00
1.069965993836518026e+00
1.101284800753952187e+00
1.132603607671386126e+00
1.163922414588820065e+00
1.195241221506254226e+00
1.226560028423688165e+00
1.257878835341122326e+00
1.289197642258556264e+00
1.320516449175990203e+00
1.352239111393768622e+00
1.383961773611547041e+00
1.415684435829325238e+00
1.447407098047103657e+00
1.479129760264882076e+00
1.510852422482660273e+00
1.542575084700438692e+00
1.574297746918217111e+00
1.606020409135995530e+00
1.606020409135995530e+00
1.636261273868156119e+00
1.666502138600316929e+00
1.696743003332477517e+00
1.726983868064638328e+00
1.757224732796798916e+00
1.787465597528959727e+00
1.817706462261120315e+00
1.847947326993280903e+00
1.878188191725441714e+00
1.908429056457602302e+00
1.938669921189763112e+00
1.968910785921923701e+00
1.999151650654084289e+00
2.029392515386245321e+00
2.059633380118405910e+00
2.089874244850566498e+00
2.120115109582727086e+00
2.150355974314887675e+00
2.180596839047048263e+00
2.212999355002887913e+00
2.245401870958727120e+00
2.277804386914566770e+00
2.310206902870405976e+00
2.342609418826245626e+00
2.375011934782084833e+00
2.407414450737924483e+00
2.407414450737924483e+00
2.435786752046252612e+00
2.464159053354580742e+00
2.492531354662908871e+00
2.520903655971236557e+00
2.549275957279564686e+00
2.577648258587892816e+00
2.606020559896220945e+00
2.634392861204549074e+00
2.662765162512877204e+00
2.691137463821204889e+00
2.719509765129533019e+00
2.747882066437861148e+00
2.776254367746189278e+00
2.804626669054517407e+00
2.832998970362845537e+00
2.861371271671173666e+00
2.889743572979501351e+00
2.918115874287829481e+00
2.946488175596157610e+00
