-2.393026904495991806e-04 -2.538997694102301526e-08 4.514871067047972049e-09 4.102454857442007219e-01 6.411148294408277604e-01 6.417399285552548571e-01 6.486073810079492352e-01 7.240455130494236613e-01 7.308379073575185236e-01 7.337815684095727597e-01 8.210718187845043037e-01 8.361649648340375718e-01 8.483379942913429339e-01 8.874809182681278052e-01 9.289996871399411882e-01 9.356313578835141476e-01 9.388352007953801870e-01 1.132655488453498061e+00 1.278368063286526635e+00 1.290083598742491233e+00 1.401965493870475310e+00 1.729989397813259222e+00 1.768943729769593354e+00 1.835246942550396332e+00 1.871165039473445368e+00 1.954200759058973391e+00 2.101555823481457974e+00 2.506614035444080013e+00 2.801493852010275454e+00 3.021412758659952846e+00
4.276333114606315627e-02 4.469568834799379775e-02 1.315931926317122913e-01 4.141105563522036737e-01 6.400995779502145488e-01 6.405877357183020759e-01 6.602378585532276967e-01 7.230464666923078765e-01 7.308316252557566228e-01 7.332103661161276653e-01 8.116941199369681614e-01 8.333016090315780167e-01 8.563050331242028079e-01 8.807392857898730387e-01 9.317490223156043028e-01 9.451974917499708084e-01 9.774377228071502444e-01 1.132688065872644811e+00 1.277994312341843131e+00 1.301997697977446355e+00 1.397509103118929730e+00 1.703794185979162767e+00 1.787762049722472879e+00 1.835295393401554565e+00 1.871155233209022883e+00 1.936685559053454631e+00 2.121537549029119063e+00 2.516834160643133256e+00 2.794854327940081706e+00 3.032898064581046604e+00
7.506984300305831470e-02 8.894953458126533818e-02 2.429337848303021186e-01 4.271202461375389614e-01 6.368133078108725309e-01 6.393252210762634391e-01 6.800705462021721104e-01 7.231849404127278502e-01 7.316777735097160784e-01 7.339149606246720969e-01 8.031345234418861834e-01 8.257246743613382289e-01 8.672535465297136481e-01 8.680965577719221837e-01 9.370154105685557511e-01 9.597533032057102842e-01 1.056333204492104327e+00 1.132767567768043770e+00 1.277975492777953415e+00 1.336523032577695336e+00 1.394036946059278748e+00 1.656131770515867574e+00 1.827140105206397580e+00 1.835434992290373213e+00 1.871126824141359224e+00 1.906671603059441500e+00 2.161742021143902015e+00 2.544630108380768529e+00 2.778323890998809720e+00 3.061544348113820480e+00
8.929218736356243913e-02 1.322879564165521660e-01 3.130643637415081448e-01 4.564232419073514513e-01 6.295816648148646610e-01 6.397899347034050610e-01 6.886811220430739677e-01 7.212721222436916380e-01 7.297878536487114598e-01 7.598622539002465315e-01 8.003580894478319330e-01 8.156766827601322767e-01 8.531079852226608473e-01 8.825932088017448551e-01 9.433692812142253636e-01 9.761458486031988624e-01 1.103801728309354413e+00 1.132844899995983035e+00 1.278167290401249767e+00 1.342212435030358142e+00 1.437160028630800390e+00 1.609952651015082781e+00 1.829775883372908751e+00 1.835649135612785754e+00 1.871082796779801383e+00 1.959884052094669871e+00 2.202595871903976654e+00 2.582997952917446050e+00 2.757808102195511424e+00 3.096003844835492291e+00
8.368711694103224408e-02 1.741438460538843047e-01 3.433151202940791236e-01 4.962663037560918200e-01 6.180199881496498682e-01 6.421160516703676713e-01 6.878182337296775417e-01 7.162442992386910401e-01 7.285454292803729137e-01 7.991389627389922090e-01 8.051625183906054861e-01 8.136878559421943935e-01 8.401778823723370371e-01 9.000215072163589847e-01 9.499431117389623980e-01 9.917610724798054944e-01 1.118262955164135430e+00 1.132856806688662843e+00 1.277995156294023715e+00 1.322036966865430374e+00 1.475334447624955247e+00 1.578929462492292934e+00 1.799983868235896622e+00 1.835912274520099752e+00 1.871027949289733039e+00 2.101725049870958983e+00 2.248361203731893188e+00 2.623749156331294241e+00 2.738281616343864133e+00 3.126630255779832446e+00
7.265149477108880094e-02 2.137282421132031263e-01 3.561534523972962329e-01 5.294588351870466170e-01 6.020632041859350636e-01 6.454940179757866492e-01 6.851456605370658259e-01 7.110516814535962071e-01 7.289397153106235150e-01 7.950653389097449564e-01 8.002525610717903248e-01 8.292570273422490423e-01 8.809288653445164208e-01 9.207375355620486257e-01 9.560283198541831284e-01 1.005520309890218345e+00 1.119775267874678182e+00 1.132752271148609324e+00 1.275206759864522033e+00 1.296212766719464282e+00 1.470249991345745633e+00 1.571634788357864965e+00 1.783688368933750379e+00 1.836192871891746403e+00 1.870968549882043419e+00 2.200874358924192364e+00 2.357085583914312554e+00 2.659341689269688835e+00 2.724765941746097209e+00 3.147784024904486611e+00
8.207303928626638601e-02 2.497844161010913944e-01 3.620505048899373968e-01 5.529736863364217436e-01 5.830976088132384660e-01 6.485219119118706965e-01 6.828821373831629460e-01 7.071399547710683908e-01 7.314116172539210092e-01 7.853544573280554220e-01 7.993156831563025255e-01 8.208946515229433860e-01 9.452035948230788076e-01 9.579203812651552186e-01 9.611500490014562859e-01 1.016824512881482789e+00 1.116738173241233367e+00 1.132522867586310822e+00 1.251128666546059254e+00 1.283518636452171791e+00 1.440602773282401161e+00 1.577540854584066121e+00 1.781526837537395602e+00 1.836457106664858285e+00 1.870911746811172671e+00 2.233935391222218847e+00 2.511417811289289759e+00 2.682772289521247799e+00 2.724036279922461112e+00 3.158403766551158398e+00
1.071843555293580247e-01 2.801726983414455363e-01 3.638447440887180862e-01 5.640393671590235858e-01 5.686269255657190325e-01 6.506671909650927343e-01 6.814547221687121681e-01 7.048540240757579234e-01 7.357137752474917081e-01 7.760080574750444216e-01 7.974426967154762957e-01 8.152675190559038887e-01 9.649998314933884158e-01 9.745949912708491425e-01 1.025252160996379391e+00 1.034303139495257984e+00 1.114164749535987875e+00 1.132223697139869811e+00 1.210575659232006052e+00 1.282203496314505253e+00 1.404150580559123007e+00 1.583852112647462063e+00 1.783073353132284655e+00 1.836672930058596664e+00 1.870864722354273590e+00 2.256335446793410693e+00 2.627946772326049008e+00 2.696598979353725056e+00 2.738914851823274432e+00 3.161617450027859100e+00
1.277405999992455299e-01 3.014227410877973745e-01 3.636210920652923062e-01 5.492034036320516677e-01 5.774893356046226778e-01 6.520404205815378829e-01 6.807631628059748197e-01 7.038183500950077054e-01 7.408105932405474325e-01 7.678824143292687365e-01 7.958053211281469475e-01 8.121285383268027624e-01 9.673824215691299022e-01 1.002625695725664734e+00 1.030469302615063310e+00 1.085460029978688734e+00 1.128994286903737265e+00 1.131965009969325919e+00 1.171487794423130113e+00 1.281871769914961323e+00 1.368989568436778548e+00 1.587209272777015956e+00 1.781753570129475772e+00 1.836814007485934042e+00 1.870833676712388982e+00 2.274979100100249507e+00 2.672131194721063085e+00 2.715309672054337931e+00 2.766255696344263715e+00 3.162192948042459317e+00
1.351503473062648231e-01 3.092435211331561185e-01 3.632883996349997036e-01 5.434549590640315175e-01 5.803172166425819567e-01 6.525463361561014697e-01 6.805755487934297410e-01 7.035393396938472987e-01 7.436585816868511722e-01 7.640183655601926471e-01 7.951827750244835347e-01 8.111308361752812557e-01 9.681884150168325043e-01 1.015696260867473999e+00 1.032238072436645560e+00 1.095389540486351176e+00 1.131862123038257950e+00 1.148346325096701648e+00 1.154688577478098388e+00 1.281677185902930116e+00 1.351408096278992277e+00 1.588123503152056637e+00 1.780271766711668535e+00 1.836863042543564584e+00 1.870822828932473536e+00 2.282746493212210570e+00 2.678956619314227794e+00 2.722212216920651517e+00 2.782522929174588544e+00 3.162411980801645317e+00
1.689079761613687392e-01 3.136641125784612738e-01 3.660437839765761092e-01 5.420113745486621060e-01 5.797379494432209901e-01 6.506771905511671283e-01 6.783690367282070310e-01 7.153169065401550064e-01 7.409563095793936238e-01 7.648528640372012077e-01 7.971910884336236292e-01 8.124822442337875650e-01 9.678056258537776069e-01 1.017108206184396346e+00 1.032172498028421703e+00 1.098749075457051472e+00 1.132494818377787649e+00 1.143301902383953461e+00 1.160657769401336914e+00 1.282269541287523795e+00 1.350204885712066094e+00 1.586676846772288263e+00 1.777265134508234867e+00 1.837016919438024365e+00 1.870685312765583364e+00 2.277691837665066110e+00 2.658459131189019331e+00 2.742547115634363486e+00 2.785209496056956002e+00 3.158156815548813334e+00
2.413462938787373779e-01 3.264556765211976130e-01 3.716016791927884699e-01 5.376246750357430715e-01 5.785450662065367844e-01 6.461413287164792241e-01 6.801339388696725496e-01 7.343233682406243856e-01 7.396397755044474831e-01 7.665613554828010212e-01 8.036169655148615032e-01 8.158855302795481323e-01 9.667828097230357631e-01 1.018743218995630917e+00 1.031959466104524603e+00 1.104178231410031907e+00 1.133630104961177887e+00 1.134292057350292149e+00 1.178771349120560030e+00 1.284101868801015733e+00 1.347613909552408007e+00 1.582164897001901771e+00 1.767228240108774440e+00 1.837472105103286957e+00 1.870276237508122108e+00 2.263068114447023937e+00 2.624484507894500052e+00 2.767025147532409246e+00 2.802524209539826838e+00 3.145432892847389361e+00
3.215919132464731822e-01 3.463743780172017783e-01 3.754310237978825682e-01 5.301627221741965768e-01 5.774657729625433111e-01 6.415538976237600277e-01 6.858473802847953049e-01 7.259097037974329147e-01 7.684177385953873118e-01 7.689868067862262180e-01 8.152189402480751745e-01 8.199876993421092441e-01 9.654542132243392194e-01 1.014282070251210532e+00 1.031549201146436001e+00 1.105364811079407650e+00 1.124305070885088798e+00 1.136981273977199836e+00 1.211639488911189444e+00 1.287379760113882110e+00 1.347002819561065490e+00 1.574381814463185814e+00 1.748125949651476274e+00 1.838208344007715045e+00 1.869607676159707799e+00 2.240660308170401738e+00 2.588301580561541915e+00 2.777158806683119430e+00 2.841632712535244298e+00 3.124716837683763071e+00
3.618928885342634905e-01 3.717627396130996353e-01 4.094045489470970467e-01 5.195202306333120967e-01 5.767293059816768208e-01 6.373216188887813605e-01 6.914008568016258849e-01 7.170609923034528821e-01 7.703444933358926106e-01 7.996709726306567845e-01 8.236079970319689636e-01 8.318951017653488655e-01 9.642496927326681400e-01 1.001731459626231668e+00 1.030857582859242783e+00 1.101034915403535042e+00 1.114943810531229040e+00 1.140190913452336030e+00 1.253079774207780162e+00 1.293455323803805346e+00 1.353496403894311362e+00 1.563884859600447763e+00 1.719187375565928155e+00 1.839188705516151323e+00 1.868705055765795153e+00 2.213559971283682426e+00 2.553852715185726652e+00 2.784555721087505376e+00 2.884961509180873573e+00 3.097826174262792165e+00
3.533850443842739275e-01 4.008160292799986535e-01 4.772428711072602137e-01 5.058003884362751723e-01 5.777747182802098758e-01 6.314326438099092664e-01 6.952804817478873689e-01 7.084908122570818811e-01 7.723965904861862519e-01 8.260716856737310154e-01 8.280184502441192418e-01 8.521669745410342944e-01 9.635485091810339631e-01 9.868978253999324268e-01 1.029768405817237609e+00 1.086811781051343129e+00 1.103785068445432227e+00 1.143530505003186981e+00 1.282488052736232564e+00 1.313702668537582108e+00 1.369246186750138428e+00 1.552580509568557421e+00 1.683388828309265506e+00 1.840354476225884328e+00 1.867614550101827087e+00 2.185139192272816278e+00 2.525470399266894983e+00 2.791323174890912640e+00 2.920437879416445615e+00 3.069461324770487831e+00
3.466032724032216406e-01 4.312562073291664744e-01 4.899013190193707290e-01 5.284055523050338321e-01 5.863817714632141298e-01 6.216744866507050160e-01 6.979621014564104664e-01 7.004761428499757248e-01 7.745767239630449996e-01 8.272257952474689757e-01 8.508094114802962071e-01 8.740347575295123184e-01 9.635537230219779481e-01 9.717103462422094218e-01 1.028140671377349102e+00 1.063390823617261782e+00 1.093889010015606233e+00 1.146651538652828650e+00 1.290066534607726911e+00 1.345391365051443078e+00 1.389717295570678690e+00 1.542932244385695206e+00 1.649491345164003420e+00 1.841617463779213093e+00 1.866412641123850191e+00 2.157094931452086417e+00 2.507087272842488446e+00 2.795269871433103237e+00 2.935455708439812295e+00 3.049433366764248365e+00
3.545726240227718429e-01 4.527890633994554603e-01 4.811136480190533193e-01 5.512464018563610901e-01 6.013134235241236469e-01 6.150633469898538763e-01 6.930053440003101084e-01 6.988466542438328544e-01 7.768105084556383710e-01 8.273648677659309891e-01 8.675788615528403636e-01 8.943673922725634551e-01 9.516628746868797117e-01 9.642412279466218150e-01 1.025820926283476098e+00 1.043522349458801513e+00 1.087795903002747089e+00 1.149281095778956763e+00 1.292502906774656735e+00 1.358518288797805340e+00 1.410134688624101074e+00 1.534685784752521043e+00 1.630502542976529412e+00 1.842850279343435149e+00 1.865216822486927217e+00 2.128920243875346063e+00 2.500995845057846889e+00 2.792555961648901075e+00 2.923317422154894984e+00 3.044939061766160471e+00
3.779507644922139864e-01 4.391591230070647223e-01 5.049816394648659612e-01 5.576615150357329131e-01 5.858044481904572942e-01 6.356914131752462449e-01 6.859372994209893548e-01 6.959668634168091339e-01 7.789659885338924283e-01 8.270943972421797019e-01 8.787899887751868810e-01 9.096439171544183910e-01 9.332103217754323943e-01 9.654002972229227542e-01 1.022659659452596070e+00 1.025348055523019442e+00 1.091576036127960281e+00 1.151232219457810846e+00 1.292541713334628195e+00 1.351961775243007757e+00 1.426449542536320170e+00 1.527598722325905101e+00 1.629815108357611120e+00 1.843879945825780631e+00 1.864192188233453340e+00 2.100120566740903527e+00 2.506546453794554541e+00 2.777774548197842641e+00 2.898066125367552370e+00 3.046150918091695026e+00
4.076710389340068574e-01 4.295435201423635774e-01 5.183874133914274651e-01 5.399956545991451140e-01 5.814532432551995367e-01 6.474016841418294144e-01 6.785691901860202435e-01 6.970426948201144945e-01 7.730149452979899749e-01 8.352611445804106749e-01 8.877827593916600701e-01 9.095559417243608280e-01 9.230751213213095330e-01 9.674691657010594525e-01 1.004062716706271674e+00 1.017082647190250100e+00 1.138440566258769326e+00 1.154774821606554758e+00 1.291068022417891425e+00 1.349400458040960427e+00 1.397634985172779176e+00 1.532321355490762649e+00 1.653571443613849778e+00 1.844120639006549212e+00 1.863897542909226823e+00 2.030824534583726138e+00 2.542009158310333916e+00 2.792824961829219799e+00 2.902147422910179575e+00 3.005404562733185792e+00
4.112194702207960795e-01 4.173305582987255069e-01 5.291995280888951436e-01 5.344361189407532686e-01 5.709906842447569630e-01 6.535482372482329660e-01 6.713637964082473930e-01 7.093354895498078516e-01 7.696409514021127496e-01 8.408874809831301533e-01 8.887393715179088272e-01 9.015723275406912762e-01 9.295461403022675650e-01 9.686788777989666643e-01 9.897128200684204291e-01 1.012896095224349313e+00 1.157028560997587885e+00 1.194870739792755820e+00 1.289460242940043688e+00 1.343320706141159615e+00 1.366006725170985536e+00 1.528816899604836577e+00 1.684632686906500032e+00 1.844246755047842079e+00 1.863723307961070663e+00 1.968449299193669288e+00 2.573567549042938385e+00 2.786411395041685335e+00 2.904993797134358680e+00 2.981032244198556391e+00
4.006696317900013127e-01 4.126085712409475748e-01 5.409341004189207602e-01 5.416013952752142258e-01 5.577758369971006491e-01 6.550903957969537172e-01 6.682252846185725570e-01 7.158924779536335326e-01 7.685722956753825441e-01 8.428954653972468014e-01 8.859787171445668852e-01 8.998674547088251208e-01 9.344373717295949566e-01 9.690806090964849684e-01 9.840195126558637373e-01 1.011335968612443237e+00 1.157799351250305975e+00 1.227065197925788720e+00 1.289020780896675378e+00 1.336548992511716882e+00 1.349083082149969748e+00 1.526512757781392615e+00 1.699605107032201134e+00 1.844285439242471014e+00 1.863665716932468408e+00 1.941392018686379339e+00 2.587552477039809951e+00 2.779075121047081431e+00 2.905855318075748261e+00 2.973928472433187586e+00
3.819579015233412478e-01 4.036154770055069840e-01 5.022090175613695973e-01 5.467519200012268543e-01 5.854150089612306651e-01 6.360842129360836372e-01 6.835403749879731539e-01 7.129920285985731354e-01 7.595449190590592980e-01 8.382089184877939969e-01 8.750683097531091192e-01 8.985977727820955163e-01 9.399758861130321774e-01 9.741563480877394321e-01 9.913635886991807311e-01 1.019994102454297780e+00 1.152210923762631900e+00 1.230038524761927432e+00 1.288950601630254322e+00 1.336880847942959250e+00 1.348271004460901423e+00 1.522940358730352051e+00 1.699038295200889559e+00 1.882320433843531982e+00 1.901159918807380000e+00 1.951181782394413977e+00 2.587247623228096316e+00 2.779758059139143977e+00 2.905533153557335879e+00 2.975178214598698911e+00
3.246652409591591626e-01 4.116889412563821127e-01 4.513643636662467151e-01 5.568368065574126335e-01 6.100156915662791057e-01 6.153005883377485885e-01 6.986186742468611932e-01 7.017018942330701670e-01 7.484918947756937779e-01 8.324494829032597076e-01 8.577602121717874395e-01 8.908040342156869906e-01 9.564972000462258483e-01 9.764216804940671901e-01 1.011936166005055648e+00 1.039503450879649460e+00 1.143780272052636882e+00 1.237395162098408941e+00 1.290286598711695820e+00 1.337982308417625443e+00 1.346639901765302572e+00 1.516756997265944262e+00 1.697366991663206592e+00 1.927550942120787258e+00 1.980777767548373980e+00 2.041941154516564882e+00 2.586398136470005493e+00 2.782805107114842968e+00 2.904679112120092999e+00 2.980003958755227167e+00
3.190523754092697284e-01 4.089766967730490976e-01 4.266088156831044920e-01 5.617986105452904555e-01 5.948487409974254625e-01 6.436189064162539664e-01 6.894105488975048601e-01 7.082764827488279291e-01 7.494731360338231507e-01 8.288899325982286292e-01 8.466180364216645549e-01 8.785040620236969078e-01 9.752057312324695637e-01 9.862462554312904084e-01 1.034360522365296076e+00 1.064037378144588875e+00 1.143233119912039575e+00 1.247899043881408598e+00 1.295016381665970329e+00 1.340026906429925724e+00 1.346134681412531453e+00 1.511841800986710505e+00 1.694665993916599778e+00 1.930386194433232561e+00 2.107651573455704863e+00 2.183920814409218814e+00 2.585224064240019715e+00 2.791491743570785999e+00 2.903667701677825619e+00 2.991878458658001172e+00
3.812806616843630314e-01 3.873320361908623721e-01 4.436068088394055087e-01 5.433852101895964015e-01 6.147679943394722679e-01 6.618285440049853641e-01 6.971853230657822920e-01 7.125089227962595473e-01 7.605775545740426358e-01 8.267274685255081579e-01 8.441943771602102853e-01 8.646391802883597322e-01 9.755485177192499968e-01 1.027068846066535368e+00 1.057730481271576872e+00 1.102251215766094639e+00 1.154674698526303223e+00 1.262513062613576542e+00 1.303724021616855078e+00 1.343565936808043482e+00 1.350380395414321644e+00 1.508709467417806760e+00 1.691075428220676136e+00 1.930993323711778231e+00 2.232824019377316560e+00 2.322827707415220821e+00 2.584204821335315927e+00 2.811619689160244295e+00 2.903548530153991170e+00 3.016989035770296201e+00
3.523268679304730755e-01 4.374263438327617992e-01 4.645832777237104971e-01 5.353061002126109358e-01 6.595594974701486368e-01 6.649127578423801310e-01 7.144145586363357392e-01 7.173503009655625151e-01 7.786564244167873960e-01 8.262476012844048867e-01 8.482145521589574688e-01 8.541383663991216624e-01 9.756761052687168423e-01 1.062086931960656511e+00 1.080894775832735188e+00 1.177307218713185000e+00 1.185121077095720343e+00 1.286828254150096829e+00 1.316491954968173284e+00 1.352260405942933508e+00 1.368668339796977884e+00 1.508604968013820935e+00 1.686866841520141769e+00 1.931072713161877452e+00 2.332574680123188582e+00 2.433799185020226741e+00 2.584389668433591858e+00 2.846899223275114910e+00 2.909482325687180460e+00 3.062691471759102502e+00
3.124110712725163830e-01 4.174829990666892865e-01 4.878038636508651438e-01 5.552865249387453073e-01 6.635800020259333687e-01 6.925203648901343545e-01 7.285794960258059616e-01 7.338466217371524269e-01 7.901586218202214518e-01 8.242884067203314347e-01 8.422225729996165589e-01 8.687397613988937506e-01 9.768340832762595349e-01 1.082825425769321281e+00 1.097691346856589201e+00 1.196463854388000181e+00 1.286023442907537895e+00 1.319419301873994144e+00 1.331280571183216299e+00 1.399999839133678092e+00 1.424476012923251877e+00 1.522861954071613511e+00 1.682710432321020688e+00 1.930955458954457526e+00 2.394600049391767627e+00 2.503810188338447151e+00 2.588006048593300523e+00 2.874063131005269334e+00 2.948301819146134317e+00 3.131412663936203433e+00
2.594672554213427462e-01 3.700915070064398904e-01 5.124652491767442974e-01 5.747501021290525314e-01 6.651804902681464071e-01 6.923718287295649310e-01 7.353330013252017405e-01 7.595867833480670628e-01 7.909969440621846815e-01 8.130173688975974589e-01 8.460410017383735992e-01 8.889811763678544532e-01 9.797943793474416241e-01 1.097448875768461507e+00 1.106887366464361255e+00 1.201238743477802462e+00 1.322308227558006921e+00 1.340452765906405164e+00 1.343788411997717702e+00 1.469374376297337026e+00 1.545105015878240007e+00 1.620908240678491374e+00 1.682075214306068656e+00 1.930825879066627726e+00 2.423027054785912515e+00 2.534838245142085889e+00 2.596487765892818267e+00 2.878438285314490752e+00 3.025981144627376551e+00 3.215147892577816080e+00
1.894575202362923649e-01 3.115940302027108144e-01 5.375307351207625484e-01 5.893899763214817122e-01 6.673533253944735621e-01 6.884811252394841263e-01 7.396701728086386707e-01 7.693375334999771331e-01 7.863186167198620291e-01 7.991882838131249001e-01 8.514506718126314544e-01 9.058933530656172461e-01 9.851456420849734608e-01 1.107867448909729102e+00 1.111557949767313147e+00 1.198547890897272650e+00 1.332874500072460888e+00 1.352759767270058866e+00 1.361196544678196174e+00 1.475066486251330522e+00 1.652241252573963370e+00 1.751226857237218049e+00 1.794260597887293196e+00 1.931265598415427887e+00 2.430328353316397738e+00 2.543802301965206070e+00 2.604303754075070643e+00 2.877338308181291104e+00 3.110915719245456401e+00 3.300339833899549991e+00
7.460231406439624124e-02 2.434171164420401157e-01 5.624147140393996880e-01 6.001460909355009754e-01 6.697852813832207985e-01 6.854714768384294610e-01 7.421111445387236216e-01 7.681400335048259587e-01 7.782959660456211237e-01 7.867951853539185691e-01 8.553772881571924946e-01 9.175108372418104841e-01 9.928855549440394057e-01 1.108796461252135268e+00 1.119331458231829668e+00 1.194131760302649337e+00 1.336176383077800622e+00 1.366862002558326905e+00 1.376795595181885767e+00 1.473810193201505747e+00 1.655616950654379860e+00 1.920954789571635457e+00 1.925722855206312367e+00 1.984786523348232024e+00 2.427388690209199229e+00 2.545493731520593883e+00 2.607758637844384442e+00 2.875185109324594368e+00 3.187896761897591524e+00 3.375964377718434939e+00
-1.478248780969651510e-01 1.604704011505760364e-01 5.866311683607740024e-01 6.073360054743378589e-01 6.722191395559243832e-01 6.846764535262500617e-01 7.416668106514953118e-01 7.603151155522313021e-01 7.680242914006465416e-01 7.777893147448570188e-01 8.579038981729113500e-01 9.250809064239726709e-01 1.002224605738538887e+00 1.105161630831610786e+00 1.126765791743220335e+00 1.190455347372444850e+00 1.337316688251374286e+00 1.380230799974836886e+00 1.390479422453839931e+00 1.470967210414035442e+00 1.651594722619367239e+00 1.927897242182480708e+00 2.080719911436534009e+00 2.153070149362784846e+00 2.422045994245677125e+00 2.545934868008359331e+00 2.609370339440747255e+00 2.872974954485234989e+00 3.250300361203986022e+00 3.435959342615796608e+00
-2.118277382463432945e-01 -4.291276150010254337e-02 6.085885610693180237e-01 6.123508777837192163e-01 6.743966159413754546e-01 6.867591707868536677e-01 7.355176689035561877e-01 7.487465758027509466e-01 7.604561524294863872e-01 7.711733658205024433e-01 8.594349414096089657e-01 9.300546546007034676e-01 1.011943389766906565e+00 1.099698930742056158e+00 1.132559278121944901e+00 1.188115556576166965e+00 1.337615789026069368e+00 1.391666647718164951e+00 1.401985645702086281e+00 1.467706021270782646e+00 1.647223927742974769e+00 1.927855833192125390e+00 2.210363514545125696e+00 2.292916598504607162e+00 2.421883605875505552e+00 2.547972579830785289e+00 2.613763639755951829e+00 2.871066223918853133e+00 3.295996952132707936e+00 3.478459433664933265e+00
-2.495377279826005434e-01 -1.495671936412966418e-01 6.118412639746950710e-01 6.318380819948195004e-01 6.759067198615248406e-01 6.918615831250025661e-01 7.236303785161253277e-01 7.355479060237153366e-01 7.572748636996703420e-01 7.666382284969477379e-01 8.603056473405434890e-01 9.332927264911954346e-01 1.020724057881660318e+00 1.093911423764670765e+00 1.136679636670514970e+00 1.186875373813609080e+00 1.337564263892647709e+00 1.400413129011366609e+00 1.410942067730408978e+00 1.464598949015173179e+00 1.643602999504290896e+00 1.927669208864883466e+00 2.293364491232810387e+00 2.387524494493065141e+00 2.437626318093173428e+00 2.552682036033551150e+00 2.626614554260100931e+00 2.869625533397588413e+00 3.325691369793838614e+00 3.504730015833991796e+00
-2.703859090114506536e-01 -1.871309941462653559e-01 6.117643359315869667e-01 6.502780511107845163e-01 6.761188299891431885e-01 6.994983256505276081e-01 7.109426926812206782e-01 7.224614780030552685e-01 7.557758321213875474e-01 7.643098029206422117e-01 8.607429299035991299e-01 9.351619420775366676e-01 1.027104935235453320e+00 1.089329715071813753e+00 1.139141393991472073e+00 1.186327138402464954e+00 1.337431926643642077e+00 1.405901380341778584e+00 1.416809147376779876e+00 1.462238487114541297e+00 1.641238370896689114e+00 1.927523406734744649e+00 2.326042158343680555e+00 2.433485745168722847e+00 2.467299959777051299e+00 2.557401933636325619e+00 2.646871495929823848e+00 2.868736586597356641e+00 3.341744952261152868e+00 3.518052082337234321e+00
-2.771111513166991114e-01 -1.982155490858619751e-01 6.115655336093122063e-01 6.596557535369425018e-01 6.750615809879573215e-01 7.032347350308918443e-01 7.093487633452645325e-01 7.120301384029332770e-01 7.552190018314006714e-01 7.636683581891480221e-01 8.608749585898007872e-01 9.357777533679412230e-01 1.029502863936726076e+00 1.087535115814119546e+00 1.139959875749605223e+00 1.186178142765493826e+00 1.337371029535756373e+00 1.407771453777687976e+00 1.418890426473249367e+00 1.461327335350145473e+00 1.640417549516601126e+00 1.927470418250584627e+00 2.332798265386719638e+00 2.445794222307548171e+00 2.481761434484685669e+00 2.559111168377172785e+00 2.657365830865106471e+00 2.868436948068096459e+00 3.346722868545642271e+00 3.521971854660523871e+00
-2.923832503470025213e-01 -1.574483831994750171e-01 5.993816436304338913e-01 6.610269650591407142e-01 6.757935967027759450e-01 7.016518649864286195e-01 7.188524547860161151e-01 7.201062536168377770e-01 7.542661214657840896e-01 7.620625256684960824e-01 8.585585005157642113e-01 9.342308941719439375e-01 1.031833444060766158e+00 1.085420573379933584e+00 1.144077813964559098e+00 1.160636862316789752e+00 1.348819221973358573e+00 1.406436265509785510e+00 1.418489362224480743e+00 1.467364601180729755e+00 1.633635683896709434e+00 1.943422343938468577e+00 2.331032081101067188e+00 2.440204190945612694e+00 2.487765405486104253e+00 2.548709151832314390e+00 2.657497352096035659e+00 2.872693373805671690e+00 3.350781230842716063e+00 3.520763406151432129e+00
-3.132307542981093706e-01 7.242057453376948839e-02 5.720931306778276326e-01 6.662005808170171628e-01 6.779635862053220441e-01 6.915666575326482324e-01 7.297704076196196432e-01 7.366929907405888045e-01 7.567712779337339990e-01 7.676191836814675318e-01 8.563119085524247831e-01 9.288615923987065814e-01 1.040057495547814570e+00 1.080705461504146703e+00 1.106662471838026240e+00 1.153902341106429974e+00 1.365098987953407894e+00 1.403404679474152594e+00 1.416788068501232178e+00 1.482134882598543424e+00 1.617077952527279150e+00 1.985129425842057538e+00 2.322448399607281111e+00 2.428791822131981526e+00 2.499797184244195947e+00 2.523732839809354367e+00 2.659503586365801198e+00 2.880763402068094781e+00 3.362836533607580947e+00 3.517066111997934286e+00
-3.277442448257582019e-01 2.077486660152576270e-01 5.400625530062377333e-01 6.630219107144673663e-01 6.754680744781433877e-01 6.863504492490718478e-01 7.320882399953146935e-01 7.436140498886011363e-01 7.505822396784076478e-01 8.056051148336463852e-01 8.636129186977526961e-01 9.190878782666570546e-01 1.042547106375689925e+00 1.058371059860010677e+00 1.078844280223507868e+00 1.164766717063629553e+00 1.373138801839560053e+00 1.400225325056321246e+00 1.413315316766564855e+00 1.495948348719202237e+00 1.600012675009383933e+00 2.040155454059445095e+00 2.297363036193759367e+00 2.418221362198360147e+00 2.495181179053143072e+00 2.514394115298993704e+00 2.665896537192667282e+00 2.884041654739194716e+00 3.382059282866812122e+00 3.510698623065625856e+00
-3.177306279478321893e-01 2.430407380184360921e-01 5.148510209994614506e-01 6.649296770821880864e-01 6.737436937214514865e-01 6.806203186555791484e-01 7.250829065370930637e-01 7.342768378560914355e-01 7.484011446683868085e-01 8.326039752604706967e-01 8.798505609859061938e-01 9.112403471737657856e-01 9.966552424083150452e-01 1.065805939241754041e+00 1.085628310399389562e+00 1.170055750964386077e+00 1.352208446591605329e+00 1.398151219235767906e+00 1.413903883388039073e+00 1.512386948283172439e+00 1.594611471212578957e+00 2.078441104409850748e+00 2.241717657158810439e+00 2.409799009582146656e+00 2.483967225380946608e+00 2.529902174075355337e+00 2.674709621424496309e+00 2.869412027511333285e+00 3.391112708626307981e+00 3.506638851358711229e+00
-3.010457300557266014e-01 2.624196620176826866e-01 4.972942371842751230e-01 6.575783651779508743e-01 6.689440091083832529e-01 6.836808657648615339e-01 7.179816416298107074e-01 7.263977625717400466e-01 7.491573722815810799e-01 8.364327554728517855e-01 8.933774561790932545e-01 9.058309268338262665e-01 9.775762978227675593e-01 1.075512176368411454e+00 1.095599448677760268e+00 1.172944438258100908e+00 1.325166829021178883e+00 1.396377783263215822e+00 1.414367391627870063e+00 1.527265129733602844e+00 1.598509669375755671e+00 2.114580203158960447e+00 2.171566009065800440e+00 2.406743122865571571e+00 2.479123060730210160e+00 2.540339117741643449e+00 2.681995130439521979e+00 2.845477426942727206e+00 3.402135757810568428e+00 3.502249827915956626e+00
-2.770868375693226748e-01 2.582457294019226413e-01 4.951961664357464321e-01 6.446513269763124443e-01 6.515738448346144462e-01 6.963634467328193578e-01 7.139331266359195682e-01 7.218069091136175564e-01 7.458582114674363606e-01 8.047620925160695604e-01 8.904733207675895601e-01 9.145555181537141642e-01 1.001143049967005982e+00 1.085441230379771360e+00 1.107106918754168445e+00 1.173155818460315691e+00 1.295892525013870866e+00 1.395995439018403284e+00 1.413960253350651008e+00 1.551581991998300936e+00 1.611772173282343346e+00 2.059730338998398302e+00 2.178629306158116563e+00 2.405690513780905260e+00 2.478544537972589445e+00 2.548054647223621849e+00 2.680154900566450227e+00 2.819340052793176010e+00 3.414421716422701980e+00 3.497165837023768820e+00
-2.454806654442536484e-01 2.294942016868916079e-01 5.095082585550522181e-01 6.236779013650899373e-01 6.296638583045472970e-01 6.997320432004158208e-01 7.071535883490808194e-01 7.189372469272480304e-01 7.330648105738934994e-01 7.837791206608055727e-01 8.834014938394244565e-01 9.248923824558775708e-01 1.045672969019180165e+00 1.094788578016199221e+00 1.118446730052149007e+00 1.171054559854862509e+00 1.265091665910150098e+00 1.396920818594642233e+00 1.412769657658165423e+00 1.587314628737067856e+00 1.637944321492752486e+00 1.960777221457345343e+00 2.215464160866462695e+00 2.405298509345137337e+00 2.480413312182436325e+00 2.554342082360193000e+00 2.665805135925951141e+00 2.799803748563359118e+00 3.426451744412693401e+00 3.491538357851108554e+00
-2.087714161540422109e-01 1.856651481919312785e-01 5.327966019724207358e-01 5.977928512149570661e-01 6.016256380094706646e-01 6.793622292466420243e-01 7.009455862884191868e-01 7.216629369483863465e-01 7.356901014301798769e-01 7.822158002915864383e-01 8.782878595365108954e-01 9.314901580319364660e-01 1.078471679681290984e+00 1.114103906279551026e+00 1.128218224317683704e+00 1.167845150742166105e+00 1.233179499323552530e+00 1.398415727288901067e+00 1.411284589448821958e+00 1.621077048009442301e+00 1.685526385103179647e+00 1.858856434133187463e+00 2.241638502590048265e+00 2.405136637132299082e+00 2.482962255538596619e+00 2.559080483111033200e+00 2.646685258395667706e+00 2.789813166275289635e+00 3.435983493652702059e+00 3.486387831730685338e+00
-1.868577050381407256e-01 1.574723372959706824e-01 5.499012375555069054e-01 5.809053263375620890e-01 5.858096834846151513e-01 6.715165007921182205e-01 6.999356348750633838e-01 7.222680504972671667e-01 7.382296845211656633e-01 7.828507178498960162e-01 8.764484232717738577e-01 9.337283126194979577e-01 1.084442907729360472e+00 1.128254879410802047e+00 1.139751928828765193e+00 1.165961112894092100e+00 1.213511385606274029e+00 1.399204561629653565e+00 1.410531255766561465e+00 1.633200766088856781e+00 1.753488279833628649e+00 1.772622330854672468e+00 2.251040358329045254e+00 2.405088528093010325e+00 2.484190817227599268e+00 2.561012126500614716e+00 2.637733628212134196e+00 2.786945249332479779e+00 3.439850371055308553e+00 3.484074023600344461e+00
-1.739970076176031999e-01 1.662247335340243659e-01 5.461479915560349951e-01 5.600746394284342733e-01 6.047210292706651780e-01 6.711389282033053405e-01 7.035227181569371213e-01 7.254923317809742755e-01 7.397082024145665846e-01 7.830312800107004367e-01 8.783023331966544056e-01 9.337172659094131744e-01 1.083713039522414379e+00 1.115052496449917330e+00 1.151767381203233853e+00 1.164257366132207316e+00 1.213708558257086345e+00 1.397713227554309157e+00 1.408938381365496983e+00 1.633075028570306397e+00 1.753656633253917185e+00 1.774730673115006319e+00 2.251350848925555148e+00 2.385474134386396106e+00 2.471495967692332485e+00 2.548032037800429972e+00 2.637252570430216547e+00 2.783440360357705590e+00 3.436890263568353365e+00 3.479320244436619358e+00
-1.289080618537365996e-01 1.894860441775784443e-01 5.345136392320467555e-01 5.364829074691422894e-01 6.233020595359773930e-01 6.712595449081906196e-01 7.137073148177418558e-01 7.339240561427831100e-01 7.429286472416566367e-01 7.839960340619860357e-01 8.838343581261922655e-01 9.336102741187671805e-01 1.080872417355832615e+00 1.097202618122114171e+00 1.159192209669207996e+00 1.166856113441372633e+00 1.214145694860430558e+00 1.393372243954384082e+00 1.404206952566666056e+00 1.632674874244823826e+00 1.754143078689808455e+00 1.780921879691576004e+00 2.251770986664077157e+00 2.326010722143585063e+00 2.414755945964605299e+00 2.530678694690595698e+00 2.636264118098819331e+00 2.774754677494575272e+00 3.426975257988368995e+00 3.463415012242970992e+00
7.266814359273698898e-02 2.211822810455770782e-01 5.093527525891231589e-01 5.200674314359022832e-01 6.383067729053546469e-01 6.743236595412794854e-01 7.277232954516996699e-01 7.442287257237338860e-01 7.469041540208917196e-01 7.868508481248186470e-01 8.928564275422383734e-01 9.331567722406647336e-01 1.070932495674027152e+00 1.083777287376088250e+00 1.151781716403494693e+00 1.180330235548741946e+00 1.214456625761062059e+00 1.386535416270812338e+00 1.396477320911610365e+00 1.631928390986716826e+00 1.754882156321024400e+00 1.790774998731638590e+00 2.227469457035886613e+00 2.245328059081396432e+00 2.311497939474762564e+00 2.524697770642224892e+00 2.635358935818865156e+00 2.763641978563004642e+00 3.407924640309123010e+00 3.432534238460945630e+00
1.848324373797825826e-01 2.557001446601336880e-01 4.827149541317033998e-01 5.017349053947248727e-01 6.491641945919611745e-01 6.816175875890090330e-01 7.355217920240089136e-01 7.516993294665780256e-01 7.589214594539693826e-01 7.925839187746851477e-01 9.047989779663114795e-01 9.318443352749775643e-01 1.052103041634434799e+00 1.076573866385436951e+00 1.142572457158803623e+00 1.191898151718414400e+00 1.214157565774221847e+00 1.377645183641520887e+00 1.385985871879383602e+00 1.630679738552806679e+00 1.755681450877876193e+00 1.803464691878502446e+00 2.095034710982776716e+00 2.139456614544245294e+00 2.269292041856335818e+00 2.523549833725661440e+00 2.634332856151858859e+00 2.750162820942263942e+00 3.377544547660952023e+00 3.383593876313871096e+00
2.611749389792625275e-01 2.881296366828802191e-01 4.560033551556358367e-01 4.839756348829100108e-01 6.575870179848817276e-01 6.913566592547412126e-01 7.303384047807911506e-01 7.639646293366640917e-01 7.725856810341132919e-01 8.013409503758309738e-01 9.185370167743995840e-01 9.287583313502556503e-01 1.031243144649656385e+00 1.068412659639456530e+00 1.132247563663328682e+00 1.200605594070002002e+00 1.212710438379087430e+00 1.366975071330139846e+00 1.373099923037162773e+00 1.628463469168219158e+00 1.755669679850931253e+00 1.816577413942093155e+00 1.938415769510341669e+00 1.966171094995016189e+00 2.270755836748431733e+00 2.523823100025651911e+00 2.631730644038697609e+00 2.731653014907710730e+00 3.310538431094657952e+00 3.340466021841072664e+00
3.112030292559825329e-01 3.243667195924660462e-01 4.312189635653914666e-01 4.713898598733202161e-01 6.657431215751772324e-01 7.006671836553859389e-01 7.188132892705548782e-01 7.726065833626489798e-01 7.864884350068038765e-01 8.122352928094094260e-01 9.222095285594201775e-01 9.325070684321503656e-01 1.009526390083122838e+00 1.057804012114599068e+00 1.120573411029476496e+00 1.201301066474454782e+00 1.212356946973330185e+00 1.353945972179412260e+00 1.358459944940629605e+00 1.622411181669090929e+00 1.737211937344797619e+00 1.763365520288428634e+00 1.787711124609393964e+00 1.847549924531528331e+00 2.275126148893611866e+00 2.523938382042519635e+00 2.622795632880527084e+00 2.706012769578582944e+00 3.217039427560785647e+00 3.296866618748476530e+00
3.189951700737281848e-01 3.644874375110400133e-01 4.201733677007907231e-01 4.701585630928724058e-01 6.740166054468297308e-01 7.016473929595231640e-01 7.081290220605742647e-01 7.749458473790246105e-01 8.003315282766767513e-01 8.232858215103172617e-01 9.093348584293350356e-01 9.443754295017121603e-01 9.865890634392970870e-01 1.045109929826023798e+00 1.104824240100623856e+00 1.186481937197401582e+00 1.215030334962508451e+00 1.334284041468715376e+00 1.343286460627142631e+00 1.556787747749135420e+00 1.595575982073688781e+00 1.645213772652768691e+00 1.766969798666548241e+00 1.858696531913443639e+00 2.279345603601538706e+00 2.522148651585958135e+00 2.591986130565687496e+00 2.680878835439426844e+00 3.103608449228104416e+00 3.255219142939970833e+00
3.041531192439799747e-01 3.578718491826167747e-01 4.495009838062491991e-01 4.823659884764230910e-01 6.771948106162102299e-01 6.807384307691035641e-01 7.129108825831131924e-01 7.676008063093058276e-01 8.138366208444794969e-01 8.330395634769985902e-01 8.840217751397114743e-01 9.470112324714040630e-01 9.665203822205787887e-01 1.031047222157684740e+00 1.076169850026804209e+00 1.157692024634179306e+00 1.215682220562529725e+00 1.286282165477035777e+00 1.330081821150003618e+00 1.430080034083223817e+00 1.467087104452284185e+00 1.633344658021280926e+00 1.767412797157223103e+00 1.874506641608237434e+00 2.280871590225096668e+00 2.512735826105791492e+00 2.523369920135916544e+00 2.668837131956484754e+00 2.976662884323390657e+00 3.221893608406239728e+00
2.666040348446994668e-01 3.349151206052422558e-01 4.883653631096666614e-01 5.023977462748036027e-01 6.388933612132420281e-01 6.810034791251009523e-01 7.155556737168318193e-01 7.468429855831971720e-01 8.193473179300284626e-01 8.413652494237403578e-01 8.442668166071262137e-01 9.251903751428436351e-01 9.655686034231723003e-01 1.010148843145566522e+00 1.035225830041738071e+00 1.130049819482710438e+00 1.197671962785147759e+00 1.217346881712292994e+00 1.321182335732868030e+00 1.381463184374977393e+00 1.390652114025090702e+00 1.630223222960759388e+00 1.769024510193538458e+00 1.888993349834312996e+00 2.274406432904962916e+00 2.412257630697416388e+00 2.498748824602500029e+00 2.664907083641291141e+00 2.850295123414827270e+00 3.199748819787960663e+00
2.104312688310105151e-01 3.112071933211750796e-01 5.189958609745979334e-01 5.234857136887377527e-01 5.839323151464902439e-01 6.653010030851345125e-01 7.153008774488166521e-01 7.223073379571156583e-01 7.736632897739708081e-01 8.467562789770561871e-01 8.501302743810156270e-01 9.051843839895005184e-01 9.657838629884443193e-01 9.743193153262649231e-01 1.018714595213231489e+00 1.110143807723710463e+00 1.141027333339780458e+00 1.211962416710413271e+00 1.314111109129495025e+00 1.352324049662840810e+00 1.368813311586729364e+00 1.628472056639392873e+00 1.770823160247242845e+00 1.900518926741284975e+00 2.246492320681890309e+00 2.280320997215619983e+00 2.463583307315531101e+00 2.663328868657546700e+00 2.749957028578489115e+00 3.187587493515479320e+00
1.771193004634049883e-01 2.904008458886860322e-01 5.176427262577102395e-01 5.340189741543168722e-01 5.547823318866843545e-01 6.452868503397021227e-01 7.097900053418890742e-01 7.114111896581876149e-01 7.477543814542134681e-01 8.571897499366583073e-01 8.612292226664366446e-01 8.944443101020389530e-01 9.482732856540944111e-01 9.616952534765804694e-01 1.012725931315836103e+00 1.091778788619523155e+00 1.118653732906464526e+00 1.207493945724439577e+00 1.302640324354011225e+00 1.340282281990213820e+00 1.363853825041129841e+00 1.627486467854775132e+00 1.772573816371770361e+00 1.907083903066455477e+00 2.137673342269720056e+00 2.174398355095098267e+00 2.424658660311493463e+00 2.661287924978373187e+00 2.695331757521937099e+00 3.182280899480319114e+00
2.273429143254972751e-01 2.748397696846682781e-01 4.767067097150675115e-01 5.492477925521394022e-01 5.705287048084878299e-01 6.521962288046009304e-01 7.052346544751124657e-01 7.153800799675258393e-01 7.388735848745124901e-01 8.642946700257373438e-01 8.748105319519827727e-01 8.879570146001262154e-01 9.316296690790940582e-01 9.535457428552563952e-01 1.011400525945734596e+00 1.071404734765882827e+00 1.119149925963574210e+00 1.203375161407717719e+00 1.289750440453288460e+00 1.340011830683461191e+00 1.362981001766056188e+00 1.627329179161189687e+00 1.774277369727370601e+00 1.902994438801908661e+00 2.003064494086448821e+00 2.068360854528057402e+00 2.403689651537365357e+00 2.656385808040949037e+00 2.676426675484562701e+00 3.180736682229460932e+00
2.633422332704394853e-01 3.102691319022039540e-01 4.391627498379234718e-01 5.825843767987253230e-01 5.828018707946911459e-01 6.642162236010955567e-01 7.015359913840312212e-01 7.348498682602648824e-01 7.365011062318573831e-01 8.692726221084833282e-01 8.808386182827127042e-01 8.873859539086835779e-01 9.215542609160800591e-01 9.448140934217362785e-01 1.014056963002510248e+00 1.049329172577615266e+00 1.130964821031199774e+00 1.200541186677446248e+00 1.280617575902075700e+00 1.342583941529813307e+00 1.364335264377894319e+00 1.628140708037166373e+00 1.776178034324149779e+00 1.872831468185969905e+00 1.901748458643725215e+00 1.992941499891147661e+00 2.396000926534699982e+00 2.651674840249910403e+00 2.672319574400157993e+00 3.180688581204168308e+00
2.601834935891547684e-01 3.565426724499661804e-01 4.117746268710090751e-01 5.867745506354130614e-01 6.037639813406131539e-01 6.629860489604750828e-01 7.036767978415782165e-01 7.345989598809854471e-01 7.501244831881570541e-01 8.721356145126307746e-01 8.755965978101937219e-01 8.928237489743029442e-01 9.181348991670298387e-01 9.409414925313791533e-01 1.018381789637168522e+00 1.035825511731628623e+00 1.138377412133865452e+00 1.199576605716322186e+00 1.277317824289588621e+00 1.344000196991687712e+00 1.365485640894590791e+00 1.628941535073327174e+00 1.777604081668924918e+00 1.845438705366966303e+00 1.862618297388152877e+00 1.975405630868938944e+00 2.394147672263855942e+00 2.650152397667823845e+00 2.671626676436309911e+00 3.180815746789999565e+00
2.909516479638358799e-01 3.592810092407625056e-01 4.119386018002014205e-01 5.851073109732382038e-01 6.006044972861787068e-01 6.628722342722930261e-01 7.004913879557236323e-01 7.336669154135365689e-01 7.549176594488317127e-01 8.652847737708442288e-01 8.718914587131252336e-01 8.976994815995733568e-01 9.240194229890258404e-01 9.378105883579549440e-01 1.022638743019261609e+00 1.035174674881413015e+00 1.138903906531632426e+00 1.188248885628500506e+00 1.278340719115888868e+00 1.341857049216759190e+00 1.370690114270003646e+00 1.616537341975536446e+00 1.744239962406761046e+00 1.845389722012614087e+00 1.862671287854298807e+00 2.025362542013660949e+00 2.389174298673133023e+00 2.646258407469595841e+00 2.690110297978029585e+00 3.176973841589254111e+00
3.436489583150149074e-01 3.673845936808311508e-01 4.258632762232587576e-01 5.810825812589415218e-01 5.910617652298316704e-01 6.620499180672689832e-01 6.944616344982191825e-01 7.298210045135395951e-01 7.657201605034891223e-01 8.508062236392639477e-01 8.670197848436305144e-01 9.068099987503436266e-01 9.312394611454976046e-01 9.356895138866733186e-01 1.031111270057189833e+00 1.033350079744353556e+00 1.140421211986820449e+00 1.159626752993846877e+00 1.281760794170662798e+00 1.335065919757333797e+00 1.385885811209897289e+00 1.587004057956752145e+00 1.694945206835969387e+00 1.845244932235692303e+00 1.862826658335341445e+00 2.110981066523702321e+00 2.381824893915124086e+00 2.646858424402225740e+00 2.729603500477934652e+00 3.165556756145636363e+00
3.614032166914236677e-01 3.804885569614818164e-01 4.749820630812853217e-01 5.753596975194245067e-01 5.770743329718822645e-01 6.591842472820516052e-01 6.895954241556555564e-01 7.213445368713823358e-01 7.777771519252496546e-01 8.350541757203762128e-01 8.663884907455556839e-01 9.146928785586099231e-01 9.266356785736774571e-01 9.472963624103664104e-01 1.030708670316226039e+00 1.036350022530457160e+00 1.125296439721013453e+00 1.142746972827315854e+00 1.287868279602139232e+00 1.327181981369839781e+00 1.409339102409745248e+00 1.554768796415493037e+00 1.658696768702381030e+00 1.845010589527936951e+00 1.863074040647795915e+00 2.165651018045073428e+00 2.394594868479886784e+00 2.657768750476646957e+00 2.777816931069257755e+00 3.146733141958756086e+00
3.656992519328181590e-01 3.978979285800476884e-01 5.223055791829585015e-01 5.544686251243493569e-01 5.757403001396772524e-01 6.527379805919945044e-01 6.869254639339634760e-01 7.096758681332399066e-01 7.870196371273925351e-01 8.224901327856568578e-01 8.702772308538377910e-01 9.163620961968361733e-01 9.288828252552604470e-01 9.566011641074575467e-01 1.027756663372384915e+00 1.034961285261720931e+00 1.096393330484985329e+00 1.145588140162891344e+00 1.293130212282696201e+00 1.326938223954661877e+00 1.437122583313284574e+00 1.526188872061837731e+00 1.637852612374658623e+00 1.844696429143992455e+00 1.863397512834307213e+00 2.165484417137808926e+00 2.435903573634714991e+00 2.684516231487365179e+00 2.825564734835618097e+00 3.120444190669501960e+00
3.717103825819980667e-01 4.184059644533492106e-01 5.299964292820388279e-01 5.494352513411168148e-01 5.787990724823196542e-01 6.433409398341913832e-01 6.859976019022672178e-01 7.001167434029627046e-01 7.868078497188688569e-01 8.202323257362720277e-01 8.749768857896018659e-01 9.147860912015934876e-01 9.327083776680823446e-01 9.626775125896022134e-01 1.024994303755896397e+00 1.030008598788739294e+00 1.081597219172062641e+00 1.148559846176885113e+00 1.293349894890467144e+00 1.338306263915339134e+00 1.450405468602517178e+00 1.513730215837380655e+00 1.628975543509753932e+00 1.844314835350287396e+00 1.863777369094936409e+00 2.136026924093345603e+00 2.477511847704685799e+00 2.728564329948925060e+00 2.866464190731439210e+00 3.086528489613195703e+00
3.779507644922134868e-01 4.391591230070638341e-01 5.049816394648649620e-01 5.576615150357335793e-01 5.858044481904579603e-01 6.356914131752468000e-01 6.859372994209894658e-01 6.959668634168098000e-01 7.789659885338924283e-01 8.270943972421797019e-01 8.787899887751869921e-01 9.096439171544178359e-01 9.332103217754328384e-01 9.654002972229227542e-01 1.022659659452595848e+00 1.025348055523019442e+00 1.091576036127960947e+00 1.151232219457811068e+00 1.292541713334628417e+00 1.351961775243006203e+00 1.426449542536320170e+00 1.527598722325905101e+00 1.629815108357610898e+00 1.843879945825780631e+00 1.864192188233453340e+00 2.100120566740901751e+00 2.506546453794553653e+00 2.777774548197842197e+00 2.898066125367554591e+00 3.046150918091694138e+00
-3.277442448257609775e-01 2.077486660152601805e-01 5.400625530062382884e-01 6.630219107144684765e-01 6.754680744781432766e-01 6.863504492490720699e-01 7.320882399953148045e-01 7.436140498886011363e-01 7.505822396784077588e-01 8.056051148336466072e-01 8.636129186977521410e-01 9.190878782666568325e-01 1.042547106375689925e+00 1.058371059860010677e+00 1.078844280223507868e+00 1.164766717063629109e+00 1.373138801839560719e+00 1.400225325056321024e+00 1.413315316766564855e+00 1.495948348719202237e+00 1.600012675009384377e+00 2.040155454059443763e+00 2.297363036193760255e+00 2.418221362198361035e+00 2.495181179053141740e+00 2.514394115298994148e+00 2.665896537192666838e+00 2.884041654739195160e+00 3.382059282866812566e+00 3.510698623065626744e+00
-3.441175085646709930e-01 2.550344005034093642e-01 5.363941836371143301e-01 6.268108389801665403e-01 6.736870405869602729e-01 7.060057567698934111e-01 7.344668989152893790e-01 7.447868460672256719e-01 7.621917831160870405e-01 8.188731895744839617e-01 8.609160113579114038e-01 9.163482945484798803e-01 1.039781670235058852e+00 1.069198165523981725e+00 1.075760680878885545e+00 1.167849879000060431e+00 1.391141061213299501e+00 1.395090982378434097e+00 1.412327877866120129e+00 1.484082972581680426e+00 1.601998651751029401e+00 2.058849441682469639e+00 2.303488929228159954e+00 2.423750699467337899e+00 2.491988630943172467e+00 2.507723902363176993e+00 2.667158413435210207e+00 2.887438526533549599e+00 3.395395641485075444e+00 3.508519977445849758e+00
-3.589400403148577112e-01 2.969500811993214251e-01 5.322169296702601304e-01 5.834468988958625424e-01 6.693197720674040063e-01 7.181554367769932279e-01 7.345361346113066237e-01 7.467280931675841504e-01 7.756696231778207329e-01 8.366321307927885309e-01 8.570020711291618243e-01 9.152727021389971407e-01 1.038472188687743269e+00 1.060643480507767134e+00 1.094194480339190978e+00 1.170751482340534055e+00 1.385976834646749811e+00 1.400849621552157975e+00 1.414002685176498630e+00 1.470629983519516237e+00 1.615065557858430312e+00 2.077746334832936359e+00 2.306029709077245027e+00 2.429848552051485644e+00 2.493924062044932555e+00 2.505639425477695692e+00 2.668832659281920261e+00 2.881793781141413380e+00 3.409930773167990203e+00 3.508505361021731161e+00
-3.725443172594005148e-01 3.346095047976300751e-01 5.282847828334417128e-01 5.350136990605534049e-01 6.644528757514557293e-01 7.249376480447227156e-01 7.336438224113110973e-01 7.496747731688457872e-01 7.874039839682916986e-01 8.516978078616090908e-01 8.554120822281551240e-01 9.160215428798087478e-01 1.040723773640510164e+00 1.052646026087734166e+00 1.109350178603911941e+00 1.173718068052905350e+00 1.375952250909661778e+00 1.397349992255826567e+00 1.415734085398623110e+00 1.454473033258801840e+00 1.641599257783936894e+00 2.095765305504625697e+00 2.306059729457648810e+00 2.436073303189283390e+00 2.498482211048557389e+00 2.511239885621420420e+00 2.670673527962403870e+00 2.867552495399126045e+00 3.424879917988413069e+00 3.511149001453907736e+00
-3.848781162126517219e-01 3.683385745263749733e-01 4.837363783547593554e-01 5.251208993006466486e-01 6.595761105416624304e-01 7.253210760733020956e-01 7.318691489026413199e-01 7.556642423671661168e-01 7.953982179166815270e-01 8.464219828409109692e-01 8.749377491063741186e-01 9.183321641526830392e-01 1.038003884576972569e+00 1.052298235840397167e+00 1.116619348025632119e+00 1.176732560046138909e+00 1.365926150343784062e+00 1.383911201443702943e+00 1.417028454122982062e+00 1.440679452807744454e+00 1.673151238863760604e+00 2.112766846588320924e+00 2.304877084156654821e+00 2.441738196439360742e+00 2.501564190386043940e+00 2.527315472620278225e+00 2.672385655048755027e+00 2.846298741457967463e+00 3.438905736501488786e+00 3.516897641295703814e+00
-3.956502739985855999e-01 3.981432419901503317e-01 4.327060678197302557e-01 5.227204575401425135e-01 6.549263193363585867e-01 7.200348147328832216e-01 7.302836158958982971e-01 7.621306962660832074e-01 7.979718098289793060e-01 8.431823688984204646e-01 8.956845737628491566e-01 9.221262953529885120e-01 1.029999296486172611e+00 1.057306790000959174e+00 1.112948166030773622e+00 1.179727717333624026e+00 1.356056641189497425e+00 1.370662071295781104e+00 1.417895102277417996e+00 1.431013380484569941e+00 1.700967085245121968e+00 2.129020531252234338e+00 2.303277357685477256e+00 2.446469675177600944e+00 2.504734244813754618e+00 2.549408065168216719e+00 2.673635802553468999e+00 2.820480612219887995e+00 3.450695225155625323e+00 3.525592573966248811e+00
-4.044823804961101277e-01 3.855511942989967578e-01 4.238455425098508478e-01 5.205788990236774882e-01 6.506710954691217186e-01 7.126266763653560377e-01 7.295260729901481556e-01 7.671001993583550504e-01 7.949231507753695691e-01 8.431074377678940968e-01 9.124193640307696196e-01 9.287360923216751996e-01 1.022062901350013986e+00 1.060433619972511732e+00 1.100431174597629180e+00 1.182735488333836793e+00 1.346932703227405659e+00 1.365971438571351504e+00 1.418006803619746625e+00 1.423508650443594759e+00 1.721099262722487255e+00 2.144339516868202011e+00 2.301474996045869581e+00 2.450211051274990837e+00 2.508029726645153445e+00 2.573827318346266324e+00 2.674183621853536863e+00 2.793033250642296128e+00 3.459736058192038666e+00 3.535828011779243774e+00
-4.110295570036874846e-01 3.465128077666765893e-01 4.448149773139169483e-01 5.180397107190692907e-01 6.470428086369544030e-01 7.057673537443720502e-01 7.296490483149030704e-01 7.715507231086637940e-01 7.889442951026842676e-01 8.447592677512105741e-01 9.192857043005472351e-01 9.375610493810656587e-01 1.015437793535425737e+00 1.060895091317319627e+00 1.086986594226488023e+00 1.185474479519663893e+00 1.340085110963322723e+00 1.369746129092696219e+00 1.413410316325626415e+00 1.420117068822420281e+00 1.733477028824838229e+00 2.157606249979794999e+00 2.299555878946415444e+00 2.452936919950826855e+00 2.510879920830308976e+00 2.597320619087207572e+00 2.674066279033874505e+00 2.767213874756681236e+00 3.466182930177555743e+00 3.545309368597205246e+00
-4.150465785031817734e-01 3.202254586407546344e-01 4.595899398652946166e-01 5.151371539679880929e-01 6.444809063318833742e-01 7.009715486179100008e-01 7.303938864304158063e-01 7.754510524805732219e-01 7.836591839201759724e-01 8.463439834062382872e-01 9.204728882387172018e-01 9.417980402355528025e-01 1.010925371034469000e+00 1.062694122793613527e+00 1.077028591606049135e+00 1.187413086695432662e+00 1.335879332034178635e+00 1.378589285316097257e+00 1.404282190691653831e+00 1.419947424808870817e+00 1.739774082373145125e+00 2.166921353212443169e+00 2.297914191347455670e+00 2.454592769613958225e+00 2.512794996218482790e+00 2.615858108456482256e+00 2.673651454099768454e+00 2.747206570823938154e+00 3.470146831883595961e+00 3.551900082590112806e+00
-4.163992253108060315e-01 3.108719621577537007e-01 4.652284021688691262e-01 5.136130566690564336e-01 6.435380034984925501e-01 6.992393604067190793e-01 7.308476581250692439e-01 7.768673829020003030e-01 7.818516494807031814e-01 8.469565108566365907e-01 9.201215012713053198e-01 9.425168816754340151e-01 1.009296189503034347e+00 1.067284435419070032e+00 1.070222513240973949e+00 1.188113863192531205e+00 1.334449878996792238e+00 1.385881075794399564e+00 1.397190314740056838e+00 1.419959252350099677e+00 1.741654303264751125e+00 2.170318690815150386e+00 2.297240349522166714e+00 2.455146569497040243e+00 2.513468237542665129e+00 2.623400414425372418e+00 2.673432015432574804e+00 2.739166284927570860e+00 3.471500900673090140e+00 3.554246405358979288e+00
-4.142023522644787126e-01 3.114509043016686629e-01 4.506229076891969942e-01 5.273189975346631586e-01 6.429420035311409487e-01 6.985471064042882983e-01 7.195714425447644613e-01 7.761201339911378838e-01 7.899504593139111686e-01 8.468806041076699653e-01 9.113065549379554264e-01 9.389921868610819899e-01 1.009778397960318541e+00 1.041728310476809138e+00 1.107987468072042514e+00 1.187345911075439187e+00 1.326192484742515498e+00 1.348001892989181272e+00 1.419880821263054260e+00 1.441726904571469348e+00 1.744953503907033854e+00 2.153378229396764709e+00 2.297576094292056670e+00 2.449790730937948524e+00 2.517213867078508471e+00 2.631267035883519956e+00 2.673125681632859685e+00 2.736113269621984312e+00 3.467368544665674790e+00 3.554762299825843463e+00
-4.076540210955138521e-01 3.138855612066687173e-01 4.250529156978013479e-01 5.500693533964038373e-01 6.402933501307085384e-01 6.932707578156629413e-01 7.002262095355836768e-01 7.733424335155999474e-01 8.042507798692635212e-01 8.470376242563516511e-01 8.779951644250822973e-01 9.440606824938901909e-01 1.011170700755837704e+00 1.023222783697466109e+00 1.150768466270297274e+00 1.185110439145778516e+00 1.290961098152230591e+00 1.338061982464591626e+00 1.422642684103515132e+00 1.484075331907886097e+00 1.752414813217023859e+00 2.111944057582104239e+00 2.292355078077258579e+00 2.439073803414653963e+00 2.524477528583341179e+00 2.650856636598978522e+00 2.673965542309019394e+00 2.726779315731110209e+00 3.455971148485419420e+00 3.555780615052100746e+00
-3.968790087650594378e-01 3.197500064189566782e-01 3.996716292561640627e-01 5.705169032036302434e-01 6.315291506211787587e-01 6.733565330020482298e-01 6.942532066715587646e-01 7.690797137283181817e-01 8.155618365385917112e-01 8.313137010116244952e-01 8.535724004214416683e-01 9.557385427817994827e-01 1.000765916179694903e+00 1.013426462989942323e+00 1.180670526002901566e+00 1.187994051676758422e+00 1.268382225228393612e+00 1.334251615023978488e+00 1.426467108518532090e+00 1.519922129259615007e+00 1.759540111654215089e+00 2.058647210138018213e+00 2.277107570885195997e+00 2.429256944667443019e+00 2.531483689013573013e+00 2.667254596920911602e+00 2.683632530100962477e+00 2.712746115869328012e+00 3.439468807676199447e+00 3.556446541775371450e+00
-3.820914168009074130e-01 3.300246597133689730e-01 3.775284673417527714e-01 5.856653277783253619e-01 6.101127395896838168e-01 6.608889644530719920e-01 6.864628137024987309e-01 7.622459323785406582e-01 7.910882119033639803e-01 8.203166396870452681e-01 8.627137672831869386e-01 9.615462628172700699e-01 9.775090958880952030e-01 1.016412906354495993e+00 1.176252549029605632e+00 1.207781431209687728e+00 1.271656994196361135e+00 1.330311951642477286e+00 1.431031491058636362e+00 1.551296477894255066e+00 1.765973885454494852e+00 1.998743084248369994e+00 2.256130953163578035e+00 2.421801306803056164e+00 2.537375663953906457e+00 2.670974172587553319e+00 2.682691841264678523e+00 2.717596995252314684e+00 3.420065461968515574e+00 3.556428018916576228e+00
-3.636491376936118458e-01 3.435138041254405805e-01 3.602497696158126761e-01 5.782714518298669448e-01 5.959220408059551222e-01 6.554672723357177766e-01 6.707375569072588917e-01 7.417162133618211417e-01 7.707359840305372245e-01 8.198761053201938376e-01 8.776774687786120799e-01 9.285139682341483347e-01 9.878838725207984561e-01 1.020286150965512340e+00 1.170532306960480939e+00 1.213945308986867033e+00 1.289277218763464905e+00 1.326021074806349009e+00 1.435836311624219652e+00 1.580166209753726347e+00 1.777467369059266389e+00 1.934600302043227193e+00 2.234755854006428066e+00 2.416013100270685943e+00 2.541921409716610736e+00 2.645380337211407529e+00 2.688551095955195702e+00 2.737356417338573156e+00 3.399692568912285662e+00 3.555911777551637343e+00
-3.422208089318717894e-01 3.481149899186008478e-01 3.576330614197759661e-01 5.443204394712403138e-01 5.996043234643332331e-01 6.427043596708362783e-01 6.524655254389589709e-01 7.156234836835492219e-01 7.647233188720010677e-01 8.172820793096877701e-01 8.862764919864044577e-01 9.029335330201417875e-01 9.998287165716360780e-01 1.025404874586817616e+00 1.164426171181682346e+00 1.211030406966374207e+00 1.306920120805430630e+00 1.321690466630872640e+00 1.440417297806454000e+00 1.608354265530167249e+00 1.797234074340708698e+00 1.873796805667235388e+00 2.213987258668875580e+00 2.411222475547930788e+00 2.545130718502569334e+00 2.608982181679788237e+00 2.701026725316196586e+00 2.752759995248771130e+00 3.380074920675864014e+00 3.555263101069194409e+00
-3.191516409788119346e-01 3.425563450059255777e-01 3.677665596437054707e-01 5.101496580117333979e-01 5.992892108717909894e-01 6.053778832041986080e-01 6.505567434778545266e-01 6.912078762385255315e-01 7.573229856651886305e-01 8.143322863782097576e-01 8.713627666389273108e-01 9.155266656545358872e-01 1.007884350420338526e+00 1.031710731291047178e+00 1.158497809578975968e+00 1.194835125846222867e+00 1.315481433098876884e+00 1.326117971700906395e+00 1.444385965683665729e+00 1.637881138528402891e+00 1.794856704689834714e+00 1.853275913287720567e+00 2.192150945868495793e+00 2.407194923381848817e+00 2.547288974401769490e+00 2.571228519222618747e+00 2.713136346377097219e+00 2.762930024497310288e+00 3.362803207864518029e+00 3.554758111137473087e+00
-2.970590883503311797e-01 3.422351286039872487e-01 3.728815342086115314e-01 4.790376183994064507e-01 5.647378604708981342e-01 5.968506981856207538e-01 6.495615508651901848e-01 6.667141225147679151e-01 7.485323605509790479e-01 8.120219249969250486e-01 8.731823066437460756e-01 9.294079327978409522e-01 1.012038472781837228e+00 1.037587518342403259e+00 1.152021774739549587e+00 1.167023361156848349e+00 1.312323557784360384e+00 1.342940303131660906e+00 1.447439191387611235e+00 1.668113962097305780e+00 1.758994544974752827e+00 1.883182950477347850e+00 2.168780005713972336e+00 2.404004951392823219e+00 2.537804245469281295e+00 2.548901687509304459e+00 2.721652129816061194e+00 2.769592814947029247e+00 3.349301991318907046e+00 3.554485636239679280e+00
-2.802831219257210238e-01 3.452521643361873283e-01 3.735327635351951003e-01 4.555780635490184194e-01 5.308553124317841876e-01 5.942218866439901159e-01 6.485680209987353395e-01 6.493501348673104134e-01 7.426588504477746877e-01 8.106011662506634741e-01 8.857357977293781603e-01 9.387768979920616541e-01 1.013168005422838913e+00 1.041318819114337879e+00 1.131500947344906249e+00 1.153882473679075593e+00 1.310006060797588301e+00 1.356102511618489048e+00 1.449359066508028260e+00 1.694433278884312166e+00 1.732156615937413102e+00 1.912212713114080476e+00 2.147843223744039243e+00 2.401901322936403016e+00 2.514872775638835822e+00 2.549802945057187298e+00 2.725668335626419747e+00 2.773946984448071529e+00 3.340711701472826700e+00 3.554389139885581805e+00
-2.738775664206629656e-01 3.473066346569653740e-01 3.729334132187963058e-01 4.463959237215893161e-01 5.173885861940537012e-01 5.931380312986158643e-01 6.424413299340325789e-01 6.490632502057664954e-01 7.407397696082571592e-01 8.101177088101767509e-01 8.931151098663021592e-01 9.420663716174934033e-01 1.012890449519639802e+00 1.042521654098406358e+00 1.118635972452815430e+00 1.152302648871567303e+00 1.309198671500577671e+00 1.361011585688058911e+00 1.450013764500817537e+00 1.711315234466687096e+00 1.716423796415902148e+00 1.924138253552351685e+00 2.138741627198062378e+00 2.401159274536860178e+00 2.506665067312985773e+00 2.550140451916427686e+00 2.726654222206400302e+00 2.775567784368630608e+00 3.337764599259912757e+00 3.554371708812535946e+00
1.351503473062648231e-01 3.092435211331561185e-01 3.632883996349997036e-01 5.434549590640315175e-01 5.803172166425819567e-01 6.525463361561014697e-01 6.805755487934297410e-01 7.035393396938472987e-01 7.436585816868511722e-01 7.640183655601926471e-01 7.951827750244835347e-01 8.111308361752812557e-01 9.681884150168325043e-01 1.015696260867473999e+00 1.032238072436645560e+00 1.095389540486351176e+00 1.131862123038257950e+00 1.148346325096701648e+00 1.154688577478098388e+00 1.281677185902930116e+00 1.351408096278992277e+00 1.588123503152056637e+00 1.780271766711668535e+00 1.836863042543564584e+00 1.870822828932473536e+00 2.282746493212210570e+00 2.678956619314227794e+00 2.722212216920651517e+00 2.782522929174588544e+00 3.162411980801645317e+00
1.414244934054330882e-01 2.910693923020955531e-01 3.584941338888091300e-01 5.312314927547131527e-01 5.897301087580761880e-01 6.427849395211148176e-01 6.819151093945056141e-01 7.044186366971280089e-01 7.405852955977059171e-01 7.451158415045643357e-01 7.930985632160496568e-01 8.104337187913187579e-01 9.732963947223837176e-01 1.015573742893872922e+00 1.046410189470169394e+00 1.094922970027478293e+00 1.124731467060715584e+00 1.148740216698227901e+00 1.156251508018074192e+00 1.282847903178746085e+00 1.352206197052003400e+00 1.585587218166628842e+00 1.777812755351370511e+00 1.877038143211356758e+00 1.905576634312682982e+00 2.283341585125518325e+00 2.678531291621096599e+00 2.722487591347169555e+00 2.784692577785878420e+00 3.163088124046748995e+00
1.581523107950158491e-01 2.559804154414025978e-01 3.422282914872665227e-01 5.181484348576641530e-01 6.060727512033244890e-01 6.144483796879504078e-01 6.833145743927344640e-01 7.067262813227339624e-01 7.167939643401086691e-01 7.350686701862365613e-01 7.892386716852997086e-01 8.132089504339585773e-01 9.869785366719310282e-01 1.014996319995725482e+00 1.067089682023439456e+00 1.092811899064927150e+00 1.115269727441047021e+00 1.150732888632327588e+00 1.160965072115677232e+00 1.288164897943409715e+00 1.354744239686036744e+00 1.580031686888316189e+00 1.775145549929187272e+00 1.972829456675268212e+00 1.995910354517147711e+00 2.286121160228886673e+00 2.677274186782539811e+00 2.723306452156688984e+00 2.792608097029751768e+00 3.165830670606862185e+00
1.813975968092536306e-01 2.696142181012903816e-01 3.209081360126371241e-01 5.239785028406541700e-01 5.753031355906540467e-01 6.274198233713935702e-01 6.787240327143442276e-01 7.098147561985646004e-01 7.154600227498215670e-01 7.349882878331460700e-01 7.864958303821446561e-01 8.180415460713761355e-01 1.005954500339592217e+00 1.013994283570979427e+00 1.076060437901026789e+00 1.090088630898194966e+00 1.119063866847809896e+00 1.154778343686160502e+00 1.169158971870939423e+00 1.299463329417053226e+00 1.359520848300476370e+00 1.573102499524404507e+00 1.772713242987075555e+00 2.085699253544067933e+00 2.111572080198732326e+00 2.295962373038632265e+00 2.675245212670650741e+00 2.724600438835920624e+00 2.810771806610016021e+00 3.172770001886208391e+00
2.080616554572459753e-01 3.116882947428378237e-01 3.502416811305394950e-01 5.392995032846076287e-01 5.424794055482681232e-01 6.533035683125358872e-01 6.804383812310492718e-01 7.137817501838986667e-01 7.365957136045155895e-01 7.512352962162687220e-01 7.857173729474733470e-01 8.263496001478557451e-01 1.013515465005384364e+00 1.027003610229594743e+00 1.076270330150002064e+00 1.088777398735054414e+00 1.142663575341734461e+00 1.160213648244945439e+00 1.182955607808700460e+00 1.315241395244709288e+00 1.367809235671824775e+00 1.564948442912003967e+00 1.770014986343186214e+00 2.174271213490484911e+00 2.222509349102793408e+00 2.329390368556261137e+00 2.672556229962566032e+00 2.726187477381895707e+00 2.846718179195374177e+00 3.187270856013349363e+00
2.343479520174165942e-01 3.187308976505621172e-01 3.903674972937042909e-01 5.388571440426993542e-01 5.603773889411092224e-01 6.700721282730565109e-01 6.943440469812912630e-01 7.178682449226061468e-01 7.682201128764621911e-01 7.930120749974992611e-01 7.944073095621386749e-01 8.554333368147986061e-01 1.014219604753872295e+00 1.047363513761993215e+00 1.075631428819868951e+00 1.087089687667925242e+00 1.169892375459077538e+00 1.177472898872497842e+00 1.224026565943317824e+00 1.331992985165600496e+00 1.382960551790773929e+00 1.556028638201231606e+00 1.767000848256412793e+00 2.210395344002487938e+00 2.306970468896930360e+00 2.398190599787344723e+00 2.669391101414193113e+00 2.727866512521416542e+00 2.907456081711095930e+00 3.213110190596422999e+00
2.561124572371861197e-01 3.362019320625687091e-01 3.459082221119624823e-01 5.629606123401472706e-01 5.745425038644587090e-01 6.765277781487267772e-01 7.114901531763019316e-01 7.206414034872515861e-01 7.744552087170253341e-01 8.103358099706751139e-01 8.395633950009442348e-01 9.393101577653795164e-01 1.015552181698723633e+00 1.065795238509819054e+00 1.082004196030698306e+00 1.084323318566241090e+00 1.196531838069286646e+00 1.197503002340960965e+00 1.326248414759273020e+00 1.346423891548293339e+00 1.413452416437877890e+00 1.549235548634330994e+00 1.763810583792023490e+00 2.217567367529400091e+00 2.357415057901166566e+00 2.469577861887814141e+00 2.666027021393088781e+00 2.729539576750810159e+00 2.991719187119962875e+00 3.252515678242187569e+00
2.651185663689664129e-01 2.722103870013762861e-01 3.586440540979312641e-01 5.734990234823633681e-01 5.864533402916333182e-01 6.800798290446280481e-01 7.218348937498736406e-01 7.262910704300481468e-01 7.744705841379798672e-01 8.175933202877737616e-01 8.716526077976204379e-01 9.982341994420798059e-01 1.016258784035436680e+00 1.080640150401438904e+00 1.082020426554649140e+00 1.100406534441963347e+00 1.214567973461919470e+00 1.258900511874487593e+00 1.357797379667957882e+00 1.447163422703980684e+00 1.481326213558444405e+00 1.567890852358473808e+00 1.760796932889129307e+00 2.215385053292838968e+00 2.379931543065555211e+00 2.521833830741658566e+00 2.662815244445019047e+00 2.731182890968384402e+00 3.088373430853568635e+00 3.303833963907927718e+00
1.406691333574422997e-01 2.839237111731862662e-01 3.821548523077999970e-01 5.739492513763579939e-01 5.970836418206987295e-01 6.840215125633456461e-01 7.214985693651773113e-01 7.384020123449536177e-01 7.745833440564083849e-01 8.226193168665745237e-01 8.902418648907599596e-01 1.012808631684655403e+00 1.014917191850571720e+00 1.076581159432279389e+00 1.087851574128121168e+00 1.122048874046262190e+00 1.231807871145455424e+00 1.319810901279185433e+00 1.367222985041087080e+00 1.481137993814028109e+00 1.614686369400236021e+00 1.692168008273940316e+00 1.760569586017089128e+00 2.209674375004704316e+00 2.384948349762588737e+00 2.553370691033350681e+00 2.660046924234739318e+00 2.732777651973577804e+00 3.184414200536901163e+00 3.361287584714376830e+00
-1.663253928053223807e-01 2.926773929115554229e-01 4.042356718523392178e-01 5.682756258583938624e-01 6.066922920283233100e-01 6.895148927165257735e-01 7.198089191479999371e-01 7.480322500546497944e-01 7.757255409653035505e-01 8.272133712578401132e-01 9.006520568595007825e-01 1.010182206961576012e+00 1.015212384398049617e+00 1.073003411705476307e+00 1.087304986919516381e+00 1.139607529832717514e+00 1.249353750705543220e+00 1.354713898704797748e+00 1.375483643860831329e+00 1.471705901549897888e+00 1.750233621486363411e+00 1.789112098705174958e+00 1.873302502392348634e+00 2.202623918721051677e+00 2.381007706354759446e+00 2.569710821537113610e+00 2.657774239545051209e+00 2.734288650965779333e+00 3.270590830899506418e+00 3.417519728674586865e+00
-2.647370714366504840e-01 2.992907696859899991e-01 4.234670373713356750e-01 5.585329811851995618e-01 6.153841490660335589e-01 6.966375741711337000e-01 7.171263936153755569e-01 7.556141784007106565e-01 7.777870667341687527e-01 8.318107707921003069e-01 9.065321710358289486e-01 1.001300776018783756e+00 1.014740405586991301e+00 1.070652392742326597e+00 1.083759819997260676e+00 1.154261025866000656e+00 1.266953845431823877e+00 1.375892437350818343e+00 1.383216612431084735e+00 1.455644193433049072e+00 1.748644800265118926e+00 1.966139408783364129e+00 2.042253171927764122e+00 2.195912507786811574e+00 2.374442646874866725e+00 2.577688601862175855e+00 2.655919131777119357e+00 2.735669812758481978e+00 3.341781865721951572e+00 3.466392663777075889e+00
-3.259035384360335907e-01 3.041495761053318314e-01 4.391209938944910518e-01 5.465062167840150087e-01 6.233533455758427655e-01 7.041163379916803855e-01 7.145096354717775933e-01 7.618247928361988608e-01 7.800402646624943204e-01 8.363622524829257276e-01 9.100425211566350869e-01 9.887221566283627139e-01 1.013444751918462394e+00 1.069633075203981987e+00 1.079107190517534676e+00 1.166341138886087814e+00 1.284287496815011309e+00 1.386542155155775502e+00 1.393989639023230254e+00 1.438079542053893434e+00 1.746369330304634371e+00 2.123543335934847676e+00 2.173704024042197425e+00 2.209671276185711353e+00 2.371925174550749915e+00 2.583409652785395583e+00 2.654673354879597991e+00 2.736873055924678777e+00 3.395967051210592835e+00 3.504266207060100058e+00
-3.676272920430532776e-01 3.074791863577578943e-01 4.509476123825566507e-01 5.341404563302135644e-01 6.307080649755948398e-01 7.061992884833804274e-01 7.170851518489024246e-01 7.671751889725790807e-01 7.817381305365227462e-01 8.405524637182075764e-01 9.125911331940271820e-01 9.740290178772282870e-01 1.011949507649977154e+00 1.069518071782471491e+00 1.074487176333800864e+00 1.175821575133880525e+00 1.300975942424156262e+00 1.391504903599470877e+00 1.405116078081328546e+00 1.420669509892959814e+00 1.744385804084790825e+00 2.178138864736680169e+00 2.238154348320710252e+00 2.321384151562314813e+00 2.388052391740590696e+00 2.592105487533985286e+00 2.654873731591611108e+00 2.737854404606634873e+00 3.433461709929829908e+00 3.530123263144959722e+00
-3.952877528723652834e-01 3.095185596824935881e-01 4.590472451246375152e-01 5.234383920426594061e-01 6.371433715210359505e-01 7.031955561991493076e-01 7.238268270597062459e-01 7.717646666599036198e-01 7.824819610120581359e-01 8.439576169173703679e-01 9.151885318952449611e-01 9.594386000359429456e-01 1.010590158315008091e+00 1.069796820764383982e+00 1.070662160389332485e+00 1.182637518166153479e+00 1.316394414868036211e+00 1.394720272688589224e+00 1.404554668778239090e+00 1.413297701390078931e+00 1.742890382966482354e+00 2.174099471410579909e+00 2.285643013788047462e+00 2.402720653482133262e+00 2.440435891642738220e+00 2.606288994700963979e+00 2.658572190730227547e+00 2.738577860651240314e+00 3.456403272982441433e+00 3.545214706686412587e+00
-4.111975631406032394e-01 3.105609215633286513e-01 4.637121302904334552e-01 5.161814244690338116e-01 6.417970924381632969e-01 7.003629273126094068e-01 7.289693452934840057e-01 7.753077445296281400e-01 7.822747996859541475e-01 8.461827856654582369e-01 9.182436813964577338e-01 9.476138603949340045e-01 1.009638635578919530e+00 1.068155642363728175e+00 1.070099961111204978e+00 1.186742972967729681e+00 1.328958824709690845e+00 1.391529697844205105e+00 1.396580540021744143e+00 1.418282420753170125e+00 1.741966427103634807e+00 2.171294375637539353e+00 2.295737222701810687e+00 2.443686258317635751e+00 2.493369437784256348e+00 2.619206943154140266e+00 2.667528000834968438e+00 2.739018776673725952e+00 3.468051459790731261e+00 3.552299015044920960e+00
-4.163992253108060315e-01 3.108719621577537007e-01 4.652284021688691262e-01 5.136130566690564336e-01 6.435380034984925501e-01 6.992393604067190793e-01 7.308476581250692439e-01 7.768673829020003030e-01 7.818516494807031814e-01 8.469565108566365907e-01 9.201215012713053198e-01 9.425168816754340151e-01 1.009296189503034347e+00 1.067284435419070032e+00 1.070222513240973949e+00 1.188113863192531205e+00 1.334449878996792238e+00 1.385881075794399564e+00 1.397190314740056838e+00 1.419959252350099677e+00 1.741654303264751125e+00 2.170318690815150386e+00 2.297240349522166714e+00 2.455146569497040243e+00 2.513468237542665129e+00 2.623400414425372418e+00 2.673432015432574804e+00 2.739166284927570860e+00 3.471500900673090140e+00 3.554246405358979288e+00
