0.000000000000000000e+00
2.494457893424286213e-02
4.988915786848572426e-02
7.483373680272858985e-02
9.977831573697144851e-02
1.247228946712143072e-01
1.496674736054571797e-01
1.746120525397000245e-01
1.995566314739428970e-01
2.245012104081857696e-01
2.494457893424286143e-01
2.743903682766714591e-01
2.993349472109143594e-01
3.242795261451572042e-01
3.492241050794000490e-01
3.767982302249479054e-01
4.043723553704957618e-01
4.319464805160435628e-01
4.595206056615914192e-01
4.595206056615914192e-01
4.855615619145242645e-01
5.116025181674570543e-01
5.376434744203899552e-01
5.636844306733227450e-01
5.897253869262555348e-01
6.157663431791884356e-01
6.418072994321212255e-01
6.678482556850540153e-01
6.938892119379869161e-01
7.199301681909197059e-01
7.459711244438524957e-01
7.720120806967853966e-01
7.980530369497181864e-01
8.240939932026509762e-01
8.496621441471475800e-01
8.752302950916441837e-01
9.007984460361408985e-01
9.263665969806375022e-01
9.519347479251341060e-01
9.775028988696308208e-01
1.003071049814127313e+00
1.028639200758624028e+00
1.054207351703120743e+00
1.079775502647617236e+00
1.105343653592113951e+00
1.130911804536610443e+00
1.156479955481107158e+00
1.182048106425603873e+00
1.182048106425603873e+00
1.206613434297845178e+00
1.231178762170086483e+00
1.255744090042328009e+00
1.280309417914569314e+00
1.304874745786810619e+00
1.329440073659052146e+00
1.354005401531293451e+00
1.378570729403534756e+00
1.403136057275776061e+00
1.427701385148017366e+00
1.452266713020258893e+00
1.476832040892500197e+00
1.501397368764741502e+00
1.525962696636983029e+00
1.550528024509224334e+00
1.575093352381465639e+00
1.599658680253706944e+00
1.623853045546850060e+00
1.648047410839993177e+00
1.672241776133136515e+00
1.696436141426279631e+00
1.720630506719422748e+00
1.744824872012565864e+00
1.769019237305708980e+00
1.793213602598852319e+00
1.817407967891995435e+00
1.841602333185138551e+00
1.865796698478281890e+00
1.889991063771424784e+00
1.914185429064568122e+00
1.938379794357711239e+00
1.962574159650854355e+00
1.962574159650854355e+00
1.985931690138758032e+00
2.009289220626661709e+00
2.032646751114565831e+00
2.056004281602469508e+00
2.079361812090373185e+00
2.102719342578276862e+00
2.126076873066180983e+00
2.149434403554084660e+00
2.172791934041988338e+00
2.196149464529892015e+00
2.219506995017796136e+00
2.242864525505699813e+00
2.266222055993603490e+00
2.289579586481507167e+00
2.312937116969410845e+00
2.336294647457314966e+00
2.359652177945218643e+00
2.383009708433122320e+00
