-5.471461011541526632e-05 3.161901384816709884e-08 4.075229003886179190e-08 6.017195683064263667e-01 6.493712156238369282e-01 7.290365384744141863e-01 7.898747507318015781e-01 1.020752073787214664e+00 1.041071334651070934e+00 1.105314833238299599e+00 1.166493326878209169e+00 1.174110371689361942e+00 1.175757908917671513e+00 1.196210140027318625e+00 1.209396899567456218e+00 1.334113087916067641e+00 1.427322158445305300e+00 1.451891229998224953e+00 1.485479123972805793e+00 1.569875784530915253e+00 1.609844879748595359e+00 1.733199282136272279e+00 2.060653689884097695e+00 2.076729311916001741e+00 2.294451567971286021e+00 2.425269695328147623e+00 2.428740314848154558e+00 2.438483221180128169e+00 2.519650244160670738e+00 3.123985564143282545e+00
-1.340611496897934074e-01 3.598159354296623369e-02 1.254128566751373797e-01 5.909622891643520060e-01 6.530027244093229433e-01 7.312495710803661453e-01 7.993569083289878696e-01 1.019050951943284433e+00 1.028736674443177845e+00 1.104097534460972696e+00 1.160108558168587489e+00 1.173907951497903390e+00 1.201878500685110929e+00 1.213647236168585941e+00 1.237671607972140153e+00 1.347533843287171296e+00 1.450219504471652598e+00 1.464933098625305519e+00 1.484261545299865759e+00 1.566593328515941019e+00 1.607823029730282460e+00 1.731235918551773167e+00 2.052661618920978093e+00 2.069499930646565122e+00 2.290821283119770957e+00 2.416799591882150544e+00 2.426768970933379510e+00 2.433651489944921753e+00 2.510566212063880975e+00 3.121636311634723437e+00
-1.772548278013539869e-01 -1.010336248732896514e-01 1.612694110728940255e-01 6.208217852173469886e-01 6.649641560203323198e-01 7.369278667257874726e-01 8.338153432039457913e-01 1.010286112917439860e+00 1.016819259374852846e+00 1.105040685025138636e+00 1.131767476869990574e+00 1.172678279458727602e+00 1.227103455983540981e+00 1.261428146101996051e+00 1.317027446024651161e+00 1.379535986552547833e+00 1.451693913694247273e+00 1.480177889212534570e+00 1.555550018961977976e+00 1.574394680470548424e+00 1.604116256196216117e+00 1.726691696854742775e+00 2.028875556288298299e+00 2.048077352914507543e+00 2.280449363356337411e+00 2.392116562415658176e+00 2.419167885838044985e+00 2.420604507543660411e+00 2.484373210568085799e+00 3.114758412576307478e+00
-1.760990297363617951e-01 -8.786487995389268002e-02 2.135576899851211463e-01 6.722530902318749613e-01 6.948476193589623318e-01 7.451691830185255272e-01 8.972668154941516594e-01 1.001275851706651121e+00 1.013002201126399493e+00 1.099736089117150817e+00 1.112537770380377156e+00 1.172046988214616947e+00 1.248977421410209176e+00 1.324184035425349570e+00 1.397980210719997451e+00 1.420674660488363772e+00 1.454975093651438289e+00 1.474186047194099292e+00 1.540920442748106245e+00 1.596422924714598235e+00 1.693621168529829024e+00 1.759749181707773280e+00 1.989975180846732972e+00 2.013277670055546587e+00 2.265102014520654183e+00 2.351141859421011837e+00 2.398057476477685412e+00 2.408560686661294081e+00 2.444632220367788822e+00 3.103854250492953604e+00
-7.444366397159292437e-02 2.262857335990470231e-01 2.754924329814221196e-01 6.961623215733344638e-01 7.316295814259756725e-01 7.567776014147717945e-01 9.579655380054834524e-01 9.954514671937897408e-01 1.028408768252426331e+00 1.086040260762486165e+00 1.126756045623082958e+00 1.173181771734680634e+00 1.275880034413304331e+00 1.381555411249720366e+00 1.445601575726684684e+00 1.458265376236486111e+00 1.464590194928488520e+00 1.492630074403589635e+00 1.527992416298691536e+00 1.608174856458118196e+00 1.691611552585631673e+00 1.913004281155356479e+00 1.939573237565856756e+00 1.967026584191537086e+00 2.248840300720903240e+00 2.294504922257589286e+00 2.371088803103367226e+00 2.385299478920302807e+00 2.404110052360280747e+00 3.089736434568023160e+00
1.325132400852452874e-01 3.066965344063824483e-01 4.691589134963825014e-01 7.103965327283333631e-01 7.483731782786975373e-01 7.723247400730989254e-01 9.741072650371299657e-01 9.949419345246010016e-01 1.031746721816440004e+00 1.123015137446702116e+00 1.150899868252658109e+00 1.188067417853953422e+00 1.303777371090915072e+00 1.433062781053546564e+00 1.449440584574255286e+00 1.452309148645872794e+00 1.483946265390636565e+00 1.508199546265656998e+00 1.547913766714959616e+00 1.655997930402569596e+00 1.700195098546042116e+00 1.872454533773824314e+00 1.908899818977557450e+00 2.059820774963682322e+00 2.224785124812013404e+00 2.243029876655695531e+00 2.327018598470592448e+00 2.355628501328198787e+00 2.382199529643683533e+00 3.073487485522629292e+00
2.166663606960893551e-01 3.597179522148730157e-01 6.427326466894289769e-01 7.114382527192415484e-01 7.676076910903887329e-01 7.916737184529846205e-01 9.643237961950789083e-01 1.016289468221915016e+00 1.028728771053709190e+00 1.143814696398642861e+00 1.172246617409741010e+00 1.235333812938219866e+00 1.327057581681703624e+00 1.427850094092899536e+00 1.433986511701862865e+00 1.466967941031228406e+00 1.498448670166300678e+00 1.544786375612215990e+00 1.572791097197953292e+00 1.643428419678836239e+00 1.777845545852830611e+00 1.818851127802872947e+00 1.850149791931291032e+00 2.129525474351422698e+00 2.148804468931590606e+00 2.246996647174226869e+00 2.293592855212651660e+00 2.358668089629152309e+00 2.364885648776976712e+00 3.056393996423408588e+00
2.884309337057355815e-01 4.178974360652994990e-01 6.951535331414006036e-01 7.044511423344419487e-01 8.039175783617101834e-01 8.606752932061371153e-01 9.520154834167194879e-01 1.032222090166203143e+00 1.049529113010119863e+00 1.153364180833837294e+00 1.198025788129870151e+00 1.274622179783487574e+00 1.333980508657162556e+00 1.405843823361488276e+00 1.415691399480221380e+00 1.458931419904502036e+00 1.537337877777309680e+00 1.572228050436230262e+00 1.612113981948189334e+00 1.621192989355624059e+00 1.721225292923914907e+00 1.770011176349532089e+00 1.925797213547066233e+00 2.072664554085349220e+00 2.137525369595966840e+00 2.188653125993007986e+00 2.309375988579472683e+00 2.343836165650798442e+00 2.437199830682327040e+00 3.039838833457913392e+00
3.553012405399820217e-01 4.813697571007025111e-01 6.826338977103438843e-01 6.984996853042771958e-01 8.147236484602191631e-01 9.368358234552208730e-01 9.527142619315596139e-01 1.040574495860927318e+00 1.075558242311126733e+00 1.182627635593041848e+00 1.226057326945079184e+00 1.286832319201832497e+00 1.324618771940377027e+00 1.372300036111894439e+00 1.418166333767922005e+00 1.455183869756492943e+00 1.549873253633992753e+00 1.589292613988521508e+00 1.597279487640819839e+00 1.641469983608540018e+00 1.674686493052446101e+00 1.705195531618476812e+00 2.004740796279397941e+00 2.026351331442675541e+00 2.120425307652143765e+00 2.140698133519041590e+00 2.315892420500224702e+00 2.341739725834063979e+00 2.527815867164582730e+00 3.025122594808003829e+00
4.184790021702917140e-01 5.455067097107855201e-01 6.672859959469886748e-01 6.909107201802566767e-01 8.154426321736777394e-01 9.340981612470667939e-01 9.960995328912258806e-01 1.045133640762810900e+00 1.080885000082873582e+00 1.231201192713895054e+00 1.249384775050182972e+00 1.261488384929997819e+00 1.327323251987178931e+00 1.338964564569863791e+00 1.425878265557348756e+00 1.454798826054792826e+00 1.539061815452921200e+00 1.563775732635246829e+00 1.579789449189620498e+00 1.619117498072980998e+00 1.663851882345920297e+00 1.707059303105598058e+00 1.956737638267662449e+00 2.055497265073737534e+00 2.089127994534877963e+00 2.172197682921964912e+00 2.301718897312452494e+00 2.374095534612710612e+00 2.600415121022410236e+00 3.013187277122761909e+00
4.769851059765726764e-01 5.990402078459438062e-01 6.585785126743659568e-01 6.899248246268711027e-01 8.061146980324566114e-01 9.312917247387877406e-01 1.011848495802635473e+00 1.043948445846033746e+00 1.084637306599298912e+00 1.216294730373282951e+00 1.265180095357848922e+00 1.281045363337189436e+00 1.288867518811721125e+00 1.349016770616569882e+00 1.426046052810143960e+00 1.451273747045148221e+00 1.521398337828823610e+00 1.534174401191969350e+00 1.555135970583927607e+00 1.579986647190846805e+00 1.672513987313960726e+00 1.738365955619233683e+00 1.927028412673655877e+00 1.998072998878076545e+00 2.121478029036126145e+00 2.232416133088971577e+00 2.287559925674508943e+00 2.412644395556509114e+00 2.649288324382185866e+00 3.004288297280294007e+00
5.298015291915508795e-01 6.228981885912071581e-01 6.620567746897091377e-01 7.018537494315694181e-01 7.945463682430281560e-01 9.248788997857428917e-01 1.002513070219683611e+00 1.040735276363414785e+00 1.099553115065045494e+00 1.191847363840787155e+00 1.240629950493326916e+00 1.285670474945761921e+00 1.308245505471222092e+00 1.355163247064205878e+00 1.415221257778505715e+00 1.437208309787502802e+00 1.510009742781029729e+00 1.512885311418136869e+00 1.528933373164649723e+00 1.562211082293707420e+00 1.680695768188357420e+00 1.764163723798670702e+00 1.916411664572617468e+00 1.954618189354459190e+00 2.153313350209352883e+00 2.275340164946832555e+00 2.285916556438015501e+00 2.444623841385691776e+00 2.674734596632046824e+00 2.997839751715242862e+00
5.765191718798459153e-01 6.228795609095557628e-01 6.676560348459602556e-01 7.115270642234442500e-01 7.956826285245388597e-01 9.160579896200760075e-01 9.802444121036306690e-01 1.040204658605440757e+00 1.118996258081965456e+00 1.189020010356934609e+00 1.216281032218260227e+00 1.284891032061184823e+00 1.317265729878659419e+00 1.368424711872881394e+00 1.391493712885455203e+00 1.428081572426558088e+00 1.489943209206709973e+00 1.500253608555276008e+00 1.512178725593352757e+00 1.564126381161843993e+00 1.687229368393895035e+00 1.781545508702507163e+00 1.920800048410111538e+00 1.932269846514609313e+00 2.185156184665237422e+00 2.269498846012157678e+00 2.317518843386786376e+00 2.461197499043805692e+00 2.679948711877832235e+00 2.992688516265818333e+00
5.991852346798467455e-01 6.232926881057546664e-01 6.676581373389162133e-01 7.164013279047315441e-01 8.053859943789068998e-01 9.172416165318404424e-01 9.540493348449398114e-01 1.046004367328892348e+00 1.137923266982348247e+00 1.202681207265915209e+00 1.209387443341331414e+00 1.265386418224471621e+00 1.316275712203325510e+00 1.360015022683713104e+00 1.401666470466305325e+00 1.429632642046776647e+00 1.466780288686540645e+00 1.487748821224849527e+00 1.507032512420675374e+00 1.574118684008994018e+00 1.694960774511757640e+00 1.789918902038233117e+00 1.929345156944039186e+00 1.943425287866622275e+00 2.209730171315229530e+00 2.267373606266143149e+00 2.327762403044224104e+00 2.455247994288454638e+00 2.669955719113735526e+00 2.987649090270362517e+00
5.714790705004999527e-01 6.496136477051807079e-01 6.644507181757526304e-01 7.273764375509463864e-01 8.103878501701066162e-01 9.216547704148625453e-01 9.419257604119510852e-01 1.061266110584638822e+00 1.154378948781639824e+00 1.201539565203343818e+00 1.225176105718120301e+00 1.238761142385257585e+00 1.302938713495634948e+00 1.353957534284183861e+00 1.429238831378658370e+00 1.434407438037036187e+00 1.459651189909999980e+00 1.483897706788698700e+00 1.505935608069422171e+00 1.585468649050862711e+00 1.702149247124887799e+00 1.788782392764402429e+00 1.956423078785729075e+00 1.974919527819639198e+00 2.222384042361071899e+00 2.269807043335782648e+00 2.316618135849976223e+00 2.422720582722173166e+00 2.649239721290276073e+00 2.981891482745445021e+00
5.535559519828729957e-01 5.950732628422459314e-01 6.799598025625132047e-01 7.250438421260980704e-01 7.694576137952686690e-01 8.937786161924281547e-01 9.450668867653670979e-01 1.075791510036642862e+00 1.122915799279383675e+00 1.182517840719880642e+00 1.206760610082308727e+00 1.264586927116216009e+00 1.311141770033952048e+00 1.378917474114794484e+00 1.433913993394977382e+00 1.445261506568127796e+00 1.472775356616735420e+00 1.487743289096251864e+00 1.507123189281876385e+00 1.592732516924982411e+00 1.710306331543636871e+00 1.803604368236463973e+00 1.962666667308480939e+00 1.972906000086420475e+00 2.220163687179188550e+00 2.279324937576106436e+00 2.309229064925140129e+00 2.474075674115693957e+00 2.723403779464062424e+00 2.987977588851031374e+00
5.753523418839124881e-01 6.004492400091890891e-01 7.022988796664536570e-01 7.398026728960136467e-01 7.896716849751010958e-01 8.499457161432856234e-01 9.977558683972843623e-01 1.077016991961616821e+00 1.102547435898075356e+00 1.190447291163752919e+00 1.224246039323019231e+00 1.284251415923965300e+00 1.328228108545694397e+00 1.368072161151371535e+00 1.402387830783810241e+00 1.437832338007494215e+00 1.493522891405439701e+00 1.518608848804102518e+00 1.535133412357505334e+00 1.583645153955746121e+00 1.736575474111845763e+00 1.798258175836886297e+00 1.960617830189273825e+00 1.985345243868885223e+00 2.226213461387800852e+00 2.272666606836013514e+00 2.370865885066554046e+00 2.492720165432178892e+00 2.835789683131860528e+00 2.999414709921459643e+00
5.490764339482955281e-01 6.257069067653513450e-01 6.864353322228312626e-01 7.863600857142273304e-01 7.967197748147678560e-01 8.796627203168697617e-01 1.026422890152448808e+00 1.066887004748591217e+00 1.103983146234005730e+00 1.211368521705475487e+00 1.238003836093165333e+00 1.314531021317103532e+00 1.333615001415435541e+00 1.341177638662222948e+00 1.374440807288694222e+00 1.441267914252625904e+00 1.483744740733857759e+00 1.537463829546482197e+00 1.545090807436371394e+00 1.573114958663699881e+00 1.734399917837536886e+00 1.803044176900026052e+00 1.960135775121076840e+00 1.981365194175883193e+00 2.236859786284428164e+00 2.255558158887226217e+00 2.467170755430690310e+00 2.485113018273297669e+00 2.866229005212873382e+00 2.995591136955333411e+00
5.845365219488375397e-01 6.320502947122759174e-01 6.865263293261647526e-01 7.886558810280785980e-01 8.118828297721933929e-01 8.882204275997068743e-01 1.019206384844052904e+00 1.071714244138482375e+00 1.113024603238012000e+00 1.210359382888412716e+00 1.225373732018754547e+00 1.316224823759880591e+00 1.334592797312820434e+00 1.350993646505274537e+00 1.377383268176705755e+00 1.451080707487325538e+00 1.514136552433953842e+00 1.539305586282672111e+00 1.564815667222564155e+00 1.584101709706909444e+00 1.742096305519662991e+00 1.800170006797221944e+00 1.960251174591271184e+00 1.980127952143247771e+00 2.195132236713242868e+00 2.234017127830340232e+00 2.465186779794619198e+00 2.494715534026291426e+00 2.865883523779732212e+00 3.008970679124852499e+00
6.252679674668282228e-01 6.632853711519468565e-01 7.011942228360719120e-01 7.926560129481614592e-01 8.597397379240732107e-01 8.890849899915527210e-01 1.007554952670901560e+00 1.076145575355538897e+00 1.121813025668510377e+00 1.175409553545810004e+00 1.227581091804093250e+00 1.324851147316593591e+00 1.357647194621064424e+00 1.366543441335220654e+00 1.384422607743638789e+00 1.458120880196707381e+00 1.499794357356737828e+00 1.561508656106716186e+00 1.580188603580714224e+00 1.696756098475057151e+00 1.788385358617489596e+00 1.803384396050542682e+00 1.961057574377844004e+00 1.976495962472345713e+00 2.050134614811409683e+00 2.222897274698637737e+00 2.466268952432043360e+00 2.514268335092893825e+00 2.870100311542023164e+00 3.022140647769326893e+00
6.402548249076714937e-01 6.660841804590894588e-01 7.480438679562605442e-01 7.988776498928491510e-01 8.800879560194755369e-01 9.118259414368067306e-01 1.010500209650952552e+00 1.075569369331937475e+00 1.110504849948591444e+00 1.128197277809829702e+00 1.260769358563734732e+00 1.322007809234204023e+00 1.362587593415376386e+00 1.386628704519621946e+00 1.400620452211983391e+00 1.459939166591661230e+00 1.536730021445692262e+00 1.569055427999785479e+00 1.587111430630106845e+00 1.737759835610353853e+00 1.775840119496179703e+00 1.861985487037348674e+00 1.957340379979999545e+00 1.963754468676632836e+00 1.996529856662971225e+00 2.195481006218082509e+00 2.471892040751078046e+00 2.533832165775790290e+00 2.889716599266968444e+00 3.004659875141376002e+00
6.495472753854771852e-01 6.601011442895293735e-01 7.641900896817162003e-01 8.046405869589999815e-01 8.823807764742948034e-01 9.144555161764852391e-01 1.038677152737267351e+00 1.066413990029743131e+00 1.093931894731267951e+00 1.111395025679342119e+00 1.295298652431417397e+00 1.301486600883990929e+00 1.367121321028974323e+00 1.384826877579066196e+00 1.412161325321443339e+00 1.449970290797701233e+00 1.566106033601734948e+00 1.585572215037619914e+00 1.656159005498320402e+00 1.703794063043712503e+00 1.752822936571762913e+00 1.771492747166780513e+00 1.965176234103446440e+00 1.966856048380585475e+00 2.098118321922370022e+00 2.146831384007177768e+00 2.475254191445316998e+00 2.542384992698259794e+00 2.913247397989126242e+00 2.978363927381868947e+00
6.149236003307491094e-01 6.297515569703716620e-01 7.622946301845365813e-01 7.904104185165724550e-01 8.835784733781109068e-01 9.429241467488610473e-01 1.013780135946356298e+00 1.034772781346169124e+00 1.101048951473831305e+00 1.118693371968022099e+00 1.276198326028791463e+00 1.283993310574118363e+00 1.378978220984264258e+00 1.397933331775414123e+00 1.429012286314171432e+00 1.454144058803822359e+00 1.560939970923398645e+00 1.571395613299720218e+00 1.666295478623866844e+00 1.700345421899511322e+00 1.749646855886281882e+00 1.765475801893812147e+00 1.958810240236528610e+00 1.978927193905379411e+00 2.108017032607635066e+00 2.135819910822317702e+00 2.441399661121234743e+00 2.462111579490656954e+00 2.930030351829449486e+00 2.968506026474232673e+00
5.885920822871505420e-01 5.972425683563072907e-01 7.483147747933855953e-01 7.591428523550273200e-01 9.385910863153655859e-01 9.496859358649817340e-01 1.023459755207641431e+00 1.030455434024984962e+00 1.107696510157468062e+00 1.113430665651311102e+00 1.228657576281588559e+00 1.232009369792983922e+00 1.401292279999464041e+00 1.410721768780424545e+00 1.454195622531464727e+00 1.456162894952130138e+00 1.544982141553925103e+00 1.547185325858810412e+00 1.678814574914260005e+00 1.680421915284167067e+00 1.743819195123198718e+00 1.747125419784370637e+00 1.959957662178746229e+00 1.966981904580636042e+00 2.122064501743293974e+00 2.135597224733252641e+00 2.388527382057548110e+00 2.397064481014709258e+00 2.904398551019680585e+00 2.909721549630998716e+00
5.848097618179493029e-01 6.174142172805560103e-01 7.517248861682406247e-01 7.893602861635677925e-01 9.554092672931934205e-01 9.862371607475202140e-01 1.050140543712628327e+00 1.066501551041801221e+00 1.098904122293156815e+00 1.111179354695090327e+00 1.197389944800164141e+00 1.208412277594719919e+00 1.391287158526811174e+00 1.419416485171473674e+00 1.443791982264883034e+00 1.451243582940409338e+00 1.524794918784409425e+00 1.534053522550023807e+00 1.672473550186662994e+00 1.695251591001191160e+00 1.729553677798804978e+00 1.733607043379038926e+00 1.952607041788401387e+00 1.973337740280276309e+00 2.119802192135997299e+00 2.151721583905748858e+00 2.363728217553406452e+00 2.392953461034291962e+00 2.845906929406903707e+00 2.875978263975592863e+00
5.752011659709318492e-01 6.229332517968183547e-01 7.548875031845035943e-01 7.936477776829516939e-01 9.681113315260528873e-01 1.001675761736019021e+00 1.032303407664911354e+00 1.065020292315882244e+00 1.092010542121588879e+00 1.110034806312578448e+00 1.191631775565664908e+00 1.204816032474079757e+00 1.372398567198883645e+00 1.422287923788414066e+00 1.445337295831160773e+00 1.454298411034937955e+00 1.526688832240057581e+00 1.533099454120467886e+00 1.657214350940604319e+00 1.683704279410962679e+00 1.733874677855360646e+00 1.739572846224301639e+00 1.927537823144814588e+00 1.944490988792314079e+00 2.103566367206717302e+00 2.147091520133826315e+00 2.388279477212374324e+00 2.433201302372534514e+00 2.848376344851350161e+00 2.886703900151095237e+00
5.623649530754237791e-01 6.251670880158048949e-01 7.543029463743518015e-01 7.859874881935893232e-01 9.706728843677019380e-01 9.969840660758984008e-01 1.031692335552664819e+00 1.068487486014930932e+00 1.093446788188163321e+00 1.109135097514551749e+00 1.196931570092894637e+00 1.212524615548679074e+00 1.368094857636654060e+00 1.422189540724406509e+00 1.455300643962833540e+00 1.469550461653964746e+00 1.523671335985739228e+00 1.527349924985185625e+00 1.649391663785524154e+00 1.676036771542271486e+00 1.735317505591835952e+00 1.743235274545485103e+00 1.921829566737184303e+00 1.928263342814841685e+00 2.085110733794985460e+00 2.137056092870958768e+00 2.396752557437459075e+00 2.458996647893489484e+00 2.845064523885561858e+00 2.892849291947916512e+00
5.517140694620160657e-01 6.255475439697052442e-01 7.250880436362064918e-01 7.861284488001754056e-01 9.410790794706175300e-01 9.976610618128231023e-01 1.044872151264220062e+00 1.081344808664482571e+00 1.093421369289625522e+00 1.114943578823768711e+00 1.214735537031121915e+00 1.232294042457514394e+00 1.374490507437810649e+00 1.418110548237045521e+00 1.474737237485557406e+00 1.489831889983090019e+00 1.512095377684117725e+00 1.521801157908321711e+00 1.648130652569805177e+00 1.672917235231239586e+00 1.735412180159339846e+00 1.745833859184155124e+00 1.917032084285063220e+00 1.940528742734534795e+00 2.068733084503609376e+00 2.119825563200716356e+00 2.390886451015051595e+00 2.469786769184827868e+00 2.837138932280429238e+00 2.893891299666945027e+00
5.471260720007892209e-01 6.256259052847784607e-01 6.749618702508576318e-01 7.861219816906682700e-01 9.024407372961021911e-01 9.974019556905895367e-01 1.063407903654875808e+00 1.086734809382314815e+00 1.098437643823920951e+00 1.119919696541446630e+00 1.245128293657596252e+00 1.262571307194798154e+00 1.363111005437567469e+00 1.427560653245198097e+00 1.476811250604132653e+00 1.509132062109832306e+00 1.518956652571714416e+00 1.527713197281523216e+00 1.649514421142919574e+00 1.669747430878350425e+00 1.733380018597757477e+00 1.750079566517353191e+00 1.920843507966325081e+00 1.969515652987249066e+00 2.062107524689457350e+00 2.093578294484075730e+00 2.374110623050211810e+00 2.466314688430022883e+00 2.827495379077844095e+00 2.889508258295294674e+00
5.432663166656843678e-01 6.149605527466144306e-01 6.319450174666360054e-01 7.774017886116895149e-01 8.682385053362133842e-01 9.983830684967071045e-01 1.063657952175395938e+00 1.084450986283323370e+00 1.107380826876164015e+00 1.124447197184666569e+00 1.279601807516081324e+00 1.284874328721914649e+00 1.338454314500314268e+00 1.436224338114647336e+00 1.467730991752544734e+00 1.510354650711649649e+00 1.550656096102173809e+00 1.570872818646098512e+00 1.650978731257311427e+00 1.657032499766368572e+00 1.732680941503437877e+00 1.757509292808594248e+00 1.938246465865220092e+00 2.002278507479559710e+00 2.050077738393039972e+00 2.082425910264007918e+00 2.350802790011755850e+00 2.449427113961703650e+00 2.819743797160561005e+00 2.880883183958742322e+00
5.191778436436207400e-01 5.834799071031708806e-01 6.268907991957635151e-01 7.616984689053611923e-01 8.444428338382108379e-01 9.950538228472630697e-01 1.038808598821053808e+00 1.081491604154242170e+00 1.109304396105462942e+00 1.127264416268815683e+00 1.238119025735338274e+00 1.321609296402813660e+00 1.356520061614333583e+00 1.427281827918558843e+00 1.460303979856351964e+00 1.521360395040928015e+00 1.578222022959440141e+00 1.624077385603164725e+00 1.642332856365083638e+00 1.658282199300435744e+00 1.738536240727645232e+00 1.766525798503936429e+00 1.962577087833540901e+00 2.007122196840249284e+00 2.032035940601070845e+00 2.120446036276912416e+00 2.326768167419031474e+00 2.419474112135270971e+00 2.816904696638206751e+00 2.871188882720076219e+00
4.739485054954867826e-01 5.654766522045583388e-01 6.218831914470321909e-01 7.416365241487963278e-01 8.296351113254001319e-01 9.673641796071811294e-01 1.009210537937941909e+00 1.071094332344521671e+00 1.096719685964538948e+00 1.124582345882116474e+00 1.188947350988856622e+00 1.338018508612657698e+00 1.380677452035000474e+00 1.436028179124422710e+00 1.450537138106875901e+00 1.524711880829646704e+00 1.571311542906570047e+00 1.604770290128530341e+00 1.693192214851282351e+00 1.707621793188931925e+00 1.751268238580222514e+00 1.775534258312283509e+00 1.920330036915681493e+00 2.035644583809913755e+00 2.054362504374772413e+00 2.171029714750839723e+00 2.308912623422840316e+00 2.379100298207731168e+00 2.820454795352298927e+00 2.864514598409692248e+00
4.312230574544076989e-01 5.307201621142404457e-01 6.129125748533823526e-01 7.181942393710643024e-01 8.041612316695759821e-01 9.153088117548346947e-01 9.961033455973500317e-01 1.051434500612367318e+00 1.068511593521723535e+00 1.118237998722738658e+00 1.164320853788460397e+00 1.310727363489262220e+00 1.406124446313362419e+00 1.440730184776164435e+00 1.469009372288046622e+00 1.519047941497684295e+00 1.536102221985841565e+00 1.577974176219222757e+00 1.741571768716413171e+00 1.756972551015280715e+00 1.774592103281609656e+00 1.794640258388964460e+00 1.859445022933534419e+00 2.059939935133344502e+00 2.098996609478084530e+00 2.218295683193009626e+00 2.302000501125853749e+00 2.343851495054229517e+00 2.830134839986495621e+00 2.863751073187170704e+00
3.918406297055275211e-01 4.571154839171530093e-01 5.953429817156744575e-01 6.932014705652892461e-01 7.490411745967513468e-01 9.032245516920481831e-01 9.847078656903264227e-01 1.020446858254926426e+00 1.042672661289062885e+00 1.109516859351992180e+00 1.149148246449622324e+00 1.257929268549531798e+00 1.414870723697466914e+00 1.435789821556576529e+00 1.493828995230633394e+00 1.499880902445636321e+00 1.510745892497848741e+00 1.559589894227070284e+00 1.711763318798144695e+00 1.770933085680240771e+00 1.802942702657884810e+00 1.848756417732225765e+00 1.865753209772800236e+00 2.022208583434637053e+00 2.168519618734559451e+00 2.248567737795598820e+00 2.309965750785872629e+00 2.345489540117576599e+00 2.844417623736362088e+00 2.869273773623651991e+00
2.783914499951637977e-01 4.024066282035860254e-01 5.658060736131971247e-01 6.681502231414995219e-01 7.095043913966379012e-01 9.101124917746554743e-01 9.668656833766741121e-01 9.904427627723599858e-01 1.024219726208815073e+00 1.092211060994221050e+00 1.132396846659883050e+00 1.194086451744037047e+00 1.407639102262508768e+00 1.418984305416545411e+00 1.462635029507702189e+00 1.474688928017897860e+00 1.538131884868463306e+00 1.561665645382490197e+00 1.639419249312960902e+00 1.789534303860644826e+00 1.816833491499866726e+00 1.889018099955806829e+00 1.919205069352161841e+00 1.946022718654801587e+00 2.232642762898823463e+00 2.271388918650121713e+00 2.337251645692675073e+00 2.377783584819794349e+00 2.861179606018866561e+00 2.879423917764759810e+00
-6.065967705075271665e-02 3.922045666216124604e-01 5.261803116237978584e-01 6.352480971446367031e-01 6.988058540308511590e-01 8.898713778738525093e-01 9.526530302346141177e-01 9.656223619310831952e-01 1.019298278735801144e+00 1.047262993048862390e+00 1.117361801808604449e+00 1.154489621764161589e+00 1.376180631205113913e+00 1.385572562112547423e+00 1.445466422319305666e+00 1.461320231368854694e+00 1.511939959263722155e+00 1.581691162524311967e+00 1.612268731663759391e+00 1.786130519041270848e+00 1.806905765033326228e+00 1.829213408757006887e+00 1.968288587853132432e+00 1.972492264357129210e+00 2.281514993018403104e+00 2.297291238575983829e+00 2.377988513042640140e+00 2.416017141669068113e+00 2.878228079425945829e+00 2.891749773894882303e+00
-1.561889025581320034e-01 3.925306907471483031e-01 4.823068223864832582e-01 5.824530915965406841e-01 7.086096782154260865e-01 8.433405224584099580e-01 9.138101979817663256e-01 9.436098846779505944e-01 1.019927620817460800e+00 1.025089713123135571e+00 1.111351277716511765e+00 1.140810743351693191e+00 1.319307349366138915e+00 1.346787270950190241e+00 1.440276201267503886e+00 1.456753665767008155e+00 1.458417232929275276e+00 1.606039049122245377e+00 1.616838753464104661e+00 1.646272883619649852e+00 1.821430839270315571e+00 1.839464567254329719e+00 2.010973511308700168e+00 2.013491751244137706e+00 2.314658180157702194e+00 2.321890539822725863e+00 2.423296174060141972e+00 2.449856595516821667e+00 2.893604520925160628e+00 2.903886751417932732e+00
1.484836570971284353e-01 3.964474217934964573e-01 4.418915699400213781e-01 5.039630400118101372e-01 7.323740146848711774e-01 8.015960089484207574e-01 8.764886341317184026e-01 8.973623833621173773e-01 1.031610620883687268e+00 1.035236103161535137e+00 1.112621698904890710e+00 1.137148976626862762e+00 1.257200496907408427e+00 1.296699147902714122e+00 1.414350476993877281e+00 1.443031872502713142e+00 1.456754211578129565e+00 1.502884021382892676e+00 1.624063517587964744e+00 1.634627189189096441e+00 1.832850502179561136e+00 1.848025863450754258e+00 2.042905645516417845e+00 2.044068345091694106e+00 2.336941224358469960e+00 2.341163453479077727e+00 2.461842267710621091e+00 2.475648819586112825e+00 2.905728250825481140e+00 2.913923412311558270e+00
3.200873198442951706e-01 3.981152710583652499e-01 4.129306177232673347e-01 4.245445587033475632e-01 7.639352748399637072e-01 7.827668943686106884e-01 8.512550711127774283e-01 8.569371051193044320e-01 1.038762449754838224e+00 1.049213197387241392e+00 1.121914696103358811e+00 1.139796759726949382e+00 1.204534481530445511e+00 1.227104874482938035e+00 1.391568804093724854e+00 1.409876559416953778e+00 1.446387676492732366e+00 1.457423381775311499e+00 1.634810198316611451e+00 1.642045292962204917e+00 1.840022845410780983e+00 1.853726759385154743e+00 2.062469623303910815e+00 2.062769547578277685e+00 2.350296130172075060e+00 2.353240775643814953e+00 2.486901893026737476e+00 2.491702930625669499e+00 2.913457275409224945e+00 2.920492251461240141e+00
3.804656248786152939e-01 3.805490902535364484e-01 4.030886976922460341e-01 4.061445141738956877e-01 7.824658918047414646e-01 7.824722972257405207e-01 8.317333682864876954e-01 8.472135989119586874e-01 1.041155574466209544e+00 1.054730970359874620e+00 1.132509726190840338e+00 1.146732654387742523e+00 1.179081976091748807e+00 1.179087216910664537e+00 1.383981703076589964e+00 1.383984291994708071e+00 1.446018040239585467e+00 1.457582210176604942e+00 1.638363603031698812e+00 1.644706834352837266e+00 1.842457048272328368e+00 1.855740710075985955e+00 2.069043762628116845e+00 2.069059631445218983e+00 2.354781470123496145e+00 2.357346900509746490e+00 2.495509722511655148e+00 2.497168192639957596e+00 2.916108870184113133e+00 2.922773262805587802e+00
3.107303682177720017e-01 3.275174571435534032e-01 4.449900467055347697e-01 4.776472894206412745e-01 7.077203633504223212e-01 7.751441893101832514e-01 7.867770140749027474e-01 9.498552783030247415e-01 1.024232253956509409e+00 1.075567344050372798e+00 1.115244181606996676e+00 1.159305758963943056e+00 1.174880165183449066e+00 1.183678872830458140e+00 1.369504585942107333e+00 1.388283945220676330e+00 1.397879673412096180e+00 1.480986411152610316e+00 1.625895696191719697e+00 1.648694150080744825e+00 1.775061710000309434e+00 1.959088464540863939e+00 2.066535201476079830e+00 2.071494084604085462e+00 2.350942723092875219e+00 2.356905729098955238e+00 2.480493637281117714e+00 2.507431687783152618e+00 2.666874302286333265e+00 3.091125913448422136e+00
2.367778157318434773e-01 2.491544465263934027e-01 5.027738319270248502e-01 5.098663992113816601e-01 5.814248130198804709e-01 7.642692237711458114e-01 7.889043086707356878e-01 1.004849691630469666e+00 1.043756258417066096e+00 1.094381820169783248e+00 1.105781631781689756e+00 1.170818295745885473e+00 1.171349635702199965e+00 1.188268909305218335e+00 1.300882783137017551e+00 1.355821533421163627e+00 1.410001998239089227e+00 1.485280060685379100e+00 1.606307069694007383e+00 1.642891060724295915e+00 1.737309996176628735e+00 2.064201648637596698e+00 2.073638924410366347e+00 2.088669764513174876e+00 2.260607593915192393e+00 2.348277440442327446e+00 2.421478697403016689e+00 2.483763648327326212e+00 2.514872666913746890e+00 3.173636595387845372e+00
1.596602251687894991e-01 1.678117252557854155e-01 3.520453623435579327e-01 5.517109519412636276e-01 6.109767560906476103e-01 7.502412697182526680e-01 7.897010343202474081e-01 9.934887176735329728e-01 1.081418763912577630e+00 1.121795525536940286e+00 1.136700383405884862e+00 1.168694566842177762e+00 1.176634729903776266e+00 1.192319317292996672e+00 1.210072362849698102e+00 1.344430574738197270e+00 1.419380562958224790e+00 1.475933408813335124e+00 1.587675381739830582e+00 1.621122006342227806e+00 1.724343581787560087e+00 1.933587471056094520e+00 2.062310362597989055e+00 2.075307581759251896e+00 2.212567166393474061e+00 2.355445665546980649e+00 2.408876091367466277e+00 2.462317856302109309e+00 2.518658431501600514e+00 3.180673474726327221e+00
7.826221012633824414e-02 8.038239210438537230e-02 1.742712766327146889e-01 5.875502613979715072e-01 6.411064253835223603e-01 7.359306678187703676e-01 7.898712030822120367e-01 9.997992287853276761e-01 1.072583895987013314e+00 1.123161848521815109e+00 1.162047536512513357e+00 1.167049952779248612e+00 1.177088908530210754e+00 1.188654004294887212e+00 1.195171529542834010e+00 1.336806583503455048e+00 1.425299939309449648e+00 1.460507716141553169e+00 1.572254210895053017e+00 1.574942675305315287e+00 1.650611865958672153e+00 1.735735983282068240e+00 2.061080117069163720e+00 2.076366344184233714e+00 2.281965706412609318e+00 2.395119285279592170e+00 2.417779026538980247e+00 2.447755355900465446e+00 2.519681364926741107e+00 3.146364897700072660e+00
-5.471461011541526632e-05 3.161901384816709884e-08 4.075229003886179190e-08 6.017195683064263667e-01 6.493712156238369282e-01 7.290365384744141863e-01 7.898747507318015781e-01 1.020752073787214664e+00 1.041071334651070934e+00 1.105314833238299599e+00 1.166493326878209169e+00 1.174110371689361942e+00 1.175757908917671513e+00 1.196210140027318625e+00 1.209396899567456218e+00 1.334113087916067641e+00 1.427322158445305300e+00 1.451891229998224953e+00 1.485479123972805793e+00 1.569875784530915253e+00 1.609844879748595359e+00 1.733199282136272279e+00 2.060653689884097695e+00 2.076729311916001741e+00 2.294451567971286021e+00 2.425269695328147623e+00 2.428740314848154558e+00 2.438483221180128169e+00 2.519650244160670738e+00 3.123985564143282545e+00
-7.777422278143133472e-01 -7.972609801101183946e-02 2.617022766833159708e-01 4.543251179985813848e-01 6.371811801944989861e-01 7.189683561838836612e-01 7.980611664448493681e-01 1.011081587223326528e+00 1.023884249860078643e+00 1.097708197148003162e+00 1.156150376817797643e+00 1.184560399893439309e+00 1.210367819802790290e+00 1.246379055706289929e+00 1.293841385968133473e+00 1.349985840987841135e+00 1.417925038981904029e+00 1.504977517061817816e+00 1.581460566502616016e+00 1.672137211465702267e+00 1.690397240152803793e+00 1.741014445857901993e+00 2.059787729468417705e+00 2.076271934995762791e+00 2.298784523736730812e+00 2.408628464896749310e+00 2.427836994930111736e+00 2.444015619083939495e+00 2.539381043658062165e+00 3.079680486921127169e+00
-1.136926095610973908e+00 2.022018588319361432e-01 4.074302493332186970e-01 4.484280710648702595e-01 5.992863841495915667e-01 7.641562946879707496e-01 8.216841079127708003e-01 9.775295277792743764e-01 1.009454636607064471e+00 1.094238630599267514e+00 1.127241550549485716e+00 1.207021882062041307e+00 1.241413404268566500e+00 1.316732729875222496e+00 1.348470411114309542e+00 1.383992004699308387e+00 1.430638665742458127e+00 1.510575728392851813e+00 1.611265097824888581e+00 1.759676929726020411e+00 1.778463516919967846e+00 1.948184896922337206e+00 2.056452389053786689e+00 2.080163850819205074e+00 2.303604722281431982e+00 2.385458613860719890e+00 2.413161894989365397e+00 2.469896412622393012e+00 2.613438672661508200e+00 2.993962355855067869e+00
-1.132158975784514743e+00 3.641186777832485233e-01 4.520943490207229853e-01 5.157174128708851280e-01 6.071509574250939512e-01 7.214678595734314026e-01 8.294374969088723626e-01 9.407256940327985983e-01 9.681504946028459679e-01 1.078522353940464695e+00 1.108531686101424274e+00 1.230119502197086767e+00 1.264062845406670688e+00 1.340236059474321451e+00 1.368746152446493225e+00 1.393110971852255631e+00 1.460392796893786649e+00 1.505710090973940929e+00 1.633586198501537856e+00 1.777084392585243755e+00 1.786148797219955897e+00 1.984661866488909965e+00 2.048798551705193649e+00 2.090410036573649766e+00 2.299499515246883785e+00 2.369190791877410440e+00 2.422542717311505278e+00 2.525328515790757233e+00 2.734542573399231902e+00 2.970257018940830385e+00
-8.076328059957375016e-01 3.971573568461841952e-01 5.234820657349432693e-01 5.408348909349729450e-01 6.476858776535464601e-01 7.166008614533259102e-01 7.889830616388785467e-01 8.426546339919541717e-01 8.924437411175818458e-01 1.031607454805185009e+00 1.134305305642091977e+00 1.245937617660708208e+00 1.281453297165587646e+00 1.345021055511234520e+00 1.360339172895898896e+00 1.388316942190298331e+00 1.423135327142381890e+00 1.488014949662667341e+00 1.641193269682053257e+00 1.684282824910710685e+00 1.817528036932693603e+00 1.823697379602645441e+00 2.036020498355335828e+00 2.068849471967145082e+00 2.271609478077375233e+00 2.364188144108423373e+00 2.431379778856357810e+00 2.598682871666244676e+00 2.869302438779519626e+00 3.030248667993625133e+00
3.321348625729070858e-01 4.031834744137363091e-01 5.698751224077149846e-01 6.096426483489295611e-01 6.576214878593534818e-01 6.945293948824652341e-01 7.215935139546408861e-01 7.680193396937394779e-01 8.444675227715204846e-01 9.837594038971055888e-01 1.192857715837799315e+00 1.257362679906377734e+00 1.296069426828434956e+00 1.311366657842541361e+00 1.339094686090860797e+00 1.350332884301176595e+00 1.382351349360281922e+00 1.482189302565038780e+00 1.501233631964161930e+00 1.604302527122031696e+00 1.646261172860724153e+00 1.859673872484624235e+00 2.019249321036647782e+00 2.050031244550469367e+00 2.233044037575268259e+00 2.358801670150459273e+00 2.425496039133204551e+00 2.642042814259228045e+00 2.955569351231024822e+00 3.083660556544028264e+00
-4.218709624506032929e-01 3.609248773707098845e-01 5.191663347705375298e-01 5.757181991937448950e-01 6.592577579086950079e-01 6.946230015742185238e-01 7.304843556942012262e-01 7.582514584305688476e-01 8.238980676966949357e-01 9.715264232694637014e-01 1.161816367966823638e+00 1.270994281029269590e+00 1.297570781657539474e+00 1.311392370536986984e+00 1.341380465103089392e+00 1.351284332352993278e+00 1.375146444072541829e+00 1.491184458160914161e+00 1.495412703760899076e+00 1.622462866026659567e+00 1.652371199217667730e+00 1.885588953678144275e+00 2.001369092891434942e+00 2.032511465955845420e+00 2.210689168406731131e+00 2.343479989674742026e+00 2.404284102362991948e+00 2.643426360311402323e+00 2.953431739162538427e+00 3.066970307961319531e+00
-1.071323563177996041e+00 -1.729422556951645540e-01 5.040217633346035786e-01 5.525945104769491856e-01 5.944718897631741106e-01 6.823201600153718793e-01 7.724890323263677860e-01 8.072787534864465098e-01 8.695529246182402971e-01 1.062241527291956311e+00 1.134312395439156518e+00 1.287950777229281529e+00 1.315913416846593575e+00 1.323040719903795681e+00 1.354142419166989519e+00 1.369230229627535156e+00 1.400942383215140419e+00 1.500189566047475553e+00 1.657394958604515800e+00 1.684469855687849238e+00 1.709054336168344568e+00 1.904240336701366276e+00 1.987341987260144771e+00 2.016865834262104862e+00 2.202900183511032228e+00 2.330296571329049549e+00 2.371485842126178412e+00 2.617122937222580159e+00 2.890537023853324783e+00 2.999936838104108272e+00
-1.239738609710322903e+00 -3.352038530807416872e-01 4.726934296130329560e-01 5.364759249736400504e-01 5.867499760305470158e-01 6.730974839312523494e-01 7.851329817464210992e-01 8.315065766617036891e-01 8.754711585803232055e-01 1.136705193684287574e+00 1.149693887217847488e+00 1.296721498048329702e+00 1.320844831129745156e+00 1.327390384096862164e+00 1.344540014475457568e+00 1.379028066420131982e+00 1.419768180046743211e+00 1.506663407183501446e+00 1.659036319284878269e+00 1.753861272476101352e+00 1.766205772888341130e+00 1.912814574651846344e+00 1.982004103468575140e+00 2.010201792450090785e+00 2.198651463886489132e+00 2.333053733660418239e+00 2.347271424607978219e+00 2.596514545290921738e+00 2.853303857768725749e+00 2.961242102703507850e+00
-1.217311869883257680e+00 -3.590558539656650283e-01 5.058872766240666285e-01 5.392444636473963104e-01 5.884198007517046358e-01 6.753090652134502436e-01 7.849344062034462333e-01 8.346909371384377829e-01 8.794505108464657495e-01 1.144834215163849533e+00 1.160531153957754080e+00 1.286499652243055403e+00 1.305495210032510345e+00 1.342596095024693792e+00 1.354971452493975548e+00 1.374666221964702562e+00 1.430985452702365990e+00 1.506877321941741954e+00 1.657258687640821071e+00 1.749634527547287322e+00 1.774375893691714001e+00 1.913163884490032718e+00 1.979111565514368731e+00 2.005285661974870237e+00 2.197156173882266028e+00 2.330514545472683885e+00 2.345642424784331936e+00 2.589677677475224815e+00 2.844274974057122485e+00 2.960681174108623637e+00
-1.148993796991569560e+00 -3.776034027549835526e-01 5.437508729915779826e-01 5.717524867836122349e-01 5.938509998007339696e-01 6.813032606193781815e-01 7.857840680327334848e-01 8.437503609529077853e-01 8.904674007629015398e-01 1.132852956797350652e+00 1.211091421279980596e+00 1.264869347017383294e+00 1.300856906875850205e+00 1.342630957782408263e+00 1.356316108021855316e+00 1.397233835539204660e+00 1.458282598342748981e+00 1.512361125590661270e+00 1.652040296925148422e+00 1.737855565480386888e+00 1.794529979793425545e+00 1.917020874770108296e+00 1.970019933692031655e+00 1.990947372034778340e+00 2.192880069411341282e+00 2.323256134959104546e+00 2.340948553258834330e+00 2.569393836123238462e+00 2.817517019657138633e+00 2.959106435916059930e+00
-1.031191221671564184e+00 -3.311832345558012869e-01 5.548593798689462897e-01 5.997403822537441531e-01 6.354548760976965749e-01 6.897127506231294225e-01 7.903280518462959536e-01 8.570969314408936057e-01 9.073814650981545382e-01 1.111843574812300339e+00 1.233623198660199538e+00 1.264745615123661349e+00 1.295863816576479977e+00 1.330775970135651409e+00 1.360161387157253987e+00 1.439917337756335458e+00 1.478302136944631862e+00 1.553035395962810927e+00 1.643644165783892719e+00 1.719451731365578162e+00 1.813618871968196267e+00 1.932813245916408906e+00 1.953395599473623623e+00 1.970533567861911806e+00 2.186465960228356042e+00 2.312693525847569820e+00 2.333536287201676274e+00 2.536348583068397833e+00 2.774038062724385245e+00 2.956824264686423120e+00
-8.558631808700088994e-01 -1.216534071288466190e-01 5.672860238521143517e-01 6.093823892863372560e-01 6.915794041781869739e-01 7.000140102983378743e-01 8.018656483416316538e-01 8.722392342861262637e-01 9.295802506786468022e-01 1.084051639578457404e+00 1.223443865634726624e+00 1.274003712976263358e+00 1.282787956254535899e+00 1.309862005949042452e+00 1.388760802100497349e+00 1.472960346720348923e+00 1.487533219224504100e+00 1.631273556785745926e+00 1.642388635432571631e+00 1.696122876298438387e+00 1.817392358984543765e+00 1.922581734999567527e+00 1.934025178325045058e+00 1.987651888419734503e+00 2.179033954229107284e+00 2.301962674371709205e+00 2.323655821790111986e+00 2.491705056870711754e+00 2.715577456711745885e+00 2.954301833952417411e+00
-6.046932195729847193e-01 3.751149990623154906e-01 5.783280847283853721e-01 6.200113611904956024e-01 7.092065441729656916e-01 7.437426562387061679e-01 8.285886975367102725e-01 8.857549469951576659e-01 9.564887554813557013e-01 1.055183074057773229e+00 1.216147426506815066e+00 1.247992746130220265e+00 1.277536371041361418e+00 1.299607536442347167e+00 1.421041503498645442e+00 1.473985138763883151e+00 1.520173616699649566e+00 1.618695878831897250e+00 1.666648148737269741e+00 1.744496934191195114e+00 1.811600241873330130e+00 1.881438809389231137e+00 1.902998640307127287e+00 2.047838471497050339e+00 2.172275077227137086e+00 2.297086018365596782e+00 2.311414030575388967e+00 2.437145952624595324e+00 2.644690853944644093e+00 2.952117495911640077e+00
-1.902699080143344934e-01 5.694884372477629908e-01 6.063240782634951032e-01 6.346698213266998012e-01 7.207660049536303015e-01 7.868509288009962743e-01 8.824415719708412764e-01 8.967574944344235410e-01 9.871708353488520826e-01 1.033743071583122175e+00 1.206509041305625196e+00 1.214056071698709438e+00 1.276544094564096676e+00 1.293562429335804342e+00 1.451190290685082207e+00 1.472741478870031928e+00 1.549259280467020439e+00 1.606326168730963566e+00 1.637082356536278871e+00 1.775036092705583046e+00 1.829007949137693378e+00 1.860206132886595531e+00 1.872620770869531936e+00 2.107405466898547797e+00 2.168663164885904049e+00 2.296254384103590507e+00 2.309348309523110210e+00 2.374958731570515624e+00 2.564937610593432726e+00 2.950887283811251649e+00
4.193382926524006349e-01 5.702550829934981413e-01 6.452456042380519952e-01 7.230122041188725701e-01 7.586960313743293938e-01 8.679712496759608431e-01 8.892847130626770902e-01 9.761145876130561394e-01 1.014907995302793964e+00 1.033689493840112217e+00 1.164258887035286349e+00 1.212301772247170284e+00 1.278351010991878978e+00 1.288776965820155329e+00 1.464025995630213073e+00 1.488698403923590652e+00 1.555722546635821768e+00 1.603131035754835398e+00 1.613965414209979743e+00 1.754835463781226901e+00 1.775897120336701995e+00 1.812873590159441495e+00 1.964918032465807540e+00 2.146530628358478410e+00 2.171896322399956780e+00 2.277031263546692941e+00 2.308323453909153944e+00 2.349678541629638850e+00 2.481443730276733373e+00 2.951160577670358443e+00
5.376315521490281357e-01 5.561067477982325480e-01 6.595010031365107217e-01 7.339831505924093724e-01 7.987476539847475632e-01 8.744942678596052676e-01 1.006345307434739933e+00 1.025338327647109304e+00 1.055999952314071066e+00 1.083675247449421342e+00 1.121660559566670656e+00 1.210793743560093949e+00 1.284333793590852535e+00 1.289132429979562788e+00 1.464108277380187229e+00 1.516226915158898514e+00 1.534753270084023180e+00 1.576395776924222725e+00 1.634472965171644088e+00 1.717971715558355594e+00 1.737969889611128860e+00 1.755306969588386723e+00 2.053502004352665722e+00 2.167150364039299948e+00 2.185333983780329170e+00 2.236835866498670278e+00 2.252859617982698293e+00 2.402481484162574343e+00 2.411793890181158417e+00 2.953291327672031841e+00
5.369353024519951667e-01 5.967935396181751617e-01 6.707356825697482483e-01 7.393067833777713371e-01 8.242980865043959549e-01 8.568580449761924456e-01 1.042206404607203263e+00 1.080667548856820481e+00 1.095838307558122393e+00 1.111891055373780635e+00 1.146696793316180019e+00 1.206213931138438333e+00 1.280533780551819989e+00 1.315825477815214306e+00 1.464108487619930399e+00 1.499603480773612718e+00 1.534753057507471929e+00 1.550697487461000668e+00 1.656644813820983719e+00 1.673280090147534649e+00 1.688432601837455360e+00 1.731094027998231200e+00 2.132585754377428700e+00 2.171317397956664674e+00 2.184790968757638563e+00 2.206649049142524355e+00 2.210357333381046008e+00 2.342387487304660620e+00 2.477551087210061009e+00 2.957314114310425346e+00
5.269607149802766344e-01 6.279180298847322206e-01 6.767397287764567171e-01 7.418594698025007261e-01 8.381015903959545543e-01 8.487489162089371098e-01 1.042266557906102564e+00 1.062741348471423430e+00 1.133608328424625666e+00 1.170773253333768693e+00 1.185807124188520634e+00 1.198396755997874763e+00 1.275123685970049436e+00 1.352866868107223342e+00 1.455318786938410325e+00 1.464164114599161293e+00 1.529690151321056568e+00 1.531362365598503361e+00 1.620202021191182284e+00 1.634215309187120768e+00 1.681583403381475605e+00 1.741773863443026205e+00 2.109474851405511941e+00 2.142035979903984089e+00 2.193985877299367449e+00 2.207528677814720286e+00 2.252110675745306878e+00 2.307488234382569114e+00 2.536790617044823115e+00 2.962882398774906445e+00
5.293449530486995513e-01 6.458475070918415772e-01 6.760394000544536208e-01 7.415756593225862892e-01 8.228965125245877310e-01 8.733485080252629817e-01 1.005346636844991481e+00 1.078123993464105590e+00 1.168767772741998723e+00 1.173313912150839133e+00 1.189615514445120370e+00 1.240241348217483663e+00 1.266194837970642029e+00 1.385498799096450018e+00 1.409699128024002990e+00 1.462812392025923058e+00 1.508440588670796112e+00 1.514768711633094567e+00 1.556491411479131282e+00 1.611500109775184653e+00 1.696107799570420349e+00 1.762022684560989649e+00 2.053334684465030868e+00 2.072578501790256489e+00 2.213926864202341971e+00 2.252323480849344861e+00 2.288302279651901916e+00 2.311721932124126244e+00 2.585168426344018666e+00 2.969331257751557818e+00
5.454665993154335091e-01 6.554359582232933690e-01 6.687645208995817159e-01 7.368100414231985029e-01 8.140508809193143236e-01 8.983374866962204885e-01 9.702548002724591392e-01 1.076441767873207001e+00 1.166062962894166777e+00 1.190471724585752789e+00 1.204764648516041925e+00 1.249560640154292690e+00 1.278877509998704198e+00 1.372724672854637173e+00 1.411183887961413808e+00 1.457110196561686388e+00 1.478848283456700718e+00 1.500855677566900193e+00 1.512685672872789766e+00 1.596594230549692739e+00 1.703137662868070334e+00 1.779225145354156989e+00 2.000697138999633307e+00 2.015368843825969147e+00 2.222763854647714865e+00 2.275583652083945196e+00 2.291419344323108120e+00 2.372986723658947028e+00 2.622137905834969640e+00 2.975878219024882920e+00
5.714790705005011739e-01 6.496136477051814850e-01 6.644507181757517422e-01 7.273764375509464974e-01 8.103878501701063941e-01 9.216547704148624343e-01 9.419257604119514182e-01 1.061266110584638822e+00 1.154378948781639824e+00 1.201539565203344040e+00 1.225176105718120523e+00 1.238761142385257141e+00 1.302938713495634948e+00 1.353957534284184083e+00 1.429238831378658370e+00 1.434407438037035964e+00 1.459651189909999980e+00 1.483897706788699145e+00 1.505935608069422615e+00 1.585468649050863155e+00 1.702149247124887799e+00 1.788782392764402207e+00 1.956423078785727743e+00 1.974919527819638754e+00 2.222384042361073231e+00 2.269807043335782648e+00 2.316618135849975779e+00 2.422720582722172722e+00 2.649239721290276073e+00 2.981891482745445465e+00
5.735057089707970013e-01 6.449045717054352478e-01 6.901466350343385958e-01 7.354457085593381072e-01 8.207126365749995989e-01 9.257955346197608293e-01 9.452125828643640482e-01 1.063333381301012848e+00 1.161845442274934248e+00 1.197169379167556391e+00 1.213754030985557897e+00 1.249097590053123596e+00 1.290188846120923216e+00 1.363719568220980172e+00 1.427064542580726902e+00 1.439752764982786593e+00 1.458392401786558157e+00 1.484661308011568925e+00 1.557667004108163944e+00 1.585254050930662517e+00 1.703394688758318898e+00 1.791107273185358340e+00 1.955918029733072272e+00 1.973758492527460051e+00 2.214989566990148262e+00 2.233651827771518050e+00 2.324291380544054153e+00 2.419281249102152032e+00 2.654714979933185504e+00 2.989397636444244721e+00
5.791298664451687284e-01 6.351819193633508887e-01 7.151966641114659851e-01 7.924682388613268902e-01 8.349478307199966753e-01 9.341910749872867070e-01 9.558596702388660882e-01 1.068217452680410018e+00 1.166724487379595221e+00 1.181266082245044702e+00 1.199000473961686630e+00 1.261480613168127096e+00 1.283972473410405213e+00 1.383206698796956902e+00 1.428420398591474960e+00 1.448187923167439051e+00 1.466447171345421463e+00 1.488455557837105259e+00 1.576715022844549896e+00 1.672276700822753925e+00 1.706980421461888664e+00 1.811680844404540025e+00 1.954841277986248516e+00 1.971817825068048480e+00 2.124487592499491040e+00 2.218681672327664334e+00 2.334158586217991882e+00 2.412422124553870617e+00 2.673543118857556689e+00 2.998053373618803086e+00
5.835605524892284457e-01 6.269068773158722463e-01 7.269033099833663858e-01 8.174125880320098902e-01 8.976843734169270839e-01 9.451128453041535149e-01 9.691357788247265681e-01 1.075443274093142110e+00 1.144621745943677826e+00 1.157888586764591388e+00 1.196490448862135070e+00 1.237517113185090833e+00 1.337445983832804330e+00 1.400722211217284130e+00 1.436283192885672966e+00 1.455750300485388671e+00 1.468877332847626782e+00 1.514532034312671138e+00 1.567857700594954773e+00 1.711740057249229174e+00 1.730652352954596518e+00 1.912326187911974618e+00 1.951869412396322723e+00 1.963451985227723240e+00 1.998462336655319804e+00 2.208295254642368644e+00 2.347708969997665651e+00 2.402429505873157289e+00 2.713133664473604600e+00 2.984514963445666247e+00
5.845399332726798347e-01 6.204624286774804709e-01 7.401562109281398794e-01 8.025853658821083814e-01 9.521445461032463919e-01 9.750465479273401348e-01 9.915786463877874768e-01 1.083615632676252050e+00 1.117134217088224801e+00 1.126918350201702612e+00 1.196180639518256372e+00 1.217489895871006977e+00 1.380592717400723091e+00 1.412256394645750923e+00 1.441393282020376976e+00 1.458847945539973212e+00 1.493070480621025320e+00 1.549167202810564747e+00 1.577618840708485903e+00 1.718123889626753442e+00 1.734755536603598269e+00 1.833436353474630076e+00 1.952851601012366656e+00 1.974427517014070155e+00 2.045144406642029455e+00 2.185324405650552304e+00 2.362992551623959603e+00 2.391221773035459908e+00 2.777600550615794806e+00 2.937887135067942967e+00
5.848097618179513013e-01 6.174142172805582307e-01 7.517248861682415129e-01 7.893602861635676815e-01 9.554092672931931984e-01 9.862371607475204360e-01 1.050140543712628105e+00 1.066501551041801443e+00 1.098904122293157037e+00 1.111179354695090771e+00 1.197389944800164363e+00 1.208412277594719697e+00 1.391287158526810952e+00 1.419416485171473674e+00 1.443791982264883256e+00 1.451243582940409782e+00 1.524794918784409647e+00 1.534053522550024473e+00 1.672473550186661884e+00 1.695251591001190938e+00 1.729553677798805200e+00 1.733607043379039370e+00 1.952607041788402276e+00 1.973337740280275865e+00 2.119802192135996854e+00 2.151721583905749302e+00 2.363728217553406452e+00 2.392953461034291962e+00 2.845906929406904151e+00 2.875978263975592863e+00
5.898056421115038805e-01 6.111109143149429102e-01 7.484655702772777808e-01 7.750678641258086365e-01 9.448248255825597575e-01 9.642005027784679161e-01 1.056570570360694017e+00 1.068186875606195629e+00 1.107204529907588553e+00 1.113588472986968725e+00 1.214001749484342474e+00 1.221824923848966904e+00 1.406415870131623613e+00 1.416026392302910608e+00 1.450102766816555588e+00 1.464428955731918336e+00 1.527630078963092553e+00 1.536553824843726046e+00 1.691064609666332430e+00 1.706151232543714702e+00 1.720828421159435573e+00 1.726133723889123228e+00 1.996104516172863219e+00 2.012291481028234852e+00 2.131518194960475121e+00 2.151977645374508086e+00 2.326209342647494793e+00 2.343074646128437077e+00 2.838640837955704210e+00 2.861451130508168905e+00
5.915575273759096087e-01 6.049082884076668609e-01 7.429198489813990669e-01 7.571893623430493436e-01 9.359968134651377447e-01 9.451147635097981725e-01 1.049478797712101841e+00 1.057370803176726382e+00 1.111638114470212546e+00 1.120188260437843919e+00 1.235718906071210599e+00 1.239080478300578880e+00 1.399132545280445061e+00 1.405614451163490486e+00 1.472805843336631781e+00 1.482134013178142862e+00 1.549201486887636925e+00 1.553356550720964124e+00 1.698836560369908932e+00 1.701242566097956210e+00 1.719209357735639321e+00 1.730080548510573912e+00 2.054635754538441716e+00 2.062728804956333040e+00 2.138219483662104459e+00 2.148483821179961062e+00 2.279681644418499076e+00 2.287067916138438850e+00 2.828065998333400444e+00 2.843265602434299488e+00
5.886085918803956041e-01 5.962253220706960066e-01 7.349587321634908355e-01 7.396171412341844276e-01 9.308880215349627507e-01 9.332160106106430764e-01 1.034163918978613594e+00 1.038699286749141804e+00 1.113538931422532130e+00 1.117536535022860322e+00 1.244592173644934130e+00 1.244850364290782663e+00 1.385251642154603502e+00 1.387077661065190259e+00 1.495911901974275038e+00 1.498241138061317201e+00 1.589154561822510248e+00 1.591635880178350115e+00 1.681394216861978208e+00 1.682710802108931869e+00 1.740669370012781325e+00 1.744237305524596326e+00 2.116443563561057228e+00 2.118695547323205641e+00 2.141463480002096631e+00 2.145424161054205303e+00 2.232691477404653568e+00 2.233798351180464881e+00 2.816206078219028797e+00 2.823040649987103912e+00
5.749520636323167677e-01 5.804645464513017439e-01 7.217075149963262382e-01 7.262421455484469046e-01 9.303504674262983443e-01 9.311551766476379166e-01 1.013871233559097362e+00 1.017641424482175649e+00 1.100037974940516472e+00 1.104659234167588489e+00 1.219874949720006541e+00 1.221454866174904286e+00 1.377776675324039246e+00 1.382636136689136874e+00 1.514644292469078612e+00 1.516961414396160945e+00 1.621885865788843750e+00 1.625322436821519334e+00 1.674159722189784594e+00 1.678209610451678380e+00 1.760280948966871817e+00 1.765952508781817309e+00 2.111004900357109637e+00 2.113162996827485429e+00 2.172937532585887066e+00 2.175044148594572402e+00 2.221960303143638793e+00 2.223172629935087130e+00 2.803365541907476999e+00 2.805731950023501842e+00
5.386833498986562940e-01 5.531418419222059457e-01 7.021405083331041519e-01 7.134385415818352838e-01 9.314809670108721296e-01 9.340755818750076100e-01 9.809997160778467507e-01 9.953175455792810933e-01 1.058605434482280394e+00 1.072018000050551034e+00 1.178591046670907305e+00 1.184947489439227786e+00 1.381291825299144627e+00 1.392969079048224978e+00 1.531019709283057084e+00 1.533832067369672369e+00 1.609991282499148246e+00 1.617456099072172471e+00 1.711413720375605685e+00 1.719480469635976894e+00 1.778987033202345192e+00 1.793162043217827684e+00 2.055858060639219609e+00 2.079778187199791795e+00 2.159279819607559769e+00 2.171535783816998855e+00 2.288762660662628790e+00 2.298912611597319078e+00 2.787626926468484534e+00 2.798935900344639904e+00
4.526846663756736167e-01 5.017127238742585815e-01 6.679651560531606469e-01 6.961728913812317288e-01 8.790885162557188215e-01 9.133253497569915336e-01 9.392095769420408802e-01 9.709875816057245146e-01 1.021285175425213465e+00 1.046672084166320404e+00 1.158165011915227804e+00 1.163716728213257223e+00 1.389084360716867028e+00 1.405174073578475902e+00 1.534040338246853930e+00 1.536627023126239555e+00 1.601671214691208434e+00 1.608976879789338676e+00 1.752656391961826987e+00 1.765125274140870504e+00 1.805389462009988621e+00 1.823533542584206524e+00 1.978856922344223834e+00 2.035188003481350094e+00 2.153372732112628807e+00 2.172524628786337786e+00 2.362601112612567444e+00 2.387844783549410987e+00 2.777946484391228488e+00 2.797858308274868921e+00
9.881671879607524522e-02 3.974885935940932202e-01 6.167292395513022107e-01 6.678063411963340856e-01 7.719002736007586352e-01 8.493083470382077893e-01 9.251651131804252692e-01 9.579187662602903774e-01 1.012884068514820379e+00 1.064728223722284817e+00 1.151325619325792138e+00 1.158771080730385483e+00 1.396093703779049289e+00 1.414555166980567380e+00 1.510603574753068390e+00 1.521188831401097508e+00 1.615070368542106172e+00 1.619673972053107036e+00 1.777771595495305279e+00 1.799356352886933630e+00 1.842855958230801505e+00 1.856495901189064934e+00 1.889514020666441807e+00 1.986802615212091228e+00 2.156138541214089877e+00 2.178189820646628139e+00 2.432554495668750594e+00 2.476592262805707545e+00 2.775175635310673794e+00 2.802883303838117790e+00
-5.626527628556216021e-01 1.729621236869263723e-01 5.716547136145161412e-01 6.279409676308398414e-01 7.109722574443056997e-01 7.909463701028598415e-01 9.011877304275408562e-01 9.531544355332479679e-01 1.015658232645944903e+00 1.095535944278620111e+00 1.153448600980726990e+00 1.165929243549831629e+00 1.398258038039077444e+00 1.419118252156558624e+00 1.480368132475442300e+00 1.494943958074862245e+00 1.635047172049341802e+00 1.639806888689145259e+00 1.773291060346879666e+00 1.797800208549360512e+00 1.824963140949466656e+00 1.884122337269345637e+00 1.891985836284092226e+00 1.944826402500747342e+00 2.164117739550910802e+00 2.186787824931953228e+00 2.495467289678504841e+00 2.558824482587714666e+00 2.778523308175737228e+00 2.813177027256039242e+00
-8.229620355107991614e-01 -3.065772960513937218e-01 5.389296802064417191e-01 5.897416603270906332e-01 6.761257449057224145e-01 7.422094943671078138e-01 8.737357423228773179e-01 9.520905080401311782e-01 1.016818666533763960e+00 1.119689037302576295e+00 1.165627310662537219e+00 1.183935705312892939e+00 1.384459660687666016e+00 1.414587885122565725e+00 1.458475003126878056e+00 1.470360861868656555e+00 1.653478285037591311e+00 1.660491475291978380e+00 1.677067002743560353e+00 1.798037080710069846e+00 1.832989131773940183e+00 1.890636185746676468e+00 1.921993256733019129e+00 1.944078591479708740e+00 2.174307239853678908e+00 2.196677162352921098e+00 2.549209525729234649e+00 2.629472168484521699e+00 2.786185716085431530e+00 2.827198743974598916e+00
-1.001347189077496092e+00 -4.185063805089398459e-01 5.142690240766593091e-01 5.606798830026039626e-01 6.490675623030920383e-01 6.927766957722717445e-01 8.474630380741310365e-01 9.529635721791509528e-01 1.015097745023921583e+00 1.131390526430612775e+00 1.180312090188138763e+00 1.206486884808179783e+00 1.350705437172996515e+00 1.392390035429912798e+00 1.452401316204164905e+00 1.460446927606608547e+00 1.589027931996134235e+00 1.670675180121645287e+00 1.678304290632738338e+00 1.782174143122403631e+00 1.833666712697587631e+00 1.887498583031770316e+00 1.951980450298934633e+00 1.966472820527529253e+00 2.184338791820563230e+00 2.206265808248154769e+00 2.592216229703317332e+00 2.684696323224066372e+00 2.795966508692832253e+00 2.843100974317693375e+00
-1.120811249388979469e+00 -4.452190806055112970e-01 4.961464988260685383e-01 5.404568405316111379e-01 6.179598081650343744e-01 6.440523795795560780e-01 8.257996072331160731e-01 9.547556664405285609e-01 1.012290061885874337e+00 1.136351716081749563e+00 1.168305748348833939e+00 1.229905873513728487e+00 1.329582579732603742e+00 1.358706739321624113e+00 1.455434843524506583e+00 1.458793746191060947e+00 1.527877131952298129e+00 1.682810225013791072e+00 1.691590782810455496e+00 1.754945275384284464e+00 1.836809833148595361e+00 1.892861565692615544e+00 1.974401475031982045e+00 1.984443569260202933e+00 2.192545447275400683e+00 2.214172073983434963e+00 2.623439830933627537e+00 2.722577862912805458e+00 2.805550523990781198e+00 2.858493728863332528e+00
-1.190071972277385370e+00 -4.193033553127361035e-01 4.841365904460617209e-01 5.238500719802471339e-01 5.646921999335006159e-01 6.225114698105309596e-01 8.115442461545067099e-01 9.567984439345773584e-01 1.009771822842786770e+00 1.123815271851777764e+00 1.145587422333623762e+00 1.257448085245180591e+00 1.322193484856718504e+00 1.336856934199557312e+00 1.455390160352077356e+00 1.459999486753752462e+00 1.493669302395630227e+00 1.690509807176923562e+00 1.700036438766635127e+00 1.733550281049228481e+00 1.839845453346083515e+00 1.897787942275791062e+00 1.988232459369480010e+00 1.995294545911552975e+00 2.197861519677302589e+00 2.219347164349653401e+00 2.642312945309087446e+00 2.743809905842116592e+00 2.812590068529866372e+00 2.870032779377488019e+00
-1.212811631360108722e+00 -3.937222805939066261e-01 4.782539034819701662e-01 5.072153789774438426e-01 5.438889672282622989e-01 6.166993828482854045e-01 8.065741029933346518e-01 9.578599195295185442e-01 1.008639154320071896e+00 1.106870969209208910e+00 1.144880079354862357e+00 1.282041747753114302e+00 1.295925845480717431e+00 1.342323392579244601e+00 1.451616049410607401e+00 1.461662962196425886e+00 1.484181089288653110e+00 1.693202483608310160e+00 1.703190602981368373e+00 1.725399554857556028e+00 1.840987630126653896e+00 1.899617211522746985e+00 1.992906031058963023e+00 1.998888824656180674e+00 2.199696723751381811e+00 2.221144599536714725e+00 2.648618639044819201e+00 2.750525920838184035e+00 2.815180831963652430e+00 2.874354013498142457e+00
-1.215026992063430233e+00 -3.911527135267108268e-01 4.787391836621953112e-01 5.034101100375867333e-01 5.462464440552173839e-01 6.225431477359486543e-01 8.034463549781347691e-01 9.459040470715803783e-01 1.009500391283362664e+00 1.108176607553641224e+00 1.142607882661008212e+00 1.283172971200589929e+00 1.296919828562410171e+00 1.339172693451498253e+00 1.449136839541513622e+00 1.462854404867205416e+00 1.483757421375983210e+00 1.678968181919838321e+00 1.696413454892480965e+00 1.726996948768575235e+00 1.786551739642535219e+00 1.974216769971370855e+00 1.991630137183750593e+00 2.001534183397617461e+00 2.195416194582397118e+00 2.218607312143266341e+00 2.619329924750287031e+00 2.706293964191605284e+00 2.794051797722927333e+00 2.934527954693357810e+00
-1.220775788885533508e+00 -3.833874861218464769e-01 4.779673952584451158e-01 4.983290951226810872e-01 5.529549901597596850e-01 6.351732896025994446e-01 7.961137285826340726e-01 9.188587940703037971e-01 1.001713738228045214e+00 1.110337544993845293e+00 1.140693524606931630e+00 1.286516366708026826e+00 1.299867024122058679e+00 1.332542843043762026e+00 1.442371662932517395e+00 1.458422717875175856e+00 1.486359263545147025e+00 1.617983101303016813e+00 1.683547244362543882e+00 1.732969501604374241e+00 1.761822257200620578e+00 1.988016775472582376e+00 2.002599700309863895e+00 2.074805016807509173e+00 2.175149888360276673e+00 2.214015613749106048e+00 2.513958445716683698e+00 2.658928455484779185e+00 2.805671437625260278e+00 2.987023547455134320e+00
-1.227918660179956767e+00 -3.706844078386571928e-01 4.737084402872192013e-01 5.018909365324693006e-01 5.615720345651635803e-01 6.485117162180247252e-01 7.893840122060886699e-01 8.869551536354867149e-01 9.746365971556946173e-01 1.114737668000614690e+00 1.143830243412110592e+00 1.291741610081665437e+00 1.304612021808326583e+00 1.327521770946708424e+00 1.427163547973524738e+00 1.444172084633472242e+00 1.492580615507237640e+00 1.538578477440424308e+00 1.673579615955546052e+00 1.740155106679613040e+00 1.760755737123863129e+00 1.985454807599327021e+00 2.005567007986347683e+00 2.107244671207916920e+00 2.170612301623994878e+00 2.216582454733247332e+00 2.408269843343851413e+00 2.632379574204925188e+00 2.822729703122760281e+00 3.004702247706194651e+00
-1.234246263435254010e+00 -3.549402835027613556e-01 4.713652090551233576e-01 5.135073258840769928e-01 5.711143510264132805e-01 6.604257212253082931e-01 7.866953750027088077e-01 8.569213250300593554e-01 9.335344493359268858e-01 1.123344012921674295e+00 1.148053672218175336e+00 1.298992504975113871e+00 1.311226546516409242e+00 1.325967658915244929e+00 1.392144152475540908e+00 1.428466714297987661e+00 1.465363329812977788e+00 1.500774200637308375e+00 1.665919473789896577e+00 1.746887772237774250e+00 1.763693324887650737e+00 1.983497072170179898e+00 2.006721090773136318e+00 2.017152462641691457e+00 2.197570186386121005e+00 2.266804826342061929e+00 2.355628336502528786e+00 2.612994097192626874e+00 2.837962169476752727e+00 2.994398642102349850e+00
-1.238351810550009979e+00 -3.409624435229270945e-01 4.719577705406677315e-01 5.288813252847205382e-01 5.813095097892011509e-01 6.694460081843665034e-01 7.862991421106697576e-01 8.365464000466955596e-01 8.937721180219997397e-01 1.132364923954787495e+00 1.149914980702488432e+00 1.303243149121503519e+00 1.321752518320444825e+00 1.325698533582776006e+00 1.347240678689532345e+00 1.403953016752068628e+00 1.426026062094347235e+00 1.504978141231094302e+00 1.660854133460623494e+00 1.751943804662416726e+00 1.765755615366052966e+00 1.939608632703090585e+00 1.982391045487373882e+00 2.009713887650567354e+00 2.198732275562559124e+00 2.323351611326716970e+00 2.338587968606042899e+00 2.600720116236154400e+00 2.848958651556353860e+00 2.972592182072813838e+00
-1.239738609710322903e+00 -3.352038530807416872e-01 4.726934296130329560e-01 5.364759249736400504e-01 5.867499760305470158e-01 6.730974839312523494e-01 7.851329817464210992e-01 8.315065766617036891e-01 8.754711585803232055e-01 1.136705193684287574e+00 1.149693887217847488e+00 1.296721498048329702e+00 1.320844831129745156e+00 1.327390384096862164e+00 1.344540014475457568e+00 1.379028066420131982e+00 1.419768180046743211e+00 1.506663407183501446e+00 1.659036319284878269e+00 1.753861272476101352e+00 1.766205772888341130e+00 1.912814574651846344e+00 1.982004103468575140e+00 2.010201792450090785e+00 2.198651463886489132e+00 2.333053733660418239e+00 2.347271424607978219e+00 2.596514545290921738e+00 2.853303857768725749e+00 2.961242102703507850e+00
3.804656248786152939e-01 3.805490902535364484e-01 4.030886976922460341e-01 4.061445141738956877e-01 7.824658918047414646e-01 7.824722972257405207e-01 8.317333682864876954e-01 8.472135989119586874e-01 1.041155574466209544e+00 1.054730970359874620e+00 1.132509726190840338e+00 1.146732654387742523e+00 1.179081976091748807e+00 1.179087216910664537e+00 1.383981703076589964e+00 1.383984291994708071e+00 1.446018040239585467e+00 1.457582210176604942e+00 1.638363603031698812e+00 1.644706834352837266e+00 1.842457048272328368e+00 1.855740710075985955e+00 2.069043762628116845e+00 2.069059631445218983e+00 2.354781470123496145e+00 2.357346900509746490e+00 2.495509722511655148e+00 2.497168192639957596e+00 2.916108870184113133e+00 2.922773262805587802e+00
-6.734054947190217799e-01 2.901489914710223550e-01 4.202270817245693513e-01 5.040213174163952203e-01 6.313176154305087939e-01 7.525766554888565496e-01 8.566386297080954559e-01 9.083943387541348891e-01 1.028835507869664490e+00 1.053322630631356116e+00 1.135782112830671098e+00 1.158877395330128346e+00 1.184633652590083353e+00 1.252767738878045378e+00 1.427116997662197129e+00 1.449452720202197398e+00 1.464396898049300955e+00 1.584783656321045120e+00 1.651068969200040204e+00 1.653275168051066002e+00 1.859734701118897160e+00 1.884560182278717466e+00 2.068673346379093836e+00 2.069303659510948634e+00 2.352624703626871483e+00 2.356631015811759600e+00 2.493332573210968572e+00 2.519586762147936199e+00 2.890260466930000050e+00 2.900284567913254730e+00
-1.072739078936896240e+00 1.613308349657859853e-01 3.971678205207171408e-01 5.741800055822975368e-01 6.196587996261880837e-01 7.252709901356861888e-01 8.984660106984322381e-01 9.552463070369734410e-01 1.002772488942451634e+00 1.069822347324429046e+00 1.132374621762508138e+00 1.176609842007146911e+00 1.214401989540426108e+00 1.267777747604981187e+00 1.451163106803442737e+00 1.461865870430535397e+00 1.525856438570914575e+00 1.666520379232946825e+00 1.674071447963792592e+00 1.801906040448018942e+00 1.894159728076822535e+00 1.955620112314187198e+00 2.067759638971237379e+00 2.071889238121483956e+00 2.343905598104644383e+00 2.360630097284862838e+00 2.499689788348061104e+00 2.583450705164169747e+00 2.824774490737919308e+00 2.863485098097499293e+00
-1.154585409593921863e+00 1.925495860230198308e-01 3.962567014953061739e-01 6.001223326015504567e-01 6.505904545160827723e-01 7.209509823819255647e-01 9.095018264221617077e-01 9.590132626905215618e-01 9.987906878978044523e-01 1.084615729400513207e+00 1.128171222343601787e+00 1.195135417397654720e+00 1.231103037879046402e+00 1.271183172730855571e+00 1.448512545314027511e+00 1.467915560516782181e+00 1.581743290519523670e+00 1.678482312534427034e+00 1.681163853373867978e+00 1.839851194311288962e+00 1.913248168701342955e+00 1.990399273434638072e+00 2.064506318118947803e+00 2.077357538234243073e+00 2.330322307860842823e+00 2.357514832409714600e+00 2.549751663463581064e+00 2.655463971010836755e+00 2.799098391322203838e+00 2.849137730078395325e+00
-9.843463218282115790e-01 2.725378445425994944e-01 4.448745658978104367e-01 5.790457783035678485e-01 6.785968961255828269e-01 7.298379815833971884e-01 8.874526293775225616e-01 9.520743076984300446e-01 9.892627664250676078e-01 1.039026966701345200e+00 1.140632070449540070e+00 1.211527921056529733e+00 1.227452540565918238e+00 1.271577082540042314e+00 1.447446062322271576e+00 1.463758247711100635e+00 1.575682950323661791e+00 1.674641135878203180e+00 1.679549539692398286e+00 1.795802090663827899e+00 1.874185982632178060e+00 1.935142884519730488e+00 2.056710336662880945e+00 2.062143243173626850e+00 2.295808472964366853e+00 2.320308821856198023e+00 2.638152640240599034e+00 2.699706908012087681e+00 2.862047065775526811e+00 2.890303143927312135e+00
-4.959346707740686089e-01 3.528853247876578281e-01 4.318799046392677310e-01 5.591113529419337036e-01 7.017740338290244795e-01 7.484108209010270629e-01 8.429146894722052696e-01 8.764842275269465466e-01 9.785032352890824514e-01 9.941746984108200680e-01 1.186870763388560901e+00 1.229010259185995935e+00 1.238066677812634131e+00 1.265658825576856383e+00 1.450258699214800995e+00 1.453322964446148502e+00 1.499538038199160095e+00 1.610720138255293366e+00 1.666786747336903574e+00 1.672346024601764514e+00 1.833893095355161318e+00 1.848234698268272691e+00 2.044412265688111852e+00 2.044973700831972607e+00 2.250191095145591902e+00 2.261032489181936445e+00 2.713231730826290100e+00 2.729652151400259186e+00 2.945402925174301245e+00 2.953655361441198668e+00
3.817175778991857560e-01 4.023137081462676568e-01 5.257169766619385065e-01 5.257817423881122609e-01 7.501998574584860524e-01 7.502042175161162119e-01 7.844820894987297732e-01 7.943212238992809482e-01 9.862905806271874409e-01 9.926920446934657249e-01 1.218793791963749040e+00 1.218796509693101937e+00 1.247225055365793311e+00 1.250882704416635738e+00 1.404050307054670599e+00 1.404053071463523539e+00 1.453856408834487857e+00 1.457572804500989250e+00 1.659626139227706743e+00 1.663042868090843118e+00 1.815380187540699186e+00 1.825140233363292452e+00 2.029363187881699560e+00 2.029380702055942898e+00 2.213682366375442356e+00 2.219059359343915183e+00 2.741686998573365841e+00 2.744043098472853881e+00 2.979239608468943867e+00 2.983936495710051595e+00
-6.146447618916703881e-01 2.184474368827523105e-01 4.137549649542040520e-01 5.379611102879257034e-01 6.661120072542939807e-01 7.111202991894757242e-01 7.990602904789180227e-01 8.300364372126131096e-01 1.001630121978236421e+00 1.025627922579231521e+00 1.142000206226343018e+00 1.263380265912027678e+00 1.267238843712696239e+00 1.274996386308035579e+00 1.410166798353527984e+00 1.458948528095684427e+00 1.464957106493300687e+00 1.510461408937570305e+00 1.668917404604826071e+00 1.674142986723049065e+00 1.823801792624198503e+00 1.842004692968526314e+00 2.013142891022419612e+00 2.013967618019655514e+00 2.196648847967176188e+00 2.205949531221737203e+00 2.723543244429385890e+00 2.741515403413909535e+00 2.944951319235705078e+00 2.956674088927455202e+00
-1.081588540719211844e+00 -3.091256516463611326e-01 4.573909131666652472e-01 5.273332201280608311e-01 5.719691723108932813e-01 6.511035966005109810e-01 8.060520815419973673e-01 9.269573234158863251e-01 1.007575158058827247e+00 1.088809797220019915e+00 1.118436352098128639e+00 1.277149621645295774e+00 1.291702119235203616e+00 1.309832077475092893e+00 1.442027070775166564e+00 1.463148481659223954e+00 1.475984574761963541e+00 1.667584899948502786e+00 1.684986226444079360e+00 1.697060536022325650e+00 1.835413218976908345e+00 1.879835154133435493e+00 1.998923952168284224e+00 2.002540331211998481e+00 2.196611153427916907e+00 2.213776317404370086e+00 2.676485927098886108e+00 2.741317348264231679e+00 2.864832882330328179e+00 2.903033733358828972e+00
-1.212811631360108722e+00 -3.937222805939066261e-01 4.782539034819701662e-01 5.072153789774438426e-01 5.438889672282622989e-01 6.166993828482854045e-01 8.065741029933346518e-01 9.578599195295185442e-01 1.008639154320071896e+00 1.106870969209208910e+00 1.144880079354862357e+00 1.282041747753114302e+00 1.295925845480717431e+00 1.342323392579244601e+00 1.451616049410607401e+00 1.461662962196425886e+00 1.484181089288653110e+00 1.693202483608310160e+00 1.703190602981368373e+00 1.725399554857556028e+00 1.840987630126653896e+00 1.899617211522746985e+00 1.992906031058963023e+00 1.998888824656180674e+00 2.199696723751381811e+00 2.221144599536714725e+00 2.648618639044819201e+00 2.750525920838184035e+00 2.815180831963652430e+00 2.874354013498142457e+00
