0.000000000000000000e+00
4.448166124261191540e-02
8.896332248522383079e-02
1.334449837278357531e-01
1.779266449704476616e-01
2.224083062130595700e-01
2.668899674556715063e-01
3.113716286982833870e-01
3.558532899408953232e-01
4.003349511835072594e-01
4.448166124261191401e-01
4.892982736687310763e-01
5.337799349113430125e-01
5.782615961539548932e-01
6.227432573965667739e-01
6.672249186391787656e-01
7.117065798817906463e-01
7.536442922859155624e-01
7.955820046900405895e-01
8.375197170941655056e-01
8.794574294982904217e-01
9.213951419024153378e-01
9.633328543065403649e-01
1.005270566710665392e+00
1.047208279114790308e+00
1.089145991518915224e+00
1.131083703923040140e+00
1.173021416327165056e+00
1.214959128731289972e+00
1.255274343365927248e+00
1.295589558000564745e+00
1.335904772635202020e+00
1.376219987269839518e+00
1.416535201904476793e+00
1.456850416539114068e+00
1.497165631173751565e+00
1.537480845808388841e+00
1.577796060443026338e+00
1.618111275077663613e+00
1.658426489712300889e+00
1.698741704346938386e+00
1.738280958784815589e+00
1.777820213222693013e+00
1.817359467660570216e+00
1.856898722098447418e+00
1.896437976536324621e+00
1.935977230974201824e+00
1.975516485412079248e+00
2.015055739849956673e+00
2.054594994287833654e+00
2.094134248725711078e+00
2.133673503163588059e+00
2.173212757601465484e+00
2.212752012039342908e+00
2.252291266477219889e+00
2.291830520915097313e+00
2.331369775352974294e+00
2.370909029790851719e+00
2.410448284228729143e+00
2.449160018755613510e+00
2.487871753282498322e+00
2.526583487809382689e+00
2.565295222336267500e+00
2.604006956863151867e+00
2.642718691390036678e+00
2.681430425916921045e+00
2.720142160443805857e+00
2.758853894970690224e+00
2.797565629497575035e+00
2.836277364024459402e+00
2.874989098551344213e+00
2.913700833078228580e+00
2.913700833078228580e+00
2.950914877356355603e+00
2.988128921634482182e+00
3.025342965912608761e+00
3.062557010190735785e+00
3.099771054468862808e+00
3.136985098746989387e+00
3.174199143025115966e+00
3.211413187303242989e+00
3.248627231581370012e+00
3.285841275859496591e+00
3.323055320137623170e+00
3.360269364415750193e+00
3.397483408693877216e+00
3.397483408693877216e+00
3.434697452972003795e+00
3.471911497250130818e+00
3.509125541528257841e+00
3.546339585806384420e+00
3.583553630084510999e+00
3.620767674362638022e+00
3.657981718640765045e+00
3.695195762918891624e+00
3.732409807197018203e+00
3.769623851475145226e+00
3.806837895753272250e+00
3.844051940031398829e+00
3.881265984309525408e+00
