-1.154762322253157631e-04 1.689072505272105501e-08 3.152393123056740354e-08 5.930156291296990734e-01 6.571536565841008537e-01 7.129597599615933312e-01 7.289023962366789622e-01 7.888324271662833231e-01 8.433711420734302244e-01 1.065556435174547012e+00 1.138682027405580888e+00 1.161769652301265943e+00 1.254517125241862097e+00 1.338535481015808326e+00 1.389842307600735793e+00 1.429277497364892069e+00 1.458604174175131885e+00 1.604632636999833606e+00 1.747013545233225607e+00 1.761675181054401573e+00 1.957750371022805913e+00 1.995175313311386978e+00 2.078014772315206038e+00 2.129186833547424218e+00 2.205648537153839239e+00 2.326509595665031238e+00 2.679118571506458046e+00 2.875880319712607491e+00 2.998423420451354904e+00 3.223028530694703964e+00
4.269915174500610311e-02 7.038189777588899076e-02 1.173119308462102633e-01 5.919931792375291435e-01 6.543390216870821341e-01 7.073818482979182809e-01 7.254891042735520656e-01 7.994073294652470629e-01 8.451388260138135156e-01 1.065925812956420193e+00 1.138950871535863385e+00 1.159466103092963163e+00 1.245813590574008645e+00 1.346313836198643310e+00 1.393017179559444818e+00 1.429341553734857273e+00 1.458177118027734531e+00 1.601910923219943772e+00 1.747595545206906076e+00 1.761079076544175948e+00 1.957473846748724267e+00 1.997297999688836700e+00 2.081912317583840988e+00 2.129245172218424909e+00 2.199780445799860651e+00 2.332586551140257924e+00 2.681317280932403513e+00 2.875190089061735232e+00 3.010174996934918301e+00 3.230996716054642004e+00
9.645946345059337734e-02 1.400848674222595625e-01 2.293370641039706725e-01 5.901463397043200665e-01 6.445003800709321329e-01 7.004022292024570939e-01 7.177690760714441343e-01 8.214020935861279238e-01 8.494045558785825456e-01 1.064921431512837469e+00 1.139709495046287380e+00 1.151508236714683608e+00 1.231061243035190600e+00 1.357525004265975666e+00 1.406463089024171387e+00 1.429531639237916041e+00 1.456976623809344895e+00 1.592653624734442053e+00 1.749224426065140614e+00 1.759243518835999387e+00 1.956694433887137485e+00 2.003798054977476539e+00 2.093154714552212248e+00 2.129408310085343814e+00 2.185249492385800352e+00 2.348334648479365683e+00 2.687289219879255953e+00 2.873403369497345317e+00 3.042693325105743973e+00 3.252261815615333340e+00
1.524747882672013721e-01 2.084235946541840023e-01 3.366280949201719830e-01 5.835412669440215305e-01 6.248850943073840369e-01 7.097224543802567176e-01 7.106619416376910303e-01 8.415120804001939847e-01 8.542654902442354814e-01 1.057416397070260139e+00 1.140121500342692995e+00 1.140819148200866717e+00 1.223185745059322649e+00 1.363390355976243473e+00 1.429342055621827701e+00 1.429837782900013510e+00 1.455227375749804208e+00 1.576322197430284122e+00 1.751574198889348066e+00 1.756113187855762758e+00 1.955555772295648032e+00 2.011231940732653101e+00 2.109822285694525679e+00 2.129643218188329801e+00 2.169851161685026231e+00 2.369169465784194628e+00 2.695553099852324497e+00 2.871197316666250110e+00 3.089051919730858575e+00 3.280170307345315894e+00
2.103999378995562441e-01 2.746889513069502020e-01 4.288035205043860265e-01 5.729293808869171389e-01 5.948366207770354741e-01 7.065690772363922845e-01 7.416656990785859271e-01 8.520395638902457103e-01 8.584219876066910837e-01 1.038060993515671715e+00 1.136043408346354866e+00 1.142068372691259937e+00 1.223596635576832625e+00 1.366233896493599609e+00 1.430231103541414583e+00 1.452706769936995324e+00 1.453254961410938906e+00 1.555863938590692497e+00 1.752024065665080288e+00 1.754178239731711164e+00 1.954274030350168223e+00 2.014385111469326084e+00 2.119316733197583069e+00 2.129902811947474106e+00 2.168667640536211305e+00 2.391001101386301730e+00 2.704455567946913330e+00 2.869207011564057552e+00 3.140264016138938796e+00 3.307194476549152107e+00
2.658566772147579194e-01 3.380781355241121444e-01 4.707572267984454495e-01 5.561786134682823457e-01 5.941125492590615398e-01 7.048405438624251174e-01 7.769854241487400559e-01 8.554343587411227245e-01 8.613688150573783897e-01 1.008842675241472975e+00 1.143208818653327352e+00 1.143904793352374050e+00 1.228224755414438985e+00 1.366342763204320576e+00 1.430647946625343225e+00 1.451434968901568645e+00 1.470916663394434387e+00 1.536727991737939947e+00 1.747928739013453692e+00 1.756522363045129653e+00 1.953102226266878905e+00 2.012543612557850192e+00 2.114356383000404183e+00 2.130135693505629479e+00 2.185340611520649290e+00 2.410135637359760441e+00 2.712468546611678910e+00 2.867758619657768904e+00 3.186506490274449099e+00 3.328027837446925208e+00
3.121357658893097464e-01 3.972395086783347962e-01 4.574218795095217338e-01 5.114490473074476684e-01 6.552264894694892483e-01 7.042861818276318076e-01 7.767035260368209126e-01 8.630631883596614484e-01 8.744426245149644616e-01 9.776768644036321065e-01 1.144005873271531248e+00 1.156189115899216802e+00 1.232923359871548996e+00 1.363917297201947987e+00 1.430981695674523380e+00 1.450140674957391740e+00 1.481603779860754200e+00 1.524185874388330753e+00 1.744974625052302164e+00 1.758144214893726520e+00 1.952281428401617225e+00 2.008715083370480325e+00 2.109025516328333349e+00 2.130296303921996426e+00 2.200533471918847628e+00 2.423217940044358976e+00 2.718134755692758642e+00 2.866916806739248980e+00 3.218541168695816079e+00 3.340601960577553431e+00
3.334374818872934965e-01 4.387585454002678742e-01 4.440147327379990183e-01 4.746818401161406187e-01 6.967758049926677799e-01 7.041780333082278132e-01 7.544945336441928330e-01 8.636091769243235960e-01 8.933561327682612019e-01 9.595251030474881704e-01 1.144291832644365625e+00 1.162084276396497140e+00 1.234818469767962723e+00 1.362227210269673972e+00 1.431111855484544559e+00 1.449669721438744618e+00 1.484835375489956588e+00 1.520195191683318514e+00 1.743916583114894392e+00 1.758723092335718663e+00 1.951986465675195737e+00 2.006834991046805072e+00 2.107280247954600672e+00 2.130353517632287641e+00 2.206114437392719285e+00 2.427861857421712788e+00 2.720199915002647018e+00 2.866644278786216304e+00 3.229947638967938683e+00 3.344759813980475727e+00
3.342256139367433820e-01 4.390364018422471815e-01 4.420459992255562631e-01 4.773895795781382678e-01 6.987210962155844252e-01 7.040108429588551875e-01 7.518534690445195512e-01 8.628144338714489603e-01 8.934991276557877615e-01 9.649105075014926536e-01 1.143923705346044706e+00 1.159443461291891797e+00 1.233779176464413041e+00 1.365438477215193291e+00 1.430929343354270245e+00 1.450088876088120760e+00 1.484183706623437127e+00 1.519961396236183759e+00 1.745472789140255943e+00 1.758279358031296535e+00 1.952148879040048968e+00 2.006209083605539067e+00 2.109562807895708492e+00 2.130396637295020490e+00 2.207922931615038831e+00 2.427965722171815610e+00 2.713479255514439803e+00 2.875902523359241680e+00 3.228694194897811176e+00 3.344888699954500222e+00
3.363566833994871552e-01 4.397159211908398535e-01 4.403339762379194777e-01 4.844368736130101882e-01 6.980350332057672080e-01 7.035993362798842465e-01 7.492813500899904167e-01 8.605354904997283283e-01 8.956421983052845759e-01 9.791132883128544906e-01 1.142909962043177963e+00 1.152582454132354162e+00 1.229850024199511616e+00 1.373258348157160524e+00 1.430391083833684407e+00 1.451246946649210168e+00 1.482229716649153817e+00 1.519980715200448085e+00 1.749244952448635981e+00 1.757092201901206518e+00 1.952561945078850725e+00 2.004496577756670117e+00 2.115263908277843274e+00 2.130525745206312216e+00 2.213733840761683780e+00 2.428230732812326931e+00 2.698618042878672796e+00 2.896460323495193112e+00 3.226166863081028513e+00 3.345391133838039543e+00
3.382086571885839499e-01 4.430683357998040917e-01 4.450205456447768881e-01 4.937106781981891457e-01 6.848351630461060324e-01 7.031478782035960329e-01 7.539830744229533144e-01 8.571058529095015865e-01 9.020935542986657785e-01 9.988622868456430437e-01 1.141494287193837387e+00 1.143606189053030464e+00 1.222133579413344995e+00 1.381365496087051614e+00 1.429535314913125577e+00 1.452875832090428032e+00 1.479101205152683285e+00 1.521726974246769615e+00 1.753243041985040884e+00 1.755534571722032755e+00 1.953041893274091834e+00 2.002065377905871912e+00 2.121719342336943370e+00 2.130736046258390637e+00 2.224176293518890013e+00 2.428499694952392041e+00 2.683392796258910806e+00 2.915875568250294148e+00 3.225044836567875439e+00 3.346694417036236491e+00
3.374719366426655043e-01 4.465590939287658601e-01 4.632111078666092951e-01 5.035043944064790944e-01 6.624866814881888999e-01 7.027912236208447849e-01 7.608271920033248259e-01 8.531223782330322747e-01 9.118117015294845418e-01 1.021979064090593026e+00 1.134049310996966486e+00 1.140002435997422792e+00 1.211496004650863823e+00 1.385943497102645416e+00 1.428445538845627194e+00 1.454620218445691338e+00 1.475365144542554408e+00 1.525881429351682694e+00 1.754065287688327146e+00 1.755873933119218799e+00 1.953384341767152366e+00 1.999468122250688484e+00 2.126185151503430237e+00 2.131009565456877475e+00 2.238639303835360028e+00 2.428743659598485927e+00 2.672075705988083083e+00 2.925520594651608963e+00 3.226791838764794029e+00 3.349444428695652398e+00
3.343153103851683183e-01 4.489581805812657977e-01 4.912318461167418104e-01 5.131315357118400033e-01 6.370782292892296361e-01 7.023837133244674735e-01 7.645235871799823668e-01 8.494356439808480319e-01 9.204225620518550199e-01 1.046769423369345642e+00 1.123927527414681382e+00 1.138758589324184722e+00 1.200342021698057371e+00 1.386834795137975362e+00 1.427253498824305522e+00 1.456135916058743929e+00 1.471815893692460575e+00 1.531317033010773043e+00 1.753077519399220741e+00 1.757091395296024094e+00 1.953447661012414294e+00 1.997381668456915227e+00 2.127277635517962562e+00 2.131309684183339659e+00 2.253553666496251218e+00 2.429683928718289643e+00 2.666110217000153604e+00 2.923122969708646934e+00 3.229581000665377566e+00 3.353752275481167722e+00
3.302491863115603055e-01 4.477894779887690024e-01 5.206264336528217962e-01 5.228777597482701101e-01 6.133696029482307299e-01 7.014884312696474389e-01 7.633905387299616541e-01 8.469908261478248379e-01 9.238130255166986382e-01 1.070803197494755388e+00 1.112506172331542809e+00 1.138014818206438905e+00 1.190556978053121773e+00 1.387802895395947145e+00 1.426125381619412380e+00 1.457162066299312331e+00 1.468859550182602280e+00 1.535570057730138993e+00 1.752800407954762330e+00 1.758426050030167609e+00 1.953192364872382791e+00 1.996170271699742038e+00 2.125715215040518746e+00 2.131584763527211823e+00 2.262820222749501564e+00 2.432657303087357725e+00 2.664933038729023540e+00 2.912164770799385849e+00 3.229820181823289449e+00 3.358195732694883251e+00
3.191248811139930086e-01 4.543869641193112874e-01 5.281427830809387602e-01 5.573377972389855772e-01 6.108852414348302506e-01 6.945630911776458083e-01 7.533407165257985927e-01 8.465340754015284741e-01 9.528810324311034474e-01 1.074902457432511893e+00 1.109457767521605964e+00 1.137687386957081159e+00 1.167346520312284586e+00 1.385210785179370685e+00 1.426076784953287158e+00 1.456961185244737944e+00 1.466386299202251609e+00 1.537637362848403910e+00 1.753149360821756320e+00 1.764906482924564868e+00 1.952880646300432677e+00 1.991730070912431261e+00 2.118880711714456577e+00 2.131760737065731881e+00 2.289607838549067242e+00 2.429090399682126478e+00 2.669734138968643755e+00 2.884056429311994130e+00 3.234478514109386804e+00 3.367992476758680187e+00
3.207293980114263032e-01 4.426396910791614014e-01 5.050061753007116794e-01 5.599538894939904976e-01 6.109000431278803767e-01 6.882447386717227555e-01 7.531102061934125125e-01 8.442713636726428827e-01 9.556150234056602910e-01 1.073297509566224051e+00 1.109832633547770175e+00 1.160008104329084855e+00 1.171714662759041126e+00 1.385545703948044549e+00 1.427581409629073983e+00 1.466342109767776902e+00 1.479472632152680989e+00 1.533800009598746517e+00 1.756885067943611434e+00 1.770801870545307244e+00 1.947610557417010835e+00 1.994340230189828089e+00 2.117296405737097320e+00 2.130294673676123018e+00 2.288778376835697514e+00 2.428051844657970637e+00 2.666575380136212647e+00 2.881980994190123102e+00 3.229522099746588548e+00 3.364236435926157398e+00
3.118221039801903349e-01 4.198155441440806768e-01 4.550420551116148293e-01 5.660448851654176217e-01 6.099307247509676566e-01 6.790230408493231895e-01 7.482107654232468263e-01 8.502758994553051286e-01 9.629787440156073464e-01 1.069207870030929985e+00 1.111328704672795098e+00 1.159919966258849078e+00 1.230894416102702227e+00 1.387247486944836128e+00 1.433010349918991011e+00 1.467217115152045226e+00 1.521689770919811169e+00 1.537727794007112792e+00 1.756970005690693837e+00 1.797460014254519400e+00 1.934886499102467683e+00 1.999623614915219338e+00 2.109333141781839061e+00 2.129292553939501786e+00 2.287124533243324986e+00 2.425049280216423409e+00 2.657155914410502806e+00 2.875715762288545196e+00 3.214910827655915959e+00 3.353305665127344515e+00
2.704454733074653783e-01 4.016234632532680870e-01 4.321025832678295764e-01 5.726713760339925408e-01 6.070376057910739087e-01 6.809145839471695272e-01 7.418477327979881020e-01 8.693839340300135721e-01 9.726789669593106646e-01 1.064741344250770272e+00 1.114319252127760063e+00 1.154606069934114077e+00 1.294531782676066500e+00 1.393943245071615378e+00 1.436202982769865688e+00 1.472735275158818746e+00 1.515408817516834983e+00 1.603676564461158582e+00 1.754792802543930996e+00 1.838714433312117036e+00 1.918826697457603370e+00 2.005018672897966869e+00 2.093435410964217702e+00 2.130989076680362970e+00 2.287271835938186726e+00 2.420520307633655666e+00 2.641668498631886575e+00 2.865123815437517152e+00 3.191490774481248849e+00 3.336159117702965915e+00
2.453758069848796797e-01 3.890748794312846037e-01 4.559551194534532947e-01 5.770289176458329727e-01 6.060670088088734309e-01 6.950046750996458078e-01 7.427292753470118303e-01 8.944089664776850856e-01 9.808210641120220785e-01 1.063909265104777457e+00 1.118889693177022249e+00 1.149641281365310075e+00 1.331523031051558004e+00 1.411563747050753159e+00 1.430621536185253007e+00 1.486086544193695902e+00 1.516300505308879387e+00 1.665286729109777930e+00 1.754357410174055554e+00 1.884351621602178950e+00 1.902828934292672525e+00 2.009644694669898701e+00 2.072898283916770001e+00 2.133934889470467944e+00 2.293747393793262201e+00 2.415491269004079733e+00 2.620500443565438875e+00 2.849941005765908919e+00 3.160870460918923097e+00 3.314238506532728223e+00
2.892089723474264296e-01 4.149154962423384774e-01 4.874036845471625967e-01 5.799782874407946043e-01 6.127842976477684278e-01 7.083532150693674367e-01 7.615335867818117110e-01 9.199403150162932530e-01 9.836257925197412488e-01 1.071002824395802078e+00 1.124349772010846626e+00 1.148033161904495225e+00 1.341110622338435254e+00 1.416066922080985835e+00 1.430721471794646149e+00 1.503213310485937093e+00 1.530640053059020067e+00 1.702816879597214950e+00 1.764865522101135564e+00 1.885885117709148906e+00 1.925270676310812501e+00 2.010433770346522042e+00 2.054670379355768350e+00 2.137422135064690920e+00 2.311766542494517296e+00 2.411929344839837341e+00 2.594308496123838736e+00 2.829848395956424678e+00 3.125559299502787436e+00 3.289295418982967067e+00
3.807402977450799475e-01 4.682413763210175328e-01 5.147173604707522276e-01 5.930070319685690761e-01 6.278813316389535437e-01 7.157000586658170960e-01 7.993329198222304255e-01 9.417919865385355749e-01 9.828465221693931664e-01 1.085959814586957339e+00 1.129066668117262084e+00 1.154173417233139931e+00 1.339932096757414426e+00 1.400334159078641116e+00 1.435439973770556099e+00 1.519437547478572625e+00 1.549930994774283644e+00 1.710036222478812151e+00 1.789821153778353047e+00 1.871804434707764253e+00 1.945740509140202024e+00 1.998256563374897876e+00 2.051862506571880296e+00 2.141790798943413954e+00 2.343042793758860931e+00 2.412986829636841080e+00 2.564093423151205808e+00 2.804865386684546102e+00 3.088835331776177640e+00 3.263228325407184549e+00
4.762650041461852224e-01 5.216861674655226544e-01 5.309917214410372344e-01 6.315072108451085242e-01 6.522025357207960061e-01 7.257671820427612497e-01 8.458217914741663623e-01 9.530887108166180566e-01 9.888326961332419840e-01 1.104478675106417951e+00 1.134757372993920876e+00 1.170174736446494057e+00 1.335290511924614343e+00 1.383450774670248684e+00 1.432362464495175347e+00 1.529888235584899947e+00 1.564838472341168352e+00 1.705505724938740197e+00 1.810559659302461766e+00 1.859115806067171750e+00 1.943265027615834528e+00 1.978410629478182692e+00 2.060590642782074600e+00 2.146423161171522320e+00 2.381854940713231894e+00 2.422564019495259569e+00 2.531304209572477149e+00 2.776291100068718709e+00 3.054130615684683026e+00 3.237918544697294898e+00
5.186026065757638470e-01 5.452416737307088646e-01 5.896671345718554891e-01 6.702440168492908024e-01 6.889769912778110905e-01 7.544091193742342716e-01 8.914991459269947516e-01 9.532027083892004038e-01 1.009307684343402123e+00 1.121234698910401173e+00 1.147639609450528120e+00 1.195752283265153482e+00 1.329953493632402894e+00 1.366857212179390935e+00 1.424856675507811365e+00 1.529566316246910196e+00 1.576882154144553017e+00 1.698778604351754540e+00 1.804050124348709927e+00 1.863962155131742460e+00 1.922964379218865760e+00 1.959703090466893283e+00 2.069808032779224760e+00 2.147850313201042471e+00 2.417333712103381771e+00 2.442569159389618161e+00 2.498414554050682135e+00 2.747941646247815672e+00 3.024102283489092269e+00 3.215007268632434911e+00
5.160995130621444105e-01 5.757627784640526603e-01 6.380620961938889835e-01 7.027259931765864609e-01 7.238288614311600977e-01 8.037150551091939432e-01 9.209590692975695436e-01 9.555331935522628495e-01 1.041142182656937365e+00 1.134161292756133532e+00 1.173158283252839107e+00 1.230908912460017435e+00 1.325239023633743463e+00 1.351445049703213774e+00 1.414710867026957253e+00 1.519676818859692746e+00 1.587715002128019082e+00 1.692927144227952541e+00 1.772189574858388683e+00 1.879007296088449630e+00 1.899460299180885103e+00 1.941860476727439000e+00 2.076192434141698850e+00 2.143199000307872026e+00 2.440670089557715361e+00 2.457600819405183934e+00 2.480043163118629934e+00 2.726218915530668419e+00 3.000094589800442968e+00 3.195583860897147854e+00
5.085106133363568315e-01 6.027893667613881679e-01 6.572535381356666706e-01 7.162821190074749600e-01 7.765005832408357067e-01 8.453433254363017513e-01 9.267457820827721404e-01 9.652868496974359447e-01 1.073736627154664447e+00 1.145242539002503168e+00 1.212531347313900554e+00 1.273485241132678691e+00 1.322386577125794771e+00 1.339507228185941923e+00 1.403860071012032140e+00 1.505356824417750872e+00 1.596216148838156768e+00 1.688681386591645461e+00 1.731820425659629015e+00 1.853043046373356484e+00 1.911457293707911953e+00 1.927998941344362338e+00 2.079287236075359591e+00 2.132923682957782674e+00 2.424850167179296356e+00 2.464614620115536336e+00 2.499290361179967945e+00 2.716652643643772347e+00 2.982428044104496134e+00 3.179869318322227745e+00
4.985042204728043491e-01 6.283494059574001867e-01 6.632881253527235232e-01 7.261984034193350590e-01 8.175722684589790124e-01 8.735523001036969992e-01 9.247243617526229587e-01 9.726602703621211043e-01 1.095427477454558041e+00 1.153970974240045910e+00 1.256923071996394192e+00 1.296497147783092663e+00 1.333183008180083284e+00 1.346029238296300168e+00 1.395113337080392091e+00 1.490117871010696815e+00 1.601468370619474779e+00 1.681645212861077932e+00 1.693169037183106518e+00 1.819059360853484186e+00 1.900777852302539150e+00 1.944051724111922841e+00 2.079229959366777347e+00 2.119274223246371491e+00 2.399665047248953353e+00 2.469275268073708229e+00 2.522615549032383608e+00 2.718588871336609980e+00 2.971032841493824517e+00 3.167098880157015461e+00
4.861988743745140340e-01 6.521667636595357420e-01 6.641738034776744071e-01 7.339417849601330701e-01 8.382016634997965232e-01 8.926904945241794787e-01 9.231879807188638765e-01 9.753181758643675314e-01 1.106339331742714815e+00 1.160523729682391147e+00 1.281068626801517452e+00 1.304341385798191588e+00 1.330443665332778025e+00 1.390084707764233540e+00 1.400360220339724515e+00 1.475460187213517127e+00 1.601117446206294703e+00 1.649651528735519568e+00 1.683299376773128575e+00 1.789800842441967577e+00 1.881984228521276448e+00 1.966213742772635609e+00 2.076422771628653408e+00 2.104559171558907593e+00 2.380328686738440336e+00 2.470535787669162264e+00 2.544047927122415675e+00 2.726240384556492646e+00 2.965795981730780184e+00 3.155782545059657274e+00
4.714934051172247620e-01 6.577537329727383142e-01 6.792385253175945437e-01 7.384717351718488310e-01 8.419270210252021158e-01 9.014065083734863482e-01 9.278744247842868331e-01 9.739809750548312772e-01 1.108621031601666029e+00 1.165898267697855761e+00 1.275594072340958229e+00 1.321311623043832206e+00 1.337224323117677693e+00 1.389550205546791650e+00 1.448979236442789365e+00 1.462879051198049174e+00 1.587594252257018557e+00 1.630067829070601881e+00 1.675263734365261437e+00 1.769708242912275686e+00 1.863003912028163844e+00 1.986015629116572256e+00 2.071622102412568278e+00 2.090607440163036568e+00 2.368451197109342932e+00 2.474395758349010599e+00 2.561999464882266153e+00 2.734357262867042504e+00 2.966500584114970529e+00 3.144311984961460915e+00
4.548075407112689983e-01 6.536157074396589106e-01 7.003477546566209133e-01 7.389033862121341389e-01 8.385279904044803390e-01 9.026317090013750155e-01 9.343649791150369088e-01 9.717645472340710189e-01 1.105496558497825799e+00 1.168994995428548789e+00 1.270156202637689580e+00 1.318478308571402469e+00 1.353042505318084565e+00 1.391950322232485826e+00 1.452815196374133144e+00 1.485983416182278694e+00 1.567582595578832505e+00 1.625156031840573112e+00 1.664875850756974751e+00 1.759769528770949387e+00 1.845052686421836841e+00 2.002720469650812074e+00 2.065619251426971115e+00 2.078977572507841654e+00 2.362777324014498248e+00 2.482748294730744654e+00 2.575833888130963700e+00 2.740432011710697058e+00 2.972482596871997451e+00 3.131707483702339090e+00
4.379841029347211201e-01 6.497389123620337381e-01 7.141584890493595239e-01 7.380772075399371079e-01 8.357574018302859065e-01 9.045234618949709038e-01 9.339475928525089454e-01 9.718378260261205659e-01 1.100644948089072539e+00 1.168784226159875761e+00 1.267769943580060454e+00 1.311421612215339483e+00 1.356830124556803518e+00 1.400441381806638352e+00 1.447655964336980405e+00 1.508500685792810492e+00 1.553730335775870941e+00 1.623231091383356972e+00 1.655725052260087704e+00 1.757239383034735924e+00 1.829371234366399479e+00 2.016151518810498811e+00 2.058107320537822638e+00 2.071669452150831869e+00 2.360741822774198528e+00 2.494036432682727789e+00 2.584978606845691029e+00 2.744064483537801191e+00 2.982052389897229538e+00 3.118373819507004541e+00
4.248079522317422807e-01 6.474070493442513063e-01 7.153940541090042515e-01 7.419014772338179409e-01 8.359469216720081253e-01 9.091845591897035339e-01 9.285506839658524969e-01 9.724297253381275485e-01 1.096764957763600057e+00 1.166756355350189844e+00 1.267752573599185695e+00 1.303518687168210954e+00 1.355426077026026688e+00 1.409137459739143283e+00 1.445345552623238827e+00 1.521797800886430796e+00 1.544438392446041419e+00 1.622589665910533219e+00 1.650092698553260462e+00 1.758337441768771381e+00 1.817871620938523725e+00 2.026459530856913993e+00 2.049594254198864540e+00 2.068844285572980279e+00 2.360208215535612108e+00 2.504225379803535212e+00 2.589485128750741438e+00 2.745825170546734029e+00 2.991691593589409504e+00 3.106892009691531786e+00
4.197265880921299819e-01 6.466999866338970504e-01 7.137985788656751041e-01 7.444191837394049660e-01 8.366715385423663109e-01 9.131565740525756647e-01 9.243179354648690671e-01 9.724065694752976885e-01 1.095339499112426118e+00 1.165635837157620092e+00 1.268197952606267886e+00 1.299901260536274306e+00 1.354669219645922240e+00 1.412366193850943086e+00 1.444784478042802522e+00 1.529170326422884640e+00 1.537999376217114689e+00 1.622727062753525074e+00 1.648182204553948482e+00 1.759367708100750605e+00 1.813433597281463250e+00 2.031893802123237336e+00 2.044389026744433124e+00 2.068248904653657849e+00 2.360120580854444761e+00 2.508423372766071413e+00 2.590652791588191395e+00 2.746334496744981202e+00 2.995992073250822951e+00 3.102052734248937238e+00
4.233320656734191334e-01 6.464911115913307693e-01 7.138778919538106837e-01 7.425956555100130529e-01 8.359935810891144792e-01 9.142275963824898488e-01 9.412907973722264288e-01 9.713283290874552556e-01 1.102125116033110697e+00 1.165736457705753626e+00 1.263875135487267487e+00 1.292155698379453321e+00 1.352557336935157339e+00 1.406949006811470060e+00 1.448542735335617948e+00 1.517925943966786928e+00 1.541617276603724163e+00 1.618423864607532181e+00 1.659240344062723693e+00 1.759264908488091361e+00 1.809225693343781138e+00 2.019177358484064211e+00 2.043470525542459004e+00 2.078042434766444124e+00 2.361647640006493187e+00 2.506462738921951594e+00 2.594983206860689062e+00 2.740508182120751535e+00 3.004252306489094693e+00 3.103633035928698991e+00
4.267347858745631495e-01 6.607157703126231851e-01 7.086728804369805124e-01 7.393049538783539321e-01 8.395603948830029362e-01 9.065465843608432328e-01 9.509454886203292379e-01 9.742760078374193000e-01 1.119467412496354619e+00 1.163178384804501864e+00 1.254036464610576829e+00 1.285837561982442256e+00 1.340057635959977178e+00 1.402318585070142287e+00 1.454392592612395951e+00 1.502230767973411041e+00 1.544772009693341275e+00 1.617898414994813017e+00 1.672364339049365656e+00 1.759776137509595051e+00 1.802438205583259956e+00 2.000106202336091599e+00 2.044887264141294736e+00 2.095405822919922390e+00 2.363475776612062429e+00 2.506850350878427669e+00 2.600059326382153202e+00 2.739503098225318123e+00 3.005966629329260176e+00 3.098311107046918256e+00
4.347316849024324137e-01 6.789880747250794935e-01 7.019511131393006975e-01 7.415179928753095062e-01 8.412879957387850993e-01 8.985760324651260733e-01 9.580572250577267246e-01 9.840150464831353139e-01 1.140497153439720579e+00 1.160100514659223370e+00 1.241144968597369447e+00 1.279612975725891610e+00 1.322396324047987459e+00 1.398150418817104779e+00 1.456014072855322583e+00 1.495114106863439263e+00 1.547315099477307943e+00 1.614358150866592956e+00 1.687551596122443875e+00 1.760234846501549155e+00 1.791530934333303016e+00 1.980535398132292846e+00 2.047274108964237449e+00 2.111836535194206110e+00 2.368670366628639279e+00 2.507446293638432966e+00 2.606686664497288142e+00 2.738920383421873606e+00 3.006607171040860838e+00 3.090355469567243496e+00
4.456852105098190742e-01 6.886684435079574174e-01 7.001864771284458389e-01 7.536285948964303039e-01 8.392894684659307769e-01 8.945397448734315748e-01 9.611582504167683894e-01 9.999367961440558394e-01 1.152011465489579667e+00 1.164604968619461056e+00 1.230742111543719597e+00 1.267482857866879753e+00 1.308565659216526011e+00 1.393897397123348147e+00 1.455658359357878018e+00 1.494421439236977900e+00 1.550878049684035975e+00 1.608943979902585530e+00 1.700260103273413037e+00 1.759504113103377509e+00 1.779995607358377141e+00 1.963246666583824407e+00 2.049708787235946517e+00 2.125517299378314906e+00 2.375743233559078682e+00 2.507872515756147003e+00 2.613579786616715861e+00 2.738250639960075894e+00 3.006494089296521732e+00 3.080639554611051878e+00
4.567000991045623293e-01 6.849510730945250758e-01 7.057917398622314265e-01 7.741901525020679076e-01 8.341700434575849421e-01 8.953505152443090864e-01 9.611273920760426970e-01 1.018114201202860558e+00 1.146059222988125459e+00 1.179500144376746995e+00 1.224854578618809198e+00 1.248495711888425230e+00 1.305655274164346347e+00 1.390502039298302073e+00 1.457003903402904754e+00 1.494129529166568604e+00 1.555261850017791048e+00 1.603197317645133957e+00 1.708435335082056916e+00 1.755668958285336867e+00 1.772754980607070374e+00 1.949781589336387011e+00 2.051690021788410423e+00 2.135697592884028495e+00 2.382871243745434242e+00 2.507878691873068000e+00 2.619266266615726479e+00 2.737344855841651547e+00 3.006036549137121039e+00 3.071100592987806355e+00
4.646969750717446779e-01 6.815458561779464963e-01 7.088825602572166318e-01 7.938673424632712861e-01 8.278876250065894116e-01 8.986490969772287229e-01 9.591545586743512875e-01 1.034131247070424919e+00 1.137771217303946258e+00 1.188538492373171218e+00 1.220411430959872146e+00 1.234360241755507293e+00 1.308624215804219837e+00 1.389004049303334432e+00 1.458826786093179617e+00 1.493095828885758314e+00 1.559364884635079163e+00 1.598392111709965979e+00 1.711957702456448072e+00 1.750954152552686161e+00 1.770391312113156257e+00 1.941241481502464783e+00 2.052947279030475247e+00 2.141964626174935660e+00 2.388190866350537789e+00 2.507571875248755688e+00 2.622787575217146561e+00 2.736493416788744248e+00 3.005603486702220994e+00 3.064123464610597480e+00
4.675907331460680827e-01 6.803851085893596329e-01 7.098169258723552311e-01 8.029826530646051452e-01 8.239666161118079923e-01 9.004882029856157155e-01 9.578906578356435331e-01 1.041135102539767487e+00 1.133357858980645227e+00 1.191408931992127052e+00 1.217050456908369327e+00 1.231017707915580406e+00 1.310568256324514458e+00 1.388787348217953133e+00 1.459551261089563345e+00 1.492512146782785099e+00 1.561209311706503122e+00 1.596344495092903326e+00 1.712635339502576404e+00 1.749221179030253870e+00 1.769893598341093277e+00 1.938316479574656803e+00 2.053373795097320098e+00 2.144081034843838385e+00 2.390171763273881478e+00 2.507381490979365690e+00 2.623940369029631903e+00 2.736142126742663105e+00 3.005432569658873287e+00 3.061570330725076339e+00
4.688664080119269717e-01 6.842600708911594776e-01 7.094031960603613962e-01 7.992830793289037450e-01 8.242878733286169712e-01 8.998910846112622153e-01 9.570481541973967499e-01 1.040932785238788627e+00 1.132752315807571630e+00 1.184453008892661696e+00 1.219860621798342537e+00 1.236570626475112844e+00 1.313909436612432202e+00 1.385219595399225678e+00 1.458246544952287005e+00 1.493016135696811242e+00 1.566152096235804203e+00 1.596478586362076735e+00 1.713826032817860945e+00 1.750987466347032617e+00 1.770642564619710146e+00 1.937642265665243224e+00 2.054782306649681534e+00 2.143366006903675736e+00 2.388992903943618185e+00 2.502948627512354030e+00 2.621986450594105733e+00 2.736601155347763381e+00 3.001008816024496983e+00 3.066172685226865813e+00
4.719726638757578696e-01 6.938257531529503641e-01 7.086542358631533478e-01 7.889870968379011362e-01 8.236595450136222629e-01 9.020146294321185199e-01 9.491484909218876886e-01 1.042518013500810303e+00 1.131704703286207758e+00 1.175810533746758146e+00 1.221009918826284624e+00 1.244797920111085698e+00 1.323812428231827543e+00 1.376233879860274012e+00 1.455361409938958461e+00 1.493509132841090992e+00 1.577985940999651060e+00 1.598773583643378071e+00 1.717598624841136346e+00 1.756427403552587307e+00 1.773427868553069775e+00 1.935281916536397029e+00 2.058931877187854198e+00 2.141331528593969136e+00 2.385944024035540512e+00 2.491396028200246526e+00 2.615611078156803160e+00 2.737459588702447988e+00 2.992413479059063075e+00 3.075489321971080603e+00
4.754061729534097558e-01 6.958157259628158231e-01 7.147641346535559270e-01 7.771276959306656629e-01 8.189808708953961736e-01 9.091623917618347761e-01 9.314668186663617178e-01 1.045769504600216449e+00 1.132622603138419670e+00 1.170434842702199552e+00 1.220648967283981090e+00 1.244383464988581434e+00 1.331350773369086138e+00 1.371278627903613989e+00 1.452596588162161861e+00 1.491394942296089043e+00 1.583749353281198813e+00 1.614220131937179392e+00 1.724611419965819792e+00 1.764055242631789922e+00 1.781325620938843723e+00 1.930433514784408056e+00 2.065603380992600435e+00 2.138330466597810453e+00 2.382393325835458597e+00 2.476760492582201323e+00 2.604035891498925892e+00 2.737505753228027583e+00 2.985719917639396037e+00 3.083855674674496949e+00
4.779419713920017854e-01 6.835105295830244954e-01 7.197032295215617381e-01 7.771274389463008747e-01 8.089238004863000819e-01 8.953993243172634342e-01 9.317501042006520739e-01 1.045187651420490527e+00 1.136600799782859772e+00 1.165417125652331132e+00 1.215791178351673496e+00 1.238498161483301496e+00 1.319638074694579943e+00 1.381504551334483244e+00 1.450083079547662690e+00 1.487115841123586080e+00 1.581297033951590159e+00 1.642559773378037935e+00 1.735494192158476112e+00 1.770791333513420884e+00 1.799380702821562927e+00 1.922407288719596652e+00 2.074456173062410702e+00 2.134910567598840014e+00 2.380192771358634829e+00 2.463417025641150282e+00 2.587038561484998223e+00 2.735661689482684178e+00 2.983871382782483206e+00 3.088706441229967403e+00
4.789287956662414136e-01 6.608699592097799780e-01 7.107099299274219906e-01 7.895508624728556635e-01 7.978501695370101565e-01 8.666588920779156879e-01 9.455274146898713372e-01 1.038558772926408524e+00 1.135013511256675489e+00 1.158261823083601705e+00 1.201408337874825705e+00 1.239283420163224569e+00 1.296229268776206034e+00 1.386283377297417463e+00 1.450922254655458321e+00 1.486145548246879500e+00 1.576950822076459868e+00 1.674567461889670428e+00 1.747682895995333885e+00 1.781093810914263109e+00 1.826942089211747611e+00 1.911328810309644632e+00 2.085065266903263659e+00 2.131459409232690394e+00 2.381138417954216102e+00 2.454759885358727356e+00 2.564764475205619565e+00 2.731826380740053128e+00 2.987766675023955099e+00 3.089437942498421741e+00
4.779313700770304596e-01 6.302876310744665034e-01 6.941105094799741027e-01 7.701261802072775220e-01 8.050852426486402313e-01 8.521383117610549229e-01 9.540616390492459020e-01 1.028641853224914415e+00 1.109663791865709737e+00 1.144363885602590170e+00 1.193885534314484742e+00 1.241962176876165058e+00 1.269960609096816739e+00 1.374253055758770659e+00 1.460984119785455837e+00 1.490209683869047064e+00 1.572854350657611588e+00 1.705713819282190125e+00 1.755316153262362899e+00 1.801104376211066338e+00 1.861304914016564283e+00 1.898770256104936216e+00 2.096983031950934162e+00 2.127633750463597373e+00 2.386922851426965586e+00 2.451697467565452371e+00 2.537422283434037862e+00 2.727514715378953625e+00 2.997183787998969784e+00 3.086657098684244982e+00
4.743039970225791935e-01 5.945562690296394281e-01 6.707513947349872385e-01 7.444081804052419260e-01 7.822334954908660709e-01 8.689367917276813458e-01 9.508929969057992038e-01 1.018503037323310600e+00 1.064817536692435507e+00 1.111312866683094924e+00 1.186372540516178020e+00 1.238111221233539228e+00 1.262600346512655625e+00 1.359293396949466270e+00 1.472195656247608619e+00 1.498282995543608775e+00 1.569947542397725160e+00 1.729682130277979235e+00 1.764366632195907281e+00 1.823570660911570718e+00 1.887068991176133359e+00 1.901202099500412857e+00 2.109443666435270259e+00 2.122670382047501469e+00 2.398586813139857110e+00 2.451078551423486296e+00 2.506072301626736110e+00 2.726295389005174652e+00 3.011334262664021821e+00 3.081769823339798542e+00
4.669368947310097995e-01 5.550035756625366634e-01 6.387341331283628021e-01 7.174298927720923480e-01 7.487256737259155859e-01 8.835817070155645991e-01 9.335020726040668126e-01 9.987801141847233444e-01 1.027985254923075464e+00 1.049896147136256896e+00 1.174873251650351280e+00 1.245255707516251586e+00 1.265745832111807356e+00 1.351086412285523286e+00 1.476232267967891643e+00 1.511988986040534000e+00 1.568064982811123498e+00 1.735212567700626263e+00 1.788840477973613119e+00 1.832377795021023603e+00 1.889985530669327618e+00 1.938648050293755309e+00 2.111184746120405631e+00 2.126413848088597014e+00 2.409266580106264044e+00 2.447795404972742173e+00 2.477717265824302739e+00 2.733379867641161365e+00 3.029133041978250951e+00 3.076610879984312596e+00
4.542125511542575711e-01 5.112511774230996675e-01 5.963843076341234228e-01 6.899115630027912172e-01 7.140768510225398158e-01 8.558954851180405887e-01 9.052718446076172265e-01 9.737271953995895180e-01 9.812200378655199229e-01 1.020860680411287635e+00 1.167685525269615665e+00 1.257628133567677775e+00 1.269871882884838765e+00 1.350591773159627751e+00 1.474124861029167954e+00 1.528525826302903345e+00 1.566147986237730105e+00 1.729997360620347813e+00 1.817313168650880773e+00 1.827193411704116865e+00 1.906185001883428987e+00 1.971674707983549713e+00 2.099668813724167915e+00 2.140778180907286998e+00 2.385026467198651634e+00 2.447377924350925937e+00 2.475030991916864931e+00 2.753052234889953986e+00 3.048912655897733082e+00 3.073404629079656392e+00
4.341762097586560620e-01 4.607282101558412557e-01 5.435701485171717806e-01 6.606574837457178662e-01 6.836169689898383695e-01 7.821276964963845835e-01 8.569253682950151996e-01 9.324764441831793205e-01 9.796857447198438207e-01 1.015668905974791425e+00 1.162769875494918059e+00 1.264761069874602351e+00 1.281625268918436866e+00 1.355191905820535503e+00 1.469050037928481434e+00 1.542661849495321702e+00 1.563803009219335127e+00 1.720426566717224937e+00 1.804221634810672104e+00 1.856690478228916641e+00 1.924164322208913536e+00 1.995866386191326391e+00 2.085637394601742578e+00 2.155102386094786659e+00 2.332254495252234605e+00 2.436193226678417201e+00 2.503844157185824315e+00 2.785446241332500961e+00 3.063577722492160760e+00 3.079269896634778014e+00
3.969144787479328973e-01 4.072413745995240308e-01 4.858403281494464432e-01 6.288783242720817901e-01 6.540001845789770174e-01 7.074726278825159698e-01 8.051086301911731802e-01 9.021276709060099819e-01 9.757711408804572439e-01 1.020310395039267126e+00 1.158643751779133035e+00 1.268725859606958162e+00 1.299539624712941821e+00 1.361906087373440544e+00 1.462335072904146216e+00 1.543695961094105673e+00 1.567074005344782694e+00 1.707894143541124787e+00 1.783517700171035614e+00 1.887768859169717706e+00 1.938124575478034739e+00 2.008521577199062769e+00 2.073026167631485173e+00 2.165852625210702875e+00 2.271119706754353373e+00 2.423744568077955019e+00 2.539858277350524496e+00 2.826766582496987645e+00 3.066929536669714906e+00 3.099752292478976212e+00
3.258098360070084132e-01 3.698215004964471864e-01 4.329188033410863445e-01 5.839134543142248113e-01 6.251136907702650181e-01 6.695468601550372822e-01 7.612884516741040830e-01 8.751190459233233465e-01 9.589400215313318432e-01 1.032759792232872620e+00 1.155057001180135767e+00 1.273778143653477413e+00 1.318890782656594318e+00 1.368487448828721531e+00 1.454009849964835288e+00 1.528093649586078184e+00 1.575463973308621979e+00 1.692627988918436133e+00 1.760093126866102642e+00 1.913272604981990144e+00 1.945223405380933190e+00 2.007099270250199297e+00 2.065835882120258926e+00 2.164182245711468777e+00 2.220334494061440900e+00 2.415352065450769636e+00 2.575996974299032960e+00 2.871931821201412216e+00 3.069880434116309509e+00 3.122708343044656054e+00
2.599618402539495277e-01 3.398581881574231356e-01 3.904214485292720194e-01 5.413193699181014784e-01 6.051970435462308284e-01 6.536052133919737495e-01 7.273152487826467505e-01 8.501775854002810995e-01 9.356571758649711024e-01 1.045765293664583373e+00 1.152120086673646293e+00 1.279833411114678077e+00 1.337578635983025510e+00 1.372275304909863491e+00 1.443201901450249514e+00 1.501670898985796088e+00 1.581824098712488080e+00 1.673492296504950794e+00 1.735760135424566419e+00 1.925943001504678564e+00 1.943098416603098899e+00 1.991877207403650374e+00 2.065168816762744886e+00 2.140994815065940582e+00 2.205746771873428713e+00 2.412109112320826476e+00 2.609413377036810200e+00 2.916313760464026572e+00 3.074044549222007205e+00 3.144942124237326109e+00
2.247329675396669280e-01 3.426329299790975003e-01 3.606108577299150242e-01 5.160127050992886488e-01 5.898188708734060093e-01 6.451636664302176083e-01 7.041551800197108912e-01 8.289289431589677015e-01 9.097769945114857482e-01 1.057046481222758461e+00 1.149842373788122707e+00 1.284860596549908252e+00 1.351218848478928702e+00 1.367564646512562598e+00 1.430509890345796897e+00 1.472575966679221748e+00 1.585206124254034732e+00 1.645989219208902066e+00 1.715019505892199314e+00 1.894641201127022168e+00 1.942939503673603907e+00 1.985082956339463411e+00 2.070108594489243892e+00 2.126376847875270037e+00 2.206501804876820128e+00 2.412747544476576245e+00 2.638381710709603034e+00 2.956243804238610107e+00 3.079008878238134184e+00 3.165158585635276633e+00
2.339391417814780105e-01 3.274785088589755588e-01 3.951411028479767107e-01 5.080915666582632717e-01 5.780268929554386315e-01 6.405631980061498032e-01 6.938358741750721981e-01 8.145738780087012909e-01 8.842183089225635895e-01 1.065950413791415752e+00 1.148098767377630391e+00 1.278619138420873158e+00 1.332037753321246631e+00 1.372468325975177761e+00 1.425373642564609744e+00 1.452384343640527709e+00 1.583274199781158131e+00 1.607234128083030456e+00 1.702127620600603963e+00 1.839218163899209779e+00 1.945145133515718383e+00 1.990619064736585342e+00 2.076920513994784834e+00 2.124305432681910855e+00 2.208804175825342497e+00 2.415309734979250500e+00 2.661783695747457656e+00 2.989043242550857293e+00 3.084156021842678896e+00 3.182288650325527435e+00
2.649253328249531192e-01 3.134976395768518942e-01 4.405346751886866086e-01 5.207434600463997088e-01 5.705833765481758135e-01 6.375560005853569967e-01 7.015815453516067723e-01 8.105485345940532937e-01 8.618121190907441775e-01 1.072211494176176672e+00 1.146744069719891623e+00 1.231796195468559674e+00 1.320040351567167924e+00 1.383757691092132980e+00 1.427101044532965046e+00 1.441973127836242874e+00 1.544102548440793088e+00 1.592662455081964801e+00 1.696228337618379767e+00 1.793138775318750655e+00 1.947281520322685644e+00 1.997042362162772866e+00 2.082288301839717803e+00 2.127286694334940442e+00 2.210727813596760960e+00 2.418160659627526243e+00 2.678907716562385577e+00 3.012991090669002947e+00 3.088823928626525106e+00 3.195368354644372744e+00
2.759459382167926411e-01 3.241078390873448067e-01 4.579865858757137809e-01 5.436932532696077125e-01 5.672645720303611805e-01 6.346785183208238923e-01 7.287143731751668518e-01 8.146284020445433427e-01 8.471260525505953654e-01 1.075927499018177746e+00 1.145612021798864788e+00 1.171241478018269389e+00 1.321394920308112786e+00 1.395084154841196966e+00 1.422763465210671097e+00 1.444417221309073573e+00 1.492871643151776118e+00 1.592028500563880122e+00 1.694550409108256828e+00 1.765034186694931062e+00 1.949020863064131248e+00 2.001345157328506819e+00 2.085331574170169233e+00 2.130731707149261300e+00 2.211939470143041486e+00 2.420241270144806389e+00 2.689328495205839165e+00 3.027327367146132264e+00 3.092221358683971300e+00 3.203587999144459353e+00
2.747629258237297423e-01 3.343297414248502242e-01 4.612419412932535212e-01 5.533479951723817569e-01 5.655906600451801047e-01 6.332349505011792834e-01 7.470256918634315957e-01 8.149785557668991487e-01 8.452185184466827206e-01 1.077357321827745462e+00 1.140601095822685984e+00 1.147203227555323890e+00 1.322594695163691769e+00 1.403354568358316623e+00 1.416773809283306429e+00 1.455447009537030656e+00 1.462520793128216257e+00 1.592001762644961405e+00 1.694475587031779806e+00 1.755591549103552751e+00 1.949694468551333326e+00 2.002830278298659561e+00 2.086286915688073229e+00 2.132144888017354134e+00 2.212350683812140062e+00 2.420992087835928341e+00 2.692824749989963795e+00 3.032058103145077066e+00 3.093491193810401274e+00 3.206393985655483725e+00
2.839424639606989986e-01 3.378423191453833185e-01 4.498928832617046236e-01 5.529276288074670420e-01 5.624435212772319614e-01 6.494737231551492851e-01 7.455933045538605253e-01 8.141395111491150915e-01 8.452302676542994275e-01 1.077450891749623274e+00 1.140471416961962303e+00 1.145082581389363252e+00 1.318311414356298394e+00 1.406436705604309223e+00 1.417120153340409194e+00 1.453282185574595653e+00 1.462377848312953699e+00 1.587254327294897349e+00 1.699723212348899226e+00 1.755410014926499729e+00 1.949875164241706038e+00 2.003897772297106972e+00 2.088212862570772543e+00 2.132116176262063512e+00 2.209419920319722230e+00 2.423647242137235480e+00 2.689685472583672521e+00 3.028831965927535119e+00 3.098903100373960662e+00 3.214912389493378431e+00
3.112706989595365736e-01 3.480151816973508505e-01 4.245242813923940650e-01 5.515776403887540091e-01 5.580963117527190098e-01 6.852490159164156269e-01 7.414235499215557912e-01 8.123983841947693962e-01 8.452713083583353049e-01 1.077813394097844046e+00 1.139131354425505949e+00 1.140109168949231755e+00 1.305700886475846145e+00 1.414007827429412334e+00 1.418113909752202639e+00 1.448428960347688754e+00 1.461952874716893946e+00 1.576046403139033325e+00 1.711850095969283059e+00 1.754909806405811290e+00 1.950379119480564638e+00 2.006651580593207473e+00 2.095167331828131640e+00 2.132035841311717750e+00 2.201391386322283594e+00 2.430384446033422297e+00 2.681781798258703553e+00 3.017707721576260216e+00 3.116543269622792156e+00 3.237015140336602315e+00
3.528191722444407596e-01 3.638426225631067878e-01 3.990795167893571027e-01 5.490384209122639581e-01 5.561853958541135290e-01 7.256773908952890428e-01 7.349018668866194037e-01 8.123388948019651945e-01 8.453608732310786689e-01 1.078643688278681179e+00 1.130452204420483220e+00 1.139588571398149952e+00 1.286044553660114165e+00 1.419624339512574274e+00 1.419883380303074594e+00 1.446415309931933679e+00 1.461260811945573224e+00 1.562901515975202660e+00 1.725140039826705163e+00 1.754213400239605036e+00 1.951100764512313734e+00 2.009214116340448886e+00 2.109667424381390433e+00 2.131920212022443195e+00 2.190776165076486759e+00 2.438159326532844950e+00 2.672462281955028107e+00 3.000059594180178646e+00 3.143091711167006252e+00 3.266229272106952131e+00
3.665017835020690229e-01 3.838718211221991972e-01 4.150165276758160382e-01 5.449176970647260365e-01 5.586464304324216812e-01 7.266767433199753379e-01 7.591638768234291179e-01 8.210177637689752839e-01 8.455337907324431690e-01 1.080104340162616028e+00 1.120649473806593965e+00 1.139014630000680262e+00 1.261966397949312757e+00 1.416323471099270037e+00 1.421448868806806098e+00 1.452981619631548815e+00 1.460337619227113137e+00 1.550610636743598780e+00 1.736489865207194727e+00 1.753492316749393432e+00 1.951890832330791969e+00 2.009198544153778077e+00 2.129607309498857681e+00 2.131793030466446748e+00 2.184205363498504582e+00 2.443519630192838576e+00 2.664969902183589312e+00 2.978893843152125687e+00 3.171864343277124298e+00 3.296747548330017263e+00
3.507957810835471424e-01 4.063315157826838386e-01 4.644964866088981403e-01 5.388288333066989511e-01 5.681824200788552215e-01 7.176462858144648793e-01 7.726365672172477161e-01 8.458365846823154843e-01 8.489920734768047206e-01 1.081683654326840660e+00 1.111951472992753764e+00 1.138500618108113649e+00 1.236423085510506503e+00 1.406759703810223305e+00 1.423331656271987988e+00 1.459255551215116187e+00 1.461980404999800864e+00 1.541304591462099527e+00 1.745351220175549445e+00 1.752927526881937759e+00 1.952588292609290566e+00 2.006098849435312026e+00 2.131680657226455278e+00 2.137972245666587057e+00 2.198614411368576604e+00 2.444046864375104544e+00 2.661315523889538515e+00 2.956091952802804013e+00 3.197829992257277265e+00 3.323963093634486832e+00
3.387260515046216502e-01 4.289456752260933370e-01 5.014553563251304968e-01 5.308379094203311555e-01 5.878571784101004338e-01 7.088860543887494092e-01 7.712543294019176265e-01 8.463144045516542979e-01 8.876868340283596837e-01 1.080072424712965162e+00 1.108272504159601102e+00 1.138145322680696347e+00 1.211863048077866045e+00 1.395863285285261490e+00 1.424985658840463021e+00 1.458138393908894104e+00 1.467582625956228570e+00 1.536564575049320869e+00 1.752409817601294773e+00 1.752668668268948071e+00 1.953052906796625798e+00 2.001140278511733150e+00 2.131606347015019054e+00 2.132496368176241663e+00 2.231612651727929109e+00 2.439519242039079217e+00 2.661759990394387820e+00 2.933183048301708951e+00 3.217827581487276323e+00 3.344847882075969725e+00
3.302491863115608606e-01 4.477894779887705567e-01 5.206264336528221293e-01 5.228777597482704431e-01 6.133696029482305079e-01 7.014884312696479940e-01 7.633905387299619871e-01 8.469908261478252820e-01 9.238130255166986382e-01 1.070803197494755166e+00 1.112506172331543697e+00 1.138014818206438461e+00 1.190556978053121773e+00 1.387802895395946923e+00 1.426125381619413046e+00 1.457162066299312997e+00 1.468859550182602280e+00 1.535570057730137661e+00 1.752800407954762330e+00 1.758426050030168275e+00 1.953192364872383679e+00 1.996170271699742482e+00 2.125715215040517858e+00 2.131584763527212267e+00 2.262820222749502008e+00 2.432657303087356837e+00 2.664933038729024428e+00 2.912164770799384961e+00 3.229820181823288561e+00 3.358195732694885915e+00
4.233320656734201326e-01 6.464911115913304362e-01 7.138778919538109058e-01 7.425956555100133860e-01 8.359935810891149233e-01 9.142275963824890717e-01 9.412907973722267618e-01 9.713283290874549225e-01 1.102125116033111141e+00 1.165736457705754070e+00 1.263875135487267487e+00 1.292155698379453765e+00 1.352557336935157783e+00 1.406949006811470504e+00 1.448542735335618614e+00 1.517925943966786928e+00 1.541617276603723719e+00 1.618423864607531737e+00 1.659240344062723693e+00 1.759264908488090917e+00 1.809225693343781360e+00 2.019177358484064655e+00 2.043470525542459004e+00 2.078042434766444124e+00 2.361647640006493187e+00 2.506462738921951594e+00 2.594983206860689506e+00 2.740508182120751091e+00 3.004252306489092028e+00 3.103633035928699879e+00
4.297854969236108991e-01 6.367606140714725527e-01 7.173798515366990314e-01 7.475554572812859178e-01 8.329323044057911352e-01 9.191069423630163771e-01 9.540945549354594712e-01 9.707045978060081515e-01 1.097355256985353966e+00 1.167800401657638210e+00 1.263508394246834143e+00 1.291218167314328813e+00 1.356537513163498243e+00 1.404982875652129870e+00 1.448498519943674623e+00 1.524014539423185433e+00 1.538309212232935597e+00 1.614901151603121310e+00 1.661783507224198431e+00 1.758729892874014489e+00 1.806580227497279090e+00 2.018512573297096768e+00 2.043857113865866104e+00 2.072666600869553566e+00 2.366004129464225336e+00 2.503361902791850113e+00 2.596647743415169796e+00 2.735353067219286949e+00 3.012179752598039162e+00 3.110530637943349941e+00
4.401675539857007324e-01 6.254015678702906644e-01 7.216922159579316487e-01 7.553950056784445310e-01 8.307006765627710232e-01 9.231967304314323552e-01 9.620268949705704786e-01 9.775674831521979913e-01 1.091736864770036286e+00 1.170065641083816388e+00 1.260742685284838016e+00 1.291845087217266208e+00 1.361447531214925899e+00 1.402859110969090217e+00 1.449897047252858506e+00 1.527547275158882334e+00 1.538693469908133382e+00 1.610744235729898666e+00 1.665302075215673971e+00 1.757899058796772884e+00 1.802117516367865324e+00 2.014551449281495099e+00 2.044450684313142919e+00 2.068524778420178567e+00 2.374357176278127035e+00 2.499226236201726792e+00 2.598383148034471457e+00 2.729843132751350154e+00 3.020897169033764484e+00 3.119726488083269800e+00
4.525746366734120230e-01 6.136322655603472231e-01 7.261723241505693149e-01 7.646160887054037625e-01 8.291647119131120292e-01 9.270995091740180660e-01 9.620570894496004444e-01 9.931339652565089882e-01 1.086242701123021792e+00 1.172305119136657803e+00 1.254870045801784739e+00 1.294010099481983644e+00 1.366608265240334186e+00 1.400868440861156028e+00 1.452540047048388017e+00 1.527705807890931577e+00 1.543514805531753797e+00 1.606219319805866741e+00 1.669024236612956624e+00 1.756756006424661676e+00 1.797213285485531165e+00 2.007775337816993133e+00 2.045197880338030405e+00 2.066133644359887445e+00 2.385714336726766582e+00 2.493733235613248223e+00 2.600128128044475684e+00 2.724513704251917634e+00 3.029501845969629681e+00 3.129878971378648789e+00
4.649138219953039552e-01 6.026462221739053993e-01 7.297180410727722721e-01 7.741734669420264892e-01 8.280546831548462050e-01 9.311740604976024294e-01 9.606957879058690697e-01 1.009229718805290776e+00 1.081606239489147470e+00 1.174528064345238487e+00 1.246355845158493736e+00 1.297102372982103846e+00 1.371377565690669043e+00 1.398922916125749705e+00 1.455900652371205695e+00 1.527439274593377583e+00 1.549398063605940568e+00 1.601804376618214842e+00 1.672396457299855310e+00 1.755529849560748312e+00 1.792836124199269410e+00 1.999647700711886689e+00 2.046052105470051785e+00 2.065128562743701490e+00 2.398913392934350686e+00 2.486603826264718098e+00 2.601809896708248804e+00 2.719869158900737105e+00 3.037151258517845065e+00 3.139565971464336247e+00
4.752968518593285174e-01 5.936141236393372989e-01 7.317129655762810714e-01 7.828851465471750037e-01 8.271447862496061898e-01 9.354592931043506088e-01 9.588364475061107450e-01 1.023088593286410442e+00 1.078317111555291197e+00 1.176636577854409893e+00 1.236894935778040105e+00 1.300319560177530365e+00 1.375189865642958864e+00 1.397003803701099445e+00 1.459161701637981423e+00 1.527696829319096450e+00 1.554337209244516016e+00 1.598278870496944171e+00 1.674999958187102234e+00 1.754604977972124891e+00 1.789429430524956066e+00 1.992053607081452959e+00 2.046872512416606504e+00 2.064864692268729929e+00 2.412622569583029897e+00 2.477992061378584854e+00 2.603259458101913282e+00 2.716309160943852330e+00 3.043136936413960214e+00 3.147500771838471767e+00
4.822191878219057037e-01 5.876240640946926996e-01 7.324403458698158786e-01 7.891868870246869783e-01 8.264007977807470429e-01 9.393775521664209371e-01 9.566878489650955109e-01 1.032643856749464462e+00 1.076536528569024931e+00 1.178300758380310675e+00 1.229167561144678622e+00 1.302792959047017973e+00 1.377573899930835122e+00 1.395531475680183098e+00 1.461482340800529744e+00 1.528197006217565601e+00 1.557355122475435616e+00 1.596262125107296148e+00 1.676577386334654030e+00 1.754177497302783273e+00 1.787212980797137973e+00 1.986699631602988791e+00 2.047466709400384222e+00 2.064869884672865474e+00 2.424797882389032821e+00 2.469156571906845787e+00 2.604252861951810605e+00 2.714090517143104453e+00 3.046937216058032138e+00 3.152681579956145175e+00
4.846536635963161199e-01 5.855170842601318260e-01 7.325734907692516007e-01 7.915238099819926765e-01 8.260801674493708502e-01 9.412033018075334212e-01 9.555141654000112172e-01 1.036076229833094775e+00 1.076022941827540436e+00 1.178970888086100510e+00 1.226116918081877172e+00 1.303731526667597063e+00 1.378354641598517949e+00 1.394991343339680334e+00 1.462313654719667788e+00 1.528440296345236593e+00 1.558308866193757414e+00 1.595674087336297564e+00 1.677091203654734297e+00 1.754088190782868040e+00 1.786428599849737786e+00 1.984771857415835283e+00 2.047683293854436481e+00 2.064896596109806914e+00 2.430571872733942040e+00 2.464539822388744916e+00 2.604607034279835975e+00 2.713339314091098409e+00 3.048238599678792404e+00 3.154479684109240623e+00
4.854296021204418943e-01 5.924173014744638088e-01 7.307005477085951606e-01 7.925057940634940845e-01 8.270468081452667652e-01 9.345113009834602469e-01 9.602990492602420103e-01 1.035403772769826647e+00 1.079345974899339033e+00 1.177213263729573800e+00 1.227771553784544611e+00 1.301148323145322694e+00 1.374072268141806719e+00 1.395127916658733147e+00 1.464988503571355904e+00 1.523848542543870144e+00 1.559981388631163757e+00 1.598334827758019383e+00 1.678189735414451489e+00 1.754699065972989747e+00 1.786250614900181999e+00 1.982510401825924751e+00 2.047623671866510175e+00 2.068263066556373708e+00 2.429292118013522739e+00 2.465346559370144242e+00 2.604722819199244199e+00 2.717177985240179172e+00 3.046456046294315989e+00 3.153562744132887286e+00
4.875932062199863637e-01 6.115673858422511211e-01 7.258543047428581696e-01 7.958334880687605306e-01 8.299462862046298461e-01 9.212728566040302436e-01 9.689884378699766820e-01 1.033667519577635030e+00 1.088449972485861394e+00 1.172469294943379703e+00 1.231550493019113901e+00 1.294014328620096244e+00 1.362505896456637888e+00 1.395533923172739055e+00 1.470732243987904697e+00 1.514614231970467628e+00 1.565046632661269532e+00 1.602405211474516200e+00 1.681796800885887677e+00 1.756544588837532173e+00 1.785568645842014135e+00 1.977006462432971068e+00 2.048058084517142330e+00 2.076327949978569620e+00 2.425571417699039056e+00 2.467483178612735362e+00 2.605700127539158029e+00 2.727972131524843746e+00 3.041096335930020267e+00 3.150656086549853185e+00
4.906072010417442120e-01 6.385586829339728876e-01 7.198390951796652670e-01 8.027412433191963848e-01 8.347969668658006270e-01 9.073368830038636146e-01 9.784739742225014858e-01 1.031094356190290551e+00 1.101580828239060450e+00 1.165666554136491007e+00 1.234610493348314852e+00 1.283801853579045416e+00 1.347678686138309434e+00 1.394585413329624934e+00 1.475905210323550376e+00 1.507649967903243127e+00 1.572871186448755454e+00 1.603737649527330777e+00 1.687860504562942454e+00 1.759433748610101045e+00 1.784078283253553110e+00 1.970665693884313008e+00 2.049221410373177843e+00 2.086057180908279740e+00 2.419847668237935068e+00 2.470329970843673451e+00 2.608643747835941440e+00 2.743925462303824503e+00 3.032197967303136732e+00 3.145542951119547403e+00
4.935732017853312614e-01 6.668248229736697397e-01 7.145287254604866245e-01 8.151335842369901163e-01 8.417366976482325569e-01 8.972904400230281574e-01 9.867423062483783314e-01 1.027864277144223903e+00 1.116184027850582794e+00 1.157603779183940196e+00 1.233819693255217009e+00 1.272142484678177921e+00 1.334230501845800498e+00 1.391418645938381049e+00 1.479014302472002385e+00 1.505830791922166512e+00 1.580285064817892327e+00 1.604360519577094912e+00 1.695148983534191522e+00 1.762622735650386741e+00 1.781623869102383351e+00 1.965275028962755410e+00 2.050736249828128077e+00 2.095448489776573719e+00 2.412967713143917337e+00 2.473327490716901611e+00 2.613890313758994832e+00 2.762736987941310840e+00 3.020078785005072319e+00 3.138463900670352302e+00
4.956077660532265394e-01 6.894374967227767659e-01 7.112424335236893214e-01 8.326736249946099511e-01 8.522875880545311977e-01 8.940484554479167789e-01 9.918545477244202768e-01 1.024521214828822524e+00 1.126228575087484973e+00 1.151159616784750650e+00 1.227859909168071084e+00 1.260949607965793140e+00 1.325741264676923326e+00 1.387117921664985376e+00 1.480934362263676363e+00 1.507581443729495430e+00 1.581241149622061970e+00 1.610564487574769554e+00 1.702324044844059081e+00 1.764898314442750804e+00 1.778520552149050582e+00 1.961619650346769772e+00 2.052210422180921867e+00 2.103348394089758155e+00 2.406062761136947614e+00 2.476097913489824887e+00 2.620636212739217097e+00 2.781912749202355428e+00 3.005714519110432636e+00 3.130423978523538153e+00
4.964323373034401077e-01 7.018666488958777983e-01 7.113798338201912097e-01 8.459712450254363025e-01 8.722808643465038703e-01 8.974207626618597722e-01 9.929503123650396113e-01 1.022022860387342025e+00 1.119894887291601249e+00 1.154720974057336091e+00 1.218710989857296090e+00 1.253627520744868828e+00 1.321933607778421615e+00 1.383264690352314918e+00 1.482486894561953150e+00 1.510390090098255866e+00 1.577363050088236740e+00 1.620540448028899627e+00 1.708581828128983737e+00 1.765164664243981996e+00 1.775760064364114488e+00 1.959657450884918273e+00 2.053385096743452820e+00 2.109169494343518192e+00 2.400255704725980266e+00 2.478343560194800066e+00 2.627326911709499946e+00 2.798888000030196110e+00 2.991175422877414114e+00 3.123000779711520458e+00
4.964853103859226402e-01 7.046344580611554331e-01 7.150399554125677071e-01 8.520341159692127464e-01 8.945207409533044718e-01 9.039957896072621235e-01 9.912245849045976387e-01 1.021433848959911295e+00 1.105097772348695884e+00 1.160991618657007285e+00 1.211004890348211793e+00 1.251239737999989776e+00 1.320346292593164161e+00 1.380803674179267970e+00 1.483611652857583563e+00 1.512672172388990655e+00 1.573585065012990114e+00 1.628584928759550854e+00 1.713142106914115947e+00 1.763722159491180941e+00 1.774248944350227841e+00 1.958865174598508396e+00 2.054125165716124357e+00 2.112686344928423221e+00 2.396419821788509541e+00 2.479805783238127503e+00 2.632240528789110634e+00 2.810953581247534139e+00 2.979804142468902572e+00 3.117797190362080251e+00
4.964084953153546920e-01 7.048973113598332452e-01 7.166979254162770818e-01 8.539110878377803582e-01 9.028416463786920199e-01 9.086126756930054116e-01 9.899390825544986949e-01 1.021909541486491824e+00 1.097360645356320497e+00 1.163348290610859204e+00 1.208176514603130247e+00 1.251035813607786595e+00 1.319836718398548214e+00 1.379984942313628116e+00 1.484028625101836862e+00 1.513535765738666550e+00 1.572117177048242276e+00 1.631605896430652791e+00 1.714883559734468044e+00 1.762796130254470572e+00 1.773815783909541866e+00 1.958679284448811897e+00 2.054376185196764126e+00 2.113857327313843459e+00 2.395083133235526240e+00 2.480312296543425887e+00 2.634045482093241741e+00 2.815410716374431743e+00 2.975400269081319493e+00 3.115932520870874356e+00
3.334374818872934965e-01 4.387585454002678742e-01 4.440147327379990183e-01 4.746818401161406187e-01 6.967758049926677799e-01 7.041780333082278132e-01 7.544945336441928330e-01 8.636091769243235960e-01 8.933561327682612019e-01 9.595251030474881704e-01 1.144291832644365625e+00 1.162084276396497140e+00 1.234818469767962723e+00 1.362227210269673972e+00 1.431111855484544559e+00 1.449669721438744618e+00 1.484835375489956588e+00 1.520195191683318514e+00 1.743916583114894392e+00 1.758723092335718663e+00 1.951986465675195737e+00 2.006834991046805072e+00 2.107280247954600672e+00 2.130353517632287641e+00 2.206114437392719285e+00 2.427861857421712788e+00 2.720199915002647018e+00 2.866644278786216304e+00 3.229947638967938683e+00 3.344759813980475727e+00
3.346236266003272952e-01 4.112817604429164220e-01 4.548929570723844185e-01 4.597430600789293997e-01 6.960249682469233923e-01 7.044428274677991819e-01 7.551225084489205930e-01 8.491775707370184945e-01 8.959484435342315312e-01 9.625609954374332311e-01 1.159523380011842963e+00 1.171594310501257619e+00 1.233785418652312060e+00 1.360839079925608708e+00 1.435941139331873728e+00 1.466242756362618582e+00 1.485597242337049595e+00 1.518719002828002207e+00 1.738327443233660397e+00 1.771032393897040036e+00 1.949649138370340262e+00 2.005306532838146971e+00 2.106551750932004641e+00 2.128656954829432291e+00 2.206796379888951165e+00 2.426627214054538406e+00 2.716955984490997622e+00 2.864292218983403249e+00 3.228640619334252726e+00 3.341666475328962438e+00
3.105113453182225536e-01 3.660941104022862325e-01 4.321742851650119399e-01 4.699851221273296797e-01 6.885953965406346189e-01 7.054606819190442080e-01 7.569728648243914115e-01 8.320881906940265083e-01 9.038188534918542016e-01 9.703539558645353225e-01 1.154552399786092698e+00 1.222972129111550954e+00 1.234515875409443408e+00 1.358159960927572074e+00 1.448813105580186944e+00 1.483141268512080169e+00 1.497822796839189730e+00 1.532490300912483283e+00 1.731781413939223579e+00 1.797017598393179538e+00 1.942261619297647179e+00 2.001450787969763390e+00 2.104378853354246015e+00 2.124119755438099499e+00 2.208829348989254537e+00 2.423056157588940440e+00 2.707347386099157927e+00 2.857352500772479154e+00 3.224807327578621319e+00 3.332522263075345048e+00
1.966671611422697585e-01 3.568860185319139289e-01 4.269710000366446767e-01 4.847763458046920326e-01 6.724228933345963721e-01 7.099403953959093627e-01 7.607098403293782729e-01 8.325452240679402927e-01 9.163467661145715537e-01 9.825894765944783726e-01 1.146549351700839381e+00 1.225283188813529156e+00 1.278689425225886023e+00 1.360234220767905677e+00 1.463476848251632489e+00 1.484576055618413992e+00 1.497653206085991284e+00 1.591663363097489015e+00 1.726989104836323285e+00 1.832624024981812205e+00 1.929123037269734775e+00 1.997268180865982456e+00 2.099533245523676595e+00 2.119358299719447558e+00 2.212435852502127265e+00 2.417573043889455153e+00 2.691749722673011380e+00 2.846178468680045093e+00 3.218701216719657587e+00 3.317744718133541770e+00
-6.578066006363432472e-02 3.584925785305850265e-01 4.398472098434882960e-01 5.051680294689527839e-01 6.578998445107183679e-01 7.183458461167991915e-01 7.666177898149828529e-01 8.440019858748006865e-01 9.328041168240140957e-01 9.992302318155940055e-01 1.136962256370997126e+00 1.220813362855668105e+00 1.300325018950009959e+00 1.379905663746199718e+00 1.465468784460371099e+00 1.481584121188331604e+00 1.513096818303302893e+00 1.650783845742472611e+00 1.727565280309212969e+00 1.874049968806705158e+00 1.910714573354954426e+00 1.995395897479670388e+00 2.088854213964683293e+00 2.119367818952056393e+00 2.218532930108755075e+00 2.410979474887593010e+00 2.670809627868813152e+00 2.831372358387830079e+00 3.210697942238085023e+00 3.298074139263483140e+00
-1.018092984091267805e-01 3.796435358988798914e-01 4.576247013150901433e-01 5.328152274433802793e-01 6.528627113644187574e-01 7.297331010696125331e-01 7.746734088059459289e-01 8.598523143003468094e-01 9.524878862100095711e-01 1.019260649733048751e+00 1.127446322038756277e+00 1.216128714428580393e+00 1.297443983286175273e+00 1.409894563341125284e+00 1.456320787128979832e+00 1.479635611702121212e+00 1.539683838794767556e+00 1.680313729821674595e+00 1.747348277618765877e+00 1.884903991431070347e+00 1.915999943024570440e+00 1.999081523033497509e+00 2.072643751147768665e+00 2.126256366388880714e+00 2.228882538994255036e+00 2.404615394875462275e+00 2.645477244969466124e+00 2.813803488171239486e+00 3.201157933546881385e+00 3.274694803612488769e+00
1.516392095849316279e-01 4.179192689124805460e-01 4.785484191596030001e-01 5.668105781498998796e-01 6.613757054488660359e-01 7.429787687243839533e-01 7.854768365586769496e-01 8.779009168317761791e-01 9.742920789623726874e-01 1.040562116878022803e+00 1.120485509966589355e+00 1.211704773186478956e+00 1.286771316902843187e+00 1.429130965010052545e+00 1.449988307291028677e+00 1.480036210077124048e+00 1.563212793602480000e+00 1.683042445766083750e+00 1.780420868788508360e+00 1.861053106513624211e+00 1.937665818768892656e+00 2.010041789103956589e+00 2.054703714957629934e+00 2.139533093051475099e+00 2.245561512689755013e+00 2.400556825683244355e+00 2.617053712095879892e+00 2.794620484006997252e+00 3.190011482467179249e+00 3.249598426729794820e+00
2.902578319252774319e-01 4.515735445629360800e-01 5.152275197811453378e-01 6.050559891645865829e-01 6.862991455246639783e-01 7.579459440434175299e-01 8.005245790651617233e-01 8.976455598900739963e-01 9.953930146049830840e-01 1.060473900484911081e+00 1.119821370294604490e+00 1.208326600319059141e+00 1.274998499684647957e+00 1.422475927037088805e+00 1.456332752486525273e+00 1.487028856256157994e+00 1.576107505938774578e+00 1.679922124528893557e+00 1.807128744435126055e+00 1.840100070084518480e+00 1.939783914243557783e+00 2.011187978601528759e+00 2.047974849944532494e+00 2.154887161928667361e+00 2.269122824233126501e+00 2.401573445148740493e+00 2.587257208906900363e+00 2.775218307783474003e+00 3.175751102734743814e+00 3.226471431729809769e+00
3.852850122713695757e-01 4.743558209807688386e-01 5.680198575303726516e-01 6.424497024016162516e-01 7.248238514632530105e-01 7.804282418587787928e-01 8.234244255035836346e-01 9.187046083097294424e-01 1.010459031366897298e+00 1.078273142721945410e+00 1.127740499475478941e+00 1.208372094098072447e+00 1.266142370361537761e+00 1.408621674775134780e+00 1.456310420194807609e+00 1.501317170507090903e+00 1.576650543370472946e+00 1.674890698195244498e+00 1.810029738074833583e+00 1.841623783859801744e+00 1.928394657308417415e+00 1.992290524496362014e+00 2.056718887925330641e+00 2.164593009584917294e+00 2.295755475560673275e+00 2.410177342488020180e+00 2.558343820594150664e+00 2.757080010910443857e+00 3.155382900153918424e+00 3.210517217495945541e+00
4.324729360411172507e-01 5.039478996735369254e-01 6.234629418264749923e-01 6.722434793174302259e-01 7.539844481014458255e-01 8.140523390786796876e-01 8.703257562533314173e-01 9.398283200963987172e-01 1.017586156130823705e+00 1.094997929291819050e+00 1.139155266547966283e+00 1.216640648685487935e+00 1.264827179138507507e+00 1.393313225961960278e+00 1.451449421206402191e+00 1.515389290769552533e+00 1.569070710093545706e+00 1.666509146568850408e+00 1.796200702645427638e+00 1.861161788439091413e+00 1.907743480208266007e+00 1.969463629749276246e+00 2.065822649764132102e+00 2.164678671582347835e+00 2.318288247395898782e+00 2.426233322663817304e+00 2.533528418797361681e+00 2.741423241608626604e+00 3.129277003835534643e+00 3.203268009235231251e+00
4.495484534856567516e-01 5.361914906948250792e-01 6.729961590141965155e-01 6.930515047018286356e-01 7.756530932005101242e-01 8.375014435261068924e-01 9.359495147783883917e-01 9.601569814616160992e-01 1.027190637034502529e+00 1.107598958127632871e+00 1.150456948693702186e+00 1.231052302705597290e+00 1.279187392207541185e+00 1.377677134430753236e+00 1.444134374777401364e+00 1.524147454341691077e+00 1.560325666089471541e+00 1.655657968768271315e+00 1.781394538207381695e+00 1.872737784647854786e+00 1.890680670930508622e+00 1.946560757050234347e+00 2.072492420414604464e+00 2.156474656875445817e+00 2.332391200153444366e+00 2.443502270655570463e+00 2.518645290603263032e+00 2.728782054943661439e+00 3.101345071622537475e+00 3.202043690347917249e+00
4.578275818214587733e-01 5.621767857966263326e-01 7.048314988716426477e-01 7.096167097918220090e-01 8.024198459641940229e-01 8.543814535057209225e-01 9.559857212334045284e-01 9.895233978017690113e-01 1.058126532205583947e+00 1.115334312834286967e+00 1.171876380903801751e+00 1.240529043120655706e+00 1.312330025174534676e+00 1.364249538605061707e+00 1.435005507771873745e+00 1.522107020066532312e+00 1.558382183481461514e+00 1.645613207863459770e+00 1.763965350605912530e+00 1.849482187870078009e+00 1.902918587795595862e+00 1.927507750016944188e+00 2.076153761340769677e+00 2.143227976572181337e+00 2.339301350816219927e+00 2.450770459698401460e+00 2.522180799208880941e+00 2.718950202035058439e+00 3.074701875533498718e+00 3.204091007894135146e+00
4.635563132520887919e-01 5.818443845502920819e-01 7.107754615178449864e-01 7.332678662526840307e-01 8.296164685063454058e-01 8.694687475109301733e-01 9.534358775884608228e-01 1.003918718981418490e+00 1.088852228324578286e+00 1.122938437459792382e+00 1.213639681630092948e+00 1.245207836709787852e+00 1.337282997469823709e+00 1.370336468018113818e+00 1.424540693841111594e+00 1.511538438757825897e+00 1.562459278982767819e+00 1.639292873358040747e+00 1.741997501891793920e+00 1.825692267254201751e+00 1.889077489786891384e+00 1.936508100894006379e+00 2.076335840380833631e+00 2.127675046350941290e+00 2.342555891658944844e+00 2.450562141910675340e+00 2.539677222690011060e+00 2.711506181578378083e+00 3.051399362208777610e+00 3.206985991735389785e+00
4.682567720404053890e-01 5.953619303657772255e-01 7.137507561473429574e-01 7.497385522397942426e-01 8.445503936408372825e-01 8.880214958255815416e-01 9.477692307920203563e-01 1.010190747855825855e+00 1.102756165850700576e+00 1.133425604491608674e+00 1.244170023233953648e+00 1.263456388484621051e+00 1.335757363947880139e+00 1.406693584349313353e+00 1.414139877706574566e+00 1.499021549072280690e+00 1.566630879283687827e+00 1.637939037493779448e+00 1.716185767674266449e+00 1.807384011115899192e+00 1.863184046296259888e+00 1.955147236187303683e+00 2.073379902012997267e+00 2.111346279938522752e+00 2.345174010542723675e+00 2.454214530433588504e+00 2.558771223934689587e+00 2.706419553383635712e+00 3.033051462242528196e+00 3.208449371110385862e+00
4.723561515499949404e-01 6.022781873949654141e-01 7.166341364464596797e-01 7.620629449386134846e-01 8.462391368428658911e-01 9.076510002898848795e-01 9.437427698570501899e-01 1.014861329059488337e+00 1.105203549044497580e+00 1.147606878484319637e+00 1.241457297847792685e+00 1.294673037983790076e+00 1.342228499205753156e+00 1.403766139790257883e+00 1.441823896535548100e+00 1.487768987746553417e+00 1.568339194147010840e+00 1.640399149692789882e+00 1.690284826178030331e+00 1.794194473019769642e+00 1.837269870929488791e+00 1.971323430145999644e+00 2.068759425034536470e+00 2.095100512941683313e+00 2.350001980421300818e+00 2.464251120277306750e+00 2.574092129875517276e+00 2.704056878023320731e+00 3.021095458825298508e+00 3.206580092577003605e+00
4.759933865008381670e-01 6.028282808139971971e-01 7.204476731864370986e-01 7.718709810313494346e-01 8.417723454489093315e-01 9.229101782505086948e-01 9.425236818347427770e-01 1.020748406760065841e+00 1.100981802654955377e+00 1.161457414030828028e+00 1.236604606246418880e+00 1.302713088769726024e+00 1.361149305209594651e+00 1.396718047457446543e+00 1.464542975548341452e+00 1.483213988996454624e+00 1.567079364836387878e+00 1.640221789845529354e+00 1.671845222458628433e+00 1.784088833862849999e+00 1.814795286548823272e+00 1.982414488292303156e+00 2.064268580331468428e+00 2.080158574199450605e+00 2.359867101125300515e+00 2.476123642267074487e+00 2.584925630971635080e+00 2.704512209521722443e+00 3.016708821562211540e+00 3.200184359352185481e+00
4.792171725352474820e-01 5.987167034464160320e-01 7.247825845552077206e-01 7.799277077097083177e-01 8.357440357952899967e-01 9.329038155118463127e-01 9.442072820620395213e-01 1.027346468608410168e+00 1.093236839860908249e+00 1.171364020287505747e+00 1.232140362472048389e+00 1.303202239654867034e+00 1.375043872806221756e+00 1.393404506627785588e+00 1.466311044249791973e+00 1.496604445932611549e+00 1.563868770205504966e+00 1.628006618820065254e+00 1.669473702100493950e+00 1.774239488726135239e+00 1.799120290682773904e+00 1.987369322413128581e+00 2.060159300648919167e+00 2.069069464582274698e+00 2.375929400839251304e+00 2.483297488467962832e+00 2.592757154662229002e+00 2.706998021597574855e+00 3.020281293962190805e+00 3.189100876112253680e+00
4.819573522905372109e-01 5.926623910139364737e-01 7.287480182915242466e-01 7.862047561448791688e-01 8.305177446542862940e-01 9.381331166102673258e-01 9.487124416297000318e-01 1.032696128070020425e+00 1.084689161757147247e+00 1.176539530688247348e+00 1.228956134016771617e+00 1.303184766954247786e+00 1.378843333061193999e+00 1.393917194260631209e+00 1.464111791663730511e+00 1.512345061005826885e+00 1.560488580959485061e+00 1.612476037777812010e+00 1.673229024425522127e+00 1.764058530332213381e+00 1.791032058645349867e+00 1.987451025563119256e+00 2.054211044546220499e+00 2.065162781573761652e+00 2.396755482181753383e+00 2.481792606181730143e+00 2.598892055121850841e+00 2.710090121402305652e+00 3.030381715107983265e+00 3.174679367712033073e+00
4.839201404700950726e-01 5.875200600053275268e-01 7.315513257515466883e-01 7.901859859270853326e-01 8.271872822883558074e-01 9.404780583406933125e-01 9.535034733449612165e-01 1.035450496355110772e+00 1.078293490618190908e+00 1.178508081924587447e+00 1.226898781247776515e+00 1.303521746633912182e+00 1.378633588404622801e+00 1.394804655386038483e+00 1.462786178133974158e+00 1.524001240015495418e+00 1.558586938465464033e+00 1.600504775603088792e+00 1.676128444342842139e+00 1.756677912854059720e+00 1.787471304356904600e+00 1.985689621786393744e+00 2.049363814857737331e+00 2.064809996202699338e+00 2.418390892347781929e+00 2.472505555523994314e+00 2.603100267107128829e+00 2.712466593008995730e+00 3.042423188914428867e+00 3.160759967414438432e+00
4.846536635963161199e-01 5.855170842601318260e-01 7.325734907692516007e-01 7.915238099819926765e-01 8.260801674493708502e-01 9.412033018075334212e-01 9.555141654000112172e-01 1.036076229833094775e+00 1.076022941827540436e+00 1.178970888086100510e+00 1.226116918081877172e+00 1.303731526667597063e+00 1.378354641598517949e+00 1.394991343339680334e+00 1.462313654719667788e+00 1.528440296345236593e+00 1.558308866193757414e+00 1.595674087336297564e+00 1.677091203654734297e+00 1.754088190782868040e+00 1.786428599849737786e+00 1.984771857415835283e+00 2.047683293854436481e+00 2.064896596109806914e+00 2.430571872733942040e+00 2.464539822388744916e+00 2.604607034279835975e+00 2.713339314091098409e+00 3.048238599678792404e+00 3.154479684109240623e+00
