-1.895759804838249851e-01
-1.713382445520878206e-01
-1.531005086203506838e-01
-1.348627726886135192e-01
-1.166250367568763546e-01
-9.838730082513920394e-02
-8.014956489340205326e-02
-6.191182896166490951e-02
-4.367409302992774495e-02
-2.543635709819058385e-02
-7.198621166453424494e-03
1.103911476528370884e-02
2.927685069702086820e-02
4.751458662875800154e-02
6.575232256049516610e-02
8.399005849223233067e-02
1.022277944239694814e-01
1.204655303557066459e-01
1.387032662874438105e-01
1.569410022191809750e-01
1.751787381509181396e-01
1.934164740826552209e-01
2.116542100143923855e-01
2.298919459461295500e-01
2.481296818778667423e-01
2.663674178096038236e-01
2.846051537413409327e-01
3.028428896730781528e-01
3.210806256048152618e-01
3.393183615365524819e-01
3.575560974682895909e-01
3.757938334000268110e-01
3.940315693317639201e-01
4.122693052635010291e-01
4.305070411952382492e-01
4.487447771269753583e-01
4.669825130587125783e-01
4.852202489904496874e-01
5.034579849221868519e-01
5.216957208539240165e-01
5.399334567856611811e-01
5.581711927173983456e-01
5.764089286491353992e-01
5.946466645808726748e-01
6.128844005126097283e-01
6.311221364443470039e-01
6.493598723760840574e-01
6.675976083078212220e-01
6.858353442395583865e-01
7.040730801712954401e-01
7.223108161030327157e-01
7.405485520347697692e-01
7.587862879665069338e-01
7.770240238982440983e-01
7.952617598299813739e-01
8.134994957617185385e-01
8.317372316934555920e-01
8.499749676251927566e-01
8.682127035569300322e-01
8.864504394886669747e-01
9.046881754204042503e-01
9.229259113521414148e-01
9.411636472838785794e-01
9.594013832156156329e-01
9.776391191473527975e-01
9.958768550790900731e-01
1.014114591010827127e+00
1.032352326942564291e+00
1.050590062874301456e+00
1.068827798806038620e+00
1.087065534737775785e+00
1.105303270669512949e+00
1.123541006601250114e+00
1.141778742532987057e+00
1.160016478464724443e+00
1.178254214396461608e+00
1.196491950328198772e+00
1.214729686259935715e+00
1.232967422191672879e+00
1.251205158123410266e+00
1.269442894055147431e+00
1.287680629986884373e+00
1.305918365918621538e+00
1.324156101850358924e+00
1.342393837782095867e+00
1.360631573713833031e+00
1.378869309645570196e+00
1.397107045577307582e+00
1.415344781509044525e+00
1.433582517440781690e+00
1.451820253372518854e+00
1.470057989304256019e+00
1.488295725235993183e+00
1.506533461167730348e+00
1.524771197099467512e+00
1.543008933031204455e+00
1.561246668962941841e+00
1.579484404894679006e+00
1.597722140826415949e+00
1.615959876758153113e+00
1.634197612689890500e+00
1.652435348621627664e+00
1.670673084553364607e+00
1.688910820485101771e+00
1.707148556416838936e+00
1.725386292348576323e+00
1.743624028280313265e+00
1.761861764212050208e+00
1.780099500143787594e+00
1.798337236075524759e+00
1.816574972007262145e+00
1.834812707938999088e+00
1.853050443870736030e+00
1.871288179802473639e+00
1.889525915734210582e+00
1.907763651665947524e+00
1.926001387597684911e+00
1.944239123529422075e+00
1.962476859461159018e+00
1.980714595392896404e+00
1.998952331324633347e+00
2.017190067256370511e+00
2.035427803188107898e+00
2.053665539119844841e+00
2.071903275051582227e+00
2.090141010983319170e+00
2.108378746915056112e+00
2.126616482846793499e+00
2.144854218778530885e+00
2.163091954710267828e+00
2.181329690642005215e+00
2.199567426573742157e+00
2.217805162505479100e+00
2.236042898437216486e+00
2.254280634368953429e+00
2.272518370300690815e+00
2.290756106232427758e+00
2.308993842164165144e+00
2.327231578095902531e+00
2.345469314027639474e+00
2.363707049959376416e+00
2.381944785891113803e+00
2.400182521822850745e+00
2.418420257754587688e+00
2.436657993686325074e+00
2.454895729618062461e+00
2.473133465549799404e+00
2.491371201481536790e+00
2.509608937413273733e+00
2.527846673345011119e+00
2.546084409276748062e+00
2.564322145208485004e+00
2.582559881140222391e+00
2.600797617071959333e+00
2.619035353003696720e+00
2.637273088935434107e+00
2.655510824867171049e+00
2.673748560798907992e+00
2.691986296730645378e+00
2.710224032662382321e+00
2.728461768594119707e+00
2.746699504525856650e+00
2.764937240457594037e+00
2.783174976389331423e+00
2.801412712321068366e+00
2.819650448252805308e+00
2.837888184184542695e+00
2.856125920116279637e+00
2.874363656048016580e+00
2.892601391979753966e+00
2.910839127911490909e+00
2.929076863843228296e+00
2.947314599774965682e+00
2.965552335706702625e+00
2.983790071638440011e+00
3.002027807570176954e+00
3.020265543501913896e+00
3.038503279433651283e+00
3.056741015365388225e+00
3.074978751297125612e+00
3.093216487228862999e+00
3.111454223160599941e+00
3.129691959092336884e+00
3.147929695024074270e+00
3.166167430955811213e+00
3.184405166887548155e+00
3.202642902819285542e+00
3.220880638751022484e+00
3.239118374682760315e+00
3.257356110614497258e+00
3.275593846546234200e+00
3.293831582477971587e+00
3.312069318409708529e+00
3.330307054341445472e+00
3.348544790273182858e+00
3.366782526204919801e+00
3.385020262136657188e+00
3.403257998068394574e+00
3.421495734000131517e+00
3.439733469931868459e+00
