-1.002274889148963427e-01
-8.297685664555262686e-02
-6.572622437620889713e-02
-4.847559210686518127e-02
-3.122495983752146542e-02
-1.397432756817774957e-02
3.276304701165978425e-03
2.052693697050969254e-02
3.777756923985341186e-02
5.502820150919712078e-02
7.227883377854084357e-02
8.952946604788455942e-02
1.067800983172282892e-01
1.240307305865720189e-01
1.412813628559157209e-01
1.585319951252593951e-01
1.757826273946031526e-01
1.930332596639468823e-01
2.102838919332905843e-01
2.275345242026343140e-01
2.447851564719780160e-01
2.620357887413217179e-01
2.792864210106654199e-01
2.965370532800091774e-01
3.137876855493529349e-01
3.310383178186965814e-01
3.482889500880403388e-01
3.655395823573840408e-01
3.827902146267277983e-01
4.000408468960715003e-01
4.172914791654151467e-01
4.345421114347589042e-01
4.517927437041026617e-01
4.690433759734463637e-01
4.862940082427901212e-01
5.035446405121337676e-01
5.207952727814775251e-01
5.380459050508212826e-01
5.552965373201649291e-01
5.725471695895085755e-01
5.897978018588523330e-01
6.070484341281960905e-01
6.242990663975398480e-01
6.415496986668836055e-01
6.588003309362272519e-01
6.760509632055710094e-01
6.933015954749146559e-01
7.105522277442584134e-01
7.278028600136021709e-01
7.450534922829458173e-01
7.623041245522895748e-01
7.795547568216333323e-01
7.968053890909770898e-01
8.140560213603207362e-01
8.313066536296643827e-01
8.485572858990080292e-01
8.658079181683518977e-01
8.830585504376955441e-01
9.003091827070394126e-01
9.175598149763830591e-01
9.348104472457267056e-01
9.520610795150705741e-01
9.693117117844142205e-01
9.865623440537580890e-01
1.003812976323101624e+00
1.021063608592445382e+00
1.038314240861789139e+00
1.055564873131132897e+00
1.072815505400476654e+00
1.090066137669820412e+00
1.107316769939163947e+00
1.124567402208507927e+00
1.141818034477851462e+00
1.159068666747195220e+00
1.176319299016538977e+00
1.193569931285882513e+00
1.210820563555226492e+00
1.228071195824570028e+00
1.245321828093913785e+00
1.262572460363257543e+00
1.279823092632601078e+00
1.297073724901945058e+00
1.314324357171288593e+00
1.331574989440632351e+00
1.348825621709976108e+00
1.366076253979319866e+00
1.383326886248663623e+00
1.400577518518007158e+00
1.417828150787350916e+00
1.435078783056694673e+00
1.452329415326038431e+00
1.469580047595382188e+00
1.486830679864725946e+00
1.504081312134069481e+00
1.521331944403413239e+00
1.538582576672756996e+00
1.555833208942100754e+00
1.573083841211444511e+00
1.590334473480788047e+00
1.607585105750132026e+00
1.624835738019475562e+00
1.642086370288819319e+00
1.659337002558163077e+00
1.676587634827506612e+00
1.693838267096850592e+00
1.711088899366194127e+00
1.728339531635537885e+00
1.745590163904881642e+00
1.762840796174225400e+00
1.780091428443569157e+00
1.797342060712912470e+00
1.814592692982256450e+00
1.831843325251600207e+00
1.849093957520944187e+00
1.866344589790287500e+00
1.883595222059631480e+00
1.900845854328975015e+00
1.918096486598318551e+00
1.935347118867662308e+00
1.952597751137006066e+00
1.969848383406349601e+00
1.987099015675693359e+00
2.004349647945037116e+00
2.021600280214381318e+00
2.038850912483724631e+00
2.056101544753068389e+00
2.073352177022412146e+00
2.090602809291755459e+00
2.107853441561099661e+00
2.125104073830443419e+00
2.142354706099786732e+00
2.159605338369130489e+00
2.176855970638474247e+00
2.194106602907818004e+00
2.211357235177161762e+00
2.228607867446505519e+00
2.245858499715849277e+00
2.263109131985193034e+00
2.280359764254536792e+00
2.297610396523880549e+00
2.314861028793223863e+00
2.332111661062567620e+00
2.349362293331911822e+00
2.366612925601255135e+00
2.383863557870598893e+00
2.401114190139942650e+00
2.418364822409286852e+00
2.435615454678630165e+00
2.452866086947973923e+00
2.470116719217317680e+00
2.487367351486660993e+00
2.504617983756005195e+00
2.521868616025348953e+00
2.539119248294692266e+00
2.556369880564036023e+00
2.573620512833379781e+00
2.590871145102723538e+00
2.608121777372067296e+00
2.625372409641411053e+00
2.642623041910754811e+00
2.659873674180098568e+00
2.677124306449442326e+00
2.694374938718786083e+00
2.711625570988129397e+00
2.728876203257473154e+00
2.746126835526817356e+00
2.763377467796160669e+00
2.780628100065504427e+00
2.797878732334848184e+00
2.815129364604192386e+00
2.832379996873535699e+00
2.849630629142879457e+00
2.866881261412223214e+00
2.884131893681566527e+00
2.901382525950910729e+00
2.918633158220254487e+00
2.935883790489597800e+00
2.953134422758941557e+00
2.970385055028285315e+00
2.987635687297629072e+00
3.004886319566972830e+00
3.022136951836316587e+00
3.039387584105660345e+00
3.056638216375004102e+00
3.073888848644347860e+00
3.091139480913691617e+00
3.108390113183034931e+00
3.125640745452378688e+00
3.142891377721722890e+00
3.160142009991066203e+00
3.177392642260409961e+00
3.194643274529753718e+00
3.211893906799097476e+00
3.229144539068441233e+00
3.246395171337784991e+00
3.263645803607128748e+00
3.280896435876472061e+00
3.298147068145816263e+00
3.315397700415160021e+00
3.332648332684503334e+00
