-5.842196806897186322e-05 3.307944145517235098e-08 3.550386609461339007e-08 2.938442493743106398e-01 4.007144393990805242e-01 4.049711489569229328e-01 5.539786832934154859e-01 5.955731396754774254e-01 7.505248012214258413e-01 7.690718916752304901e-01 7.786239920560670269e-01 8.499512078594806397e-01 1.801554055227257090e+00 1.845612052327456398e+00 1.890375628769583871e+00
-7.668067231731388878e-02 6.110646949606034911e-02 8.379293984022016806e-02 2.775465706708412084e-01 4.035720735040342899e-01 4.051622252011452541e-01 5.099277518977833878e-01 5.967729806008399418e-01 7.368744178973515302e-01 7.715851393693984317e-01 7.780604280252245708e-01 9.240313161159924293e-01 1.833514870740966085e+00 1.845819004478980618e+00 1.949046302542225328e+00
-6.477596546950278866e-02 1.161106722876262543e-01 1.808804773260866139e-01 3.225802602855214474e-01 4.026331343675729202e-01 4.129739083623952811e-01 4.884528168760144951e-01 6.006415154392811262e-01 7.278647525909045513e-01 7.785932169552304272e-01 7.935759822018525478e-01 1.022782154913548514e+00 1.846412654830486666e+00 1.847732184905811259e+00 2.159543239098935530e+00
1.349015222436815986e-01 1.591221802630868043e-01 2.832818459406547529e-01 3.983479968695772810e-01 4.308715712106934159e-01 4.599375061892453376e-01 5.495393437551983062e-01 6.076787415362571165e-01 7.285229712339919006e-01 7.887420193812469948e-01 8.275660803550993760e-01 1.125191100347003648e+00 1.847316443750743442e+00 1.851374600064235487e+00 2.435222142192636774e+00
1.823360790600845049e-01 1.864699301837243473e-01 3.658710720065673216e-01 4.214019414701895005e-01 4.581075454942422631e-01 4.984322913031498103e-01 6.180619565570514284e-01 6.704499470594416088e-01 7.547279162115997364e-01 8.003519676054112741e-01 9.140418638699189247e-01 1.270292781763567413e+00 1.848418415351418709e+00 1.853357935559938552e+00 2.715504617827411593e+00
1.991273032767364171e-01 1.994135433583767991e-01 4.159087601771389031e-01 4.763138262314432492e-01 4.918013253842416499e-01 5.302511216738075017e-01 6.314021097708452102e-01 6.945755491844237683e-01 7.896674806757264520e-01 8.118272558463358601e-01 1.025019041825693256e+00 1.490654166749015186e+00 1.849590682403005726e+00 1.855132013435598859e+00 2.972288001688776937e+00
2.015511984060082418e-01 2.016423958276516160e-01 4.449961928997613891e-01 5.252500194387588195e-01 5.262890637669312976e-01 5.836530146892991988e-01 6.468425087599224410e-01 7.023635782829523722e-01 8.105599699330572339e-01 8.218841858238368214e-01 1.097605449664672550e+00 1.741159782156722402e+00 1.850709623990124397e+00 1.858891102991690580e+00 3.191142902097245493e+00
1.975919053157167982e-01 1.985509315524606189e-01 4.660485144017578185e-01 5.524488353184526801e-01 5.562331404693391379e-01 6.494658416995410244e-01 6.630772344236693927e-01 7.095525137067879573e-01 8.242993549432237055e-01 8.296760473151442161e-01 1.142427319284749387e+00 1.851671915672454816e+00 1.851944908681987689e+00 1.979889635115508639e+00 3.364495668204992462e+00
1.920702241163839974e-01 1.938489766440524009e-01 4.801637418006726721e-01 5.706914482541128875e-01 5.783582872675988584e-01 6.780411892171336330e-01 7.037485428713162738e-01 7.177255936446744755e-01 8.332331996557941212e-01 8.348757394525095910e-01 1.169657384849948523e+00 1.852402906394404081e+00 1.854630121204647653e+00 2.157927889442422309e+00 3.488864934103636628e+00
1.877844237903663616e-01 1.900067805640272278e-01 4.881544461442325344e-01 5.816289623956750754e-01 5.915551081393920496e-01 6.888635635882596198e-01 7.210218030014722279e-01 7.421551017551912821e-01 8.376702617410334284e-01 8.382046078570113412e-01 1.184169639668721352e+00 1.852856643061161268e+00 1.855348064872479608e+00 2.271375316593860383e+00 3.563300323337587283e+00
1.861973496372811843e-01 1.885541790644294780e-01 4.907304884676726986e-01 5.852701773765022208e-01 5.958997666796491677e-01 6.928427661829248407e-01 7.234101596971092007e-01 7.544600422872723700e-01 8.385191654384094306e-01 8.397727079540413531e-01 1.188684599182180612e+00 1.853010125272372521e+00 1.855542062050963725e+00 2.310188541691105435e+00 3.588031735874002148e+00
1.778103376699811666e-01 1.998736876619494895e-01 4.440519619397159667e-01 5.848566558659381576e-01 5.976279812670187708e-01 6.867460221051606695e-01 6.943274791303304383e-01 8.065845163958635933e-01 8.394603279632372184e-01 8.554125930341989203e-01 1.184441180998287102e+00 1.852952886699742452e+00 1.919545760370386489e+00 2.314570537458533028e+00 3.585826599984984764e+00
1.820977634410846924e-01 2.287907279457554455e-01 3.342391713856839308e-01 5.893242837145732382e-01 6.028179051217330553e-01 6.777171427461853304e-01 6.987753504399958349e-01 8.421601291488616248e-01 8.424495701453095231e-01 9.193626894959469054e-01 1.178377026981870079e+00 1.852778787095233692e+00 2.066271947803789200e+00 2.336047482455619217e+00 3.580200859467199237e+00
-4.666075635778330066e-02 2.594076311294089554e-01 2.655383721428501986e-01 5.950663942630624037e-01 6.113742480755908204e-01 7.048406875389111592e-01 7.062186425322058980e-01 8.462443218824550195e-01 8.626053006997348449e-01 1.033918408022843627e+00 1.186136274481147890e+00 1.852483447981076115e+00 2.190785028869392193e+00 2.416758218243254319e+00 3.574054702798802996e+00
-3.162621446972761485e-01 2.754869067138180916e-01 3.021418183478901676e-01 5.933141782879808313e-01 6.227799892887528888e-01 7.168321747098225227e-01 7.362173272614829234e-01 8.510892788179235113e-01 8.724971921114897944e-01 1.133034932371794312e+00 1.294609445841520934e+00 1.852067873218142591e+00 2.234461401685293946e+00 2.571498910981753649e+00 3.571808406132929825e+00
-4.482953359457291231e-01 2.779304836609233220e-01 3.338606626230806174e-01 5.895051307591963052e-01 6.357480833485474880e-01 7.309092016670463154e-01 7.506571285906644686e-01 8.558527849538597465e-01 8.682197040058734494e-01 1.157329911899380503e+00 1.533916115477128361e+00 1.851547771973783396e+00 2.247466292226412587e+00 2.725982731724274633e+00 3.578058653106217513e+00
-5.430436558224664978e-01 2.641717782426473149e-01 3.587003014529149270e-01 5.881169064204814223e-01 6.483616275696988396e-01 7.484312110693134290e-01 7.519896084338680842e-01 8.522556176911947334e-01 8.595595232792303531e-01 1.174225539964367515e+00 1.787324411312052108e+00 1.850961006053349678e+00 2.254736155304381207e+00 2.846348928411704282e+00 3.594620153399905149e+00
-6.127595039079267725e-01 2.361158255827749408e-01 3.765811753059742362e-01 5.905911390476987766e-01 6.589257803954531312e-01 7.456180561616466695e-01 7.683353185624786086e-01 8.311315119127717921e-01 8.612623518031394809e-01 1.190157935862912186e+00 1.850369189515744583e+00 2.007666793603319899e+00 2.266635701784448287e+00 2.929320977074801657e+00 3.617610535950989803e+00
-6.616735841250075412e-01 1.976474705497402451e-01 3.883785817706905119e-01 5.953968035837299277e-01 6.666472795226627834e-01 7.363210556090309389e-01 7.882564484910719038e-01 8.112040388297111493e-01 8.603347593642425295e-01 1.203484593664188029e+00 1.849850777117129086e+00 2.152008993009319138e+00 2.304308030996961687e+00 2.983354208599981128e+00 3.639133862722399915e+00
-6.916225565108712336e-01 1.577924532547373138e-01 3.951302222290244970e-01 5.993525995817318153e-01 6.714489133594211401e-01 7.288829054998622325e-01 7.969812170826297004e-01 8.047602388285329811e-01 8.571380397172603249e-01 1.212561860943099701e+00 1.849485847138767847e+00 2.199619175147337291e+00 2.374255007477553470e+00 3.016601158714455000e+00 3.653150980432417594e+00
-7.034309807775442902e-01 1.336872226411047748e-01 3.975965591591847925e-01 6.001880411634227253e-01 6.734758328297518748e-01 7.258781186750665748e-01 7.917226392171028415e-01 8.127580857749275856e-01 8.545327408909857425e-01 1.216412844357702250e+00 1.849336499333725348e+00 2.208413552359012932e+00 2.411953295877681480e+00 3.030296724619997217e+00 3.658395242158855254e+00
-7.038651293321138702e-01 1.321753458870603970e-01 3.976026910867313524e-01 5.999907558216837078e-01 6.736755283069181255e-01 7.258143979579526617e-01 7.917440706879590451e-01 8.128644194683062318e-01 8.545158394337821761e-01 1.216580415299439499e+00 1.849333937729813471e+00 2.208860519328846195e+00 2.412893979511628650e+00 3.030810004951238756e+00 3.658615533121368557e+00
-7.024450524480342350e-01 1.014947203143230364e-01 3.924027418275582435e-01 5.907495849533942467e-01 6.302029840998678578e-01 7.439394139220297797e-01 7.721197051792592081e-01 8.325464079101092540e-01 8.855434581456135268e-01 1.213989234249335025e+00 1.918459459497908748e+00 2.209024506627443873e+00 2.413228459971338502e+00 3.030843626361434229e+00 3.656748494518311077e+00
-6.982759942580362145e-01 -1.148962516849432042e-01 3.685636890376908781e-01 5.366012830730197969e-01 6.172232417959895301e-01 6.905348635974204452e-01 8.246981092255054602e-01 8.970570519128587827e-01 9.355646542841102864e-01 1.206662079570867796e+00 2.082034753782902481e+00 2.210936743554787309e+00 2.416102818510880823e+00 3.030948167862864029e+00 3.651860149032149394e+00
-6.916348396037754753e-01 -2.393369554155745926e-01 2.999197779440156419e-01 4.920370956207229529e-01 6.054811105018474970e-01 6.584972051602496768e-01 8.850283254086785956e-01 9.777086769991172321e-01 1.051685795547088631e+00 1.196137497551960083e+00 2.198704364908917519e+00 2.276007867475789315e+00 2.436183179764032314e+00 3.031134223050560905e+00 3.645987825331366228e+00
-6.829961817114570399e-01 -3.491448442053349810e-01 1.465846066256239755e-01 4.692837447444834220e-01 5.754174059516875550e-01 6.654385496518903098e-01 9.338812444721130701e-01 1.017360648623881536e+00 1.174676783320482976e+00 1.292434683469501744e+00 2.202823350132816049e+00 2.358280281248160026e+00 2.542663462116965700e+00 3.031419639719052483e+00 3.642072536298488483e+00
-6.730437473986545793e-01 -4.449483135043735271e-01 -2.327169034910039069e-01 4.540706516438882123e-01 5.555244165980146587e-01 6.834787925697886068e-01 9.728610127658702256e-01 1.049254188258905929e+00 1.159175818410242753e+00 1.560646382753003270e+00 2.203101897737854475e+00 2.369785065817685776e+00 2.692661649758350428e+00 3.031835119378920584e+00 3.642898519038191285e+00
-6.626703801849164188e-01 -5.230806915803414281e-01 -3.576043014379354790e-01 4.418208337637503647e-01 5.481276527135703347e-01 7.029874171189703924e-01 1.003648971202572460e+00 1.073001441105767340e+00 1.141926700379897408e+00 1.827168520661253348e+00 2.203481539839298620e+00 2.370183376752899918e+00 2.813906015690075257e+00 3.032440354728538789e+00 3.649280196350682459e+00
-6.529723319867053455e-01 -5.829181832969577703e-01 -4.388960086334723898e-01 4.326381629482701219e-01 5.473345481063117690e-01 7.208939674399088560e-01 1.027009213029924428e+00 1.085579660597409957e+00 1.129871497670226654e+00 2.060847671702866979e+00 2.206097898780179367e+00 2.369438487041598762e+00 2.897628909986167400e+00 3.033348771318269410e+00 3.658708940308089463e+00
-6.455119392457262517e-01 -6.245532897390343452e-01 -4.927492198597371309e-01 4.264499224772775321e-01 5.489117906034458594e-01 7.352987839949548521e-01 1.043409693877399791e+00 1.083817860907271502e+00 1.128963439505989319e+00 2.190045212597776736e+00 2.258459422468827249e+00 2.372707915980090121e+00 2.949294459079382147e+00 3.034713174992995199e+00 3.666793402387404033e+00
-6.521004349953470891e-01 -6.377500352839842179e-01 -5.238906484884816583e-01 4.229025226974379992e-01 5.505993405815069464e-01 7.446980382401966470e-01 1.053165585085541700e+00 1.076877925105271583e+00 1.132787970551574652e+00 2.197219979029521486e+00 2.338580034237734306e+00 2.403546888964118722e+00 2.976732289328437808e+00 3.036427134983786580e+00 3.670988277818638679e+00
-6.598395898838400608e-01 -6.364784728012812254e-01 -5.341110288681214513e-01 4.217460712727268413e-01 5.512778774826964101e-01 7.479758001519707378e-01 1.056423739466082479e+00 1.073771060860273296e+00 1.134547123362985355e+00 2.197937120371485253e+00 2.348127086704193012e+00 2.433903321819770316e+00 2.985251366447296828e+00 3.037364110867204037e+00 3.672033030211406590e+00
-6.596750034196551260e-01 -6.361156160574357177e-01 -5.339435488803708774e-01 4.217123758265510780e-01 5.512795042252928157e-01 7.479454523477950811e-01 1.056465194544739417e+00 1.073631976127658483e+00 1.134518277315348378e+00 2.197449132582457665e+00 2.347555520000245810e+00 2.433714312297249105e+00 2.985067028463216143e+00 3.036864229877090704e+00 3.671927819467838194e+00
-6.519495779986647088e-01 -6.263872033206715484e-01 -5.331497586827473878e-01 4.210963344988341017e-01 5.510586696417558716e-01 7.434908954414300997e-01 1.054691617510441937e+00 1.069964650388836036e+00 1.138881687049414060e+00 2.169485573002768231e+00 2.344097168932235409e+00 2.430842614949695779e+00 2.983315348254785171e+00 3.016040469260906853e+00 3.668226988643966902e+00
-6.339565035838236051e-01 -6.017601242905514791e-01 -5.293892411439530266e-01 4.198380508384477183e-01 5.501508255466345254e-01 7.317471400179245133e-01 1.048566607590281530e+00 1.060683813347696125e+00 1.151224302781308495e+00 2.091293179091825660e+00 2.338610419647422667e+00 2.426404152829876537e+00 2.953047542895443467e+00 2.991182953479335715e+00 3.659183613233361942e+00
-6.117395429601411028e-01 -5.621762389111844005e-01 -5.163176262961703955e-01 4.184754429122707342e-01 5.489505085375165905e-01 7.151394877491940028e-01 1.036801711145941551e+00 1.045678360389119987e+00 1.169982120931958525e+00 1.957995178771657852e+00 2.334322786456037857e+00 2.422952970978009546e+00 2.870783535982580847e+00 2.988880489488282333e+00 3.646779686161091494e+00
-5.963119317293835708e-01 -5.077512778687344186e-01 -4.825092890992545014e-01 4.181318914923277674e-01 5.485661469592048034e-01 6.965154320688585754e-01 1.018860531244909273e+00 1.024851042014253144e+00 1.192369785414554517e+00 1.775350379173562754e+00 2.331488110185806040e+00 2.420306885794187846e+00 2.757748622727124399e+00 2.988636238276443535e+00 3.634910406937381655e+00
-5.913134184760256984e-01 -4.397470887362288083e-01 -4.236356001568326590e-01 4.207763331295915066e-01 5.513339182104632918e-01 6.787641325598468001e-01 9.941661972546598225e-01 9.985188251171523977e-01 1.215569855568978452e+00 1.557954495592700050e+00 2.328799215011447821e+00 2.415476365152551708e+00 2.617887079630159430e+00 2.988804997727513957e+00 3.627403344913451289e+00
-5.917944560008350230e-01 -3.628281195084576694e-01 -3.434492899039459091e-01 4.291016144797880627e-01 5.610486994033122565e-01 6.650445666455359062e-01 9.614156282608832260e-01 9.679603737431353716e-01 1.237285491824421602e+00 1.327520097575156877e+00 2.318708684868285630e+00 2.386754149943257186e+00 2.482748251138490403e+00 2.989149651622248438e+00 3.625726955429143583e+00
-5.940943304413811576e-01 -2.845514339433307671e-01 -2.477194597176473057e-01 4.447672876402990472e-01 5.819083807535297970e-01 6.591955940669329550e-01 9.207364163529447865e-01 9.336399282154899115e-01 1.113422218253087959e+00 1.255815726952659972e+00 2.209659493372182038e+00 2.343121996820920483e+00 2.445324430103926971e+00 2.989556363891498592e+00 3.628657364936679564e+00
-5.965099878377858600e-01 -2.158369800766760382e-01 -1.420161212792240280e-01 4.642981837294681835e-01 6.152824681579648347e-01 6.649298813126159891e-01 8.733281400333410271e-01 8.972523442444235720e-01 9.508589562481460922e-01 1.269876818662634577e+00 2.033682251752072734e+00 2.338819139977700079e+00 2.441025911680366534e+00 2.989930857561687638e+00 3.633548298467876858e+00
-5.982189971252325211e-01 -1.686943627243781552e-01 5.065080830612332663e-02 4.792459884519299496e-01 6.559372429480604394e-01 6.803235471789059741e-01 8.297629581244229113e-01 8.576728792096125487e-01 8.651596597918536080e-01 1.278644442388559677e+00 1.891997504466914393e+00 2.338132583137445319e+00 2.440500224528950657e+00 2.990192832938887157e+00 3.637724554216688500e+00
-5.988281582936016978e-01 -1.517824564025659073e-01 9.735710317521678592e-02 4.844391571419183196e-01 6.799493641440517155e-01 6.903260004288053198e-01 8.172380718439054004e-01 8.197537721387266885e-01 8.504940181424748280e-01 1.281622327461657163e+00 1.836436701838205510e+00 2.338036377321370374e+00 2.440508910588063962e+00 2.990286798190618711e+00 3.639333660758117706e+00
-5.896154485416318369e-01 -1.263280039400108690e-01 1.182109503376234105e-01 4.842199218543724037e-01 6.767981692767547353e-01 6.910165857250734067e-01 8.112550155981458344e-01 8.175859108936170960e-01 8.562497951683986086e-01 1.278706081854893872e+00 1.836598294489625749e+00 2.333547152420932136e+00 2.409558261525667433e+00 2.983651551309327576e+00 3.637048989816881850e+00
-5.616935431011718105e-01 4.324214603693466580e-02 1.703952460043403616e-01 4.835061052156043315e-01 6.669549726220905805e-01 6.934694252957346317e-01 7.976144932939339682e-01 8.135765405748091039e-01 8.671207560221924071e-01 1.269983044281907558e+00 1.837050291805005564e+00 2.277832460780587986e+00 2.361116781978308321e+00 2.964483877284401103e+00 3.628716563584398092e+00
-5.140354973336463962e-01 1.500402765241156122e-01 2.397617238459470723e-01 4.821251087203004548e-01 6.506042126478780441e-01 6.976448744777313804e-01 7.825013197484329552e-01 8.069922398986196788e-01 8.785749139702468957e-01 1.255529291986897222e+00 1.837662738314578270e+00 2.119879158869979019e+00 2.353801690897266319e+00 2.931501150611834028e+00 3.612525722887543811e+00
-4.442588499532028057e-01 2.084986626508208152e-01 3.075839954699146617e-01 4.798520832906768008e-01 6.289513291545085760e-01 7.029743885552139915e-01 7.676236105500896523e-01 7.977203357983051468e-01 8.896409116651652349e-01 1.235428701914583760e+00 1.837290601440398019e+00 1.908158546724567639e+00 2.353270323116657181e+00 2.877902848572410743e+00 3.590479753175497279e+00
-3.469301258090841111e-01 2.551046968259977343e-01 3.637225605874304657e-01 4.770718431453698782e-01 6.041661400461072473e-01 7.083344107129936340e-01 7.529254766802472298e-01 7.861244770507563873e-01 8.993479221884206343e-01 1.209430807922887041e+00 1.662102539053037065e+00 1.840759396720988095e+00 2.352957841798849259e+00 2.794021986498117283e+00 3.568794458422010152e+00
-2.047825952100089941e-01 2.907367580998064249e-01 4.048451638303266487e-01 4.787099841422607360e-01 5.788036075935664160e-01 7.108496898606536663e-01 7.377949756927746350e-01 7.735196106987911602e-01 9.048214802017562342e-01 1.174466223822758115e+00 1.418009101905409963e+00 1.841383743504654724e+00 2.349333495998403798e+00 2.674690697419071839e+00 3.553844050908624208e+00
1.577545545496781831e-01 3.057041149462326191e-01 4.213755718744939816e-01 4.996096020184811470e-01 5.583479321335284018e-01 6.996242083628645414e-01 7.284811469733328826e-01 7.623885285307465676e-01 8.989494526596480961e-01 1.106885779772835088e+00 1.237646044566607095e+00 1.842213184662245595e+00 2.330167252998973204e+00 2.532218316475768560e+00 3.547892192829234403e+00
2.576415076727972542e-01 2.860894116365703121e-01 4.174509234144638259e-01 5.094409855180733748e-01 5.815331596699298000e-01 6.745928312199923615e-01 7.288634046529727240e-01 7.547714238471746606e-01 8.711036428919070040e-01 1.006577150656799757e+00 1.174648319241300642e+00 1.842945345295486703e+00 2.239916581465075218e+00 2.432600503944442050e+00 3.548916569045952762e+00
2.366420691246713115e-01 2.942089543440067900e-01 4.155340367587074257e-01 5.167511475122112952e-01 6.202459420178937366e-01 6.739945302282497330e-01 7.346987169995046196e-01 7.513772907157693082e-01 8.336659700476293233e-01 9.477203495147898948e-01 1.152183274652409439e+00 1.843501734404515924e+00 2.069812940100951959e+00 2.407048443714469688e+00 3.553155121283913864e+00
2.377130633179111441e-01 2.962979292836953049e-01 4.201993758178846905e-01 5.458217625393528838e-01 6.130432767156945850e-01 7.232627887634680564e-01 7.426491752973846117e-01 7.585364739004281098e-01 8.069832813804742599e-01 9.060247034516540898e-01 1.143259567379804498e+00 1.843846465082685127e+00 1.914628212269257501e+00 2.401345332475861571e+00 3.557178131711358660e+00
2.500259651334460487e-01 2.953684859683295971e-01 4.224398413489900417e-01 5.689626666426444990e-01 6.004817231012119505e-01 7.435622396021539515e-01 7.589415075627959917e-01 7.707846607750608037e-01 7.899496114877595510e-01 8.833869404491876409e-01 1.141208401341025969e+00 1.843962847936674754e+00 1.849963985255179244e+00 2.400200880276614157e+00 3.558770020234328424e+00
2.592531597089226536e-01 2.735473757017947705e-01 4.199449622676618143e-01 5.675722058286846172e-01 5.864731702948866587e-01 7.392137867933454842e-01 7.601600400129248092e-01 7.858638947112553952e-01 7.919462969270513186e-01 9.031791696419615434e-01 1.137658399942510501e+00 1.849971870808620800e+00 1.894357901187004645e+00 2.401894750620903185e+00 3.557243580107243286e+00
2.277427775669866317e-01 2.839454975918032642e-01 4.086624225033569924e-01 5.601679932858697475e-01 5.641003704141475117e-01 7.423612433651280984e-01 7.637149036390885604e-01 7.975207176767300510e-01 8.181906027884949806e-01 9.535370870447964498e-01 1.132367193106697645e+00 1.849990513176208440e+00 2.021951970876298965e+00 2.408841702251100614e+00 3.553326724324455288e+00
1.168195715922069611e-01 3.171773348445527940e-01 3.912521234894515421e-01 5.522275741739235411e-01 5.605692536295545647e-01 7.493890058431011969e-01 7.692861404216502219e-01 8.056425289323194683e-01 8.560509081678645549e-01 1.038705012274693251e+00 1.139161633511667659e+00 1.850006454759606900e+00 2.175357045546680190e+00 2.430776816730651824e+00 3.548964558574983386e+00
-2.370970782146711586e-01 3.511502903070208292e-01 3.768924724323737818e-01 5.601819761127433406e-01 5.640630412391223203e-01 7.525239175381163159e-01 7.763382388142257007e-01 8.150831535629695646e-01 8.769458997007889556e-01 1.110461153283284430e+00 1.232415547750555840e+00 1.850002162318935550e+00 2.288158094248444296e+00 2.500066034572875129e+00 3.547186425250049790e+00
-3.791192519776183101e-01 3.595942597686764830e-01 3.787501696766377712e-01 5.667762702969292299e-01 5.792916822874878413e-01 7.509785334534475609e-01 7.841873247564495886e-01 8.247129427288439896e-01 8.761724135608689457e-01 1.132914408047956956e+00 1.428831540208491013e+00 1.849962067735289484e+00 2.330968194823689998e+00 2.624424904371779999e+00 3.551504291225734633e+00
-4.834826756347049281e-01 3.345771197027479493e-01 3.955803462638185497e-01 5.825589897568741460e-01 5.914131492874955542e-01 7.461206075431067175e-01 7.920944577097852601e-01 8.336268694064000728e-01 8.616794347998985026e-01 1.153025890803860865e+00 1.643261088208481047e+00 1.849878629718646472e+00 2.346020492689782522e+00 2.749958416038272624e+00 3.564536336577937448e+00
-5.634034337829417760e-01 3.003483215173282095e-01 4.022850777623296903e-01 5.996967310718993582e-01 6.053455969420011851e-01 7.394899206532939973e-01 7.993504178727823817e-01 8.411845401613949891e-01 8.414532735727879853e-01 1.172707153304866301e+00 1.842978800420961294e+00 1.849756549694983487e+00 2.355243285894506933e+00 2.851885909739752645e+00 3.585987971277059039e+00
-6.236435225028188478e-01 2.571958595044137597e-01 4.027970891833228539e-01 6.040627373918806553e-01 6.299801158834822390e-01 7.328589650421755142e-01 8.053482505481646125e-01 8.214700571743633883e-01 8.470290138749601017e-01 1.190084574327284983e+00 1.849613546439996314e+00 2.007595162458318150e+00 2.365896577801889666e+00 2.927759158307886356e+00 3.611647630897974803e+00
-6.664205369807615353e-01 2.081320761057829094e-01 4.008165872235134319e-01 6.045539049241821505e-01 6.516396513518909472e-01 7.281656811851652256e-01 8.054219779022939729e-01 8.096576065312192094e-01 8.510883360831082989e-01 1.203701123818915919e+00 1.849476942388605494e+00 2.123348837195067507e+00 2.381740522920137604e+00 2.981590079014803774e+00 3.635229529788073233e+00
-6.928410952592781724e-01 1.612490583714768222e-01 3.986763122376157376e-01 6.024442807358978413e-01 6.668768816786878606e-01 7.262203018798125687e-01 7.951485222810331654e-01 8.121009267782026697e-01 8.535156495110832742e-01 1.212645023336192507e+00 1.849376641752630723e+00 2.186935418566712919e+00 2.400814392289981836e+00 3.016055120288775981e+00 3.651627611250888972e+00
-7.034309807775427359e-01 1.336872226411129072e-01 3.975965591591867909e-01 6.001880411634213930e-01 6.734758328297516528e-01 7.258781186750666858e-01 7.917226392171035076e-01 8.127580857749294729e-01 8.545327408909858535e-01 1.216412844357702250e+00 1.849336499333727346e+00 2.208413552359013377e+00 2.411953295877682368e+00 3.030296724619995885e+00 3.658395242158855254e+00
-6.596750034196546819e-01 -6.361156160574349405e-01 -5.339435488803697671e-01 4.217123758265511890e-01 5.512795042252913724e-01 7.479454523477958583e-01 1.056465194544739417e+00 1.073631976127657373e+00 1.134518277315348156e+00 2.197449132582456333e+00 2.347555520000245810e+00 2.433714312297249549e+00 2.985067028463216143e+00 3.036864229877090704e+00 3.671927819467839083e+00
-6.584534841512655889e-01 -6.265415490595264147e-01 -5.257478871569892798e-01 4.210673728008384464e-01 5.499600556024989428e-01 7.448109279428013485e-01 1.057890648112974397e+00 1.070074391625142951e+00 1.134721963174841530e+00 2.192430196175518820e+00 2.322031221747292928e+00 2.429116391834845512e+00 2.975542123641901515e+00 3.031210804969526329e+00 3.669642426524640566e+00
-6.566838909466674590e-01 -6.022281924056966940e-01 -5.036326619717602648e-01 4.199250995318628554e-01 5.462871257225422328e-01 7.360805851768096320e-01 1.059067976285539725e+00 1.061194700841618710e+00 1.137654357454402909e+00 2.163256859729405068e+00 2.267963069652745300e+00 2.424335059823489846e+00 2.946351278358041892e+00 3.023598113282214950e+00 3.663563334301357610e+00
-6.561170195593089005e-01 -5.623177807658602534e-01 -4.646612535597691163e-01 4.191599880651231680e-01 5.403853957750406334e-01 7.229340666446908426e-01 1.046698751201068589e+00 1.056260622456558274e+00 1.145374767879143274e+00 2.058368443366409561e+00 2.237110930484318860e+00 2.422114065241025127e+00 2.893398742761668530e+00 3.018988172483394905e+00 3.654036602166641501e+00
-6.575312790303087240e-01 -5.051305296418633350e-01 -4.053728470798752537e-01 4.199878393496835338e-01 5.326440309521761618e-01 7.069293681872640400e-01 1.026474395876376455e+00 1.046661958238711776e+00 1.158300626654553911e+00 1.886032630774109098e+00 2.229573694488967472e+00 2.421230417224002895e+00 2.815301920078406184e+00 3.016559140881558854e+00 3.643286222987905276e+00
-6.606948835667250108e-01 -4.270518005924424099e-01 -3.199504574070421992e-01 4.237822724091863114e-01 5.240151136734730875e-01 6.899068231559427611e-01 1.000076347564191837e+00 1.030085090002290871e+00 1.174521366494751584e+00 1.676456597546414296e+00 2.227534602975570266e+00 2.420188471263629904e+00 2.710002982874622379e+00 3.015248455341554834e+00 3.634620619250025886e+00
-6.649406009021640029e-01 -3.189914406977715222e-01 -1.886389961965760920e-01 4.318739624973366165e-01 5.165497159953933437e-01 6.743280926999861702e-01 9.669474683256681358e-01 1.007180350289212045e+00 1.191586291304611356e+00 1.450029613072514323e+00 2.226230187314409470e+00 2.415065819800693792e+00 2.580631135746691562e+00 3.014560796100864692e+00 3.630413907376184302e+00
-6.695416307165832359e-01 -1.391720395392355147e-01 1.682449469302063072e-01 4.449935020084946347e-01 5.145253170022408007e-01 6.641352328293619323e-01 9.261776678609888735e-01 9.786204652789654013e-01 1.207483988700667199e+00 1.229324579119625449e+00 2.220888133709363554e+00 2.371996035460064878e+00 2.468582375325480083e+00 3.014242614340235882e+00 3.630913481015841882e+00
-6.738456775651494590e-01 2.306507843707542582e-01 2.851073882213662203e-01 4.613755802590439603e-01 5.264940763625634013e-01 6.656007986038875446e-01 8.763838154175992434e-01 9.452383723185427966e-01 1.042247711011199174e+00 1.221144717398460200e+00 2.171960284984865375e+00 2.269857636700792103e+00 2.445085536662825465e+00 3.014136988509130255e+00 3.634612852258944038e+00
-6.773177651693389478e-01 3.123252402519307025e-01 3.482515425067320147e-01 4.744125459807919110e-01 5.648837897863993041e-01 6.840044150331471284e-01 8.193507630969549815e-01 9.085461889669427249e-01 9.151455232019752861e-01 1.231377956462893275e+00 2.027552267623429660e+00 2.248558049391133462e+00 2.442217545157014946e+00 3.014136067757018811e+00 3.639319921563597404e+00
-6.795623362252729560e-01 3.397932157543437359e-01 3.804005997410450646e-01 4.785921135263240256e-01 6.296516472762252459e-01 7.128225124240238353e-01 7.659169783449192304e-01 8.455066214712920747e-01 8.744837275623608130e-01 1.237733501501135702e+00 1.900709842338537348e+00 2.245711941361525632e+00 2.441910809297949125e+00 3.014165457005369753e+00 3.643034684419560243e+00
-6.803376240070835301e-01 3.465909905383318113e-01 3.899236088599610239e-01 4.785673390003403749e-01 6.929626570007665354e-01 7.115626319900807406e-01 7.310682478844772181e-01 8.246112914278483919e-01 8.575663118923069206e-01 1.239888482435068884e+00 1.850612002087965058e+00 2.245249579803943796e+00 2.441941984105351793e+00 3.014180293760507556e+00 3.644426547214877576e+00
-6.726479367762033812e-01 3.534354400214010372e-01 3.939376782888041606e-01 4.815523420086557649e-01 6.860124973005370386e-01 7.144893109144311305e-01 7.319149486993968834e-01 8.258904791099150877e-01 8.559937030914942513e-01 1.236916438304450194e+00 1.850591065934869661e+00 2.223037934991451081e+00 2.439611979046116375e+00 3.002639940954695330e+00 3.638680227054953420e+00
-6.494675975481237762e-01 3.665937218598207537e-01 4.078127920495195347e-01 4.899535717450526628e-01 6.687271505730988386e-01 7.213133813930432403e-01 7.344476849473168256e-01 8.294534580565509074e-01 8.513589999221724547e-01 1.228065311440515561e+00 1.850441570977951811e+00 2.153459720691497381e+00 2.435153675762344871e+00 2.969439373422399164e+00 3.621872050340525728e+00
-6.104151749667448001e-01 3.766094945694818952e-01 4.285319558473176249e-01 5.019528022951580404e-01 6.445721165186172330e-01 7.317680724755514232e-01 7.388772738914037852e-01 8.352618420336265226e-01 8.440526941673335282e-01 1.213534710804672567e+00 1.849626186681443407e+00 2.034115725721057810e+00 2.431824907183637752e+00 2.916295095571630913e+00 3.596167161496611087e+00
-5.546809044885048223e-01 3.839146860950953810e-01 4.438049459622950277e-01 5.146075842518205157e-01 6.163126838999347656e-01 7.423318652479806712e-01 7.475873008485791615e-01 8.337027718105990415e-01 8.461621800604480770e-01 1.193671784726952234e+00 1.836198133466354854e+00 1.881074012414635011e+00 2.429822922958589260e+00 2.841398028719874347e+00 3.566634214899818467e+00
-4.806660753766903160e-01 3.902209204609789484e-01 4.445925343869488455e-01 5.261011294710841169e-01 5.862780885233606076e-01 7.490607683471657285e-01 7.585813018983774692e-01 8.231515886150628791e-01 8.637161127443245823e-01 1.168991581222263987e+00 1.661201911728573455e+00 1.854909489003953693e+00 2.426821019416827596e+00 2.740727671306109059e+00 3.540193950878663287e+00
-3.850314170731446994e-01 3.952700683688496475e-01 4.302850354367956931e-01 5.342698591270905739e-01 5.563914486053305186e-01 7.531259489285971886e-01 7.631137857390126733e-01 8.148822033531079034e-01 8.877276172479140470e-01 1.140201116190613151e+00 1.445478103170614093e+00 1.853529299570276123e+00 2.414857303506930286e+00 2.617690275916690013e+00 3.522180904296413395e+00
-2.588756161745732198e-01 3.860747216348947020e-01 4.215486149233125812e-01 5.058790819943819184e-01 5.541605536998914783e-01 7.496569288694264754e-01 7.611553284268891550e-01 8.147138472217519967e-01 9.087818494813887371e-01 1.108097441120962978e+00 1.242276677592212719e+00 1.852625473101184861e+00 2.354705268933388496e+00 2.514108050481548506e+00 3.513773503396074194e+00
4.248713410518199785e-02 3.559965387119153335e-01 4.329017934561864012e-01 4.567563139733142319e-01 5.637623233532434996e-01 7.362072514832841419e-01 7.566991102758641174e-01 8.243223745947793057e-01 9.053270864601119516e-01 1.070059152802816715e+00 1.103030258709118083e+00 1.850929286593754775e+00 2.206693362811878334e+00 2.481676003564392552e+00 3.512638150997255515e+00
2.173027037632195846e-01 3.285927186552030643e-01 3.901953232996269727e-01 4.789061810899543636e-01 5.702897777263303825e-01 7.181583409397217510e-01 7.523223433409556016e-01 8.377979829114210464e-01 8.586377294106466440e-01 1.029815632378382029e+00 1.064968883188665671e+00 1.846050852353626093e+00 2.040315304312473987e+00 2.475128770901665387e+00 3.515152186496357523e+00
2.627758041513943987e-01 3.114902115899266799e-01 3.701171285868897209e-01 5.194778845589044236e-01 5.691928337003366867e-01 7.017910130636759725e-01 7.527438592504619441e-01 8.024938798102267956e-01 8.581167224706052199e-01 1.006943756673846835e+00 1.062400818014232362e+00 1.827316301031431722e+00 1.922277859152840440e+00 2.473748591627901838e+00 3.518070915121752851e+00
2.740839678316407957e-01 3.039390554330466676e-01 3.747830372503332397e-01 5.454268793686507522e-01 5.597927399669143655e-01 6.947520133134861275e-01 7.605675846862407496e-01 7.757045474592610956e-01 8.654255016592117267e-01 9.968992050591491960e-01 1.065273503692618196e+00 1.803179684900545698e+00 1.892649930258603952e+00 2.473544345790906096e+00 3.519284337090850201e+00
1.861973496372811843e-01 1.885541790644294780e-01 4.907304884676726986e-01 5.852701773765022208e-01 5.958997666796491677e-01 6.928427661829248407e-01 7.234101596971092007e-01 7.544600422872723700e-01 8.385191654384094306e-01 8.397727079540413531e-01 1.188684599182180612e+00 1.853010125272372521e+00 1.855542062050963725e+00 2.310188541691105435e+00 3.588031735874002148e+00
1.806597892822046358e-01 1.948792407426384599e-01 4.739707069518995786e-01 5.647877676237590405e-01 5.861906834169730018e-01 6.709625014278918220e-01 7.271373123437826491e-01 7.854197085028212788e-01 8.357132893129894935e-01 8.505512176638050370e-01 1.188263856251052575e+00 1.855196268570472373e+00 1.915092041284577107e+00 2.313429329257562728e+00 3.586152237455959124e+00
1.827139813876819396e-01 2.105063415934792792e-01 4.150587483937537847e-01 5.370922549323668971e-01 5.885248124626990540e-01 6.616456586559246178e-01 7.300371453888114814e-01 8.099683142475884168e-01 8.366826832409783865e-01 8.879497844778801996e-01 1.190242701902349598e+00 1.855007983006529360e+00 2.059227033158111730e+00 2.329240206429738169e+00 3.581235582630244885e+00
1.191842011719788236e-01 2.449425702410648609e-01 3.635329703976252769e-01 5.405713614680264234e-01 5.949275933773077174e-01 6.875151517312207972e-01 7.340177021648602862e-01 8.132462665699911053e-01 8.403494742460985156e-01 9.635393341015134894e-01 1.202102362220115017e+00 1.854681409518584845e+00 2.191223371706634726e+00 2.393153459265540128e+00 3.575409184394287010e+00
-2.349971648950171799e-01 2.802618018712694226e-01 3.652570057491461020e-01 5.441906830261925565e-01 6.063626395849092132e-01 7.292501787323213414e-01 7.451244657508518943e-01 8.077004576506391365e-01 8.466231973549884771e-01 1.079358418128844255e+00 1.250952936015293782e+00 1.854224823396144251e+00 2.239855178119114054e+00 2.536017346049159737e+00 3.571985634082680772e+00
-3.771634596409414453e-01 3.061221347473851995e-01 3.816184893302154157e-01 5.371582971788749772e-01 6.213886657090595955e-01 7.386372077270564329e-01 7.695362456517230720e-01 7.961110564970146353e-01 8.540000739215737324e-01 1.154507346574654703e+00 1.417993437435311588e+00 1.853654048885260419e+00 2.251954530626213202e+00 2.688395926015707538e+00 3.574682052162873713e+00
-4.783861734148537326e-01 3.253964728721463473e-01 3.975380575341941891e-01 5.231145976502096229e-01 6.376831101095766785e-01 7.421553855262444932e-01 7.740734554713464277e-01 7.872440873703181463e-01 8.597921359222582272e-01 1.184263187830904451e+00 1.661016131339805524e+00 1.853006726592861808e+00 2.255567841135810436e+00 2.811470564567062347e+00 3.585745163035899186e+00
-5.543700989089626052e-01 3.396150455457855322e-01 4.082401400557506554e-01 5.055048482042976410e-01 6.533083396134823362e-01 7.402873603369415356e-01 7.610591389180493271e-01 7.919455839213372927e-01 8.630532829598034361e-01 1.203988337847306189e+00 1.852233815307595899e+00 1.905103158874731140e+00 2.257463788379840075e+00 2.898062359498549068e+00 3.603493146919781065e+00
-6.106279301287159678e-01 3.489410698154985502e-01 4.093573007894928950e-01 4.897610999329511383e-01 6.672253339614915291e-01 7.300096378363284400e-01 7.521833212847670591e-01 8.000070561848615647e-01 8.638294555206775804e-01 1.219311943175813928e+00 1.851631782042201912e+00 2.115538156027062300e+00 2.262794729509261416e+00 2.953593858133606087e+00 3.622175179414275359e+00
-6.496650870977322967e-01 3.522716145088043427e-01 4.009405764213690992e-01 4.813850929870605588e-01 6.793165932804500207e-01 7.192428377862618571e-01 7.440657450971664977e-01 8.105081949019490306e-01 8.623219924152539795e-01 1.230598995725223466e+00 1.851094751254144244e+00 2.231365258157576026e+00 2.314318664200782028e+00 2.987715494416052220e+00 3.635878852096380509e+00
-6.727111100641068875e-01 3.493877107040559427e-01 3.925337109158026916e-01 4.789412804485210784e-01 6.889329790337905823e-01 7.130159286505353133e-01 7.355113143705882539e-01 8.202884303130567600e-01 8.593613100388058923e-01 1.237543562366433703e+00 1.850737328041675456e+00 2.243836077985371880e+00 2.407403858940407204e+00 3.007406682380790564e+00 3.642671230446821617e+00
-6.803376240070835301e-01 3.465909905383318113e-01 3.899236088599610239e-01 4.785673390003403749e-01 6.929626570007665354e-01 7.115626319900807406e-01 7.310682478844772181e-01 8.246112914278483919e-01 8.575663118923069206e-01 1.239888482435068884e+00 1.850612002087965058e+00 2.245249579803943796e+00 2.441941984105351793e+00 3.014180293760507556e+00 3.644426547214877576e+00
