-7.752849296693123948e-01
-7.525739101534835163e-01
-7.298628906376545267e-01
-7.071518711218256481e-01
-6.844408516059968806e-01
-6.617298320901678910e-01
-6.390188125743390124e-01
-6.163077930585101338e-01
-5.935967735426811442e-01
-5.708857540268522657e-01
-5.481747345110233871e-01
-5.254637149951943975e-01
-5.027526954793655189e-01
-4.800416759635365849e-01
-4.573306564477078173e-01
-4.346196369318788832e-01
-4.119086174160499492e-01
-3.891975979002210706e-01
-3.664865783843921365e-01
-3.437755588685632580e-01
-3.210645393527343794e-01
-2.983535198369055008e-01
-2.756425003210765667e-01
-2.529314808052476882e-01
-2.302204612894187541e-01
-2.075094417735898478e-01
-1.847984222577609137e-01
-1.620874027419320074e-01
-1.393763832261032121e-01
-1.166653637102742919e-01
-9.395434419444537166e-02
-7.124332467861646534e-02
-4.853230516278754514e-02
-2.582128564695863188e-02
-3.110266131129718181e-03
1.960075338469919465e-02
4.231177290052810791e-02
6.502279241635691709e-02
8.773381193218583729e-02
1.104448314480147436e-01
1.331558509638436638e-01
1.558668704796725701e-01
1.785778899955013932e-01
2.012889095113302995e-01
2.239999290271592058e-01
2.467109485429881399e-01
2.694219680588170185e-01
2.921329875746459526e-01
3.148440070904748866e-01
3.375550266063037652e-01
3.602660461221326993e-01
3.829770656379616334e-01
4.056880851537905119e-01
4.283991046696194460e-01
4.511101241854483801e-01
4.738211437012772587e-01
4.965321632171059707e-01
5.192431827329349048e-01
5.419542022487637833e-01
5.646652217645927729e-01
5.873762412804216515e-01
6.100872607962505301e-01
6.327982803120794086e-01
6.555092998279083982e-01
6.782203193437372768e-01
7.009313388595661554e-01
7.236423583753951450e-01
7.463533778912240235e-01
7.690643974070529021e-01
7.917754169228818917e-01
8.144864364387107702e-01
8.371974559545396488e-01
8.599084754703686384e-01
8.826194949861972949e-01
9.053305145020261735e-01
9.280415340178551631e-01
9.507525535336839306e-01
9.734635730495130312e-01
9.961745925653417988e-01
1.018885612081170899e+00
1.041596631596999556e+00
1.064307651112828657e+00
1.087018670628657535e+00
1.109729690144486636e+00
1.132440709660315292e+00
1.155151729176144393e+00
1.177862748691973049e+00
1.200573768207802150e+00
1.223284787723631029e+00
1.245995807239460129e+00
1.268706826755288786e+00
1.291417846271117886e+00
1.314128865786946543e+00
1.336839885302775643e+00
1.359550904818604300e+00
1.382261924334433623e+00
1.404972943850262279e+00
1.427683963366090936e+00
1.450394982881920036e+00
1.473106002397748693e+00
1.495817021913577793e+00
1.518528041429406672e+00
1.541239060945235773e+00
1.563950080461064429e+00
1.586661099976893530e+00
1.609372119492722186e+00
1.632083139008551287e+00
1.654794158524380165e+00
1.677505178040209266e+00
1.700216197556037923e+00
1.722927217071867023e+00
1.745638236587695680e+00
1.768349256103524336e+00
1.791060275619353659e+00
1.813771295135182315e+00
1.836482314651011416e+00
1.859193334166840073e+00
1.881904353682669173e+00
1.904615373198497830e+00
1.927326392714327152e+00
1.950037412230155809e+00
1.972748431745984909e+00
1.995459451261813566e+00
2.018170470777642667e+00
2.040881490293471323e+00
2.063592509809300424e+00
2.086303529325129080e+00
2.109014548840958181e+00
2.131725568356787281e+00
2.154436587872615938e+00
2.177147607388445039e+00
2.199858626904273695e+00
2.222569646420102796e+00
2.245280665935931452e+00
2.267991685451760553e+00
2.290702704967589209e+00
2.313413724483418310e+00
2.336124743999246967e+00
2.358835763515076067e+00
2.381546783030904724e+00
2.404257802546733824e+00
2.426968822062562925e+00
2.449679841578392026e+00
2.472390861094220682e+00
2.495101880610049783e+00
2.517812900125878439e+00
2.540523919641707096e+00
2.563234939157536196e+00
2.585945958673364853e+00
2.608656978189193953e+00
2.631367997705022610e+00
2.654079017220851711e+00
2.676790036736680811e+00
2.699501056252509912e+00
2.722212075768338568e+00
2.744923095284167669e+00
2.767634114799996325e+00
2.790345134315825426e+00
2.813056153831654083e+00
2.835767173347483183e+00
2.858478192863311840e+00
2.881189212379140496e+00
2.903900231894969597e+00
2.926611251410798253e+00
2.949322270926627354e+00
2.972033290442456455e+00
2.994744309958285555e+00
3.017455329474114212e+00
3.040166348989942868e+00
3.062877368505772413e+00
3.085588388021601070e+00
3.108299407537429726e+00
3.131010427053258383e+00
3.153721446569087927e+00
3.176432466084916584e+00
3.199143485600745240e+00
3.221854505116573897e+00
3.244565524632402997e+00
3.267276544148232542e+00
3.289987563664061199e+00
3.312698583179889855e+00
3.335409602695718512e+00
3.358120622211548056e+00
3.380831641727376713e+00
3.403542661243205369e+00
3.426253680759034026e+00
3.448964700274863571e+00
3.471675719790692227e+00
3.494386739306520884e+00
3.517097758822349984e+00
3.539808778338179529e+00
3.562519797854008186e+00
3.585230817369836842e+00
3.607941836885665499e+00
3.630652856401494155e+00
3.653363875917323700e+00
3.676074895433152356e+00
3.698785914948981013e+00
3.721496934464809669e+00
3.744207953980639214e+00
