0.000000000000000000e+00
4.900333625903885437e-02
9.800667251807770874e-02
1.470100087771165631e-01
1.960133450361554175e-01
2.450166812951942719e-01
2.940200175542331262e-01
3.430233538132719806e-01
3.920266900723108350e-01
4.410300263313496894e-01
4.900333625903885437e-01
5.384331719568828944e-01
5.868329813233771342e-01
6.352327906898714849e-01
6.836326000563657246e-01
7.320324094228600753e-01
7.804322187893544260e-01
8.288320281558486657e-01
8.772318375223429054e-01
9.256316468888372562e-01
9.740314562553316069e-01
9.740314562553316069e-01
1.023158326417967556e+00
1.072285196580603506e+00
1.121412066743239455e+00
1.170538936905875627e+00
1.219665807068511576e+00
1.268792677231147525e+00
1.317919547393783475e+00
1.367046417556419424e+00
1.416173287719055374e+00
1.465300157881691323e+00
1.465300157881691323e+00
1.513595433428003956e+00
1.561890708974316588e+00
1.610185984520629221e+00
1.658481260066941854e+00
1.706776535613254486e+00
1.755071811159567119e+00
1.803367086705879752e+00
1.851662362252192384e+00
1.899957637798505017e+00
1.948252913344817649e+00
1.992913704401759523e+00
2.037574495458701396e+00
2.082235286515643047e+00
2.126896077572584698e+00
2.171556868629526793e+00
2.216217659686468444e+00
2.260878450743410095e+00
2.305539241800352190e+00
2.350200032857293841e+00
2.394860823914235493e+00
2.439521614971177588e+00
2.483426410922370930e+00
2.527331206873564273e+00
2.571236002824757616e+00
2.615140798775950959e+00
2.659045594727143857e+00
2.702950390678337200e+00
2.746855186629530543e+00
2.790759982580723886e+00
2.834664778531917229e+00
2.878569574483110571e+00
2.922474370434303914e+00
2.922474370434303914e+00
2.966474197131117041e+00
3.010474023827929724e+00
3.054473850524742851e+00
3.098473677221555977e+00
3.142473503918369104e+00
3.186473330615181787e+00
3.230473157311994914e+00
3.274472984008808041e+00
3.318472810705620724e+00
3.362472637402433850e+00
3.406472464099246977e+00
3.451020951607464138e+00
3.495569439115681298e+00
3.540117926623898459e+00
3.584666414132115619e+00
3.629214901640332780e+00
3.673763389148549940e+00
3.718311876656767101e+00
3.762860364164984261e+00
3.807408851673201422e+00
3.851957339181418583e+00
3.896505826689635299e+00
3.896505826689635299e+00
3.941166617746576950e+00
3.985827408803519045e+00
4.030488199860460696e+00
4.075148990917402791e+00
4.119809781974343998e+00
4.164470573031286094e+00
4.209131364088228189e+00
4.253792155145169396e+00
4.298452946202111491e+00
4.343113737259053586e+00
4.387774528315994793e+00
