-9.962722481219874471e-01
-8.673563367249484957e-01
-7.384404253279096553e-01
-6.095245139308707039e-01
-4.806086025338317524e-01
-3.516926911367928010e-01
-2.227767797397538774e-01
-9.386086834271495372e-02
3.505504305432397688e-02
1.639709544513630046e-01
2.928868658484018450e-01
4.218027772454406854e-01
5.507186886424797478e-01
6.796346000395186993e-01
8.085505114365575396e-01
9.374664228335963800e-01
1.066382334230635331e+00
1.195298245627674394e+00
1.324214157024713456e+00
1.453130068421752075e+00
1.582045979818791137e+00
1.710961891215830200e+00
1.839877802612868818e+00
1.968793714009908102e+00
2.097709625406947165e+00
2.226625536803986005e+00
2.355541448201025290e+00
2.484457359598063242e+00
2.613373270995102526e+00
2.742289182392141367e+00
2.871205093789180651e+00
3.000121005186219492e+00
3.129036916583258332e+00
3.257952827980297617e+00
3.386868739377336457e+00
3.515784650774375741e+00
3.644700562171414582e+00
3.773616473568452978e+00
3.902532384965491818e+00
4.031448296362531103e+00
4.160364207759569943e+00
4.289280119156608784e+00
4.418196030553647624e+00
4.547111941950687353e+00
4.676027853347725305e+00
4.804943764744764145e+00
4.933859676141802986e+00
5.062775587538842714e+00
5.191691498935881555e+00
5.320607410332920395e+00
5.449523321729959235e+00
5.578439233126998076e+00
5.707355144524037804e+00
5.836271055921075757e+00
5.965186967318114597e+00
6.094102878715153437e+00
6.223018790112193166e+00
6.351934701509232006e+00
6.480850612906270847e+00
6.609766524303308799e+00
6.738682435700348528e+00
6.867598347097387368e+00
6.996514258494426208e+00
7.125430169891465049e+00
7.254346081288503889e+00
7.383261992685543618e+00
7.512177904082582458e+00
7.641093815479620410e+00
7.770009726876659251e+00
7.898925638273698979e+00
8.027841549670737820e+00
8.156757461067776660e+00
8.285673372464815500e+00
8.414589283861852564e+00
8.543505195258891405e+00
8.672421106655932022e+00
8.801337018052970862e+00
8.930252929450009702e+00
9.059168840847048543e+00
9.188084752244087383e+00
9.317000663641126224e+00
9.445916575038165064e+00
9.574832486435203904e+00
9.703748397832242745e+00
9.832664309229281585e+00
9.961580220626322202e+00
1.009049613202336104e+01
1.021941204342039988e+01
1.034832795481743695e+01
1.047724386621447579e+01
1.060615977761151463e+01
1.073507568900855347e+01
1.086399160040559231e+01
1.099290751180263292e+01
1.112182342319967177e+01
1.125073933459671061e+01
1.137965524599374945e+01
1.150857115739078829e+01
1.163748706878782713e+01
1.176640298018486597e+01
1.189531889158190481e+01
1.202423480297894365e+01
1.215315071437598426e+01
1.228206662577302311e+01
1.241098253717006195e+01
1.253989844856709901e+01
1.266881435996413785e+01
1.279773027136117669e+01
1.292664618275821553e+01
1.305556209415525437e+01
1.318447800555229321e+01
1.331339391694933383e+01
1.344230982834637267e+01
1.357122573974341151e+01
1.370014165114045035e+01
1.382905756253748919e+01
1.395797347393452803e+01
1.408688938533156687e+01
1.421580529672860393e+01
1.434472120812564278e+01
1.447363711952268339e+01
1.460255303091972223e+01
1.473146894231676107e+01
1.486038485371379991e+01
1.498930076511083875e+01
1.511821667650787937e+01
1.524713258790491821e+01
1.537604849930195705e+01
1.550496441069899589e+01
1.563388032209603651e+01
1.576279623349307535e+01
1.589171214489011419e+01
1.602062805628715125e+01
1.614954396768419187e+01
1.627845987908123249e+01
1.640737579047826955e+01
1.653629170187531017e+01
1.666520761327234723e+01
1.679412352466938785e+01
1.692303943606642491e+01
1.705195534746346553e+01
1.718087125886050259e+01
1.730978717025754321e+01
1.743870308165458383e+01
1.756761899305162089e+01
1.769653490444865795e+01
1.782545081584569502e+01
1.795436672724273564e+01
1.808328263863977270e+01
1.821219855003681332e+01
1.834111446143385038e+01
1.847003037283089100e+01
1.859894628422793161e+01
1.872786219562496868e+01
1.885677810702200929e+01
1.898569401841904636e+01
1.911460992981608698e+01
1.924352584121312404e+01
1.937244175261016466e+01
1.950135766400720172e+01
1.963027357540424234e+01
1.975918948680128295e+01
1.988810539819832002e+01
2.001702130959536063e+01
2.014593722099239770e+01
2.027485313238943831e+01
2.040376904378647538e+01
2.053268495518351600e+01
2.066160086658055306e+01
2.079051677797759368e+01
2.091943268937463429e+01
2.104834860077167136e+01
2.117726451216871197e+01
2.130618042356574904e+01
2.143509633496278965e+01
2.156401224635982672e+01
2.169292815775686378e+01
2.182184406915390440e+01
2.195075998055094146e+01
2.207967589194798208e+01
2.220859180334501914e+01
2.233750771474205976e+01
2.246642362613909683e+01
2.259533953753613744e+01
2.272425544893317451e+01
2.285317136033021512e+01
2.298208727172725219e+01
2.311100318312429280e+01
2.323991909452133342e+01
2.336883500591837048e+01
2.349775091731541110e+01
2.362666682871244817e+01
2.375558274010948878e+01
2.388449865150652585e+01
2.401341456290356646e+01
2.414233047430060353e+01
2.427124638569764414e+01
2.440016229709468476e+01
2.452907820849172182e+01
2.465799411988876244e+01
