0.000000000000000000e+00
3.847917250758602081e-02
7.695834501517204163e-02
1.154375175227580624e-01
1.539166900303440833e-01
1.923958625379301179e-01
2.308750350455161249e-01
2.693542075531021318e-01
3.078333800606881665e-01
3.522400456637843069e-01
3.966467112668804473e-01
4.410533768699766433e-01
4.854600424730727837e-01
5.227305573708567188e-01
5.600010722686405984e-01
5.972715871664244780e-01
6.345421020642083576e-01
6.718126169619922372e-01
7.090831318597761168e-01
7.463536467575599964e-01
7.836241616553438760e-01
8.208946765531277556e-01
8.581651914509116352e-01
8.954357063486955148e-01
9.398423719517916552e-01
9.842490375548877957e-01
1.028655703157983936e+00
1.073062368761080076e+00
1.107266077656712033e+00
1.141469786552344212e+00
1.175673495447976169e+00
1.209877204343608126e+00
1.244080913239240083e+00
1.278284622134872262e+00
1.312488331030504218e+00
1.346692039926136175e+00
1.380895748821768354e+00
1.415060387478070281e+00
1.449225026134372207e+00
1.483389664790673912e+00
1.517554303446975839e+00
1.551718942103277765e+00
1.585883580759579692e+00
1.620048219415881618e+00
1.654212858072183545e+00
1.688377496728485472e+00
1.722542135384787176e+00
1.756706774041089103e+00
1.790871412697391030e+00
1.827139603639058585e+00
1.863407794580725918e+00
1.899675985522393473e+00
1.935944176464060806e+00
1.972212367405728362e+00
2.008480558347395917e+00
2.044748749289063472e+00
2.081016940230730583e+00
2.132439121077103206e+00
2.183861301923475384e+00
2.215397891452369539e+00
2.246934480981263693e+00
2.278471070510157404e+00
2.310007660039051558e+00
2.341544249567945712e+00
2.373080839096839867e+00
2.404617428625733577e+00
2.436154018154627732e+00
2.467690607683521886e+00
2.499227197212416041e+00
2.530763786741309751e+00
2.562300376270203905e+00
2.593836965799098060e+00
2.628118419696679808e+00
2.662399873594261113e+00
2.696681327491842861e+00
2.725965303482958735e+00
2.755249279474074608e+00
2.784533255465190482e+00
2.813817231456306356e+00
2.843101207447422230e+00
2.872385183438538103e+00
2.901669159429654421e+00
2.930953135420770295e+00
2.960237111411886168e+00
2.989521087403002042e+00
3.018805063394117916e+00
3.048089039385233789e+00
3.077373015376349663e+00
3.106656991367465537e+00
3.106656991367465537e+00
3.135671544120799403e+00
3.164686096874133270e+00
3.193700649627467580e+00
3.222715202380801447e+00
3.251729755134135313e+00
3.280744307887469624e+00
3.309758860640803491e+00
3.338773413394137357e+00
3.367787966147471224e+00
3.396802518900805090e+00
