0.000000000000000000e+00
4.098902666520383431e-02
8.197805333040766862e-02
1.229670799956115029e-01
1.639561066608153372e-01
2.049451333260191577e-01
2.459341599912230059e-01
2.869231866564268540e-01
3.279122133216306745e-01
3.689012399868344949e-01
4.098902666520383153e-01
4.508792933172421913e-01
4.918683199824460117e-01
5.328573466476498321e-01
5.738463733128537081e-01
6.148353999780574730e-01
6.558244266432613490e-01
6.968134533084651139e-01
7.378024799736689898e-01
7.787915066388728658e-01
8.197805333040766307e-01
8.607695599692805066e-01
9.017585866344843826e-01
9.427476132996881475e-01
9.837366399648920234e-01
1.022381464910494531e+00
1.061026289856096927e+00
1.099671114801699323e+00
1.138315939747301941e+00
1.176960764692904338e+00
1.215605589638506734e+00
1.254250414584109352e+00
1.292895239529711748e+00
1.331540064475314145e+00
1.370184889420916541e+00
1.408829714366519159e+00
1.447474539312121555e+00
1.486119364257723952e+00
1.524764189203326570e+00
1.563409014148928966e+00
1.602053839094531362e+00
1.640698664040133981e+00
1.679343488985736377e+00
1.716384398587612159e+00
1.753425308189487941e+00
1.790466217791363723e+00
1.827507127393239506e+00
1.864548036995115066e+00
1.901588946596990848e+00
1.938629856198866630e+00
1.975670765800742412e+00
2.012711675402618194e+00
2.049752585004493977e+00
2.086793494606369759e+00
2.123834404208245541e+00
2.160875313810121323e+00
2.197916223411997105e+00
2.234957133013872888e+00
2.271998042615748670e+00
2.309038952217624452e+00
2.346079861819500234e+00
2.383120771421375572e+00
2.420161681023251354e+00
2.457202590625127137e+00
2.494243500227002919e+00
2.531284409828878701e+00
2.566064752279920924e+00
2.600845094730963147e+00
2.635625437182005371e+00
2.670405779633047594e+00
2.705186122084089817e+00
2.739966464535132040e+00
2.774746806986174263e+00
2.809527149437216487e+00
2.844307491888258710e+00
2.879087834339300933e+00
2.913868176790343156e+00
2.948648519241385380e+00
2.983428861692427603e+00
3.018209204143469826e+00
3.052989546594512049e+00
3.087769889045554272e+00
3.122550231496596496e+00
3.157330573947638719e+00
3.192110916398680942e+00
3.226891258849723165e+00
3.226891258849723165e+00
3.264727283463757512e+00
3.302563308077791859e+00
3.340399332691826206e+00
3.378235357305860553e+00
3.416071381919894456e+00
3.453907406533928803e+00
3.491743431147963150e+00
3.529579455761997497e+00
3.567415480376031844e+00
3.605251504990066191e+00
3.643087529604100538e+00
3.680923554218134885e+00
3.718759578832169232e+00
