-2.897950478398395369e+00
-2.749432506835057577e+00
-2.600914535271720229e+00
-2.452396563708382882e+00
-2.303878592145045090e+00
-2.155360620581707298e+00
-2.006842649018369951e+00
-1.858324677455032603e+00
-1.709806705891695033e+00
-1.561288734328357686e+00
-1.412770762765020116e+00
-1.264252791201682546e+00
-1.115734819638344977e+00
-9.672168480750077402e-01
-8.186988765116699485e-01
-6.701809049483322678e-01
-5.216629333849949202e-01
-3.731449618216576281e-01
-2.246269902583198919e-01
-7.610901869498215566e-02
7.240895286835515032e-02
2.209269244316924563e-01
3.694448959950302203e-01
5.179628675583679565e-01
6.664808391217051931e-01
8.149988106850425407e-01
9.635167822483798883e-01
1.112034753811718124e+00
1.260552725375055250e+00
1.409070696938392597e+00
1.557588668501730833e+00
1.706106640065068181e+00
1.854624611628405306e+00
2.003142583191742876e+00
2.151660554755080224e+00
2.300178526318418015e+00
2.448696497881755363e+00
2.597214469445092710e+00
2.745732441008430946e+00
2.894250412571768294e+00
3.042768384135105642e+00
3.191286355698442989e+00
3.339804327261780337e+00
3.488322298825118573e+00
3.636840270388455476e+00
3.785358241951793268e+00
3.933876213515131504e+00
4.082394185078467963e+00
4.230912156641806199e+00
4.379430128205142658e+00
4.527948099768480894e+00
4.676466071331819130e+00
4.824984042895155589e+00
4.973502014458493825e+00
5.122019986021832061e+00
5.270537957585168520e+00
5.419055929148506756e+00
5.567573900711844104e+00
5.716091872275180563e+00
5.864609843838518799e+00
6.013127815401857035e+00
6.161645786965193494e+00
6.310163758528531730e+00
6.458681730091868189e+00
6.607199701655206425e+00
6.755717673218544661e+00
6.904235644781881120e+00
7.052753616345219356e+00
7.201271587908555816e+00
7.349789559471894052e+00
7.498307531035232287e+00
7.646825502598568747e+00
7.795343474161906983e+00
7.943861445725245218e+00
8.092379417288581678e+00
8.240897388851919914e+00
8.389415360415258149e+00
8.537933331978594609e+00
8.686451303541932845e+00
8.834969275105269304e+00
8.983487246668607540e+00
9.132005218231945776e+00
9.280523189795282235e+00
9.429041161358620471e+00
9.577559132921956930e+00
9.726077104485293390e+00
9.874595076048631626e+00
1.002311304761196808e+01
1.017163101917530632e+01
1.032014899073864456e+01
1.046866696230198102e+01
1.061718493386531925e+01
1.076570290542865749e+01
1.091422087699199395e+01
1.106273884855533218e+01
1.121125682011866864e+01
1.135977479168200688e+01
1.150829276324534511e+01
1.165681073480868157e+01
1.180532870637201981e+01
1.195384667793535627e+01
1.210236464949869450e+01
1.225088262106203274e+01
1.239940059262537098e+01
1.254791856418870566e+01
1.269643653575204389e+01
1.284495450731538213e+01
1.299347247887872037e+01
1.314199045044205860e+01
1.329050842200539684e+01
1.343902639356873152e+01
1.358754436513206976e+01
1.373606233669540799e+01
1.388458030825874623e+01
1.403309827982208446e+01
1.418161625138541915e+01
1.433013422294875738e+01
1.447865219451209562e+01
1.462717016607543385e+01
1.477568813763877209e+01
1.492420610920210855e+01
1.507272408076544501e+01
1.522124205232878147e+01
1.536976002389211970e+01
1.551827799545545616e+01
1.566679596701879440e+01
1.581531393858212908e+01
1.596383191014546732e+01
1.611234988170880555e+01
1.626086785327214557e+01
1.640938582483548203e+01
1.655790379639881849e+01
1.670642176796215495e+01
1.685493973952549496e+01
1.700345771108883142e+01
1.715197568265217143e+01
1.730049365421550434e+01
1.744901162577884435e+01
1.759752959734218081e+01
1.774604756890552082e+01
1.789456554046885728e+01
1.804308351203219374e+01
1.819160148359553020e+01
1.834011945515886666e+01
1.848863742672220667e+01
1.863715539828554313e+01
1.878567336984888314e+01
1.893419134141221605e+01
1.908270931297555606e+01
1.923122728453889252e+01
1.937974525610223253e+01
1.952826322766556899e+01
1.967678119922890900e+01
1.982529917079224191e+01
1.997381714235558192e+01
2.012233511391891838e+01
2.027085308548225839e+01
2.041937105704559485e+01
2.056788902860893131e+01
2.071640700017226777e+01
2.086492497173560778e+01
2.101344294329894424e+01
2.116196091486228426e+01
2.131047888642561716e+01
2.145899685798895717e+01
2.160751482955229363e+01
2.175603280111563365e+01
2.190455077267897011e+01
2.205306874424230656e+01
2.220158671580564302e+01
2.235010468736898304e+01
2.249862265893231950e+01
2.264714063049565951e+01
2.279565860205899597e+01
2.294417657362233243e+01
2.309269454518566889e+01
2.324121251674900890e+01
2.338973048831234536e+01
2.353824845987568182e+01
2.368676643143901828e+01
2.383528440300235474e+01
2.398380237456569475e+01
2.413232034612903121e+01
2.428083831769237122e+01
2.442935628925570768e+01
2.457787426081904414e+01
2.472639223238238060e+01
2.487491020394572061e+01
2.502342817550905707e+01
2.517194614707239708e+01
2.532046411863572999e+01
2.546898209019907000e+01
2.561750006176240646e+01
2.576601803332574647e+01
2.591453600488908293e+01
2.606305397645241939e+01
2.621157194801575585e+01
2.636008991957909586e+01
2.650860789114243232e+01
2.665712586270576878e+01
