0.000000000000000000e+00
3.891983941114767614e-02
7.783967882229535229e-02
1.167595182334430215e-01
1.556793576445907046e-01
1.945991970557383877e-01
2.283366485150393199e-01
2.620740999743402799e-01
2.958115514336412399e-01
3.295490028929421444e-01
3.632864543522430489e-01
3.970239058115440089e-01
3.970239058115440089e-01
4.292165796760243901e-01
4.614092535405047713e-01
4.936019274049852079e-01
5.257946012694655336e-01
5.579872751339459702e-01
5.901799489984262959e-01
6.223726228629067325e-01
6.545652967273871692e-01
6.867579705918674948e-01
7.189506444563478205e-01
7.511433183208282571e-01
7.833359921853086938e-01
8.155286660497891305e-01
8.477213399142694561e-01
8.799140137787497817e-01
9.121066876432302184e-01
9.442993615077106551e-01
9.764920353721909807e-01
1.008684709236671306e+00
1.040877383101151743e+00
1.040877383101151743e+00
1.075764520453420969e+00
1.110651657805689974e+00
1.145538795157959200e+00
1.180425932510228204e+00
1.211085621904971488e+00
1.241745311299714549e+00
1.272405000694457833e+00
1.303064690089201116e+00
1.333724379483944400e+00
1.364384068878687462e+00
1.395043758273430745e+00
1.425703447668174029e+00
1.456363137062917090e+00
1.487022826457660374e+00
1.517682515852403657e+00
1.548342205247146941e+00
1.579001894641890225e+00
1.609661584036633286e+00
1.640321273431376570e+00
1.670980962826119853e+00
1.701640652220862915e+00
1.732300341615606198e+00
1.762960031010349482e+00
1.793619720405092544e+00
1.824279409799836049e+00
1.859166547152105275e+00
1.894053684504374280e+00
1.928940821856643506e+00
1.963827959208912510e+00
1.963827959208912510e+00
1.997565410668213470e+00
2.031302862127514430e+00
2.065040313586815390e+00
2.098777765046116350e+00
2.132515216505417310e+00
2.166252667964718270e+00
2.198685867474007960e+00
2.231119066983297650e+00
2.263552266492587339e+00
2.295985466001877029e+00
2.328418665511167163e+00
2.360851865020456852e+00
2.360851865020456852e+00
2.388845494467831010e+00
2.416839123915205167e+00
2.444832753362579769e+00
2.472826382809953927e+00
2.500820012257328084e+00
2.528813641704702242e+00
2.556807271152076400e+00
2.584800900599451001e+00
2.612794530046825159e+00
2.640788159494199316e+00
2.668781788941573474e+00
2.696775418388948076e+00
2.724769047836322233e+00
2.752762677283696391e+00
2.780756306731070548e+00
2.808749936178444706e+00
2.836743565625819308e+00
2.864737195073193465e+00
2.892730824520567623e+00
2.920724453967941781e+00
2.948718083415315938e+00
2.976711712862690540e+00
3.004705342310064697e+00
