-6.253507209681732860e-04 -6.229296905986335484e-04 -9.851077856238448446e-08 2.811495398510905019e+00 3.617527223677989845e+00 3.693181167749047145e+00 3.771777382156364045e+00 4.167817224745403948e+00 4.676532620825263997e+00 5.330535757127067953e+00 6.123225072046941442e+00 7.135813756366721883e+00 7.230999911535070268e+00 7.279476540213582147e+00 7.584624649677903285e+00 8.814805587153873745e+00 9.032424362545684815e+00 9.105134223622044942e+00 9.437944937636839171e+00 9.445357225886787944e+00 1.069953699131935743e+01 1.075121688027656930e+01 1.146265486956431801e+01 1.175554887502895340e+01 1.440951659563994625e+01 1.475673803873392309e+01 1.499805610503331188e+01 1.501500470903116913e+01 1.569101692236652035e+01 1.643561199924887006e+01 1.718283757974133863e+01 1.824064160767640885e+01 1.901229658874795803e+01 1.923115888489176228e+01 2.106002569575485239e+01 2.235603661912751150e+01
2.797114308781509240e-01 2.825344066246417984e-01 5.269347588909255586e-01 2.872539723088267660e+00 3.609274088222691468e+00 3.683407202237842348e+00 3.774115469281777102e+00 4.179185683225824732e+00 4.697272757189182357e+00 5.336189176015009750e+00 6.141333965827412200e+00 7.017955887224154310e+00 7.223568446349058370e+00 7.295621098718411801e+00 7.524773883229721072e+00 8.593557518110875648e+00 9.106730168490511090e+00 9.306102401739591912e+00 9.496640664350637806e+00 9.563659440844769932e+00 1.070953006978173327e+01 1.103174500084470289e+01 1.145296828549271950e+01 1.177191315042516173e+01 1.442670905627435296e+01 1.474356306286255958e+01 1.499222071935615475e+01 1.500968945427943524e+01 1.572411834047274226e+01 1.644551869557822954e+01 1.718232575446975829e+01 1.824913882924084518e+01 1.900906678711059783e+01 1.922554298630294412e+01 2.106574126532370173e+01 2.234705267686104335e+01
5.585101373108514178e-01 5.628537934226159889e-01 1.053861706434438439e+00 3.036668789972504889e+00 3.583343326446201349e+00 3.656500564830409861e+00 3.782886799211201634e+00 4.212797879526141820e+00 4.758466361505985454e+00 5.352977813230256565e+00 6.194329472267431136e+00 6.828123726703487328e+00 7.200881147093911139e+00 7.284358012228604018e+00 7.497781394435971691e+00 8.630759115007782256e+00 9.138219678087217801e+00 9.160084083911828046e+00 9.625596809092806794e+00 9.847662088084680576e+00 1.074165563482099195e+01 1.142360953477968977e+01 1.180491250893310351e+01 1.190724240337888595e+01 1.447313493165506593e+01 1.471641967605216195e+01 1.495533773031532121e+01 1.500256475438848902e+01 1.585347399092285592e+01 1.647438085763758409e+01 1.718172987761458259e+01 1.827356682152650436e+01 1.900167256633923785e+01 1.920886535221834990e+01 2.108322822921242334e+01 2.232047630147835804e+01
8.343410107264898068e-01 8.387627068014994469e-01 1.586773293228755932e+00 3.249560457340605613e+00 3.538392473121143134e+00 3.623058380676794421e+00 3.800792060082727630e+00 4.272571012179813721e+00 4.856799421091862357e+00 5.380337463600851855e+00 6.281525542152824215e+00 6.734868144375913523e+00 7.165987408452160423e+00 7.254786243385736633e+00 7.510637842282076981e+00 8.894015918364727824e+00 9.003380076547195188e+00 9.205145943722014223e+00 9.678776234955568825e+00 1.001039170089162234e+01 1.079139444233589629e+01 1.139208628032491966e+01 1.186168913533983904e+01 1.294081406921307220e+01 1.452279927902437784e+01 1.471223631001507925e+01 1.489453428100958909e+01 1.496955359113185047e+01 1.618013644078736490e+01 1.651997503522865074e+01 1.718551727823284025e+01 1.831131854295773920e+01 1.899680329132220180e+01 1.918174214840804126e+01 2.111368356213034048e+01 2.227753480771859529e+01
1.103909116956940162e+00 1.108015791398909267e+00 2.130942456645819494e+00 3.398360176191526971e+00 3.474730533347378358e+00 3.639981947191361034e+00 3.827617286430808452e+00 4.374754476656610436e+00 4.985516326735804249e+00 5.416778347004778560e+00 6.385998902289232504e+00 6.692182828967323083e+00 7.124763406765780793e+00 7.224316743354415316e+00 7.514353960206050509e+00 8.841853037030293905e+00 9.099120599179935098e+00 9.533132950459908272e+00 9.720605015186738029e+00 1.016982636838261023e+01 1.085695191326656150e+01 1.135514609618571669e+01 1.191206082523641285e+01 1.369852290333869682e+01 1.453330329743344862e+01 1.475862119445364584e+01 1.483506686701707977e+01 1.489611129690355540e+01 1.657498593227047934e+01 1.680795465202745476e+01 1.723672913259106210e+01 1.836019046068479454e+01 1.900471541116761998e+01 1.914590377185249181e+01 2.115987221337618251e+01 2.222063621300848268e+01
1.363226822690601914e+00 1.367775067274433987e+00 2.681692344434040365e+00 3.378254767188594521e+00 3.393701245981224801e+00 3.765305909522288275e+00 3.860027958490319211e+00 4.536684473590756994e+00 5.135129355899153758e+00 5.459514176161815335e+00 6.472335108537563997e+00 6.622735554900137878e+00 7.083114554244625438e+00 7.190955831591613112e+00 7.515136718517102743e+00 8.684927173239568532e+00 9.131290960204651697e+00 9.676124936456158565e+00 1.016302548853127519e+01 1.043796143155091904e+01 1.094237620535445643e+01 1.131239453210637613e+01 1.195352150817552328e+01 1.406258209588410324e+01 1.453646386041732796e+01 1.470219981142336607e+01 1.477634017254693433e+01 1.489888536505753081e+01 1.664178664032184685e+01 1.709852088757209287e+01 1.789233804438775621e+01 1.842797780919462269e+01 1.903416846022639675e+01 1.911248792803876029e+01 2.122802720144081334e+01 2.215407595287823739e+01
1.608003275171257851e+00 1.613648673267685130e+00 3.220770538364204238e+00 3.295060683175808691e+00 3.297642871884280957e+00 3.886610336932622367e+00 3.895107453976084155e+00 4.747366607950744388e+00 5.294011493140885705e+00 5.505696299328146637e+00 6.492388118683298792e+00 6.512570357951143585e+00 7.045129714670354204e+00 7.149945773766278379e+00 7.538567797130243164e+00 8.531844968946435515e+00 9.147379104492429747e+00 9.650115891828706438e+00 1.046566091973807211e+01 1.101103651811731332e+01 1.112359097285014897e+01 1.126230937731468984e+01 1.197892603898009334e+01 1.418337678488464881e+01 1.456866053006714523e+01 1.460449301625777885e+01 1.462366816070322706e+01 1.497289424725073204e+01 1.671143811716467553e+01 1.710387182588053534e+01 1.843152981380644206e+01 1.881734486292812036e+01 1.902372628390324749e+01 1.924888145893890012e+01 2.133183534150934335e+01 2.208580092843966725e+01
1.832595528971916243e+00 1.839170228239390470e+00 3.190215923794987862e+00 3.190676451593868368e+00 3.692253406268686700e+00 3.923277663902847934e+00 4.031400375692952842e+00 4.969221243042710512e+00 5.436227863563638074e+00 5.563488598692122977e+00 6.305330897579118243e+00 6.482654334329066792e+00 7.014520688936198844e+00 7.104337884180297991e+00 7.599723565555662752e+00 8.382602899063673618e+00 9.175963104013527882e+00 9.600276136946821026e+00 1.065120708091656887e+01 1.119482939897472917e+01 1.120237882488990344e+01 1.180671494782275843e+01 1.198086008975917949e+01 1.420429429580681102e+01 1.441460436878589135e+01 1.450413737968849937e+01 1.463760635055797898e+01 1.501631714807458806e+01 1.678112395574184035e+01 1.708462221273282822e+01 1.851504534236274679e+01 1.896471994235431779e+01 1.907492412644814195e+01 1.986263685634679277e+01 2.149179474309032756e+01 2.203377613405594460e+01
2.027259708072893574e+00 2.033977195050646891e+00 3.081191520939299267e+00 3.083429525042741037e+00 3.895019953443072502e+00 3.946855107460078393e+00 4.388536374739325119e+00 5.168765306556037942e+00 5.497117786540228757e+00 5.662949513506012167e+00 6.075445053881600721e+00 6.392293403971194721e+00 6.994373353114407443e+00 7.062707499951400791e+00 7.695707933631192432e+00 8.236036609162429301e+00 9.224983387202822627e+00 9.533691765399099793e+00 1.078901289746010761e+01 1.113544200417366881e+01 1.138406510702057872e+01 1.194686510806941904e+01 1.244769518123020724e+01 1.415290134013680934e+01 1.422660647066797779e+01 1.440771041183238665e+01 1.469223195045115382e+01 1.503093534480513327e+01 1.684788898449454919e+01 1.705350510091377103e+01 1.858983753024201846e+01 1.889651042453615304e+01 1.917282701092779007e+01 2.034844207325825138e+01 2.167346027197049096e+01 2.205302414639089648e+01
2.172023317208133353e+00 2.177782150249881088e+00 2.988561599220989962e+00 2.992345594330605874e+00 3.946091475825127315e+00 3.960881570971571453e+00 4.840051933469388779e+00 5.326866879166112234e+00 5.480938891051968298e+00 5.615378786751997531e+00 5.977134401595614044e+00 6.258519500684299963e+00 6.985700528433793188e+00 7.031574771014801328e+00 7.815857215239065070e+00 8.091478301110756277e+00 9.292829927235725762e+00 9.455711563408295106e+00 1.089412442951067916e+01 1.106219494611614174e+01 1.157808535564141650e+01 1.187145548973014009e+01 1.297913432188129157e+01 1.387980313022114487e+01 1.422804299210347168e+01 1.432512907859121754e+01 1.473192334260301628e+01 1.502818253105232493e+01 1.690954607503788765e+01 1.701317322075777483e+01 1.866700895539218052e+01 1.882258054475565601e+01 1.923818477221788115e+01 2.057718488332858442e+01 2.174277051253007542e+01 2.219084888759581631e+01
2.229360905814429916e+00 2.234074484799219107e+00 2.949065911608455881e+00 2.953343377961055616e+00 3.961211204221393167e+00 3.963359251518145498e+00 5.245922087145277857e+00 5.262495229472829550e+00 5.442441262013472780e+00 5.447515650265721376e+00 6.101748473435384845e+00 6.108197469375378219e+00 6.984857892112479760e+00 7.018643139604469283e+00 7.949559310557931191e+00 7.950680321607660694e+00 9.369083103093467813e+00 9.376295381455378219e+00 1.097546569349469969e+01 1.098956604591796093e+01 1.173606858285241650e+01 1.175762267327189647e+01 1.329049827413959406e+01 1.365229336389286097e+01 1.426024596054599236e+01 1.426695406325601034e+01 1.474699890694947690e+01 1.502430314200160666e+01 1.696266109012444190e+01 1.696714330101666590e+01 1.874349162682471359e+01 1.874720382578139066e+01 1.926225016746923302e+01 2.064017122469630294e+01 2.174803449284809176e+01 2.227068250466555099e+01
2.202975844676732908e+00 2.287082251869053895e+00 2.951909481153767612e+00 2.978596946914230603e+00 3.919074632269202052e+00 4.004415602901602256e+00 5.211942783163160620e+00 5.291963313798722979e+00 5.409619079109670103e+00 5.497988159092128235e+00 6.090206862708503088e+00 6.103974201136128208e+00 6.946741201682874234e+00 7.058453639188089213e+00 7.866646531693979760e+00 8.049935964062813198e+00 9.367430380023511916e+00 9.384996877169143659e+00 1.091034587512195131e+01 1.099042267522139227e+01 1.161140575769287686e+01 1.193909404679764030e+01 1.326681473258703114e+01 1.366194200638678602e+01 1.422004232876598806e+01 1.430349370142005583e+01 1.473540651969571513e+01 1.505719358276333431e+01 1.694670065247877133e+01 1.697492316029376269e+01 1.862155695223831131e+01 1.878778926425953344e+01 1.921914439937751240e+01 2.064040323523904874e+01 2.171453422910573750e+01 2.232387221457544868e+01
2.208540775446024007e+00 2.358335880300591825e+00 2.987731026603305029e+00 3.030417922460935998e+00 3.880387116944647108e+00 4.035884816595398661e+00 5.163827167907260929e+00 5.328145809312936798e+00 5.393266594912267564e+00 5.564788816439111940e+00 6.058904515113900935e+00 6.090131859140623938e+00 6.899247267852490317e+00 7.105856974263200065e+00 7.810101289312272321e+00 8.156087455494565930e+00 9.371746526542770184e+00 9.399696045449500659e+00 1.075246509490413693e+01 1.098734739258637028e+01 1.154498011069754781e+01 1.215812802018107952e+01 1.320653047202465302e+01 1.368626628208162188e+01 1.414379956443805852e+01 1.435400282511190539e+01 1.471682917607383168e+01 1.513681271867807610e+01 1.692256715160424463e+01 1.696301001955808019e+01 1.843850003280058658e+01 1.872174713610328567e+01 1.915079812114078806e+01 2.055594623122083675e+01 2.170304907710728770e+01 2.244583644577197745e+01
2.249195890172191348e+00 2.437184829031596500e+00 3.061489087633887163e+00 3.108066517105830151e+00 3.847881797409985705e+00 4.046280067627304966e+00 5.105727877712025631e+00 5.369502604573132665e+00 5.391089318709986422e+00 5.640863781239692010e+00 6.011620411421074728e+00 6.070886076012003585e+00 6.849054659666116152e+00 7.139727564497128753e+00 7.790058929238414365e+00 8.260114171745778222e+00 9.383589965973332170e+00 9.411872535313698052e+00 1.054566413566871397e+01 1.101494085926369593e+01 1.151733664282578395e+01 1.239232606787370194e+01 1.312772782578083763e+01 1.371716640091829653e+01 1.402715426143812216e+01 1.439047251157336582e+01 1.470767939769426391e+01 1.523767715092695063e+01 1.683289680289737333e+01 1.695900993943191182e+01 1.823103993054190397e+01 1.856067247601155046e+01 1.911555441956602408e+01 2.029326348643364852e+01 2.180509567099656820e+01 2.259532847543740885e+01
2.317018863679725982e+00 2.522994632412588256e+00 3.169089626767135570e+00 3.204160953379202148e+00 3.824855215502787065e+00 4.028757431713148485e+00 5.035107899591077185e+00 5.394192895343936200e+00 5.417402360930455352e+00 5.715069765130023960e+00 5.955160901937015083e+00 6.059040895033954044e+00 6.785710988186562709e+00 7.151768771621415333e+00 7.811631313542039656e+00 8.356625285926662983e+00 9.398964189430087046e+00 9.413926625805226323e+00 1.034465025027578733e+01 1.108680129098395284e+01 1.150156952567960822e+01 1.264275144941647433e+01 1.304205470999415439e+01 1.373171361942368662e+01 1.388868215316865573e+01 1.438176867404559722e+01 1.470274533105069636e+01 1.534466015129781269e+01 1.666095443030485512e+01 1.694198854256190145e+01 1.805299516107726632e+01 1.835525071710033984e+01 1.910586439429440020e+01 1.991212546933413208e+01 2.198345196512070032e+01 2.275093148487697192e+01
2.397740395418423986e+00 2.619751714737119652e+00 3.283723847657821882e+00 3.300815752069710562e+00 3.828593718826338588e+00 3.983596921477939645e+00 4.949851014183752618e+00 5.399111990972455644e+00 5.460679637306768086e+00 5.762983292088671661e+00 5.903833380269276176e+00 6.079185306171739356e+00 6.698926849186729982e+00 7.138287090002211066e+00 7.872269576005940017e+00 8.444397728341366260e+00 9.400008228726996151e+00 9.410200845022634653e+00 1.020189443621821290e+01 1.118579104916502942e+01 1.149008514923102275e+01 1.288240125551897464e+01 1.297825600723394324e+01 1.360021519126926925e+01 1.384929679146602766e+01 1.432533292294401939e+01 1.467118405101889778e+01 1.544709157153880064e+01 1.644233692579281936e+01 1.683640445771026606e+01 1.796055659544691352e+01 1.814640398041038338e+01 1.911535418852955104e+01 1.952596579698833779e+01 2.218381816034920817e+01 2.289362172838095333e+01
2.477974231336524280e+00 2.725211687638234181e+00 3.292956697740918148e+00 3.437150340332998155e+00 3.891232397130786502e+00 3.921654516825100245e+00 4.849662158212954211e+00 5.399862620578149475e+00 5.483139063534735236e+00 5.771641113265142842e+00 5.881515500875758917e+00 6.143614999749463124e+00 6.585192179718118766e+00 7.100223162815431976e+00 7.965932320367477004e+00 8.523988953338450969e+00 9.372286544952684650e+00 9.407091571247887529e+00 1.016080589593922667e+01 1.127665472567499449e+01 1.148585556973873700e+01 1.282651688648455846e+01 1.318244585934138158e+01 1.333413584984313260e+01 1.388326676677539417e+01 1.424863888070374429e+01 1.458108119575284434e+01 1.553473934821107072e+01 1.622462458177533762e+01 1.661334875392997290e+01 1.789110294501543308e+01 1.805015203944899937e+01 1.913111284342952700e+01 1.923582901807127499e+01 2.238269098392818890e+01 2.300440039919917012e+01
2.550274042873691638e+00 2.827000544819579630e+00 3.215711443520262058e+00 3.539525868634007200e+00 3.877180254475295129e+00 4.013761907956486574e+00 4.736462418123858598e+00 5.377601478066167395e+00 5.484469312691070186e+00 5.771809249869880531e+00 5.899614931702757303e+00 6.228271795678183231e+00 6.451606859781739978e+00 7.041906502046475502e+00 8.091867106810928689e+00 8.592540044856178838e+00 9.337991961071439917e+00 9.391141705742036550e+00 1.023219772233395908e+01 1.132512903586839847e+01 1.149562143903034261e+01 1.266452996845893431e+01 1.299932539074053928e+01 1.335429891995469909e+01 1.392458166655150897e+01 1.418999447835467720e+01 1.446571754618188166e+01 1.559331978048232514e+01 1.604386240477503378e+01 1.637299890981361017e+01 1.774501723755952654e+01 1.810455190645745205e+01 1.905206801348350254e+01 1.919641945668600869e+01 2.257662024069690787e+01 2.306826968238893016e+01
2.613105988466578378e+00 2.889247534987090749e+00 3.114554176136664854e+00 3.530765687941059383e+00 3.926821864591660827e+00 4.154667098880246101e+00 4.615159268511556334e+00 5.305371233577153234e+00 5.498880675001412754e+00 5.786074366457901519e+00 5.937768268761192125e+00 6.296985962529986658e+00 6.332633648459171205e+00 6.971496700001917013e+00 8.252290109532875562e+00 8.639661145487053773e+00 9.305670018043715075e+00 9.370351434712864247e+00 1.039394497935916561e+01 1.129192938210948682e+01 1.152706815061777057e+01 1.231805036300474043e+01 1.276814376565402576e+01 1.335906229260184119e+01 1.396290172182983724e+01 1.410771931823209968e+01 1.449191830185067076e+01 1.559545116735236725e+01 1.592821425164048144e+01 1.621062437328033212e+01 1.763390205581067960e+01 1.810217882476902318e+01 1.906502690275129552e+01 1.923289706811191024e+01 2.277157867340847019e+01 2.307824100299805181e+01
2.654001389702508984e+00 2.837280920452475375e+00 3.125263150449808958e+00 3.434148787671214453e+00 4.033287554940193864e+00 4.280821622319122000e+00 4.502995244640133343e+00 5.199442428739297739e+00 5.524046973566313135e+00 5.811504936686342049e+00 5.939500138600821266e+00 6.248042725029796962e+00 6.380088163613720553e+00 6.900498016241264132e+00 8.436232443968505024e+00 8.645494641304489747e+00 9.278215583302841907e+00 9.355208005548815819e+00 1.061143189916105101e+01 1.110301080720762634e+01 1.158774675869535820e+01 1.194132079806672486e+01 1.263760077956554895e+01 1.326329838035879405e+01 1.396725790712904214e+01 1.405131462435283041e+01 1.465310032103215399e+01 1.551873780926005786e+01 1.589218796408392009e+01 1.613301477244669613e+01 1.757410593534513410e+01 1.803213097890039762e+01 1.915371627882714378e+01 1.927180270365008141e+01 2.296728277349077629e+01 2.304263893550848863e+01
2.510666192540648378e+00 2.814158438400790718e+00 3.182371966784219186e+00 3.349251592073064998e+00 4.158059439718575945e+00 4.248976661895156326e+00 4.609801774896085114e+00 5.020468923126215621e+00 5.680612995023992084e+00 5.758168979043559510e+00 5.941213306476453404e+00 6.300531006137747525e+00 6.400306191284286683e+00 6.714101475806748986e+00 8.532083900184556313e+00 8.703162668924418810e+00 9.310074868047328422e+00 9.376265988414761665e+00 1.074616356701635311e+01 1.098977532139354985e+01 1.152884461492177337e+01 1.173644374410123703e+01 1.300236391122768076e+01 1.326491296397755093e+01 1.367794352675588065e+01 1.374694866361413759e+01 1.492168505430731074e+01 1.536459490735813738e+01 1.588969944528226641e+01 1.604045665720903457e+01 1.762704513217149582e+01 1.788932838348733512e+01 1.916281865616192803e+01 1.930087777889682599e+01 2.304133819037064157e+01 2.313366113128029156e+01
2.442188911871236101e+00 2.810760704177724278e+00 3.237571098842849437e+00 3.280493380023719929e+00 4.205218717954580576e+00 4.220598335963182457e+00 4.804744271103192688e+00 4.810416615957519682e+00 5.709987521731730631e+00 5.732895484664414454e+00 6.034617215675018187e+00 6.213440191438895255e+00 6.529961995348489090e+00 6.569466619779505301e+00 8.567753338524449092e+00 8.721705795057355104e+00 9.318926132980806187e+00 9.387519394116667470e+00 1.085398378218715187e+01 1.088967121754312828e+01 1.152719406808311930e+01 1.164539937347293552e+01 1.321118649943745105e+01 1.343902509618609287e+01 1.345893135673088992e+01 1.349416222138695254e+01 1.513615519800784703e+01 1.519216020979866144e+01 1.590043618441568540e+01 1.599655867827721067e+01 1.768494621335032946e+01 1.780018032336649370e+01 1.915893664374016936e+01 1.931184422406680667e+01 2.307038167928888583e+01 2.316653443661649447e+01
2.452895471983145725e+00 2.820098499973495709e+00 3.230424193821598067e+00 3.277364506378219744e+00 4.196269872509242660e+00 4.230037299430273734e+00 4.765124519629589273e+00 4.774123373468595943e+00 5.720052083679028954e+00 5.746916440994268349e+00 6.042456537310906484e+00 6.218356563121612446e+00 6.544271484426898766e+00 6.584092385279237902e+00 8.611695733951483689e+00 8.753429684666878430e+00 9.303040302316128773e+00 9.392560150367009086e+00 1.088570083076414718e+01 1.093130389836679051e+01 1.153346058441687916e+01 1.165669710675169135e+01 1.317994599586702265e+01 1.336382552770521670e+01 1.352304279590492975e+01 1.358192927777370151e+01 1.512563232329979002e+01 1.518886909050779188e+01 1.588693374170298078e+01 1.598086195389212349e+01 1.764791015059123325e+01 1.776475675761489015e+01 1.917992756838351909e+01 1.933274527173805168e+01 2.303862558246709469e+01 2.313517724480913529e+01
2.482771101624374310e+00 2.843770961402590114e+00 3.211569073288280229e+00 3.266342586730479614e+00 4.180476706841689705e+00 4.237784241258069073e+00 4.661259652813831700e+00 4.678560421573252803e+00 5.736643763616254610e+00 5.771023680429515856e+00 6.081919905084220979e+00 6.244837786345637909e+00 6.585421364054866444e+00 6.624432979479881745e+00 8.722917012611953069e+00 8.818215554740163498e+00 9.292152596244411811e+00 9.405056363103295070e+00 1.097728439427675795e+01 1.104563079989717167e+01 1.155412087297007773e+01 1.169205869671175257e+01 1.312907939195880402e+01 1.329969788528270769e+01 1.363801520712586957e+01 1.371596743877154090e+01 1.509552160050011338e+01 1.517477544730645000e+01 1.584722908853939849e+01 1.593625471975672880e+01 1.754231671535604775e+01 1.766134074413631083e+01 1.924187034762708493e+01 1.939158216948078106e+01 2.294648019595864241e+01 2.304327978908110808e+01
2.525698898057025410e+00 2.869718918130269358e+00 3.185844524061086425e+00 3.246680633044304098e+00 4.151862736609586157e+00 4.222419815065990178e+00 4.521804077104814468e+00 4.552990973639023942e+00 5.747504344551904509e+00 5.785906292755177205e+00 6.168744822253049875e+00 6.309367328770648875e+00 6.648531614783530941e+00 6.683866557233820060e+00 8.834592215015698358e+00 8.840801921454596979e+00 9.346356102034553359e+00 9.464050685608372149e+00 1.110920162902010233e+01 1.120776982908190789e+01 1.159944456538615221e+01 1.175796278157319463e+01 1.309658616834382805e+01 1.326486839130270745e+01 1.377391185369088866e+01 1.386349347556267730e+01 1.504616759368170875e+01 1.514130259359832387e+01 1.578430265903426211e+01 1.586983953315858287e+01 1.738132610392691291e+01 1.749778293864550349e+01 1.934168511807585134e+01 1.948026668175676690e+01 2.280279109628181189e+01 2.289723008715528607e+01
2.573066010792082636e+00 2.881590121280973804e+00 3.157466000619807200e+00 3.222590818985736405e+00 4.095121663088598929e+00 4.162856497803946176e+00 4.372479914455901451e+00 4.426541982009107201e+00 5.765897977935294350e+00 5.802447020411534595e+00 6.291098154225867489e+00 6.408448036508063161e+00 6.726684146872298875e+00 6.757208857395342605e+00 8.789708862374586928e+00 8.858919264634813828e+00 9.490933388770871559e+00 9.610206400640327828e+00 1.124649404161175781e+01 1.136317093824290758e+01 1.170733230212673881e+01 1.186983075526661935e+01 1.309568971832482553e+01 1.326146447414809870e+01 1.391465088961643204e+01 1.401557380484056914e+01 1.497477850314574788e+01 1.507868752304929139e+01 1.570547378369297320e+01 1.579098462379005952e+01 1.717993671366777519e+01 1.728591543997360702e+01 1.947424664796469074e+01 1.959169045149551991e+01 2.262071009956241951e+01 2.270715709701237728e+01
2.615094673188665286e+00 2.866465799243415713e+00 3.129359694249465473e+00 3.200125495505688811e+00 3.995278004185475407e+00 4.056905037358813360e+00 4.236205020826265155e+00 4.309784239962760388e+00 5.806130197466127463e+00 5.838781924809577362e+00 6.432300222004426971e+00 6.526696479540769147e+00 6.812272163647007162e+00 6.841337238978741908e+00 8.696103463998381855e+00 8.788144508753092055e+00 9.697550965126428224e+00 9.799082840844514308e+00 1.135217564166773840e+01 1.144910650012790576e+01 1.191954313421066836e+01 1.204498722124195353e+01 1.313241477161202653e+01 1.329000243223856614e+01 1.405022874708319414e+01 1.416356083426663126e+01 1.487845998730506913e+01 1.497854141997726707e+01 1.562313092309255325e+01 1.570714694705015546e+01 1.695207222039502426e+01 1.704104082125262565e+01 1.963210681435523597e+01 1.972110668654053356e+01 2.241564768414325570e+01 2.248614536633330729e+01
2.642214315737341224e+00 2.823119366075606429e+00 3.106519562283396763e+00 3.177823962579145345e+00 3.860423060560997044e+00 3.917547449299433104e+00 4.130220871482741529e+00 4.193207642909622557e+00 5.868844384827117011e+00 5.899347504850001478e+00 6.579892607759305179e+00 6.650283350167056184e+00 6.901541482926793591e+00 6.932624909869812058e+00 8.580072804669431008e+00 8.666716399153335360e+00 9.913447754409144608e+00 9.982999493150618520e+00 1.141105670353197610e+01 1.148553701367858260e+01 1.219179676502154663e+01 1.227884132965968966e+01 1.320959476378129871e+01 1.334917616167058263e+01 1.417194663213071237e+01 1.429677040529354137e+01 1.476069544071664907e+01 1.484159985091851119e+01 1.554791675092983105e+01 1.562224161913816722e+01 1.671085045385222756e+01 1.678089512323267840e+01 1.980515441588502767e+01 1.986477378457298215e+01 2.220230718968933203e+01 2.224998988815921308e+01
2.647890629547535291e+00 2.760333548937020876e+00 3.096256837220584313e+00 3.148479111056582180e+00 3.718881676048683804e+00 3.757056161681414430e+00 4.051999504244515826e+00 4.080078312083216474e+00 5.945500086476893209e+00 5.974986657392553191e+00 6.721438493979088769e+00 6.766601053399615928e+00 6.999127950962670930e+00 7.026026274431833585e+00 8.449473417503613248e+00 8.522149529261104917e+00 1.009804409694237393e+01 1.014867397960112605e+01 1.143013532381002229e+01 1.150361996692969413e+01 1.247146235792895119e+01 1.254184219746564821e+01 1.332533217400114545e+01 1.343387527200925646e+01 1.426485919954823522e+01 1.438641878975797006e+01 1.465074939666507525e+01 1.469108961069500729e+01 1.548152992288979313e+01 1.553720606473430621e+01 1.647008915291378628e+01 1.652407112287952629e+01 1.998076202351768771e+01 2.001821261798733786e+01 2.198567581837604479e+01 2.202348975650333429e+01
2.632180843096597389e+00 2.691374269177813527e+00 3.100688499238108964e+00 3.111543874862539916e+00 3.586757936782189127e+00 3.595253932964942223e+00 3.976732714556366677e+00 4.003351290634697968e+00 6.024471789443417435e+00 6.051113970975650957e+00 6.839047715927250692e+00 6.865914628396184050e+00 7.111176447439479631e+00 7.120911280700221724e+00 8.308619527707374885e+00 8.371929371327219371e+00 1.021802917866921767e+01 1.030700932770618117e+01 1.142170534755429756e+01 1.151533343267758625e+01 1.273490985436723122e+01 1.279833656414376186e+01 1.346503909580840030e+01 1.353104038709309620e+01 1.427366230038321504e+01 1.434754189129392010e+01 1.460591208978492261e+01 1.464347845068176035e+01 1.541908437543741961e+01 1.545005511276143473e+01 1.624400117967680046e+01 1.629159409206571496e+01 2.014440049607428662e+01 2.017475561102089188e+01 2.176343847344323734e+01 2.183702922895056275e+01
2.599130596069307408e+00 2.634809804567228131e+00 3.072619275025981089e+00 3.119559614651342905e+00 3.431779673017108845e+00 3.495888437211190247e+00 3.906270440039563141e+00 3.967645261355215336e+00 6.093659435487045251e+00 6.114364685266004074e+00 6.908086797716955552e+00 6.953257609295634190e+00 7.210363287274068611e+00 7.238859066700051415e+00 8.166856122965219456e+00 8.231584135877335839e+00 1.028701275738841048e+01 1.043797638099440483e+01 1.139817738231447031e+01 1.152483246080724300e+01 1.297041210556595026e+01 1.302548033983816822e+01 1.358166110666822135e+01 1.361947806301322395e+01 1.416002042080002887e+01 1.423737920243121735e+01 1.465320543896486960e+01 1.471068454014227989e+01 1.535203090865647724e+01 1.536082921680519853e+01 1.604900196413040092e+01 1.610862929097239515e+01 2.028059256727319593e+01 2.032276610893298852e+01 2.156244890222503585e+01 2.169256344512399082e+01
2.561106364851441164e+00 2.604551137061270172e+00 3.045351498460826090e+00 3.148309477268881107e+00 3.306482850949091556e+00 3.435283061021698447e+00 3.863413713836756358e+00 3.949138363445966249e+00 6.141329150656429370e+00 6.155640410226026482e+00 6.942025641604569586e+00 7.010151873932660038e+00 7.293542828296406100e+00 7.345417947214244236e+00 8.049308475941465701e+00 8.120805133618011595e+00 1.032134034882525064e+01 1.052473213884343828e+01 1.137371994318935720e+01 1.153206212097370553e+01 1.316200605902406728e+01 1.320801561661438228e+01 1.360201291415743441e+01 1.366990124956103969e+01 1.404493296355438048e+01 1.417082464532667530e+01 1.474063713512723872e+01 1.478104592714027277e+01 1.525532193903464950e+01 1.530335584427257345e+01 1.591391053754678886e+01 1.599328145737903739e+01 2.037302060280478599e+01 2.043982635279539650e+01 2.141240178361549340e+01 2.159776372073444506e+01
2.545182976899960980e+00 2.594956526933636987e+00 3.035594353652400823e+00 3.176401799009950899e+00 3.243468002996070965e+00 3.414807281602303846e+00 3.849155084949424932e+00 3.943446401787944922e+00 6.158315867076490591e+00 6.170005156029692017e+00 6.952483544973246055e+00 7.028937272264623282e+00 7.330571086112945167e+00 7.390707139321404995e+00 8.000178924454296236e+00 8.075164626920692257e+00 1.033142346111855581e+01 1.055551372713671299e+01 1.136320108638789605e+01 1.153487152025330609e+01 1.325063480936031013e+01 1.329428430148662343e+01 1.357303382749770471e+01 1.366642682062614433e+01 1.400572416341896087e+01 1.415911873659490716e+01 1.477348165082682563e+01 1.482927408473671349e+01 1.520013855067850628e+01 1.527893507128927553e+01 1.586590731674156629e+01 1.595408402006448334e+01 2.040617170191677943e+01 2.048752695537431734e+01 2.135356967174779186e+01 2.156425511086008484e+01
2.558162593212763625e+00 2.616269255381541203e+00 3.042990931812611599e+00 3.187184123229137356e+00 3.252753097764194745e+00 3.423259437666051230e+00 3.875832607279767750e+00 3.959055611875060610e+00 6.146378336269692433e+00 6.157871841370709198e+00 6.929183532548758961e+00 7.002333703604294968e+00 7.317685063732642270e+00 7.377450534127732773e+00 8.023393384445510534e+00 8.083793036125472398e+00 1.029011710803009727e+01 1.050765155253505512e+01 1.142037683496419476e+01 1.157056200184211292e+01 1.320621487289689888e+01 1.326018034327925044e+01 1.348753533504243407e+01 1.357711602335186107e+01 1.401087555634715542e+01 1.416620191835755094e+01 1.479318750010611261e+01 1.485906483111749843e+01 1.524545702231632482e+01 1.531475028876554134e+01 1.589638564221706396e+01 1.598122409233100782e+01 2.041729842483638535e+01 2.050589102339741387e+01 2.135429284209413936e+01 2.155527322652881139e+01
2.595317249777707502e+00 2.672324417424330800e+00 3.069462627335097338e+00 3.225799159325715149e+00 3.271538704763985006e+00 3.444154853398744276e+00 3.954560419914898262e+00 4.006939263974786058e+00 6.112198660874361700e+00 6.123542206316154868e+00 6.860903243250358940e+00 6.924066623619055783e+00 7.290005482638900247e+00 7.343086585913579434e+00 8.078197499194658349e+00 8.105745314764924103e+00 1.019572249163601541e+01 1.038622796485448418e+01 1.155205467016146592e+01 1.165403308610398980e+01 1.307074229002748034e+01 1.316414480337080484e+01 1.329162253290312634e+01 1.337679120422502521e+01 1.400267866011545870e+01 1.415139822925141821e+01 1.486157325240995775e+01 1.493441973772150000e+01 1.535243044083030739e+01 1.541296114840579001e+01 1.597993792289787685e+01 1.605656256458864206e+01 2.045178170422011377e+01 2.056190699114978671e+01 2.135618422113200410e+01 2.153157132699404741e+01
2.567952273578073097e+00 2.658907916437882157e+00 3.107906527254229889e+00 3.215132261539314307e+00 3.340985081119916877e+00 3.475909191222164019e+00 4.031517970266381923e+00 4.068468748406779412e+00 6.081109626479482166e+00 6.087129761498558445e+00 6.809454754244219643e+00 6.859691418285257747e+00 7.248538126384843849e+00 7.304785759324432526e+00 8.128737486941254531e+00 8.148126036785679815e+00 1.018079643835097237e+01 1.031628816394982806e+01 1.153067274954160482e+01 1.160230910895068313e+01 1.287233020514337056e+01 1.296842148458680732e+01 1.311358221540054814e+01 1.324148909999484403e+01 1.411709467009216112e+01 1.423252098752104189e+01 1.489348850181835715e+01 1.496940932219392018e+01 1.544536853649881536e+01 1.548626301115813497e+01 1.601033440730029866e+01 1.607853214860463709e+01 2.049835247244230629e+01 2.064103747529728494e+01 2.135540524661166373e+01 2.153730709557241596e+01
2.524703518891893150e+00 2.616175815718292164e+00 3.138334545691898292e+00 3.216363349274048655e+00 3.419740806805480204e+00 3.528493278919870413e+00 4.129547537080289210e+00 4.155401213685277817e+00 6.030014738918771044e+00 6.037439302760625459e+00 6.742994880039685945e+00 6.773587415517610566e+00 7.211217405983165740e+00 7.269481870031057724e+00 8.152612396202309597e+00 8.217387956697050910e+00 1.014103116159228257e+01 1.022452232448918963e+01 1.144913296199499086e+01 1.148657936484935149e+01 1.259927424883357006e+01 1.270788057636779023e+01 1.299408815589950805e+01 1.316370385746305871e+01 1.418981485195975800e+01 1.428678607870355499e+01 1.492463348308607074e+01 1.500216137959526641e+01 1.556727440306528365e+01 1.559365484367809884e+01 1.604941259870682657e+01 1.611076067763068309e+01 2.055750217508695599e+01 2.072722505957410988e+01 2.137627206678104841e+01 2.156881716044222586e+01
2.467503229362091766e+00 2.553090889462431790e+00 3.168304217298694603e+00 3.222494840553897344e+00 3.495450194435838043e+00 3.578821960162241300e+00 4.233856103421665296e+00 4.271583090034925867e+00 5.964192171601901293e+00 5.981297377395534021e+00 6.661290480451424578e+00 6.678304964209263339e+00 7.179690896058969152e+00 7.239886080741942287e+00 8.167066161270772895e+00 8.283794432829644450e+00 1.006794303452396733e+01 1.011280954713617142e+01 1.126676910777048413e+01 1.131983962230071405e+01 1.235768634841523017e+01 1.249607472963829302e+01 1.288313225035351728e+01 1.308822627199936406e+01 1.422045581913491574e+01 1.431425084192261643e+01 1.495585028549968953e+01 1.502697546865226741e+01 1.569887392039849416e+01 1.572088248639201069e+01 1.608645087239778348e+01 1.615189578040370577e+01 2.063108025589378869e+01 2.080752088653519749e+01 2.142189984005461056e+01 2.162509247808992541e+01
2.401042194627981186e+00 2.481538029861644734e+00 3.191242337543326535e+00 3.223078911085345499e+00 3.564394427365026097e+00 3.615216189933169399e+00 4.347504072835795874e+00 4.401713581286804455e+00 5.895816316564961745e+00 5.920635664779370089e+00 6.564977547888116938e+00 6.587222468210870652e+00 7.157188933602837366e+00 7.213889085554388458e+00 8.171389334869635590e+00 8.342666221522097914e+00 9.943359231929420616e+00 9.983307869418229785e+00 1.101525822031369728e+01 1.111484265063627319e+01 1.217184998873417001e+01 1.235033236083745045e+01 1.277688226512275804e+01 1.301826206085048021e+01 1.422851912021784671e+01 1.432149767179833511e+01 1.498925627597012422e+01 1.504550906026417501e+01 1.582125003585153067e+01 1.584743990526977164e+01 1.611758989015800125e+01 1.619593759911224140e+01 2.071519670954540260e+01 2.087004307016417926e+01 2.149254303712547198e+01 2.170218227436488689e+01
2.331888619687719544e+00 2.410122124383525133e+00 3.196414558449678367e+00 3.216177836878506113e+00 3.621774077056555630e+00 3.636297754920712055e+00 4.470130890092586462e+00 4.532204409697408565e+00 5.835214018436698957e+00 5.863077384677242598e+00 6.460939964101843458e+00 6.500379479585206788e+00 7.146618921858214790e+00 7.193985456145181701e+00 8.166731037235393842e+00 8.392979640753098991e+00 9.759123110096956211e+00 9.819088904958151787e+00 1.077879225135811581e+01 1.090804253297369897e+01 1.203719630321724665e+01 1.224470461447030267e+01 1.267713383664736781e+01 1.295983534043671526e+01 1.422879879522049151e+01 1.431772174392078334e+01 1.502296582922607016e+01 1.506333278843342249e+01 1.592431572992868283e+01 1.595844195329486048e+01 1.614423936488556777e+01 1.623377033689113347e+01 2.079897802703662890e+01 2.091283089690183061e+01 2.158003861952708036e+01 2.179246229410868452e+01
2.267143518565459814e+00 2.345412122771767915e+00 3.179583029463731503e+00 3.203506491873330031e+00 3.641829205851943918e+00 3.668801206040445351e+00 4.591821812341939868e+00 4.654625265844839710e+00 5.788353664559187095e+00 5.822836628984243035e+00 6.352825333695617971e+00 6.415634298428043891e+00 7.148580594102849517e+00 7.186608743827235024e+00 8.156927033915442493e+00 8.434044016032729019e+00 9.537245816492283979e+00 9.604415789575114104e+00 1.061997088155129454e+01 1.073982130710440508e+01 1.194502817451591525e+01 1.215457743012583514e+01 1.258741757910181747e+01 1.291537266304662701e+01 1.422812097771558904e+01 1.431100940040354352e+01 1.505145047001292191e+01 1.508548568076770025e+01 1.600564665135107134e+01 1.604680251261288859e+01 1.616649116319781143e+01 1.625968057689864921e+01 2.086451845535670202e+01 2.094773512539380178e+01 2.166894726067620525e+01 2.188443847055817315e+01
2.213625562307793615e+00 2.293686077276142488e+00 3.151570830350948427e+00 3.184434084857953984e+00 3.642937103088487838e+00 3.699451774748733435e+00 4.698048776183815001e+00 4.757998626314927648e+00 5.761388856095653210e+00 5.809730243141079775e+00 6.244494783886217704e+00 6.335682769395067915e+00 7.160387105768204918e+00 7.194273524316757040e+00 8.146667382752804443e+00 8.464134569773374750e+00 9.320240378930840563e+00 9.379892211682948400e+00 1.054064893260628999e+01 1.062267143581731510e+01 1.189054964412444804e+01 1.207364042437636442e+01 1.251426722165273375e+01 1.288435689381604909e+01 1.422825192390889626e+01 1.430595978364116760e+01 1.507164788416575441e+01 1.510998987217415213e+01 1.606636711744616264e+01 1.611062584419187615e+01 1.618227495401107419e+01 1.627262546247653674e+01 2.089651352996206413e+01 2.098805799197763022e+01 2.174378926060030892e+01 2.196406934471413663e+01
2.177811314532231979e+00 2.260439777176220577e+00 3.126279278662757566e+00 3.166086239336607822e+00 3.642221041204199317e+00 3.716785745607823710e+00 4.773457201882540524e+00 4.826323327126098128e+00 5.760904543463534644e+00 5.815459396758217991e+00 6.150634922155094664e+00 6.273005525520215286e+00 7.174816729887832700e+00 7.209073399391063397e+00 8.139340864752490745e+00 8.481546820960218724e+00 9.167879942675176252e+00 9.204936122857519720e+00 1.051237581448913083e+01 1.055130893595182151e+01 1.186840074135270662e+01 1.201043187247537425e+01 1.246571298979062270e+01 1.286590840982585249e+01 1.422876735757477817e+01 1.430363149428508152e+01 1.508445231893230698e+01 1.512845150473675027e+01 1.610674419451980555e+01 1.614914043530164633e+01 1.619049397197649043e+01 1.627566002240610032e+01 2.090689056529220480e+01 2.102122382837140790e+01 2.179318883479540148e+01 2.201803602843229868e+01
2.165123579214717875e+00 2.249022754331326368e+00 3.116062935062713812e+00 3.158496175982014709e+00 3.641895244628800210e+00 3.722261460083267526e+00 4.801847582443839357e+00 4.849157376585813140e+00 5.768660755339702462e+00 5.821141561014911758e+00 6.109064324100913268e+00 6.248126500222134005e+00 7.181463623548473230e+00 7.216530586534504188e+00 8.136689439441422422e+00 8.486910004344631275e+00 9.125654835585748970e+00 9.126652515253372400e+00 1.051636043565823542e+01 1.051711671848955199e+01 1.186515091250359077e+01 1.198437686407200609e+01 1.244860944902212019e+01 1.285975921734605087e+01 1.422901088535977721e+01 1.430308664905126648e+01 1.508899939177737615e+01 1.513518616613997381e+01 1.612203929784317680e+01 1.616121993213029029e+01 1.619321620210979162e+01 1.627521414035328817e+01 2.090922857573802318e+01 2.103342086182534487e+01 2.181040272925689649e+01 2.203710853334444053e+01
2.194312083403140434e+00 2.301369576857682286e+00 3.117357224926284420e+00 3.162210279453760098e+00 3.598279298040323315e+00 3.758017095098359572e+00 4.691975106161978992e+00 4.929450784727372969e+00 5.702863864111681558e+00 5.877570121472286857e+00 6.099723776056961810e+00 6.253606005970178572e+00 7.148398089616684103e+00 7.233653324683666952e+00 8.095298023097175388e+00 8.530787802865626546e+00 9.059852679742768089e+00 9.198998881400251904e+00 1.047777266931183782e+01 1.053236397931804191e+01 1.169575595884091257e+01 1.210973673640146764e+01 1.247014879427028688e+01 1.291563335123009892e+01 1.410159009799983743e+01 1.439133842379796846e+01 1.501990204556227049e+01 1.528469520669745485e+01 1.610488036742646401e+01 1.616433743215662844e+01 1.618273243946406836e+01 1.635008200866230865e+01 2.081343471912424548e+01 2.110908952184949072e+01 2.171366851405045750e+01 2.213189962574282887e+01
2.298451922109708612e+00 2.408634055735217494e+00 3.119451014760614704e+00 3.172389059855184268e+00 3.539299535494442761e+00 3.787827306967138874e+00 4.570382692723015339e+00 4.950339036883277366e+00 5.661718844401251616e+00 5.907287971191409248e+00 6.086171260026107532e+00 6.263101119341779821e+00 7.094180187508073665e+00 7.244221692112949640e+00 8.002056190503138211e+00 8.610249241986576152e+00 9.027494355219912947e+00 9.260140378998750421e+00 1.043199091035278236e+01 1.049829634668162015e+01 1.152639621063688047e+01 1.214788574068933613e+01 1.249888113615029184e+01 1.309290022049859203e+01 1.403324980599947125e+01 1.436022369388467013e+01 1.509951181744578719e+01 1.544286425742709135e+01 1.606007202465932338e+01 1.618507710970590452e+01 1.620346898799120794e+01 1.651638611692696301e+01 2.064971123567219635e+01 2.122033748173071999e+01 2.153842432757281244e+01 2.229840569710467335e+01
2.464202789658300752e+00 2.507367004424982504e+00 3.116170016652369590e+00 3.189252670388394328e+00 3.499828713539213876e+00 3.762815198406781469e+00 4.492508007126320813e+00 4.863026884001406813e+00 5.698944748187721565e+00 5.874371587158465857e+00 6.084962595307236377e+00 6.269276213635198047e+00 7.039744762755168139e+00 7.234589068384614130e+00 7.883971960675675739e+00 8.659677566428877427e+00 9.055388499398148383e+00 9.295038262596944989e+00 1.038484947332064046e+01 1.039803296937530241e+01 1.145223128372639287e+01 1.203253010931485889e+01 1.250721023321651870e+01 1.332324372470763052e+01 1.415033353715656261e+01 1.423933632273074856e+01 1.526768548920679081e+01 1.554777738558674294e+01 1.602406385791817556e+01 1.622524269032203748e+01 1.624258661697307460e+01 1.676406077852169929e+01 2.046182171542749018e+01 2.126063756335614485e+01 2.141761259541903684e+01 2.248119102424181648e+01
2.562189009464533651e+00 2.650307280369111673e+00 3.096716173648459414e+00 3.217714956114741121e+00 3.490223982900125588e+00 3.671049400672926843e+00 4.481807425660617739e+00 4.701053160209684556e+00 5.782727619762713545e+00 5.797247181168281749e+00 6.084685973316820373e+00 6.272821126672828207e+00 6.995110842649102878e+00 7.198621982125493091e+00 7.750268565984749891e+00 8.676189142543782040e+00 9.125791978322991937e+00 9.289443892136585390e+00 1.023427899049318945e+01 1.035508704128033308e+01 1.147156227927574612e+01 1.179805530962405058e+01 1.250198410759018053e+01 1.352610648078455924e+01 1.410133039094812091e+01 1.444872553297293472e+01 1.542046216601780628e+01 1.560369474392939715e+01 1.602329435566876370e+01 1.627805031672395586e+01 1.630109671516264314e+01 1.707066815109065416e+01 2.026450570722716549e+01 2.105472847411486370e+01 2.155034232047662712e+01 2.266536474954185110e+01
2.567541952412262685e+00 2.813783519808055633e+00 3.056865262832470176e+00 3.253406361668958358e+00 3.513401022877594926e+00 3.543049448485571240e+00 4.507243729222897066e+00 4.532153581959140531e+00 5.696332494858276974e+00 5.872392973876339184e+00 6.074937916827720663e+00 6.276459484505938491e+00 6.967961878706048218e+00 7.132515501109135236e+00 7.609736467235699742e+00 8.685523328915950358e+00 9.198596490359911115e+00 9.229624506157033892e+00 1.005931239956944268e+01 1.033114945040140320e+01 1.150637570990094716e+01 1.155300264397710031e+01 1.248147383924323428e+01 1.370670745939239765e+01 1.396832269882670907e+01 1.479085801444628956e+01 1.550558423424980425e+01 1.563892534853984628e+01 1.608097447144936254e+01 1.635317323857671568e+01 1.638124435441473281e+01 1.739487659857935142e+01 2.007130426699447767e+01 2.083276494136315549e+01 2.173429972782606967e+01 2.284026590838779214e+01
2.535066290404135447e+00 2.926186784433040255e+00 3.008076415549673310e+00 3.248199064592049545e+00 3.451368439724798343e+00 3.569768065646899302e+00 4.306797625463153700e+00 4.626537531260088265e+00 5.593259759696985967e+00 5.937903321835736214e+00 6.057888586840859624e+00 6.277565151182448844e+00 6.966463873326103950e+00 7.040528955592733951e+00 7.471608904695130171e+00 8.689542405792989754e+00 9.103872411355578009e+00 9.257801469587747079e+00 9.898234487231842849e+00 1.031909515735352301e+01 1.121447450185849526e+01 1.166513983079885541e+01 1.244704449368218491e+01 1.384111914334855342e+01 1.387877921757009325e+01 1.503864749076142715e+01 1.552200387925838854e+01 1.567583341795297081e+01 1.618555480496919330e+01 1.644333849348040388e+01 1.650975516840441770e+01 1.769850017757304173e+01 1.989907860172359122e+01 2.065041829171227050e+01 2.193878369682601104e+01 2.299672739217413664e+01
2.479624321086081995e+00 2.957877526319512285e+00 2.994915316845809805e+00 3.148255147421370914e+00 3.472369359274367628e+00 3.642186330312602749e+00 4.117386682650914231e+00 4.747435683897923475e+00 5.505366809436071485e+00 5.966471262811691822e+00 6.038598457032875011e+00 6.271497718838869417e+00 6.933714311945514908e+00 6.999752576251793812e+00 7.342387897582493217e+00 8.672075701806404524e+00 8.913108615356948761e+00 9.302170813562932850e+00 9.770533103816905651e+00 1.031790428091413503e+01 1.095617163767031954e+01 1.179202989397875001e+01 1.240367450447612541e+01 1.372107270893458164e+01 1.404042058595898368e+01 1.514689323231721296e+01 1.550739573743089927e+01 1.570029038761481210e+01 1.630408152347867556e+01 1.652362431360866779e+01 1.669061872660779855e+01 1.795599576897426886e+01 1.976604757487468333e+01 2.053251951600699243e+01 2.215045687426663079e+01 2.312685871348007538e+01
2.415475353460655672e+00 2.938796097404086094e+00 2.997360853925183033e+00 3.051353593866647174e+00 3.536536702784336406e+00 3.706416523028836618e+00 3.961756326865031763e+00 4.868036253856963036e+00 5.456824120014727164e+00 5.958113499735972596e+00 6.016030323661121670e+00 6.259173937656825615e+00 6.830160638223545355e+00 7.064019052844721536e+00 7.227825809379469391e+00 8.621252521817956094e+00 8.673724737636366200e+00 9.338269694674442789e+00 9.684407177096625574e+00 1.032620199426268925e+01 1.075091802394684315e+01 1.191899676397127195e+01 1.235667119846584860e+01 1.361120225861783517e+01 1.418648051265922660e+01 1.516294694233127061e+01 1.548748884195918762e+01 1.569456459526467462e+01 1.641540140087989741e+01 1.659208782832913798e+01 1.685280184357512567e+01 1.815964925828522425e+01 1.967736602493252462e+01 2.048633768617953876e+01 2.235263307782356179e+01 2.322481046835958551e+01
2.356893966562363385e+00 2.914842159079712225e+00 2.944018113149207139e+00 3.040609087371303421e+00 3.606119506547249998e+00 3.709454949509694455e+00 3.891863396600215186e+00 4.949185158220555714e+00 5.479933920868818475e+00 5.913201237409316136e+00 5.994313936783830954e+00 6.245911595429181951e+00 6.742160918556720617e+00 7.103043109673832234e+00 7.181130709048189509e+00 8.418286120711426790e+00 8.553196458423965254e+00 9.368787009761662787e+00 9.634892243775134091e+00 1.034349068102257796e+01 1.060056577066171357e+01 1.203462162455684492e+01 1.230928520470327037e+01 1.351981414659120517e+01 1.430820476299598987e+01 1.513820132309583144e+01 1.547252526840303766e+01 1.566834663816236528e+01 1.650509298729874885e+01 1.664509109994508762e+01 1.695157918612583359e+01 1.831277842820791335e+01 1.962081725465007764e+01 2.049616057208219289e+01 2.252454340222924500e+01 2.328840057737066971e+01
2.316276363047049092e+00 2.857927561919776149e+00 2.952022004481667850e+00 3.038672886519230509e+00 3.654005350812937980e+00 3.662585929737347978e+00 3.905138262442045427e+00 4.976117889539547257e+00 5.579588428873105244e+00 5.828584629599990130e+00 5.981149607542205260e+00 6.236879027107626428e+00 6.682153671204448031e+00 7.044158313129910809e+00 7.261978527417590534e+00 8.209112365199615624e+00 8.492617278818714865e+00 9.390472075633732985e+00 9.610689736138304795e+00 1.037056020829355418e+01 1.049785445440729603e+01 1.213036976215067675e+01 1.226065113535408457e+01 1.345787494784449656e+01 1.439289036189432913e+01 1.510562790909840025e+01 1.546526685840708737e+01 1.564127633915918736e+01 1.656288114695010805e+01 1.667957085588279043e+01 1.699343403246156470e+01 1.841244230606163512e+01 1.958592119256049102e+01 2.052596845117148305e+01 2.264267078343690187e+01 2.332092524000072231e+01
2.301797849357938297e+00 2.837463969612394887e+00 2.957975686535791127e+00 3.037086695174109341e+00 3.628775383422453871e+00 3.683938687628995456e+00 3.916629681278265274e+00 4.978934706464436033e+00 5.710098267182837972e+00 5.710792926767445543e+00 5.976707195365409397e+00 6.234047417446336503e+00 6.660564142709874069e+00 7.018920904264065008e+00 7.304928370720638497e+00 8.122391956234675803e+00 8.468996044507402843e+00 9.398413468184715569e+00 9.603509228197312453e+00 1.039681156785418814e+01 1.044716194093231820e+01 1.219890458699197566e+01 1.220913456556610299e+01 1.343574507479317504e+01 1.442412031084409030e+01 1.509078878075729513e+01 1.546357762756588272e+01 1.562993958487871282e+01 1.658272513217631428e+01 1.669185542497469754e+01 1.700338688136872989e+01 1.844768873453124414e+01 1.957343884074319362e+01 2.054054786603692051e+01 2.268526733230345016e+01 2.333020196400964963e+01
2.339949001341961932e+00 2.833616997484262434e+00 2.964781108423731215e+00 3.050770609744418493e+00 3.647176030925963985e+00 3.691713364769508399e+00 3.920515252460156308e+00 4.992075224456371529e+00 5.688446792285694720e+00 5.715363952781117973e+00 5.950909087555548815e+00 6.192331152121756332e+00 6.780113077218028472e+00 7.017093310653253369e+00 7.298087453127055646e+00 8.128000038177953357e+00 8.463921926351689606e+00 9.446765777813512344e+00 9.597565940305155863e+00 1.037941485728284086e+01 1.051128357020559179e+01 1.219465222991068387e+01 1.220459429591763723e+01 1.342834753038963669e+01 1.441512762335921849e+01 1.509129426668782692e+01 1.542575839344893396e+01 1.565042990502413112e+01 1.659119357418796525e+01 1.666895241858471621e+01 1.702505346737862979e+01 1.842041708733788141e+01 1.956430349662556978e+01 2.049614175869013266e+01 2.267637018501358170e+01 2.332731100782183731e+01
2.441026735855869045e+00 2.828033757710158191e+00 2.985860198245963826e+00 3.088600555481988863e+00 3.699093113208863137e+00 3.716420339072972201e+00 3.930107088135472271e+00 5.029970586610454042e+00 5.634183727811998388e+00 5.728650611017331862e+00 5.881544733236819589e+00 6.158770102201141405e+00 7.007902508421483212e+00 7.041333044977741373e+00 7.281185914635207368e+00 8.147040465225543926e+00 8.453083518577937383e+00 9.559932335539077286e+00 9.600236876875445802e+00 1.039972230476701398e+01 1.061691075165269638e+01 1.218097317632668286e+01 1.219240288864505395e+01 1.340684429361181529e+01 1.438881151660785562e+01 1.509151360707829248e+01 1.535098699034272762e+01 1.567053797635760581e+01 1.659560646042811527e+01 1.662301696520258076e+01 1.708224058773662790e+01 1.834735976414739866e+01 1.953785578763397623e+01 2.037012803794999982e+01 2.265351633025268541e+01 2.331680277956895964e+01
2.568258339434247972e+00 2.838428929965591596e+00 3.017173453079770695e+00 3.143708092127788234e+00 3.757767069260058435e+00 3.784499023379722438e+00 3.943261768601009187e+00 5.079314530784905912e+00 5.568466876396756859e+00 5.754861500451063705e+00 5.814522310555947371e+00 6.150514338038647999e+00 6.980509656017721554e+00 7.257178844199950518e+00 7.384593849379458952e+00 8.182802712205953455e+00 8.446593560486425289e+00 9.542231952762355363e+00 9.788080494554925792e+00 1.046723079716130833e+01 1.071798381507093190e+01 1.215596342901273630e+01 1.217546086832354924e+01 1.337460844278669825e+01 1.435237304723436047e+01 1.508517812894300469e+01 1.526791877848869383e+01 1.565286593948338023e+01 1.651542084717851822e+01 1.662854863204721312e+01 1.716276618485750660e+01 1.825277800651635118e+01 1.949719543346748907e+01 2.018109304239396096e+01 2.262688210949028900e+01 2.329586717056004019e+01
2.670427262289714498e+00 2.889436357680659651e+00 3.047815741932860423e+00 3.207202175804835687e+00 3.804965482931744525e+00 3.904224391231819968e+00 3.977184393590138090e+00 5.103785123318748340e+00 5.522895602732648790e+00 5.772393031882703696e+00 5.797590781678768401e+00 6.141783119538970048e+00 6.923500613656467628e+00 7.240549060847603968e+00 7.775336449970954078e+00 8.234851287928476538e+00 8.457532854302939995e+00 9.503422831639380064e+00 1.004511199018566359e+01 1.056003829227388024e+01 1.079706608900893450e+01 1.211976330706595029e+01 1.215291159102503116e+01 1.333976616075271693e+01 1.432383757425608373e+01 1.504987471608379401e+01 1.518220955962661201e+01 1.558843840612816045e+01 1.641035895616171558e+01 1.661048037804011912e+01 1.725413766083712375e+01 1.816899939766524597e+01 1.944770086454262170e+01 1.995377412679007634e+01 2.261015587239691982e+01 2.326453192623337074e+01
2.725066008093142589e+00 2.975312081353286953e+00 3.062544229922569361e+00 3.269947720831059002e+00 3.835781191558953473e+00 4.001951644506277717e+00 4.115216812848713879e+00 5.069628050522480223e+00 5.514330001427688366e+00 5.769236816996407669e+00 5.846520269937918179e+00 6.121945796802567230e+00 6.836183742814839981e+00 7.218571085795669084e+00 8.155261668815759535e+00 8.300355336623498559e+00 8.512665034097315342e+00 9.460532785875470196e+00 1.034738805825863572e+01 1.064239329508692755e+01 1.088861695702062704e+01 1.207192817633673876e+01 1.211889429305618826e+01 1.331241659197991112e+01 1.432307248091780849e+01 1.494559139189472319e+01 1.508307787190751270e+01 1.550515829926194833e+01 1.629241473353454239e+01 1.654718034064382692e+01 1.734084878857987988e+01 1.812153245066509299e+01 1.939613275526124170e+01 1.971630854422964063e+01 2.261760337534511223e+01 2.322524141790090013e+01
2.754726854713806627e+00 3.030892835556632470e+00 3.064695514953880373e+00 3.325418492498396716e+00 3.855092926729235092e+00 4.105571562485884840e+00 4.303225769706851445e+00 5.009528118659098972e+00 5.501850409859958546e+00 5.824945247304847307e+00 5.887882508256987890e+00 6.089012447469138500e+00 6.728071778718205387e+00 7.180405847573505973e+00 8.358552281297335185e+00 8.390142219929106915e+00 8.700653461211082629e+00 9.418687914035963615e+00 1.059580721465603936e+01 1.069995053579975952e+01 1.112439828582055412e+01 1.200639562912506442e+01 1.206731108734854452e+01 1.329478516893276741e+01 1.436034796756210419e+01 1.476940012185253792e+01 1.490488775650116615e+01 1.546772253776675043e+01 1.616727593971797461e+01 1.644389965280453936e+01 1.741129410733312355e+01 1.811153691701291635e+01 1.934886258499265566e+01 1.949820236367857973e+01 2.266118226517438572e+01 2.317932591548770205e+01
2.772702254977671199e+00 2.963896035593465594e+00 3.108871955192594072e+00 3.370822315883697851e+00 3.890644757093313366e+00 4.230443671346142409e+00 4.419210778814285590e+00 5.022033997800442684e+00 5.460313923204101805e+00 5.901673766786169395e+00 5.933078203069560352e+00 6.049374300795208548e+00 6.610654321869492200e+00 7.116223124489233776e+00 8.448524474302304910e+00 8.450692268596952772e+00 8.958852781557123279e+00 9.382580848500399640e+00 1.066529145029763725e+01 1.080242706252487928e+01 1.157104272768369846e+01 1.190521507857982364e+01 1.200765389774010394e+01 1.327826044409490969e+01 1.443391922042856201e+01 1.452936729519950276e+01 1.464815529326383192e+01 1.548772122697459785e+01 1.604392941658959870e+01 1.632478660201554987e+01 1.746617498129272406e+01 1.811268369059646943e+01 1.931061978570458493e+01 1.932551599866760128e+01 2.274755352784196560e+01 2.312486034454423844e+01
2.769954382343535304e+00 2.855749278319876350e+00 3.128090696236477619e+00 3.406249063085017070e+00 3.952954650039628870e+00 4.366053648818125410e+00 4.390145965864301836e+00 5.154601373418643995e+00 5.420949446119425197e+00 5.876900446036547265e+00 5.978933946331276950e+00 6.097271710127420086e+00 6.492225589695581611e+00 7.021956210147440203e+00 8.464276082545643121e+00 8.544971012378859143e+00 9.157277860938812353e+00 9.357895289651191106e+00 1.066344328754666115e+01 1.093985830638739998e+01 1.175514549994585778e+01 1.195535778891468226e+01 1.211045346221368746e+01 1.326010920619288314e+01 1.424348445869477509e+01 1.436223162129502562e+01 1.453647551618685974e+01 1.552355058444369895e+01 1.594068293035221195e+01 1.621597178862310784e+01 1.751612068224921259e+01 1.809146829322636663e+01 1.921187470219377857e+01 1.928515855496366171e+01 2.287472417778628753e+01 2.305861917246545900e+01
2.654001389702511648e+00 2.837280920452469157e+00 3.125263150449808514e+00 3.434148787671216230e+00 4.033287554940192088e+00 4.280821622319121111e+00 4.502995244640132455e+00 5.199442428739297739e+00 5.524046973566312246e+00 5.811504936686339384e+00 5.939500138600822154e+00 6.248042725029796074e+00 6.380088163613720553e+00 6.900498016241265020e+00 8.436232443968508576e+00 8.645494641304489747e+00 9.278215583302843683e+00 9.355208005548815819e+00 1.061143189916104745e+01 1.110301080720762279e+01 1.158774675869535820e+01 1.194132079806671953e+01 1.263760077956554717e+01 1.326329838035878872e+01 1.396725790712904569e+01 1.405131462435283041e+01 1.465310032103215399e+01 1.551873780926005786e+01 1.589218796408392365e+01 1.613301477244669613e+01 1.757410593534513410e+01 1.803213097890040828e+01 1.915371627882714378e+01 1.927180270365008496e+01 2.296728277349077274e+01 2.304263893550847797e+01
2.595317249777716384e+00 2.672324417424340126e+00 3.069462627335100002e+00 3.225799159325720478e+00 3.271538704763985006e+00 3.444154853398744720e+00 3.954560419914899150e+00 4.006939263974792276e+00 6.112198660874359035e+00 6.123542206316154868e+00 6.860903243250359829e+00 6.924066623619055783e+00 7.290005482638902023e+00 7.343086585913584763e+00 8.078197499194661901e+00 8.105745314764929432e+00 1.019572249163601718e+01 1.038622796485448241e+01 1.155205467016147125e+01 1.165403308610399336e+01 1.307074229002748389e+01 1.316414480337080661e+01 1.329162253290313167e+01 1.337679120422502876e+01 1.400267866011545692e+01 1.415139822925141999e+01 1.486157325240996130e+01 1.493441973772150178e+01 1.535243044083031450e+01 1.541296114840579357e+01 1.597993792289788395e+01 1.605656256458864561e+01 2.045178170422011021e+01 2.056190699114977960e+01 2.135618422113200054e+01 2.153157132699404741e+01
2.673499520631648529e+00 2.741903896692584830e+00 3.053163723602326129e+00 3.197699290251319049e+00 3.339790000069308373e+00 3.458844772341081786e+00 4.012967256677208994e+00 4.037998108581533963e+00 6.076993984763038981e+00 6.093690943186640396e+00 6.806434694176859423e+00 6.864026332406617747e+00 7.299999276072715482e+00 7.334706962254096574e+00 8.083400124224107586e+00 8.102775729741637178e+00 1.008817375137802941e+01 1.029071647036280623e+01 1.170143995621574895e+01 1.176644686824148422e+01 1.295014917912952690e+01 1.304996445524954929e+01 1.331673616331629084e+01 1.339872060811635812e+01 1.387495752239732738e+01 1.403424806856046736e+01 1.490890292276036178e+01 1.498354447437237624e+01 1.543096544377154444e+01 1.549233659903503657e+01 1.608624203602662917e+01 1.615329636286800863e+01 2.045135973523567685e+01 2.056001493806773794e+01 2.138484598780956603e+01 2.152370146472703283e+01
2.760300304178825659e+00 2.807791550893723453e+00 3.011180651061578395e+00 3.174559900621146902e+00 3.424102880763775669e+00 3.478454709462784233e+00 4.087995041698346377e+00 4.116177777709685515e+00 6.019919596101490633e+00 6.044591466285029746e+00 6.737180493758141431e+00 6.789689147607771424e+00 7.302190605534148560e+00 7.325247886198020808e+00 8.084707446388183172e+00 8.095159086244654745e+00 9.982943966804109337e+00 1.019501398653520319e+01 1.182438158884348134e+01 1.184736209170781684e+01 1.280743620974901020e+01 1.289641599133385697e+01 1.330921072105824265e+01 1.343580213289391878e+01 1.377111788359297329e+01 1.392616910311696010e+01 1.490887152037114127e+01 1.499802180413338704e+01 1.556013452284028631e+01 1.561747039234425749e+01 1.622219293721537881e+01 1.627428704856240671e+01 2.043625764025343017e+01 2.054983988221776769e+01 2.144529301690008793e+01 2.154853979908991235e+01
2.818463249522546565e+00 2.873972318835908535e+00 2.951114196113646226e+00 3.193324051555032739e+00 3.465737253399755691e+00 3.523750445644598717e+00 4.183041866162908740e+00 4.239076717738361921e+00 5.943391530512962539e+00 5.981170952865963564e+00 6.655782545293710939e+00 6.702316917969027621e+00 7.286635959516989836e+00 7.318566648686200438e+00 8.059267144063962718e+00 8.098874864836211884e+00 9.901177135816116248e+00 1.011367134363859677e+01 1.183715901125641601e+01 1.186642640581547781e+01 1.271305539617680402e+01 1.279960491002623080e+01 1.323737427520303633e+01 1.345787630550160330e+01 1.370377296949447654e+01 1.383055310707997698e+01 1.485821763241324689e+01 1.497115809948689424e+01 1.571613574123008839e+01 1.579440594572509760e+01 1.636550434610526494e+01 1.640413160346059129e+01 2.041079433440024360e+01 2.054214570113890659e+01 2.153416590847765733e+01 2.160867243784447211e+01
2.822457945720156847e+00 2.875683807181262264e+00 2.963235278936976691e+00 3.246858521933630559e+00 3.471088330509940700e+00 3.585856531653214496e+00 4.309437012410621826e+00 4.382493704836086579e+00 5.853140751479359416e+00 5.909834404165658306e+00 6.564788728955839758e+00 6.602267195278270329e+00 7.257411137205624918e+00 7.306141929362453880e+00 8.014527470524805963e+00 8.102602815407449199e+00 9.853780259370720884e+00 1.005865777234712155e+01 1.169195462775062744e+01 1.179399975350094643e+01 1.270044961382368065e+01 1.280230197978476703e+01 1.312974135488961380e+01 1.346198341601951221e+01 1.366945990962090107e+01 1.375024298978512682e+01 1.477102314430543650e+01 1.491058694817776065e+01 1.588230606661057287e+01 1.599123566423531173e+01 1.649579350971487557e+01 1.653005115613535736e+01 2.038449554682633291e+01 2.054543057668610118e+01 2.164412526318743701e+01 2.170007131429259317e+01
2.781126283101926333e+00 2.833430991169384683e+00 3.034646402467155557e+00 3.307372308002395567e+00 3.482475718242249219e+00 3.637214726358563244e+00 4.457462442254985113e+00 4.532678731181420062e+00 5.758089978479872251e+00 5.838207055765150422e+00 6.465395666416473119e+00 6.490500537335031517e+00 7.219105726875914009e+00 7.285319678468694882e+00 7.955377569330434717e+00 8.101346009649278201e+00 9.838239206158320371e+00 1.004311463966433848e+01 1.143934658861162745e+01 1.164296215057221318e+01 1.270443849575660522e+01 1.289524409049515441e+01 1.303269392958556061e+01 1.344372130900707241e+01 1.366885406654117396e+01 1.368926164635290910e+01 1.465894585629929736e+01 1.482523599260012936e+01 1.604565295471204323e+01 1.617803503137522725e+01 1.660070552765224861e+01 1.664078347674902858e+01 2.036608767397878594e+01 2.056488504065671208e+01 2.176416247817407523e+01 2.181365175024178527e+01
2.713414843542926835e+00 2.819200898245096010e+00 3.081612226810536370e+00 3.356184933145398563e+00 3.521135632536963378e+00 3.675096423671742496e+00 4.611928817267323844e+00 4.677269171321760233e+00 5.669949355318228967e+00 5.774737276157925869e+00 6.355865765193633443e+00 6.372381034315493409e+00 7.175840512371249424e+00 7.261163176618063986e+00 7.888973001372990623e+00 8.091955668439689831e+00 9.843370028659549575e+00 1.007918119337679386e+01 1.114253874074970874e+01 1.145166057424067674e+01 1.267340134112840921e+01 1.298193660564424512e+01 1.302242151101208378e+01 1.340141723089957893e+01 1.364770235611958249e+01 1.371604665175789073e+01 1.452940208190775451e+01 1.472168907210597055e+01 1.619443443288673024e+01 1.633843647851041680e+01 1.667658160146715929e+01 1.672739355241026615e+01 2.035944104393689358e+01 2.060102152749729498e+01 2.188242318069992720e+01 2.193577746575352094e+01
2.649052210700466592e+00 2.819133843403158757e+00 3.087511425408426380e+00 3.408584036557153141e+00 3.578219871394014540e+00 3.698176907900913246e+00 4.755129720277054162e+00 4.804908186622728117e+00 5.602799015806910532e+00 5.728308960574770126e+00 6.232162008634708705e+00 6.260091620160389780e+00 7.134028504976720697e+00 7.239876297660665649e+00 7.824291422661943329e+00 8.073721255741647340e+00 9.866445885491975432e+00 1.016615781584280676e+01 1.084280534371292681e+01 1.124402646103341041e+01 1.261695626213517052e+01 1.297069148793002213e+01 1.313986624124830094e+01 1.334639619411889733e+01 1.364042636405951292e+01 1.380323517040840997e+01 1.438784454357204545e+01 1.460446948464511152e+01 1.632068666572900995e+01 1.646530627785642764e+01 1.672351701533178314e+01 1.678759883995832070e+01 2.036326728546569953e+01 2.064820156179785471e+01 2.198843792081190429e+01 2.205009488409105955e+01
2.596895136273903226e+00 2.833036489458392371e+00 3.059382059684446986e+00 3.471941195556536908e+00 3.631535009366020361e+00 3.705498024630086817e+00 4.866082780075288383e+00 4.906457462404800296e+00 5.570425642413146861e+00 5.706511509024736917e+00 6.108058805155489601e+00 6.156701879202680416e+00 7.100503051899500484e+00 7.225052226763291507e+00 7.770052254964983973e+00 8.050554684685122808e+00 9.916315995826183283e+00 1.029191602542791628e+01 1.056724547609661258e+01 1.103347237833052397e+01 1.256756207736472142e+01 1.297124306023536455e+01 1.321829126349348904e+01 1.329459095785007605e+01 1.368322626840276079e+01 1.391889300256534412e+01 1.424009012318396827e+01 1.447692902847466812e+01 1.641905694693837958e+01 1.655690189428098336e+01 1.674491941157803510e+01 1.682440366843612267e+01 2.037270216581931592e+01 2.069558247729480271e+01 2.207251678871145373e+01 2.214211778692667210e+01
2.562825284526097924e+00 2.856105035928473423e+00 3.020478103458610342e+00 3.529083737594004511e+00 3.667892007456901915e+00 3.699506748305338988e+00 4.928959129693225805e+00 4.973956947789188732e+00 5.574279376685199239e+00 5.708667894181245650e+00 6.005564240380048879e+00 6.074548955058991062e+00 7.079607483595698803e+00 7.217096488149016054e+00 7.733774503864249361e+00 8.030676894858304493e+00 1.000318203317619137e+01 1.032826944786644496e+01 1.045032188602798762e+01 1.082956408604372989e+01 1.253800201517300117e+01 1.297434425364544452e+01 1.323472944943252294e+01 1.327332269458378811e+01 1.377958560146175238e+01 1.402955870765582347e+01 1.411249307833223376e+01 1.434216132812218625e+01 1.648391200298303616e+01 1.661318819957508808e+01 1.674864910297856824e+01 1.684306520066861879e+01 2.038166014310548491e+01 2.073063533436303985e+01 2.212651857104383168e+01 2.220140970639773670e+01
2.550963965682896184e+00 2.870220602274819566e+00 3.000010644251525971e+00 3.554234126904112667e+00 3.680717758837178888e+00 3.692937430602060811e+00 4.947878015690426068e+00 4.997542809974134137e+00 5.585083701847099569e+00 5.715520154744113235e+00 5.961774714498330852e+00 6.040764007950256698e+00 7.072633605168937798e+00 7.214711192949310181e+00 7.720976729676554129e+00 8.022791339779447028e+00 1.010976826398238515e+01 1.017240416097808620e+01 1.058969563708689954e+01 1.067161106733772158e+01 1.252854477749877837e+01 1.297610519743775370e+01 1.322498660097436485e+01 1.327600087094311476e+01 1.387556230520025480e+01 1.396408146018402086e+01 1.420224588466478544e+01 1.420727514157895932e+01 1.650720502567531156e+01 1.663262426514640069e+01 1.674719009811594361e+01 1.684856930697583621e+01 2.038526301314282918e+01 2.074354897220208116e+01 2.214512911591901556e+01 2.222184146859599707e+01
2.561260402154996285e+00 2.901626445036076696e+00 3.005502810856777174e+00 3.500821421946899381e+00 3.695006200644494587e+00 3.744459174023207382e+00 4.953904093845941325e+00 5.002138400674086327e+00 5.560679568352759894e+00 5.669474210168310435e+00 5.994261167353871933e+00 6.065032219393252433e+00 7.072730614704592078e+00 7.203011730084595499e+00 7.739469176523190441e+00 8.024724122351193145e+00 1.007878322486864953e+01 1.019810529908105501e+01 1.058421918778076254e+01 1.068873160917154763e+01 1.245480118468239361e+01 1.295230515256673876e+01 1.313213618317728226e+01 1.340823176607098155e+01 1.377757397118574545e+01 1.397914264318687749e+01 1.421368003005408909e+01 1.435091883582003014e+01 1.646449000722513389e+01 1.655683424468334408e+01 1.681469554720066029e+01 1.686950496547155609e+01 2.039374363079733854e+01 2.073971238176444487e+01 2.214631040500657733e+01 2.224935812855104800e+01
2.594927313745078568e+00 2.947124654021199941e+00 3.043793198924919619e+00 3.417399165801312311e+00 3.711024428304416922e+00 3.856870560773842715e+00 4.968558260637861324e+00 5.012787382226269628e+00 5.506232809370565917e+00 5.568680178472229514e+00 6.058597918268148419e+00 6.116097215152636046e+00 7.072370158243952432e+00 7.169558176622482293e+00 7.791134568749717104e+00 8.031902822348666149e+00 1.001557410552826077e+01 1.024555768660026267e+01 1.057670613856638475e+01 1.072254336068147218e+01 1.227973794563119014e+01 1.272308997844695000e+01 1.323095008199858391e+01 1.352117970167198457e+01 1.370518482752650868e+01 1.393193259880268542e+01 1.439310012794916815e+01 1.452054929785163750e+01 1.636662914485412301e+01 1.644029008681020088e+01 1.689843875048352118e+01 1.691826067409363432e+01 2.041887273623418864e+01 2.073242526195030067e+01 2.214109324324996209e+01 2.233783705731467251e+01
2.648081407047274460e+00 2.949584897318166643e+00 3.114400191726953704e+00 3.335195755349396940e+00 3.766152725837636162e+00 3.982190730003026591e+00 4.984614263307964421e+00 5.024139725397591683e+00 5.444353857468240854e+00 5.454848506396154484e+00 6.121076748908173215e+00 6.166843213299165072e+00 7.066378096529590813e+00 7.120352124234939239e+00 7.866662915384526222e+00 8.047716970865204544e+00 9.938506883480027199e+00 1.027843876295802339e+01 1.059191131643469497e+01 1.074127508796405372e+01 1.204585761307659375e+01 1.241077571395960177e+01 1.336825820763851169e+01 1.355548399897839751e+01 1.376260530271379245e+01 1.393337390787702113e+01 1.459399799714480572e+01 1.468132775805634083e+01 1.625708896785472035e+01 1.632242511507076443e+01 1.693613019575584744e+01 1.699727647217280335e+01 2.045988751635950464e+01 2.073112203447587731e+01 2.212849652494056230e+01 2.248225150288433127e+01
2.703320534130314368e+00 2.927327830091135841e+00 3.152447716219363816e+00 3.263405654693371183e+00 3.878008100947897940e+00 4.106631600720636044e+00 4.995236490613167213e+00 5.038681592901271600e+00 5.334908051638248772e+00 5.399811771648828085e+00 6.166236240227028986e+00 6.206040416334872134e+00 7.034452932172071016e+00 7.075827400248836163e+00 7.953241952127375392e+00 8.076597011064867715e+00 9.853926011885162595e+00 1.026203498031917150e+01 1.064189343379029928e+01 1.072004046103795893e+01 1.177986314229512388e+01 1.206469764571244596e+01 1.347005845497681342e+01 1.359123091420136120e+01 1.389113656863213819e+01 1.399191522910299668e+01 1.478296620982746568e+01 1.481959323841011944e+01 1.616347932671453336e+01 1.621685089144392578e+01 1.695704009603884543e+01 1.706792398550544476e+01 2.051588278458510928e+01 2.074443582737719893e+01 2.211356989272241336e+01 2.267226910000731976e+01
2.737234389745516250e+00 2.884014915494076181e+00 3.148975390858590462e+00 3.212210408468378020e+00 4.024929188352415643e+00 4.218001942095045642e+00 5.007263993513713984e+00 5.059312030337812516e+00 5.240964400709185789e+00 5.360746003082669020e+00 6.186747919588749589e+00 6.229008377220992543e+00 6.972643457863299865e+00 7.043801881809593546e+00 8.033055498011725248e+00 8.125462627000185734e+00 9.762523157026185672e+00 1.020173292694937750e+01 1.063077510397479841e+01 1.068786857765279130e+01 1.152504105300063131e+01 1.171721705603619235e+01 1.353426269280251404e+01 1.366141867249946529e+01 1.403715144549825666e+01 1.407983399395352819e+01 1.492448702454182019e+01 1.495071545726340290e+01 1.609849885537020242e+01 1.613755957738047897e+01 1.696950777574365077e+01 1.712488646034719508e+01 2.058583055967299202e+01 2.077651772569861066e+01 2.210148106850087046e+01 2.289871444120829480e+01
2.733260476398684080e+00 2.821020011922144910e+00 3.130239545800354684e+00 3.177600085183665435e+00 4.147713941336454546e+00 4.320583618007138860e+00 5.035125104557990561e+00 5.086918543203265308e+00 5.186550774993954782e+00 5.335454147168637640e+00 6.179629416154723387e+00 6.232548880690830018e+00 6.911440570937539718e+00 7.003394061238848778e+00 8.092403399177221957e+00 8.196359495152792718e+00 9.660924964111728741e+00 1.011533600240172071e+01 1.047975994635634933e+01 1.063499395792320357e+01 1.133433120840826369e+01 1.141788076953580600e+01 1.359489026304728299e+01 1.373505235137291969e+01 1.416596824801190913e+01 1.418095479267861592e+01 1.500000372369060564e+01 1.508343668414700822e+01 1.606281601521660818e+01 1.609047998865065665e+01 1.698102574490233607e+01 1.716842639874477783e+01 2.066815998100289065e+01 2.082642705719066711e+01 2.209676377711539885e+01 2.315132676140366641e+01
2.694088215446819312e+00 2.745367571491606373e+00 3.113606675293692394e+00 3.145432100895639849e+00 4.194383593568829838e+00 4.422284652129925497e+00 5.080816954941898445e+00 5.131761763471846649e+00 5.180837775337388429e+00 5.332426032904424851e+00 6.146546619896729347e+00 6.214569757134059458e+00 6.862233035921972757e+00 6.954429853293685682e+00 8.138623476172343274e+00 8.271878161658390738e+00 9.543528674094451603e+00 1.001149808573999955e+01 1.028172636324723044e+01 1.044855473040425053e+01 1.118569271527803366e+01 1.125351039937788222e+01 1.365921387929294362e+01 1.379802613718287319e+01 1.424504894341529670e+01 1.430411618369656601e+01 1.504680032864052741e+01 1.517784774095345313e+01 1.605417044683650474e+01 1.606395427512762808e+01 1.699802766429932532e+01 1.719982700072282356e+01 2.075991948118151953e+01 2.088905326218545255e+01 2.210202072850257693e+01 2.341623513879241258e+01
2.634460339052820288e+00 2.668185206185904601e+00 3.093476454466281389e+00 3.112715689369905281e+00 4.187683530082240146e+00 4.488297739469683911e+00 5.140346219154436014e+00 5.175233902963827681e+00 5.232987884941104006e+00 5.363965968203988410e+00 6.096456293317944919e+00 6.173952304254961554e+00 6.827072357162417227e+00 6.902597851563721854e+00 8.179152442749188623e+00 8.337025551266529888e+00 9.409948574944092314e+00 9.885016357323287650e+00 1.009612979036685054e+01 1.018675838052789828e+01 1.107418890041914139e+01 1.118252764156127554e+01 1.372204796826138207e+01 1.384563039410135765e+01 1.431538794697733508e+01 1.440416892953158623e+01 1.507670296002688914e+01 1.522456973636828437e+01 1.604449454858879776e+01 1.606609202665847391e+01 1.702200194797050159e+01 1.722077005962001550e+01 2.085539900114085299e+01 2.095681026854610707e+01 2.211688285050211888e+01 2.367518292243718392e+01
2.566197672430916565e+00 2.602309407442715106e+00 3.062253897439944694e+00 3.085490242618775358e+00 4.161709834042010669e+00 4.514054865813459827e+00 5.174498353922002636e+00 5.211808014346244633e+00 5.344457218886027761e+00 5.427164789982960258e+00 6.043268806956209716e+00 6.111764063975972938e+00 6.803077838164175439e+00 6.854540574452892443e+00 8.217160980181310137e+00 8.384086466499889312e+00 9.277569076349864829e+00 9.697056752254907153e+00 9.957824610868343029e+00 9.977703984356315559e+00 1.101275233013491750e+01 1.112346631273372743e+01 1.377724625501634570e+01 1.387905838888454468e+01 1.438159691785623373e+01 1.447568999270319523e+01 1.509878759652357161e+01 1.522210949122176160e+01 1.603657681590581063e+01 1.608179688642614735e+01 1.704908738532504486e+01 1.723307287171450142e+01 2.094502075018445453e+01 2.102186679285715343e+01 2.213794909088783669e+01 2.390701925870155620e+01
2.503758263599415113e+00 2.552526415353958189e+00 3.029360631317980612e+00 3.062794502927598028e+00 4.134909861684975318e+00 4.520833749264151713e+00 5.198365562480417701e+00 5.233454381138870737e+00 5.470164353495739817e+00 5.499080578318030099e+00 5.999162695897425124e+00 6.033667435579944893e+00 6.786813771404368367e+00 6.816132487975393062e+00 8.257713931575535682e+00 8.407004029132609801e+00 9.176130740145342912e+00 9.459633142540383233e+00 9.865463696597840837e+00 9.873811670899664605e+00 1.098307278690554689e+01 1.106875976096443281e+01 1.382209416129354729e+01 1.390016762247006632e+01 1.444203899245723832e+01 1.451863853578529806e+01 1.510571221132442332e+01 1.519469659371682901e+01 1.604251826859096042e+01 1.609128273205971738e+01 1.707355294364503351e+01 1.723880111921907599e+01 2.101662702825040085e+01 2.107761192522547944e+01 2.215969068917495122e+01 2.409072649450222059e+01
2.460880822932626444e+00 2.520507410387642366e+00 3.005830088251623788e+00 3.046124462500610974e+00 4.116315332961379525e+00 4.522197372098753831e+00 5.216905124397854365e+00 5.244754226401818542e+00 5.538666235752791600e+00 5.591150547191309883e+00 5.953158941111024838e+00 5.971842540428474955e+00 6.776990106078678799e+00 6.791396933232550559e+00 8.305962270228254951e+00 8.400390651846656453e+00 9.127556063086892379e+00 9.263757374728292859e+00 9.815974421372223091e+00 9.821800473214995719e+00 1.097664866464683797e+01 1.102351421282780031e+01 1.385568284681391837e+01 1.390836584954734434e+01 1.448941442606748531e+01 1.453803415590785519e+01 1.507987131488485844e+01 1.518729471278621013e+01 1.605799232398720378e+01 1.608996672766373592e+01 1.709052940590821024e+01 1.724046900614744970e+01 2.106087751409057063e+01 2.111702489007403827e+01 2.217599503863021226e+01 2.420870731629819161e+01
2.445662381038071764e+00 2.509339085035157346e+00 2.997374223398141080e+00 3.039917751434367155e+00 4.109777928036863592e+00 4.522428702902483444e+00 5.224335218363995281e+00 5.248159100284426337e+00 5.558144342390681558e+00 5.640818947845606779e+00 5.912397751292867376e+00 5.961707419157770360e+00 6.773848224907552229e+00 6.782660519276357824e+00 8.346962350382307605e+00 8.374588617426644177e+00 9.135611917520350289e+00 9.167660263554573419e+00 9.802422537784330814e+00 9.803244050829098555e+00 1.098521306988491375e+01 1.099745855281022422e+01 1.387056881567826849e+01 1.390798162014566586e+01 1.450947626524980372e+01 1.454189854401054660e+01 1.506134206749630700e+01 1.518986429085370915e+01 1.607079199799187563e+01 1.608275185946091668e+01 1.709662926830036866e+01 1.724063150671133826e+01 2.107549667125768167e+01 2.113154166645858822e+01 2.218204314058705862e+01 2.424937700894342996e+01
2.229360905814429916e+00 2.234074484799219107e+00 2.949065911608455881e+00 2.953343377961055616e+00 3.961211204221393167e+00 3.963359251518145498e+00 5.245922087145277857e+00 5.262495229472829550e+00 5.442441262013472780e+00 5.447515650265721376e+00 6.101748473435384845e+00 6.108197469375378219e+00 6.984857892112479760e+00 7.018643139604469283e+00 7.949559310557931191e+00 7.950680321607660694e+00 9.369083103093467813e+00 9.376295381455378219e+00 1.097546569349469969e+01 1.098956604591796093e+01 1.173606858285241650e+01 1.175762267327189647e+01 1.329049827413959406e+01 1.365229336389286097e+01 1.426024596054599236e+01 1.426695406325601034e+01 1.474699890694947690e+01 1.502430314200160666e+01 1.696266109012444190e+01 1.696714330101666590e+01 1.874349162682471359e+01 1.874720382578139066e+01 1.926225016746923302e+01 2.064017122469630294e+01 2.174803449284809176e+01 2.227068250466555099e+01
2.242805831840964270e+00 2.252886024389779696e+00 2.952356392355911296e+00 2.974730201557371778e+00 3.951638614406599359e+00 3.968479151189397314e+00 5.222235772234772533e+00 5.251981055282542776e+00 5.420375520358175159e+00 5.504976148327434871e+00 6.092890443555716296e+00 6.109638022686375791e+00 6.968911191549012507e+00 7.038274820150698829e+00 7.944386654842802820e+00 7.974839812587007692e+00 9.375342619174388048e+00 9.406174006935707155e+00 1.097964915509190931e+01 1.099277042255638648e+01 1.174763183047657655e+01 1.177161924449362829e+01 1.329925576976604518e+01 1.365695766375714548e+01 1.423872622930689680e+01 1.426187769468759470e+01 1.475299741842606593e+01 1.501570348567295277e+01 1.695432095767424130e+01 1.695989134170632795e+01 1.859564247978165241e+01 1.870770745093125598e+01 1.939363255076623460e+01 2.062309417950195467e+01 2.174388125994604337e+01 2.227142405168096317e+01
2.284274508552196270e+00 2.304663319085161088e+00 2.976601575841589575e+00 3.021743356423348015e+00 3.933989663825737892e+00 3.974323723776047590e+00 5.168780375458108978e+00 5.226231881999503948e+00 5.427782014752176920e+00 5.576308065468391639e+00 6.075840442400118668e+00 6.105398410339432758e+00 6.954093983989870331e+00 7.062610975022018955e+00 7.960049000308212719e+00 8.008547167542561240e+00 9.382031551690767301e+00 9.503523890676483177e+00 1.099114710815473117e+01 1.100394231322454175e+01 1.178312767158027263e+01 1.181360187929964667e+01 1.332409994126018482e+01 1.367019196502406331e+01 1.417911580159802831e+01 1.424043088536014068e+01 1.476781544096619037e+01 1.499173854449855625e+01 1.693031919631189552e+01 1.693691690433210795e+01 1.831236603156112608e+01 1.860168763536843173e+01 1.961892405635074255e+01 2.057838473763604981e+01 2.173396452860026429e+01 2.227259008532826456e+01
2.349615760330880487e+00 2.382829788285345085e+00 3.019754091015023345e+00 3.087023784793865300e+00 3.909504005888993827e+00 3.982732570137110351e+00 5.111558104779863498e+00 5.191032856072482993e+00 5.447389006892151997e+00 5.638092423057307734e+00 6.055068848473344367e+00 6.094757846374230681e+00 6.951864667078337057e+00 7.077253109498495398e+00 7.990806997311235449e+00 8.038881067587585250e+00 9.402266455356384611e+00 9.639332728890392943e+00 1.100387267447104023e+01 1.102879368247189085e+01 1.184341245070738857e+01 1.188591993612753228e+01 1.336095492155188680e+01 1.368967257352401212e+01 1.407980973113172674e+01 1.420168574693743935e+01 1.478176253766092074e+01 1.495778550356751246e+01 1.688737824517285802e+01 1.690150565196489651e+01 1.800745256962610696e+01 1.843105571124325337e+01 1.983482801755562619e+01 2.052291077068059622e+01 2.172534267481548298e+01 2.227190930968533067e+01
2.429785774826519695e+00 2.478583583622459230e+00 3.075325030099773205e+00 3.160428152801218804e+00 3.881100163826916472e+00 3.992069794289342166e+00 5.064659748513356874e+00 5.149920636209636804e+00 5.467462194928019770e+00 5.676721354394386410e+00 6.034532975940241073e+00 6.081638023234644308e+00 6.958134801263200053e+00 7.084423367724075327e+00 8.024141717184427591e+00 8.057337243312481689e+00 9.445612003707145377e+00 9.777093264900450720e+00 1.101586832156521290e+01 1.106152348865375146e+01 1.192980384945572681e+01 1.199349791291307277e+01 1.340360986515436004e+01 1.371052000837009999e+01 1.394248974195887847e+01 1.414554712386509294e+01 1.477917284892231997e+01 1.492100943600008200e+01 1.682390637629635677e+01 1.685738752382021488e+01 1.771425664093225905e+01 1.820903348255477638e+01 2.001717565077537486e+01 2.047697390360778513e+01 2.172811900415943143e+01 2.226750029972179945e+01
2.511623355150224501e+00 2.581408207169192615e+00 3.137261488401572596e+00 3.227860626823451096e+00 3.853318142417358594e+00 3.993998020809230276e+00 5.036254167351246203e+00 5.107394586687447280e+00 5.481471503517434840e+00 5.685000558367539369e+00 6.019256573590809012e+00 6.071183761864805462e+00 6.963332386636613691e+00 7.093595585446413665e+00 8.047543598854723257e+00 8.060611463392641340e+00 9.516860503635603763e+00 9.886466527861752951e+00 1.102283525054566837e+01 1.108504767893769838e+01 1.204078796478833091e+01 1.214112747811441473e+01 1.344411207530165164e+01 1.370510891162618528e+01 1.379723439001202578e+01 1.407530743574046639e+01 1.474765290081102798e+01 1.488007136333447455e+01 1.674656213939625360e+01 1.680525120762203528e+01 1.745276222760344353e+01 1.795756519910541371e+01 2.015750638515192605e+01 2.045531080312608907e+01 2.175272274072568024e+01 2.225867175619722360e+01
2.580475199878466963e+00 2.679014391938524753e+00 3.204328782307811707e+00 3.275477012985391401e+00 3.829886895359209564e+00 3.973320281849439084e+00 5.028372394554604163e+00 5.070467481060696002e+00 5.488988584297274542e+00 5.665129745299618769e+00 6.012122315448436893e+00 6.065775913238486972e+00 6.960537446231989556e+00 7.112962884321023971e+00 8.047105673356407252e+00 8.055890194676329941e+00 9.612720726587394182e+00 9.958784503788301379e+00 1.101334393776997267e+01 1.108251898915201750e+01 1.216934774060821134e+01 1.232213894595853354e+01 1.347077653144921072e+01 1.355768464813597873e+01 1.377282953083354577e+01 1.400248587303814318e+01 1.468986061308957680e+01 1.481625925426364709e+01 1.666866182044668321e+01 1.674670879266820833e+01 1.723624507817068974e+01 1.770273127382947820e+01 2.026065765128527474e+01 2.045821076427032992e+01 2.180516377260984129e+01 2.224582923843731308e+01
2.625411942950367727e+00 2.755763653531021262e+00 3.276436933537606233e+00 3.303137918784628368e+00 3.806082484305199465e+00 3.916694460375194975e+00 5.031185005131573185e+00 5.046757501382796107e+00 5.500145472064434493e+00 5.629143658211919643e+00 6.010574578916171973e+00 6.063606510123534576e+00 6.954202008131315615e+00 7.140472985147690466e+00 8.015377706038087524e+00 8.052013635736937402e+00 9.724169268117334397e+00 1.000294438069613356e+01 1.097001738865610143e+01 1.105143450067731692e+01 1.230429218688242621e+01 1.251133089610304161e+01 1.337170959080360610e+01 1.348654572211215985e+01 1.376982527379729859e+01 1.395213754623279101e+01 1.460942007442986146e+01 1.471713591918475927e+01 1.660704052933973429e+01 1.668499490795734275e+01 1.707014820132732780e+01 1.746631253211036494e+01 2.034058216547356324e+01 2.047589822084209388e+01 2.188241667510508393e+01 2.223012279200592545e+01
2.642708620889389959e+00 2.795984550407878189e+00 3.330417263303421027e+00 3.343763910746128332e+00 3.751325300810079977e+00 3.845046223619131620e+00 5.024425313850994002e+00 5.038799939258820082e+00 5.530762029438431426e+00 5.593600720101945534e+00 6.008042870601468799e+00 6.061820877067785496e+00 6.955410615584411538e+00 7.168542405399180417e+00 7.964037149938471671e+00 8.042891996364208040e+00 9.841883726060572712e+00 1.003207041124506027e+01 1.088320444978023893e+01 1.099795870290656552e+01 1.242585732130810072e+01 1.267875310475895567e+01 1.323817282473989998e+01 1.346084890178731541e+01 1.375455196773446431e+01 1.394610693902900422e+01 1.449564052765300737e+01 1.460230589290203795e+01 1.657254660505518018e+01 1.662632023582346719e+01 1.695088918630489516e+01 1.726071912449400259e+01 2.039119601034787976e+01 2.051717239104472412e+01 2.197256113339391703e+01 2.221333378396631630e+01
2.632550803645602233e+00 2.803475072660950751e+00 3.352550996454251475e+00 3.383178178837197514e+00 3.664280159550097782e+00 3.799564413363880622e+00 5.004289921152740739e+00 5.032122425855318326e+00 5.568313064726095440e+00 5.588969791749445193e+00 5.998916657925545515e+00 6.058530480164398213e+00 6.973667091699137899e+00 7.191069447049162733e+00 7.895308959821439210e+00 8.033759550337046917e+00 9.958445066138631674e+00 1.005606042720120108e+01 1.076861370866605405e+01 1.092206584345031395e+01 1.250547400026104050e+01 1.280710719806623565e+01 1.317763011526050398e+01 1.340864922087306788e+01 1.375079615255564747e+01 1.397417898862863339e+01 1.434835471333910206e+01 1.449727886711657554e+01 1.655871354805920248e+01 1.658457384436260185e+01 1.686814925540200605e+01 1.709110797820934025e+01 2.040193217017334604e+01 2.059110825001075540e+01 2.205919622529243540e+01 2.219849551635641660e+01
2.600057563599243782e+00 2.808662628868912492e+00 3.243185562274346179e+00 3.449371482677004330e+00 3.651605411687067537e+00 3.756785073129689234e+00 4.977496639661810107e+00 5.019290236618966894e+00 5.569535024618045504e+00 5.648275318690765268e+00 5.983577905215119230e+00 6.052330513420709934e+00 7.010527118008095471e+00 7.205511208175288118e+00 7.817492308581472038e+00 8.027257649389747840e+00 1.006155160761711720e+01 1.008310285824786412e+01 1.065899146229185668e+01 1.082714845838230033e+01 1.253229482971965858e+01 1.289739671266103471e+01 1.318533561623412886e+01 1.334616733498106278e+01 1.377432323356399380e+01 1.401871014032364826e+01 1.420442224308344237e+01 1.439667269872173883e+01 1.653288117298099635e+01 1.659037682444896689e+01 1.681027907355604256e+01 1.696089429330785947e+01 2.039587201952379658e+01 2.066805575124288197e+01 2.212277387628795466e+01 2.219353188535880506e+01
2.565323019799269577e+00 2.836072654215485489e+00 3.087203848256439453e+00 3.517591549934922845e+00 3.679101745497897813e+00 3.709812161106971651e+00 4.955943464933488585e+00 5.004289490459036926e+00 5.579462505351945545e+00 5.696797221720639293e+00 5.968346198645316569e+00 6.044578205146529548e+00 7.052758202986828096e+00 7.212669623692598897e+00 7.749519996616689888e+00 8.023809901145622092e+00 1.009862364605729823e+01 1.014596905477854172e+01 1.059492063631051906e+01 1.072829718006706479e+01 1.253146800648065096e+01 1.295476909640633778e+01 1.321491135300932207e+01 1.329401547256786209e+01 1.382605788046371487e+01 1.402207500200259460e+01 1.413996079471966105e+01 1.429730669023533274e+01 1.651349102306278738e+01 1.661606232319588727e+01 1.676805996852066372e+01 1.687704071277141438e+01 2.038832904425826698e+01 2.072348743505999735e+01 2.214380042675907490e+01 2.221022806450958598e+01
2.550963965682896184e+00 2.870220602274819566e+00 3.000010644251525971e+00 3.554234126904112667e+00 3.680717758837178888e+00 3.692937430602060811e+00 4.947878015690426068e+00 4.997542809974134137e+00 5.585083701847099569e+00 5.715520154744113235e+00 5.961774714498330852e+00 6.040764007950256698e+00 7.072633605168937798e+00 7.214711192949310181e+00 7.720976729676554129e+00 8.022791339779447028e+00 1.010976826398238515e+01 1.017240416097808620e+01 1.058969563708689954e+01 1.067161106733772158e+01 1.252854477749877837e+01 1.297610519743775370e+01 1.322498660097436485e+01 1.327600087094311476e+01 1.387556230520025480e+01 1.396408146018402086e+01 1.420224588466478544e+01 1.420727514157895932e+01 1.650720502567531156e+01 1.663262426514640069e+01 1.674719009811594361e+01 1.684856930697583621e+01 2.038526301314282918e+01 2.074354897220208116e+01 2.214512911591901556e+01 2.222184146859599707e+01
