0.000000000000000000e+00
2.558835424433519856e-02
5.117670848867039712e-02
7.676506273300559569e-02
1.023534169773407942e-01
1.279417712216759928e-01
1.535301254660111914e-01
1.791184797103463899e-01
2.047068339546815885e-01
2.336523885884521368e-01
2.625979432222226850e-01
2.915434978559932055e-01
3.204890524897637816e-01
3.494346071235343021e-01
3.736822773220158100e-01
3.979299475204973735e-01
4.221776177189788815e-01
4.464252879174603894e-01
4.706729581159418974e-01
4.949206283144234053e-01
5.191682985129049133e-01
5.434159687113864212e-01
5.676636389098679292e-01
5.919113091083495481e-01
6.161589793068310561e-01
6.404066495053125641e-01
6.645279450334546922e-01
6.886492405615968204e-01
7.127705360897389486e-01
7.368918316178810768e-01
7.610131271460232050e-01
7.851344226741652221e-01
8.107227769185003652e-01
8.363111311628356193e-01
8.618994854071708733e-01
8.874878396515060164e-01
9.130761938958411594e-01
9.386645481401764135e-01
9.642529023845116676e-01
9.898412566288468106e-01
1.012223721427445211e+00
1.034606186226043389e+00
1.056988651024641790e+00
1.079371115823240190e+00
1.101753580621838369e+00
1.124136045420436769e+00
1.146518510219035170e+00
1.168900975017633348e+00
1.191283439816231748e+00
1.213665904614830149e+00
1.236048369413428327e+00
1.258430834212026728e+00
1.280813299010625128e+00
1.303558501750081033e+00
1.326303704489537161e+00
1.349048907228993066e+00
1.371794109968448971e+00
1.394539312707904877e+00
1.417284515447360782e+00
1.440029718186816909e+00
1.462774920926272815e+00
1.485520123665728720e+00
1.485520123665728720e+00
1.507902588464327120e+00
1.530285053262925299e+00
1.552667518061523699e+00
1.575049982860122100e+00
1.597432447658720278e+00
1.619814912457318679e+00
1.642197377255917079e+00
1.664579842054515257e+00
1.686962306853113658e+00
1.709344771651712058e+00
1.731727236450310237e+00
1.754109701248908637e+00
1.776492166047507038e+00
1.776492166047507038e+00
1.798874630846105438e+00
1.821257095644703616e+00
1.843639560443302017e+00
1.866022025241900417e+00
1.888404490040498596e+00
1.910786954839096996e+00
1.933169419637695396e+00
1.955551884436293575e+00
1.977934349234891975e+00
2.000316814033490154e+00
2.022699278832088776e+00
2.045081743630686955e+00
2.067464208429285133e+00
2.067464208429285133e+00
2.090209411168741038e+00
2.112954613908196944e+00
2.135699816647652849e+00
2.158445019387109198e+00
2.181190222126565104e+00
2.203935424866021009e+00
2.226680627605476914e+00
2.249425830344932820e+00
2.272171033084388725e+00
