0.000000000000000000e+00
2.400784734093839787e-02
4.801569468187679574e-02
7.202354202281519013e-02
9.603138936375359147e-02
1.174395583424629880e-01
1.388477273211723984e-01
1.602558962998817949e-01
1.816640652785911914e-01
2.030722342573005879e-01
2.244804032360099844e-01
2.458885722147193809e-01
2.672967411934287774e-01
2.887049101721381739e-01
3.101130791508475704e-01
3.101130791508475704e-01
3.313085711694520041e-01
3.525040631880564934e-01
3.736995552066609272e-01
3.948950472252654165e-01
4.160905392438698502e-01
4.372860312624743395e-01
4.584815232810787733e-01
4.796770152996832071e-01
5.008725073182876963e-01
5.220679993368921856e-01
5.432634913554965639e-01
5.636250344167230697e-01
5.839865774779495755e-01
6.043481205391760813e-01
6.247096636004025871e-01
6.450712066616292040e-01
6.654327497228557098e-01
6.857942927840822156e-01
7.061558358453087214e-01
7.265173789065352272e-01
7.468789219677617330e-01
7.672404650289883499e-01
7.876020080902148557e-01
8.079635511514413615e-01
8.283250942126678673e-01
8.486866372738943731e-01
8.690481803351208789e-01
8.894097233963473847e-01
9.097712664575738906e-01
9.301328095188003964e-01
9.301328095188003964e-01
9.510128138906341899e-01
9.718928182624679835e-01
9.927728226343017770e-01
1.013652827006135571e+00
1.034532831377969364e+00
1.055412835749803158e+00
1.076292840121637173e+00
1.097172844493470967e+00
1.118052848865304760e+00
1.138932853237138554e+00
1.159812857608972347e+00
1.180692861980806141e+00
1.201572866352639934e+00
1.222452870724473728e+00
1.243332875096307522e+00
1.264212879468141315e+00
1.285092883839975109e+00
1.305972888211809124e+00
1.326852892583642696e+00
1.347346839491334602e+00
1.367840786399026287e+00
1.388334733306718194e+00
1.408828680214410101e+00
1.429322627122101785e+00
1.449816574029793692e+00
1.470310520937485599e+00
1.490804467845177284e+00
1.511298414752869190e+00
1.531792361660560875e+00
1.552286308568252782e+00
1.572780255475944688e+00
1.593274202383636373e+00
1.613768149291328280e+00
1.634262096199019965e+00
1.654756043106711871e+00
1.654756043106711871e+00
1.674664618588534326e+00
1.694573194070357003e+00
1.714481769552179458e+00
1.734390345034001912e+00
1.754298920515824589e+00
1.774207495997647044e+00
1.794116071479469499e+00
1.814024646961291953e+00
1.833933222443114630e+00
1.853841797924937085e+00
1.873750373406759540e+00
1.893658948888582216e+00
1.913567524370404671e+00
1.933476099852227126e+00
1.953384675334049803e+00
1.973293250815872257e+00
1.993201826297694712e+00
