-1.037947461320980036e+00
-9.090017862209608390e-01
-7.800561111209417531e-01
-6.511104360209225561e-01
-5.221647609209033591e-01
-3.932190858208841622e-01
-2.642734107208650207e-01
-1.353277356208459070e-01
-6.382060520826699640e-03
1.225636145791925147e-01
2.515092896792117672e-01
3.804549647792307421e-01
5.094006398792499946e-01
6.383463149792691915e-01
7.672919900792881664e-01
8.962376651793073634e-01
1.025183340279326671e+00
1.154129015379345757e+00
1.283074690479365065e+00
1.412020365579384373e+00
1.540966040679403459e+00
1.669911715779422323e+00
1.798857390879441631e+00
1.927803065979460717e+00
2.056748741079479803e+00
2.185694416179499111e+00
2.314640091279518419e+00
2.443585766379537727e+00
2.572531441479556591e+00
2.701477116579575455e+00
2.830422791679594763e+00
2.959368466779614515e+00
3.088314141879633379e+00
3.217259816979652243e+00
3.346205492079671551e+00
3.475151167179690415e+00
3.604096842279710167e+00
3.733042517379729031e+00
3.861988192479749227e+00
3.990933867579767202e+00
4.119879542679786510e+00
4.248825217779806707e+00
4.377770892879824238e+00
4.506716567979843546e+00
4.635662243079863742e+00
4.764607918179883050e+00
4.893553593279901470e+00
5.022499268379920778e+00
5.151444943479940086e+00
5.280390618579958506e+00
5.409336293679977814e+00
5.538281968779998010e+00
5.667227643880017318e+00
5.796173318980034850e+00
5.925118994080055046e+00
6.054064669180074354e+00
6.183010344280092774e+00
6.311956019380112082e+00
6.440901694480131390e+00
6.569847369580149810e+00
6.698793044680169118e+00
6.827738719780189314e+00
6.956684394880208622e+00
7.085630069980227042e+00
7.214575745080246350e+00
7.343521420180265658e+00
7.472467095280284077e+00
7.601412770380303385e+00
7.730358445480322693e+00
7.859304120580342889e+00
7.988249795680360421e+00
8.117195470780380617e+00
8.246141145880400813e+00
8.375086820980417457e+00
8.504032496080437653e+00
8.632978171180457849e+00
8.761923846280476269e+00
8.890869521380494689e+00
9.019815196480514885e+00
9.148760871580533305e+00
9.277706546680553501e+00
9.406652221780571921e+00
9.535597896880592117e+00
9.664543571980610537e+00
9.793489247080628957e+00
9.922434922180649153e+00
1.005138059728066757e+01
1.018032627238068777e+01
1.030927194748070619e+01
1.043821762258072461e+01
1.056716329768074480e+01
1.069610897278076322e+01
1.082505464788078342e+01
1.095400032298080184e+01
1.108294599808082204e+01
1.121189167318084046e+01
1.134083734828085888e+01
1.146978302338087907e+01
1.159872869848089749e+01
1.172767437358091769e+01
1.185662004868093611e+01
1.198556572378095630e+01
1.211451139888097472e+01
1.224345707398099314e+01
1.237240274908101334e+01
1.250134842418103176e+01
1.263029409928105018e+01
1.275923977438107038e+01
1.288818544948109057e+01
1.301713112458110899e+01
1.314607679968112741e+01
1.327502247478114761e+01
1.340396814988116603e+01
1.353291382498118445e+01
1.366185950008120464e+01
1.379080517518122484e+01
1.391975085028124148e+01
1.404869652538126168e+01
1.417764220048128010e+01
1.430658787558130207e+01
1.443553355068131872e+01
1.456447922578133714e+01
1.469342490088135911e+01
1.482237057598137575e+01
1.495131625108139772e+01
1.508026192618141614e+01
1.520920760128143456e+01
1.533815327638145654e+01
1.546709895148147496e+01
1.559604462658149338e+01
1.572499030168151357e+01
1.585393597678153199e+01
1.598288165188155041e+01
1.611182732698157238e+01
1.624077300208158903e+01
1.636971867718160922e+01
1.649866435228162942e+01
1.662761002738164606e+01
1.675655570248166626e+01
1.688550137758168646e+01
1.701444705268170310e+01
1.714339272778172329e+01
1.727233840288174349e+01
1.740128407798176013e+01
1.753022975308178388e+01
1.765917542818180053e+01
1.778812110328181717e+01
1.791706677838184092e+01
1.804601245348185756e+01
1.817495812858187776e+01
1.830390380368189795e+01
1.843284947878191460e+01
1.856179515388193479e+01
1.869074082898195499e+01
1.881968650408197163e+01
1.894863217918199183e+01
1.907757785428201203e+01
1.920652352938202867e+01
1.933546920448204887e+01
1.946441487958206906e+01
1.959336055468208926e+01
1.972230622978210590e+01
1.985125190488212610e+01
1.998019757998214629e+01
2.010914325508216649e+01
2.023808893018218313e+01
2.036703460528220333e+01
2.049598028038222353e+01
2.062492595548224017e+01
2.075387163058226037e+01
2.088281730568228056e+01
2.101176298078229721e+01
2.114070865588231740e+01
2.126965433098233760e+01
2.139860000608235779e+01
2.152754568118237444e+01
2.165649135628239463e+01
2.178543703138241483e+01
2.191438270648243147e+01
2.204332838158245167e+01
2.217227405668247187e+01
2.230121973178249206e+01
2.243016540688250871e+01
2.255911108198252890e+01
2.268805675708254910e+01
2.281700243218256574e+01
2.294594810728258594e+01
2.307489378238260613e+01
2.320383945748262633e+01
2.333278513258264297e+01
2.346173080768266317e+01
2.359067648278268337e+01
2.371962215788270001e+01
2.384856783298272020e+01
2.397751350808274040e+01
2.410645918318275704e+01
2.423540485828277724e+01
2.436435053338279744e+01
2.449329620848281408e+01
2.462224188358283428e+01
