# Frequency(THz)  DOS_Intensity
-3.145495048562632956e+00 8.263925673186112847e-03
-3.006319498048178218e+00 3.864826393550000461e+01
-2.867143947533723036e+00 1.416301384863213570e+02
-2.727968397019268298e+00 3.372582546736401241e+02
-2.588792846504813117e+00 5.779596265049563044e+02
-2.449617295990357935e+00 8.105261099217066203e+02
-2.310441745475903197e+00 1.146788032608406183e+03
-2.171266194961448015e+00 1.375816307935363284e+03
-2.032090644446993277e+00 1.473801632201110124e+03
-1.892915093932538095e+00 1.651408653766649195e+03
-1.753739543418083358e+00 1.857952911435285387e+03
-1.614563992903628398e+00 1.997890856210932270e+03
-1.475388442389173660e+00 2.105193490981711875e+03
-1.336212891874718700e+00 2.214484219220101295e+03
-1.197037341360263740e+00 2.318497213741199630e+03
-1.057861790845808780e+00 2.316293172580690225e+03
-9.186862403313537095e-01 2.238366859323982681e+03
-7.795106898168987497e-01 2.059229919370528933e+03
-6.403351393024436788e-01 1.793376941554678524e+03
-5.011595887879887190e-01 1.502420632805479272e+03
-3.619840382735337592e-01 1.140235109430724606e+03
-2.228084877590787716e-01 7.285144740290244272e+02
-8.363293724462378398e-02 2.725154847411537844e+02
5.554261326983121055e-02 1.860389610396272815e+02
1.947181637842857749e-01 6.623718031127318682e+02
3.338937142987407625e-01 1.152351893229066718e+03
4.730692648131957223e-01 1.720698075557879065e+03
6.122448153276507377e-01 2.345808540608357816e+03
7.514203658421056975e-01 3.093363233951742586e+03
8.905959163565606573e-01 3.851903510764771909e+03
1.029771466871015617e+00 4.825686778088434039e+03
1.168947017385470577e+00 5.981874733937845122e+03
1.308122567899925759e+00 6.964902238953130109e+03
1.447298118414380719e+00 7.906330959249959051e+03
1.586473668928835679e+00 8.992659365264984444e+03
1.725649219443290638e+00 9.218165469208568538e+03
1.864824769957745598e+00 9.920079957723601183e+03
2.004000320472200780e+00 1.028153847246820806e+04
2.143175870986655518e+00 1.043189819514526425e+04
2.282351421501110700e+00 1.029088358282234367e+04
2.421526972015565438e+00 1.044639344627795435e+04
2.560702522530020619e+00 1.030402739880046283e+04
2.699878073044475357e+00 1.026573880112255392e+04
2.839053623558930539e+00 1.054853965983470698e+04
2.978229174073385277e+00 1.039598468919027073e+04
3.117404724587840459e+00 1.039588293034756316e+04
3.256580275102295641e+00 9.950970894353495169e+03
3.395755825616750379e+00 1.012855534961812918e+04
3.534931376131204672e+00 9.767022273720538578e+03
3.674106926645659410e+00 9.353754233267531163e+03
3.813282477160114592e+00 9.166910293393648317e+03
3.952458027674569774e+00 9.330203858077471523e+03
4.091633578189024512e+00 9.411077233774638444e+03
4.230809128703479693e+00 9.485306441407356033e+03
4.369984679217934875e+00 9.459884547664116326e+03
4.509160229732389169e+00 9.118047613445603929e+03
4.648335780246844351e+00 9.837474746133024382e+03
4.787511330761299533e+00 9.456664860083890744e+03
4.926686881275754715e+00 9.255373973541443775e+03
5.065862431790209008e+00 8.846172516516882752e+03
5.205037982304664190e+00 9.021416023604511793e+03
5.344213532819119372e+00 8.677993021231084640e+03
5.483389083333574554e+00 8.720601290185069956e+03
5.622564633848029736e+00 8.521142728006794641e+03
5.761740184362484030e+00 8.699004158664725765e+03
5.900915734876939212e+00 7.998145069610137398e+03
6.040091285391394393e+00 8.185958892597981503e+03
6.179266835905849575e+00 8.089524561940806052e+03
6.318442386420304757e+00 8.618190939525899012e+03
6.457617936934759051e+00 7.955706672069013621e+03
6.596793487449214233e+00 7.389927355378546963e+03
6.735969037963669415e+00 6.993207657504392046e+03
6.875144588478124597e+00 6.084252532260670705e+03
7.014320138992578890e+00 6.035398936254737237e+03
7.153495689507034072e+00 6.259043388415812842e+03
7.292671240021489254e+00 6.045738787001805576e+03
7.431846790535944436e+00 7.061204819947950455e+03
7.571022341050399618e+00 6.942189041988523059e+03
7.710197891564853911e+00 5.612250606940990110e+03
7.849373442079309093e+00 7.249346796006737350e+03
7.988548992593764275e+00 7.009220949535532782e+03
8.127724543108218569e+00 4.006046472589132463e+03
8.266900093622673751e+00 6.439115549415017995e+03
8.406075644137128933e+00 5.565927649860251222e+03
8.545251194651584115e+00 6.078391036595670812e+03
8.684426745166039296e+00 6.669837700525074979e+03
8.823602295680494478e+00 5.742333837421723729e+03
8.962777846194949660e+00 6.421120337170638777e+03
9.101953396709404842e+00 5.491094407443430100e+03
9.241128947223858248e+00 5.866714930775879111e+03
9.380304497738313430e+00 5.561455824908973227e+03
9.519480048252768611e+00 4.717260002929496295e+03
9.658655598767223793e+00 4.699692420886090986e+03
9.797831149281678975e+00 6.038363968538905283e+03
9.937006699796134157e+00 5.980416644814077699e+03
1.007618225031058934e+01 7.387819280319967220e+03
1.021535780082504274e+01 5.882331976157216559e+03
1.035453335133949793e+01 6.971734049606329791e+03
1.049370890185395311e+01 6.679060009508293660e+03
1.063288445236840651e+01 6.202305410127346477e+03
1.077206000288286170e+01 6.971727421994727592e+03
1.091123555339731688e+01 5.750620966856221457e+03
1.105041110391177206e+01 6.005614587788481913e+03
1.118958665442622724e+01 7.569727943504296491e+03
1.132876220494068242e+01 7.116589881345569665e+03
1.146793775545513761e+01 6.567718953783690267e+03
1.160711330596959279e+01 7.297481507957862959e+03
1.174628885648404797e+01 6.384020709674038699e+03
1.188546440699850137e+01 5.289402917287185119e+03
1.202463995751295833e+01 6.206233170887940105e+03
1.216381550802741174e+01 5.613242694823280544e+03
1.230299105854186870e+01 5.267541060900825869e+03
1.244216660905632210e+01 5.941271622259220749e+03
1.258134215957077906e+01 6.794527974657696177e+03
1.272051771008523247e+01 6.098583074920928084e+03
1.285969326059968942e+01 6.019848042856099710e+03
1.299886881111414283e+01 6.733874338972389523e+03
1.313804436162859801e+01 6.007603997670841636e+03
1.327721991214305142e+01 5.833194255053621418e+03
1.341639546265750838e+01 5.193908180392128997e+03
1.355557101317196178e+01 5.937788601155192737e+03
1.369474656368641874e+01 4.871706531201994949e+03
1.383392211420087214e+01 5.643231398609928874e+03
1.397309766471532910e+01 4.718935633466989202e+03
1.411227321522978251e+01 5.215190454122594019e+03
1.425144876574423769e+01 4.084071412247329590e+03
1.439062431625869110e+01 4.117314352276959653e+03
1.452979986677314805e+01 3.819791876732609580e+03
1.466897541728760146e+01 5.366640396914242046e+03
1.480815096780205486e+01 4.925636019137181393e+03
1.494732651831651182e+01 6.070989219423451686e+03
1.508650206883096523e+01 5.104633384889420995e+03
1.522567761934542219e+01 4.812371555612024167e+03
1.536485316985987559e+01 4.010512485831638969e+03
1.550402872037433255e+01 3.707535626472544664e+03
1.564320427088878418e+01 4.948432295215119666e+03
1.578237982140324114e+01 4.253485771406371896e+03
1.592155537191769454e+01 3.652723296997268790e+03
1.606073092243215328e+01 4.942744050742388026e+03
1.619990647294660491e+01 5.229058288596146667e+03
1.633908202346106009e+01 5.072483038517722889e+03
1.647825757397551527e+01 4.853582690650340737e+03
1.661743312448997045e+01 5.764806046068339128e+03
1.675660867500442563e+01 4.126857055161631251e+03
1.689578422551888082e+01 5.790402525350586984e+03
1.703495977603333600e+01 5.422923876635160923e+03
1.717413532654779118e+01 4.795478279958394523e+03
1.731331087706224636e+01 4.029228894751846383e+03
1.745248642757670154e+01 2.522830471693584059e+03
1.759166197809115317e+01 3.589038727684248897e+03
1.773083752860561191e+01 4.101144710414238034e+03
1.787001307912006354e+01 4.101995308452610516e+03
1.800918862963452227e+01 3.611686792829410479e+03
1.814836418014897390e+01 3.081504219247718538e+03
1.828753973066343264e+01 4.689901947291737088e+03
1.842671528117788426e+01 1.870473973259523291e+03
1.856589083169234300e+01 8.914255775988401638e+02
1.870506638220679463e+01 1.072244630784951369e+03
1.884424193272124981e+01 3.588427189168229233e+03
1.898341748323570499e+01 5.239297517533689643e+03
1.912259303375016017e+01 8.360523032635701384e+02
1.926176858426461536e+01 3.179237404162512348e+02
1.940094413477907054e+01 2.545981516195072629e+02
1.954011968529352572e+01 1.535049997125381196e+03
1.967929523580798090e+01 5.425532255278332741e+03
1.981847078632243608e+01 1.885557192746204464e+03
1.995764633683689127e+01 4.115693482603741359e+03
2.009682188735134289e+01 2.175022479720080810e+03
2.023599743786580163e+01 2.115440698044591212e-04
2.037517298838025326e+01 1.124616510138352715e-24
2.051434853889471199e+01 6.952885052463301977e-06
2.065352408940916362e+01 2.660158092402288275e+03
2.079269963992362236e+01 3.531807049745979299e+01
2.093187519043807399e+01 3.549724603893856176e-13
2.107105074095253272e+01 2.192405148755926210e-41
2.121022629146698435e+01 6.319826770105727613e-84
2.134940184198143953e+01 1.798022648790256654e-87
2.148857739249589471e+01 1.004388753279172548e-43
2.162775294301034990e+01 2.427146558289866461e-14
2.176692849352480508e+01 2.672310081987340524e+01
2.190610404403926026e+01 1.452709052353886818e+02
2.204527959455371544e+01 4.162088572695425209e-12
2.218445514506817062e+01 6.183974409875543885e-40
2.232363069558262580e+01 1.138341438265999200e-79
2.246280624609708099e+01 3.437873912525957552e-38
2.260198179661153262e+01 4.711602953371887387e-11
2.274115734712599135e+01 3.043019306917728386e+02
2.288033289764044298e+01 9.580708922359239210e+00
2.301950844815490171e+01 1.476400623079816686e-15
2.315868399866935334e+01 1.082683604187261357e-45
2.329785954918381208e+01 1.793331535472434903e-75
2.343703509969826371e+01 2.961390183127620962e-35
2.357621065021271889e+01 2.238113946198906827e-09
2.371538620072717407e+01 8.243767991411033336e+02
2.385456175124162925e+01 1.557644498140918987e+00
2.399373730175608443e+01 3.378951183375257642e+03
2.413291285227053606e+01 8.688049192061620177e-06
2.427208840278499480e+01 2.104278661154761452e-11
2.441126395329944643e+01 2.096439836463922006e+02
2.455043950381390516e+01 2.026431348656679887e+01
