0.000000000000000000e+00
2.357956097791447103e-02
4.715912195582894206e-02
7.073868293374341309e-02
9.431824391165788413e-02
1.178978048895723552e-01
1.414773658674868262e-01
1.650569268454012972e-01
1.876387559053347420e-01
2.102205849652681868e-01
2.328024140252016594e-01
2.553842430851350764e-01
2.779660721450685212e-01
3.005479012050020216e-01
3.231297302649354664e-01
3.457115593248689112e-01
3.682933883848023560e-01
3.682933883848023560e-01
3.896004165773268579e-01
4.109074447698514154e-01
4.322144729623759174e-01
4.535215011549004749e-01
4.748285293474249769e-01
4.961355575399495343e-01
5.174425857324740363e-01
5.387496139249985383e-01
5.600566421175230403e-01
5.813636703100476533e-01
6.026706985025721552e-01
6.239777266950966572e-01
6.454131354156628086e-01
6.668485441362289601e-01
6.882839528567951115e-01
7.097193615773612629e-01
7.311547702979273033e-01
7.525901790184934548e-01
7.740255877390596062e-01
7.954609964596257576e-01
8.168964051801919091e-01
8.383318139007580605e-01
8.597672226213242119e-01
8.812026313418903634e-01
9.026380400624565148e-01
9.240734487830226662e-01
9.455088575035888177e-01
9.669442662241549691e-01
9.883796749447211205e-01
9.883796749447211205e-01
1.009807312635671916e+00
1.031234950326622712e+00
1.052662588017573508e+00
1.074090225708524304e+00
1.095517863399475100e+00
1.116945501090425896e+00
1.138373138781376692e+00
1.159800776472327488e+00
1.181228414163278284e+00
1.202656051854229080e+00
1.224083689545179876e+00
1.245511327236130672e+00
1.266938964927081468e+00
1.288366602618032264e+00
1.309794240308983060e+00
1.331221877999933856e+00
1.352649515690884652e+00
1.374077153381835448e+00
1.394666869973855805e+00
1.415256586565875940e+00
1.435846303157896298e+00
1.456436019749916433e+00
1.477025736341936790e+00
1.497615452933956925e+00
1.518205169525977283e+00
1.538794886117997418e+00
1.559384602710017775e+00
1.579974319302038133e+00
1.600564035894058268e+00
1.621153752486078403e+00
1.641743469078098761e+00
1.662333185670119118e+00
1.682922902262139253e+00
1.703512618854159610e+00
1.703512618854159610e+00
1.724002056031085806e+00
1.744491493208011779e+00
1.764980930384937974e+00
1.785470367561864169e+00
1.805959804738790364e+00
1.826449241915716559e+00
1.846938679092642532e+00
1.867428116269568728e+00
1.887917553446494923e+00
1.908406990623420896e+00
1.928896427800347091e+00
1.949385864977273286e+00
1.969875302154199481e+00
1.990364739331125676e+00
2.010854176508051872e+00
2.031343613684978067e+00
2.051833050861903818e+00
