0.000000000000000000e+00
4.074836298944455731e-02
8.149672597888911463e-02
1.222450889683336650e-01
1.629934519577782293e-01
2.037418149472227935e-01
2.444901779366673300e-01
2.852385409261118943e-01
3.259869039155564585e-01
3.667352669050010228e-01
4.074836298944455870e-01
4.482319928838901513e-01
4.889803558733346600e-01
5.297287188627792798e-01
5.731095612782803883e-01
6.164904036937816079e-01
6.598712461092827164e-01
7.032520885247839360e-01
7.466329309402850445e-01
7.900137733557861530e-01
8.333946157712873726e-01
8.333946157712873726e-01
8.740997971148893875e-01
9.148049784584912913e-01
9.555101598020933062e-01
9.962153411456952101e-01
1.036920522489297225e+00
1.077625703832899129e+00
1.118330885176501255e+00
1.159036066520103159e+00
1.199741247863705063e+00
1.240446429207306966e+00
1.281151610550908870e+00
1.321856791894510996e+00
1.362561973238112900e+00
1.403267154581715026e+00
1.443972335925316930e+00
1.484521619531213421e+00
1.525070903137109912e+00
1.565620186743006625e+00
1.606169470348903117e+00
1.646718753954799608e+00
1.687268037560696099e+00
1.727817321166592812e+00
1.768366604772489303e+00
1.808915888378385795e+00
1.849465171984282286e+00
1.890014455590178777e+00
1.930563739196075268e+00
1.971113022801971981e+00
2.011662306407868250e+00
2.052211590013765186e+00
2.052211590013765186e+00
2.091065087961945679e+00
2.129918585910126172e+00
2.168772083858307109e+00
2.207625581806487602e+00
2.246479079754668096e+00
2.285332577702848589e+00
2.324186075651029082e+00
2.363039573599209575e+00
2.401893071547390512e+00
2.440746569495571006e+00
2.479600067443751499e+00
2.518453565391931992e+00
2.557307063340112485e+00
2.596160561288293422e+00
2.635014059236473916e+00
2.673867557184654409e+00
2.712349459576895772e+00
2.750831361969136690e+00
2.789313264361378053e+00
2.827795166753619416e+00
2.866277069145860334e+00
2.904758971538101697e+00
2.943240873930343060e+00
2.981722776322583979e+00
3.020204678714825342e+00
3.058686581107066704e+00
3.097168483499307623e+00
3.135650385891548986e+00
3.174132288283790349e+00
3.212614190676031711e+00
3.251096093068272630e+00
3.251096093068272630e+00
3.290518229757571245e+00
3.329940366446869415e+00
3.369362503136168030e+00
3.408784639825466645e+00
3.448206776514764815e+00
3.487628913204063430e+00
3.527051049893362045e+00
3.566473186582660215e+00
3.605895323271958830e+00
3.645317459961257001e+00
3.684739596650555615e+00
3.724161733339854230e+00
3.763583870029152401e+00
3.803006006718451015e+00
3.842428143407749630e+00
