-4.163550109004355626e+00 -4.163550109004274802e+00 -4.159623083036204427e+00 -1.026993794406473315e-01 6.635597319343213008e-02 6.635597319423297558e-02
-4.181668817854113485e+00 -4.179077874896219846e+00 -3.526594708341149076e+00 -5.494212241546808650e-01 -5.403422023534955043e-01 1.884288020819922194e+00
-4.233994065682677110e+00 -4.231460252057386739e+00 -1.083292043744197741e+00 -1.078818148629608897e+00 4.754102637669432863e-01 3.953218082773603648e+00
-4.314787785676389653e+00 -4.312347235379453636e+00 -1.603077834685855851e+00 -1.600193132364620352e+00 3.981430869302773790e+00 6.273613765403335485e+00
-4.415534080292712993e+00 -4.413210104293170843e+00 -2.100046952565879366e+00 -2.097974705667282169e+00 5.767060911028831782e+00 8.558090224697220805e+00
-4.526132794563110906e+00 -4.523937481086188761e+00 -2.566829448418274762e+00 -2.565261349693179316e+00 7.253166940782670657e+00 1.065925891355170663e+01
-4.636060241738778842e+00 -4.633994826507508158e+00 -2.996732008918503887e+00 -2.995509505852015586e+00 8.548343959442652462e+00 1.253995384851269534e+01
-4.735350136180516145e+00 -4.733405019740903441e+00 -3.383618640310947168e+00 -3.382643751695907586e+00 9.665694947383084212e+00 1.417728338695170009e+01
-4.815436753081691279e+00 -4.813590095435833049e+00 -3.721740594918570899e+00 -3.720939844526576668e+00 1.059914203622878226e+01 1.555016218286543150e+01
-4.870114829857861594e+00 -4.868328703534994695e+00 -4.005222276845330498e+00 -4.004526610858143876e+00 1.133862162954031660e+01 1.663955821365332000e+01
-4.897221802505510979e+00 -4.895437511575980949e+00 -4.226650997424955314e+00 -4.225982465696880297e+00 1.187449257123058821e+01 1.742962349049088999e+01
-4.902028004923898230e+00 -4.900179855402536866e+00 -4.373826122723201593e+00 -4.373106581189817099e+00 1.219919150742437353e+01 1.790852760454003700e+01
-4.899867082347449276e+00 -4.897965879624069707e+00 -4.427146393713634609e+00 -4.426377718821330021e+00 1.230796351146743106e+01 1.806898224231186845e+01
-4.915648763763619478e+00 -4.666090283268236938e+00 -4.460182889359807668e+00 -4.166090463745061534e+00 1.229384634083210948e+01 1.797418468684120541e+01
-4.964367046681931406e+00 -4.556758861936786253e+00 -3.909675441258179784e+00 -3.288139478763004497e+00 1.225408798547332090e+01 1.769396461835641787e+01
-5.040900523269951528e+00 -4.706303331987615302e+00 -2.261586559687257303e+00 -6.942639682054440042e-01 1.219665447849295958e+01 1.724116026491959985e+01
-5.138931093777787673e+00 -4.894341162550503554e+00 2.792957031693641845e+00 3.576014152791288758e+00 1.213539151516143377e+01 1.663834222632597104e+01
-5.250784121771148172e+00 -5.104593459990300452e+00 4.710889185405999768e+00 5.277006728560107440e+00 1.209050207632149743e+01 1.591996609937275409e+01
-5.368225407362192669e+00 -5.320988566658788166e+00 6.044824869788582689e+00 6.576393631152567920e+00 1.208760397675955467e+01 1.513617435475102546e+01
-5.528920727090369525e+00 -5.483151862756019845e+00 7.018742354322133892e+00 7.566377469692712410e+00 1.215173624610751091e+01 1.435838661170503805e+01
-5.715878212652522272e+00 -5.588119212312652628e+00 7.689606287537459117e+00 8.238848538000672406e+00 1.229234619855130184e+01 1.368227030648846032e+01
-5.871673452811212890e+00 -5.676707950537061897e+00 8.108070422529715771e+00 8.573392419486891569e+00 1.248662265771512381e+01 1.320707363661172806e+01
-5.988471704146755670e+00 -5.743758094414919135e+00 8.340642988672730240e+00 8.619747611086786776e+00 1.268293063710549440e+01 1.296691513482733349e+01
-6.060742056276120060e+00 -5.785509812974959587e+00 8.451621195271703968e+00 8.534430831510547932e+00 1.282591132105616438e+01 1.289007210782958168e+01
-6.085195826847418665e+00 -5.799681804426446874e+00 8.483615689688715378e+00 8.483944244500538190e+00 1.287772943993297758e+01 1.287797215171496212e+01
-6.061954958450099795e+00 -5.788037610978208569e+00 8.536955020664215965e+00 8.544076216805612134e+00 1.288817124573354178e+01 1.289243070482936204e+01
-5.993921002697268463e+00 -5.751837419215317659e+00 8.673222975868222662e+00 8.699885030495311256e+00 1.292084698968139200e+01 1.293830219987387764e+01
-5.888038016725690049e+00 -5.685403084962441511e+00 8.831668361017534608e+00 8.887942418047350301e+00 1.297956636459863411e+01 1.301746794281227793e+01
-5.762730748008293880e+00 -5.572428126301899098e+00 8.940369008822463215e+00 9.031676277720634971e+00 1.306100392032548463e+01 1.312322277992655906e+01
-5.641223630968532632e+00 -5.392668286880961226e+00 8.943144133339343327e+00 9.069469011411314341e+00 1.314354361733433052e+01 1.322937467992140448e+01
-5.522654008048753838e+00 -5.150836107374008321e+00 8.812172895656585681e+00 8.969938072870689894e+00 1.318270626410917501e+01 1.328823979407151690e+01
-5.397695531852459538e+00 -4.860978972668790199e+00 8.542622782490306932e+00 8.727982564168549118e+00 1.312015758464457704e+01 1.324114742649198995e+01
-5.263349193546886795e+00 -4.531678289940386684e+00 8.140320375026334432e+00 8.351480140969377075e+00 1.289865531187385095e+01 1.303249354537664217e+01
-5.120486270771173132e+00 -4.168480320407249806e+00 7.612964318235790451e+00 7.851131034451534596e+00 1.247216479837017999e+01 1.261848254867158836e+01
-4.971878151004019308e+00 -3.775817740834130021e+00 6.966301090415416120e+00 7.236266766733013611e+00 1.180909206512412268e+01 1.196983856315066674e+01
-4.821496018833957287e+00 -3.357631147476344946e+00 6.202307771528356994e+00 6.513748483243242404e+00 1.089150243095554060e+01 1.107128250653330781e+01
-4.674194178682625100e+00 -2.917565844159547783e+00 5.315910692895154277e+00 5.686833143256350809e+00 9.712582842869441180e+00 9.919859017451969407e+00
-4.535456728776431135e+00 -2.459049695844303329e+00 4.283854944613143978e+00 4.750239297474085021e+00 8.273054834349270692e+00 8.523201735145105928e+00
-4.411099355164967761e+00 -1.985344160383599510e+00 3.015976607216043437e+00 3.667086491600204834e+00 6.577699527577464345e+00 6.899688973460588848e+00
-4.306889675493021485e+00 -1.499595084664461453e+00 7.612344905332499856e-01 2.203225245839274482e+00 4.653401235364702515e+00 5.090876777902571426e+00
-4.228088357846794487e+00 -2.741620429764331845e+00 -2.171624728501421853e+00 -1.004875771281134700e+00 2.756913928418653459e+00 3.223239699032835581e+00
-4.178952015724878954e+00 -3.806411789091825426e+00 -3.714150327663956919e+00 -5.043906909724125143e-01 1.280202820496908700e+00 1.523440075310139585e+00
-4.163550109004355626e+00 -4.163550109004274802e+00 -4.159623083036204427e+00 -1.026993794406473315e-01 6.635597319343213008e-02 6.635597319423297558e-02
-3.869318610526710334e+00 -3.869318610526623292e+00 -3.785120085190055939e+00 1.019983186401441921e+00 1.291171216939883459e+00 1.291171216940079303e+00
-3.032553244130317793e+00 -3.032553244130216097e+00 -2.569948977878944163e+00 2.224952877556996444e+00 2.743067935248127753e+00 2.743067935248336031e+00
-1.686065084652221602e+00 -1.686065084652041079e+00 1.056314484895951367e+00 3.897957812099351660e+00 4.374352046422813167e+00 4.374352046423016560e+00
1.781902191084387743e+00 1.781902191084603571e+00 2.596285259948337476e+00 5.651811295035441773e+00 5.957411989075160008e+00 5.957411989075350967e+00
3.048479020191376954e+00 3.048479020191537714e+00 3.476888026552187760e+00 7.147053176404511987e+00 7.338811898355296570e+00 7.338811898355475094e+00
3.955531182038855231e+00 3.955531182039004889e+00 4.186682522916498783e+00 8.359555650029312446e+00 8.470331707908622221e+00 8.470331707908794527e+00
4.702768382623818688e+00 4.702768382623968790e+00 4.784943961033195414e+00 9.296004138444269316e+00 9.336895423643087000e+00 9.336895423643255754e+00
5.284081703374339689e+00 5.339142787901083764e+00 5.339142787901234755e+00 9.938726166919916949e+00 9.938726166920089256e+00 9.968998902709683918e+00
5.685713814410675582e+00 5.883500501431358387e+00 5.883500501431512042e+00 1.029012317304187007e+01 1.029012317304204061e+01 1.040156750335657421e+01
5.988754947723330169e+00 6.345035925338052607e+00 6.345035925338213367e+00 1.042080333884716836e+01 1.042080333884734422e+01 1.063038909619143446e+01
6.193732412999862547e+00 6.728538760767171389e+00 6.728538760767340143e+00 1.037708518097918464e+01 1.037708518097936938e+01 1.070572484907708599e+01
6.309007394889444065e+00 7.036216373490097986e+00 7.036216373490276510e+00 1.022155910594591965e+01 1.022155910594610795e+01 1.068656970883052182e+01
6.360068874301549435e+00 7.270759079639574018e+00 7.270759079639764977e+00 1.002831779017107827e+01 1.002831779017126657e+01 1.063006840281431487e+01
6.396539971423391258e+00 7.444042615795980922e+00 7.444042615796173656e+00 9.868609245800163521e+00 9.868609245800335827e+00 1.057852685139143212e+01
6.485734811349894713e+00 7.589807688344219372e+00 7.589807688344412107e+00 9.787076017096524083e+00 9.787076017096673297e+00 1.055201481741124425e+01
6.688541765130403327e+00 7.761835442982911282e+00 7.761835442983109346e+00 9.787470606962598296e+00 9.787470606962722641e+00 1.055091533573063955e+01
7.031845297059076572e+00 8.005868561731308120e+00 8.005868561731498190e+00 9.845267917983955286e+00 9.845267917984056538e+00 1.056381174398602241e+01
7.498658677395607874e+00 8.332195273158815141e+00 8.332195273158996329e+00 9.929735025631764245e+00 9.929735025631851286e+00 1.057416515989677563e+01
8.040738604974054127e+00 8.714249154578732615e+00 8.714249154578897816e+00 1.001450874223996479e+01 1.001450874224005361e+01 1.056374845414749686e+01
8.599940293654809054e+00 9.105738603836906364e+00 9.105738603837055578e+00 1.007823379323957269e+01 1.007823379323966684e+01 1.051399229111954625e+01
9.124668680999509007e+00 9.459466744646114478e+00 9.459466744646238823e+00 1.010261401107391954e+01 1.010261401107403145e+01 1.040684762314442580e+01
9.577022407041580365e+00 9.738338709750621547e+00 9.738338709750710365e+00 1.007260395610901860e+01 1.007260395610916426e+01 1.022697257926417080e+01
9.884782655329546586e+00 9.885300746871287458e+00 9.885300746871338973e+00 1.001232921356407779e+01 1.001232921356431227e+01 1.001372628112665097e+01
9.636976442687103628e+00 9.669237104750559197e+00 9.850693187436030840e+00 9.979928484752214501e+00 1.017391675417749752e+01 1.019888715955909753e+01
9.252878047785452864e+00 9.370062597417209815e+00 9.746848883749114734e+00 9.882461740755640989e+00 1.030551169104139220e+01 1.040759969976001287e+01
8.795195859914471725e+00 9.036560014628719273e+00 9.573697334010214277e+00 9.719142620855681258e+00 1.036935730043426318e+01 1.059142198157486092e+01
8.288606058404553778e+00 8.669322221893152047e+00 9.331099718412502853e+00 9.488680616001868628e+00 1.038157393438817699e+01 1.075111750910787300e+01
7.764214360627122780e+00 8.266422712672477857e+00 9.018807240042212570e+00 9.189295482560332573e+00 1.036739426351071991e+01 1.088998313201961921e+01
7.253694860074356043e+00 7.824243553104931692e+00 8.636380471459590424e+00 8.818702751444257970e+00 1.036271392187986606e+01 1.101248710707911371e+01
6.776380344504745246e+00 7.337278105918219495e+00 8.183038606592718978e+00 8.374025661433217138e+00 1.041647421914503724e+01 1.112377189272114641e+01
6.325055383033489242e+00 6.797775519877684580e+00 7.657379650310539354e+00 7.851553160686695954e+00 1.058775624141092564e+01 1.122910136320170338e+01
5.863553884905637226e+00 6.195092812406756799e+00 7.056852210092428024e+00 7.246186227011354397e+00 1.093067557067375262e+01 1.133321351514817366e+01
5.342944533450395106e+00 5.514131405866077529e+00 6.376713712389528332e+00 6.550223996985296004e+00 1.143967714300869964e+01 1.147058775013254817e+01
4.719692657055595930e+00 4.731121686759721889e+00 5.607808247446931738e+00 5.750599431751835411e+00 1.155038993151030624e+01 1.219113822109608414e+01
3.800204183933331592e+00 3.954457383350012289e+00 4.731176505811249378e+00 4.821812898458866847e+00 1.166532195567104679e+01 1.304328849984831251e+01
2.597222918005044789e+00 2.979269254207072670e+00 3.701483524096220279e+00 3.703529488269329928e+00 1.178256050459512494e+01 1.396405833645008165e+01
-7.166550547783184788e-01 1.513863230708450303e+00 2.175769292125293131e+00 2.373361420574930492e+00 1.189861564201175881e+01 1.489066081152531318e+01
-2.670030486415798876e+00 -1.954442331656032206e+00 -1.848978796896124877e+00 -1.270120358763062729e+00 1.200891074630326116e+01 1.576717705923038615e+01
-3.590599559533043994e+00 -3.238781343448400296e+00 -3.032371618611177322e+00 -2.799636609400344422e+00 1.210835718237484393e+01 1.654664775094625995e+01
-4.196219206166646565e+00 -4.031212227009801197e+00 -3.689522279325073040e+00 -3.587487297550779441e+00 1.219192650023626179e+01 1.719128063683961471e+01
-4.594364547275333166e+00 -4.528895128896106570e+00 -4.110440869765169758e+00 -4.070536656156521715e+00 1.225515899092228267e+01 1.767213121331777259e+01
-4.823135982672456024e+00 -4.809019738661044485e+00 -4.349387850832633795e+00 -4.339530935446605397e+00 1.229457357757453018e+01 1.796875796012855275e+01
-4.899867082347449276e+00 -4.897965879624069707e+00 -4.427146393713634609e+00 -4.426377718821330021e+00 1.230796351146743106e+01 1.806898224231186845e+01
-6.085195826847418665e+00 -5.799681804426446874e+00 8.483615689688715378e+00 8.483944244500538190e+00 1.287772943993297758e+01 1.287797215171496212e+01
-5.922151652675150757e+00 -5.629473774396894115e+00 8.486714290963442764e+00 8.487042576836977048e+00 1.285318897833404073e+01 1.285343225356023567e+01
-5.414099378079829883e+00 -5.095883491625558648e+00 8.496698442855997513e+00 8.497025885794407429e+00 1.278013890548118425e+01 1.278038388046942053e+01
-4.481751862431240241e+00 -4.098788436917796041e+00 8.515571697081512070e+00 8.515897616238932599e+00 1.266028452406915328e+01 1.266053236477574728e+01
-2.815842053646162135e+00 -2.172532604340867035e+00 8.546469454399609589e+00 8.546792995384208780e+00 1.249643884334633981e+01 1.249669077025886210e+01
2.540157350731050201e+00 3.093609874508341573e+00 8.593358772380844002e+00 8.593678845027394431e+00 1.229247747260190238e+01 1.229273479596277063e+01
4.714043382969301810e+00 5.023981652257649699e+00 8.660634589972291408e+00 8.660949805485534725e+00 1.205327271610868145e+01 1.205353689275885642e+01
6.201932491597171193e+00 6.432676643066416844e+00 8.752638860403521903e+00 8.752947449998838891e+00 1.178460419975035833e+01 1.178487693655646673e+01
7.364358213647504314e+00 7.553098446146664813e+00 8.873144644588579766e+00 8.873444315987560671e+00 1.149304331090173648e+01 1.149332677562390614e+01
8.283425410320329974e+00 8.446277758308257333e+00 9.024857882021654731e+00 9.025145560944721979e+00 1.118581128681174874e+01 1.118610859473886698e+01
8.987339112258410978e+00 9.133437642579528060e+00 9.208980175211081587e+00 9.209254979671262831e+00 1.087062447191433989e+01 1.087094100714284650e+01
9.424789427379421269e+00 9.425023883058903706e+00 9.486762887415537193e+00 9.622254830053730501e+00 1.055561780345736267e+01 1.055596584974275309e+01
9.668429464980841104e+00 9.668589042752225637e+00 9.785604881946380118e+00 9.915175760781258063e+00 1.025018259090118988e+01 1.025060798876795509e+01
9.884782655329546586e+00 9.885300746871287458e+00 9.885300746871338973e+00 1.001232921356407779e+01 1.001232921356431227e+01 1.001372628112665097e+01
