-6.574541233386826278e+00
-6.450454918633741208e+00
-6.326368603880655250e+00
-6.202282289127570181e+00
-6.078195974374484223e+00
-5.954109659621399153e+00
-5.830023344868314084e+00
-5.705937030115228126e+00
-5.581850715362143056e+00
-5.457764400609057098e+00
-5.333678085855972917e+00
-5.209591771102887847e+00
-5.085505456349801889e+00
-4.961419141596716820e+00
-4.837332826843630862e+00
-4.713246512090545792e+00
-4.589160197337460723e+00
-4.465073882584374765e+00
-4.340987567831288807e+00
-4.216901253078203737e+00
-4.092814938325118668e+00
-3.968728623572033598e+00
-3.844642308818947640e+00
-3.720555994065862127e+00
-3.596469679312776613e+00
-3.472383364559691543e+00
-3.348297049806606029e+00
-3.224210735053520960e+00
-3.100124420300435446e+00
-2.976038105547349932e+00
-2.851951790794264863e+00
-2.727865476041178905e+00
-2.603779161288093835e+00
-2.479692846535008766e+00
-2.355606531781922808e+00
-2.231520217028837738e+00
-2.107433902275751780e+00
-1.983347587522666933e+00
-1.859261272769581863e+00
-1.735174958016495905e+00
-1.611088643263410836e+00
-1.487002328510325100e+00
-1.362916013757240030e+00
-1.238829699004154961e+00
-1.114743384251069003e+00
-9.906570694979840441e-01
-8.665707547448980863e-01
-7.424844399918131277e-01
-6.183981252387271699e-01
-4.943118104856421557e-01
-3.702254957325570861e-01
-2.461391809794712116e-01
-1.220528662263861558e-01
2.033448526699728736e-03
1.261197632797847745e-01
2.502060780328698164e-01
3.742923927859557187e-01
4.983787075390407884e-01
6.224650222921266352e-01
7.465513370452117048e-01
8.706376517982967744e-01
9.947239665513818441e-01
1.118810281304468468e+00
1.242896596057553538e+00
1.366982910810638607e+00
1.491069225563723677e+00
1.615155540316808747e+00
1.739241855069895371e+00
1.863328169822980440e+00
1.987414484576065510e+00
2.111500799329150801e+00
2.235587114082235427e+00
2.359673428835322273e+00
2.483759743588407343e+00
2.607846058341492412e+00
2.731932373094577482e+00
2.856018687847662552e+00
2.980105002600749398e+00
3.104191317353834467e+00
3.228277632106919537e+00
3.352363946860004607e+00
3.476450261613089676e+00
3.600536576366176078e+00
3.724622891119261148e+00
3.848709205872346217e+00
3.972795520625431287e+00
4.096881835378516357e+00
4.220968150131603203e+00
4.345054464884688272e+00
4.469140779637773342e+00
4.593227094390858412e+00
4.717313409143943481e+00
4.841399723897030327e+00
4.965486038650115397e+00
5.089572353403200466e+00
5.213658668156285536e+00
5.337744982909371494e+00
5.461831297662456564e+00
5.585917612415541633e+00
5.710003927168626703e+00
5.834090241921711772e+00
5.958176556674798618e+00
6.082262871427883688e+00
6.206349186180968758e+00
6.330435500934053827e+00
6.454521815687138897e+00
6.578608130440225743e+00
6.702694445193310813e+00
6.826780759946395882e+00
6.950867074699480952e+00
7.074953389452566022e+00
7.199039704205652868e+00
7.323126018958737937e+00
7.447212333711823007e+00
7.571298648464908077e+00
7.695384963217993146e+00
7.819471277971079992e+00
7.943557592724165062e+00
8.067643907477249243e+00
8.191730222230335201e+00
8.315816536983419383e+00
8.439902851736507117e+00
8.563989166489589522e+00
8.688075481242675480e+00
8.812161795995763214e+00
8.936248110748849172e+00
9.060334425501933353e+00
9.184420740255019311e+00
9.308507055008103492e+00
9.432593369761189450e+00
9.556679684514273632e+00
9.680765999267359589e+00
9.804852314020443771e+00
9.928938628773531505e+00
1.005302494352661746e+01
1.017711125827970164e+01
1.030119757303278760e+01
1.042528388778587178e+01
1.054937020253895774e+01
1.067345651729204192e+01
1.079754283204512788e+01
1.092162914679821206e+01
1.104571546155129802e+01
1.116980177630438575e+01
1.129388809105747171e+01
1.141797440581055589e+01
1.154206072056364185e+01
1.166614703531672603e+01
1.179023335006981199e+01
1.191431966482289617e+01
1.203840597957598213e+01
1.216249229432906631e+01
1.228657860908215227e+01
1.241066492383524000e+01
1.253475123858832418e+01
1.265883755334141014e+01
1.278292386809449432e+01
1.290701018284758028e+01
1.303109649760066446e+01
1.315518281235375042e+01
1.327926912710683460e+01
1.340335544185992056e+01
1.352744175661300474e+01
1.365152807136609425e+01
1.377561438611917843e+01
1.389970070087226439e+01
1.402378701562534857e+01
1.414787333037843453e+01
1.427195964513151871e+01
1.439604595988460467e+01
1.452013227463768885e+01
1.464421858939077481e+01
1.476830490414385899e+01
1.489239121889694673e+01
1.501647753365003268e+01
1.514056384840311686e+01
1.526465016315620282e+01
1.538873647790928700e+01
1.551282279266237296e+01
1.563690910741545714e+01
1.576099542216854310e+01
1.588508173692162728e+01
1.600916805167471324e+01
1.613325436642780275e+01
1.625734068118088516e+01
1.638142699593397111e+01
1.650551331068705707e+01
1.662959962544014303e+01
1.675368594019322543e+01
1.687777225494631139e+01
1.700185856969939735e+01
1.712594488445248331e+01
1.725003119920556927e+01
1.737411751395865522e+01
1.749820382871174118e+01
1.762229014346482359e+01
1.774637645821790954e+01
1.787046277297099550e+01
1.799454908772408146e+01
1.811863540247716386e+01
