0.000000000000000000e+00
3.725884693349575116e-02
7.451769386699150233e-02
1.117765408004872535e-01
1.490353877339830047e-01
1.862942346674787419e-01
2.235530816009745070e-01
2.608119285344702720e-01
2.939295054164212107e-01
3.270470822983721493e-01
3.601646591803231434e-01
3.932822360622740820e-01
4.263998129442250207e-01
4.595173898261759593e-01
4.926349667081268979e-01
5.257525435900778366e-01
5.588701204720287752e-01
5.919876973539797138e-01
6.251052742359306524e-01
6.582228511178815911e-01
6.913404279998325297e-01
7.244580048817834683e-01
7.575755817637344069e-01
7.906931586456853456e-01
7.906931586456853456e-01
8.230220764945521683e-01
8.553509943434191021e-01
8.876799121922860358e-01
9.200088300411528586e-01
9.523377478900196813e-01
9.846666657388866151e-01
1.016995583587753549e+00
1.049324501436620372e+00
1.081653419285487194e+00
1.113982337134354239e+00
1.146311254983221062e+00
1.178640172832087885e+00
1.210969090680954707e+00
1.243298008529821530e+00
1.275626926378688575e+00
1.307955844227555398e+00
1.340284762076422442e+00
1.375501910510083858e+00
1.410719058943745274e+00
1.445936207377406912e+00
1.481153355811068328e+00
1.516370504244729744e+00
1.551587652678391160e+00
1.586804801112052576e+00
1.622021949545714214e+00
1.657239097979375630e+00
1.692456246413037046e+00
1.692456246413037046e+00
1.724676623782858798e+00
1.756897001152680549e+00
1.789117378522502300e+00
1.821337755892324051e+00
1.853558133262145802e+00
1.885778510631967553e+00
1.917998888001789304e+00
1.950219265371611055e+00
1.982439642741432806e+00
2.014660020111254557e+00
2.046880397481076308e+00
2.079100774850898059e+00
2.111429692699764882e+00
2.143758610548631705e+00
2.176087528397498527e+00
2.208416446246365794e+00
2.240745364095232617e+00
2.273074281944099440e+00
2.305403199792966262e+00
2.337732117641833085e+00
2.370061035490699908e+00
2.402389953339566731e+00
2.434718871188433997e+00
2.467047789037300820e+00
2.499376706886167643e+00
2.531705624735034466e+00
2.564034542583901288e+00
2.596363460432768555e+00
2.628692378281635378e+00
2.628692378281635378e+00
2.659861862405824340e+00
2.691031346530013746e+00
2.722200830654202708e+00
2.753370314778392114e+00
2.784539798902581076e+00
2.815709283026770038e+00
2.846878767150959444e+00
2.878048251275148406e+00
2.909217735399337812e+00
2.940387219523526774e+00
2.971556703647715736e+00
3.002726187771905142e+00
3.033895671896094104e+00
3.065065156020283066e+00
3.096234640144472472e+00
3.127404124268661434e+00
3.158573608392850396e+00
