-6.733429880920152599e-02
-5.059870487500041369e-02
-3.386311094079930833e-02
-1.712751700659820298e-02
-3.919230723970916529e-04
1.634367086180402162e-02
3.307926479600512004e-02
4.981485873020623234e-02
6.655045266440734464e-02
8.328604659860845694e-02
1.000216405328095692e-01
1.167572344670106815e-01
1.334928284012117661e-01
1.502284223354128645e-01
1.669640162696139907e-01
1.836996102038151168e-01
2.004352041380162153e-01
2.171707980722172859e-01
2.339063920064184399e-01
2.506419859406195383e-01
2.673775798748206922e-01
2.841131738090217351e-01
3.008487677432228335e-01
3.175843616774239875e-01
3.343199556116250304e-01
3.510555495458261843e-01
3.677911434800272827e-01
3.845267374142284367e-01
4.012623313484294796e-01
4.179979252826306335e-01
4.347335192168317319e-01
4.514691131510327748e-01
4.682047070852339288e-01
4.849403010194350827e-01
5.016758949536360701e-01
5.184114888878372795e-01
5.351470828220383780e-01
5.518826767562394764e-01
5.686182706904405748e-01
5.853538646246416732e-01
6.020894585588427717e-01
6.188250524930438701e-01
6.355606464272449685e-01
6.522962403614461779e-01
6.690318342956472764e-01
6.857674282298482638e-01
7.025030221640494732e-01
7.192386160982505716e-01
7.359742100324516700e-01
7.527098039666527685e-01
7.694453979008538669e-01
7.861809918350550763e-01
8.029165857692560637e-01
8.196521797034571621e-01
8.363877736376583716e-01
8.531233675718594700e-01
8.698589615060604574e-01
8.865945554402616668e-01
9.033301493744627653e-01
9.200657433086639747e-01
9.368013372428650731e-01
9.535369311770660605e-01
9.702725251112672700e-01
9.870081190454683684e-01
1.003743712979669578e+00
1.020479306913870676e+00
1.037214900848071775e+00
1.053950494782272873e+00
1.070686088716473749e+00
1.087421682650675070e+00
1.104157276584876168e+00
1.120892870519077267e+00
1.137628464453278365e+00
1.154364058387479464e+00
1.171099652321680784e+00
1.187835246255881660e+00
1.204570840190082759e+00
1.221306434124283857e+00
1.238042028058484956e+00
1.254777621992686276e+00
1.271513215926887375e+00
1.288248809861088473e+00
1.304984403795289349e+00
1.321719997729490448e+00
1.338455591663691546e+00
1.355191185597892867e+00
1.371926779532093965e+00
1.388662373466295064e+00
1.405397967400496162e+00
1.422133561334697038e+00
1.438869155268898359e+00
1.455604749203099457e+00
1.472340343137300556e+00
1.489075937071501654e+00
1.505811531005702752e+00
1.522547124939904073e+00
1.539282718874104949e+00
1.556018312808306048e+00
1.572753906742507146e+00
1.589489500676708245e+00
1.606225094610909343e+00
1.622960688545110663e+00
1.639696282479311762e+00
1.656431876413512860e+00
1.673167470347713737e+00
1.689903064281914835e+00
1.706638658216116156e+00
1.723374252150317254e+00
1.740109846084518352e+00
1.756845440018719451e+00
1.773581033952920549e+00
1.790316627887121648e+00
1.807052221821322746e+00
1.823787815755524067e+00
1.840523409689724943e+00
1.857259003623925819e+00
1.873994597558127140e+00
1.890730191492328238e+00
1.907465785426529559e+00
1.924201379360730435e+00
1.940936973294931756e+00
1.957672567229132632e+00
1.974408161163333730e+00
1.991143755097535051e+00
2.007879349031735927e+00
2.024614942965937470e+00
2.041350536900138124e+00
2.058086130834339667e+00
2.074821724768540321e+00
2.091557318702741419e+00
2.108292912636942962e+00
2.125028506571143616e+00
2.141764100505345159e+00
2.158499694439545813e+00
2.175235288373747355e+00
2.191970882307948454e+00
2.208706476242149108e+00
2.225442070176350651e+00
2.242177664110551305e+00
2.258913258044752848e+00
2.275648851978953502e+00
2.292384445913155044e+00
2.309120039847356143e+00
2.325855633781556797e+00
2.342591227715758340e+00
2.359326821649958994e+00
2.376062415584160536e+00
2.392798009518361635e+00
2.409533603452562733e+00
2.426269197386763832e+00
2.443004791320964486e+00
2.459740385255166029e+00
2.476475979189367127e+00
2.493211573123568225e+00
2.509947167057769324e+00
2.526682760991970422e+00
2.543418354926171521e+00
2.560153948860372619e+00
2.576889542794573718e+00
2.593625136728774816e+00
2.610360730662975914e+00
2.627096324597177013e+00
2.643831918531378555e+00
2.660567512465579210e+00
2.677303106399780308e+00
2.694038700333981406e+00
2.710774294268182505e+00
2.727509888202383603e+00
2.744245482136584702e+00
2.760981076070786244e+00
2.777716670004986899e+00
2.794452263939187997e+00
2.811187857873389095e+00
2.827923451807590194e+00
2.844659045741791736e+00
2.861394639675992391e+00
2.878130233610193933e+00
2.894865827544394588e+00
2.911601421478595686e+00
2.928337015412797228e+00
2.945072609346997883e+00
2.961808203281199425e+00
2.978543797215400080e+00
2.995279391149601622e+00
3.012014985083802721e+00
3.028750579018003375e+00
3.045486172952204917e+00
3.062221766886405572e+00
3.078957360820607114e+00
3.095692954754808213e+00
3.112428548689009311e+00
3.129164142623210410e+00
3.145899736557411064e+00
3.162635330491612606e+00
3.179370924425813705e+00
3.196106518360014803e+00
3.212842112294215902e+00
3.229577706228417000e+00
3.246313300162618098e+00
3.263048894096819197e+00
