0.000000000000000000e+00
5.119063057672512684e-02
1.023812611534502537e-01
1.535718917301753805e-01
2.047625223069005074e-01
2.559531528836256342e-01
3.071437834603507611e-01
3.583344140370758879e-01
4.095250446138010147e-01
4.607030599458886710e-01
5.118810752779763273e-01
5.630590906100639836e-01
6.142371059421516399e-01
6.654151212742391852e-01
7.165931366063269525e-01
7.677711519384144978e-01
8.189491672705022651e-01
8.644519500053690075e-01
9.099547327402358610e-01
9.554575154751026034e-01
1.000960298209969457e+00
1.046463080944836088e+00
1.091965863679702942e+00
1.137468646414569573e+00
1.182971429149436426e+00
1.228474211884303280e+00
1.273965781068381098e+00
1.319457350252459138e+00
1.364948919436536956e+00
1.410440488620614996e+00
1.455932057804692814e+00
1.501423626988770632e+00
1.546915196172848672e+00
1.592406765356926490e+00
1.637898334541004530e+00
1.686393660374765346e+00
1.734888986208526163e+00
1.783384312042286979e+00
1.831879637876048017e+00
1.880374963709808833e+00
1.928870289543569649e+00
1.974373072278436503e+00
2.019875855013303134e+00
2.065378637748169766e+00
2.110881420483036841e+00
2.156384203217903472e+00
2.201886985952770104e+00
2.247389768687637179e+00
2.292892551422503811e+00
2.338395334157370442e+00
2.383886903341448260e+00
2.429378472525526078e+00
2.474870041709604340e+00
2.520361610893682158e+00
2.565853180077759976e+00
2.611344749261837794e+00
2.656836318445915612e+00
2.702327887629993874e+00
2.747819456814071692e+00
2.793322239548938324e+00
2.838825022283805399e+00
2.884327805018672031e+00
2.929830587753538662e+00
2.975333370488405738e+00
3.020836153223272369e+00
3.066338935958139000e+00
3.111841718693006076e+00
3.157344501427872707e+00
3.198286913693543010e+00
3.239229325959212868e+00
3.280171738224883171e+00
3.321114150490553030e+00
3.362056562756223332e+00
3.402998975021893635e+00
3.443941387287563494e+00
3.484883799553233796e+00
3.525826211818903655e+00
3.566768624084573958e+00
3.566768624084573958e+00
3.615263949918334774e+00
3.663759275752095590e+00
3.712254601585856406e+00
3.760749927419617222e+00
3.809245253253378038e+00
3.857740579087138855e+00
3.857740579087138855e+00
3.899308001230362475e+00
3.940875423373586095e+00
3.982442845516809715e+00
4.024010267660033335e+00
4.065577689803256511e+00
4.107145111946480576e+00
4.148712534089703752e+00
4.148712534089703752e+00
4.197207859923464568e+00
4.245703185757225384e+00
4.294198511590986200e+00
4.342693837424747016e+00
4.391189163258507833e+00
4.439684489092268649e+00
