0.000000000000000000e+00
5.980342607618528705e-02
1.196068521523705741e-01
1.794102782285558750e-01
2.392137043047411482e-01
2.990171303809264214e-01
3.588205564571117501e-01
4.186239825332970232e-01
4.784274086094822964e-01
5.382308346856675696e-01
5.980342607618528428e-01
6.562567921871201859e-01
7.144793236123876401e-01
7.727018550376549832e-01
8.309243864629223264e-01
8.891469178881896696e-01
9.473694493134570127e-01
1.005591980738724356e+00
1.063814512163991921e+00
1.122037043589259042e+00
1.190035239474612538e+00
1.258033435359966035e+00
1.313382848824201421e+00
1.368732262288436807e+00
1.424081675752672194e+00
1.479431089216907358e+00
1.534780502681142744e+00
1.590129916145378131e+00
1.645479329609613517e+00
1.700828743073848681e+00
1.756178156538084068e+00
1.811527570002319454e+00
1.866876983466554840e+00
1.934875179351908336e+00
2.002873375237261833e+00
2.058384227008066780e+00
2.113895078778871284e+00
2.169405930549676231e+00
2.224916782320480735e+00
2.280427634091285682e+00
2.335938485862090630e+00
2.391449337632895134e+00
2.446960189403700081e+00
2.502471041174505029e+00
2.557820454638740415e+00
2.613169868102975801e+00
2.668519281567211188e+00
2.723868695031446574e+00
2.779218108495681960e+00
2.834567521959916903e+00
2.889916935424152289e+00
2.945266348888387675e+00
3.000615762352623062e+00
3.055965175816858448e+00
3.111314589281093834e+00
3.166825441051898782e+00
3.222336292822703285e+00
3.277847144593508233e+00
3.333357996364313180e+00
3.388868848135117684e+00
3.444379699905922632e+00
3.499890551676727135e+00
3.555401403447532083e+00
3.610912255218337030e+00
3.610912255218337030e+00
3.663312533501077439e+00
3.715712811783818292e+00
3.768113090066559145e+00
3.820513368349299554e+00
3.872913646632039963e+00
3.925313924914780817e+00
3.977714203197521670e+00
4.030114481480262079e+00
4.082514759763002488e+00
4.134915038045743785e+00
4.184751226442564587e+00
4.234587414839386277e+00
4.284423603236207079e+00
4.334259791633027881e+00
4.384095980029849571e+00
4.433932168426670373e+00
4.483768356823491175e+00
4.533604545220311977e+00
4.583440733617133667e+00
4.633276922013954469e+00
4.683113110410775271e+00
4.732949298807596961e+00
4.732949298807596961e+00
4.783686261149812324e+00
4.834423223492028576e+00
4.885160185834243940e+00
4.935897148176460192e+00
4.986634110518675556e+00
5.037371072860890919e+00
5.088108035203107171e+00
5.138844997545322535e+00
5.189581959887538787e+00
5.240318922229754151e+00
5.291055884571969514e+00
5.341792846914185766e+00
