-1.269021591392947235e+00
-1.133460387870387498e+00
-9.978991843478279833e-01
-8.623379808252682466e-01
-7.267767773027086209e-01
-5.912155737801489952e-01
-4.556543702575893695e-01
-3.200931667350296883e-01
-1.845319632124700904e-01
-4.897075968991051326e-02
8.659044383264906386e-02
2.221516473552088700e-01
3.577128508777684401e-01
4.932740544003280103e-01
6.288352579228878581e-01
7.643964614454471507e-01
8.999576649680069984e-01
1.035518868490566735e+00
1.171080072013126250e+00
1.306641275535685986e+00
1.442202479058245279e+00
1.577763682580805016e+00
1.713324886103364975e+00
1.848886089625924267e+00
1.984447293148484004e+00
2.120008496671043741e+00
2.255569700193603033e+00
2.391130903716163214e+00
2.526692107238722951e+00
2.662253310761282687e+00
2.797814514283841536e+00
2.933375717806401273e+00
3.068936921328961009e+00
3.204498124851520746e+00
3.340059328374080927e+00
3.475620531896639775e+00
3.611181735419199512e+00
3.746742938941759249e+00
3.882304142464318986e+00
4.017865345986878722e+00
4.153426549509437571e+00
4.288987753031997308e+00
4.424548956554557044e+00
4.560110160077116781e+00
4.695671363599676518e+00
4.831232567122237143e+00
4.966793770644795991e+00
5.102354974167355728e+00
5.237916177689915465e+00
5.373477381212475201e+00
5.509038584735034938e+00
5.644599788257593787e+00
5.780160991780153523e+00
5.915722195302713260e+00
6.051283398825272997e+00
6.186844602347832733e+00
6.322405805870392470e+00
6.457967009392952207e+00
6.593528212915511943e+00
6.729089416438070792e+00
6.864650619960630529e+00
7.000211823483190265e+00
7.135773027005750002e+00
7.271334230528309739e+00
7.406895434050869476e+00
7.542456637573429212e+00
7.678017841095988949e+00
7.813579044618548686e+00
7.949140248141108422e+00
8.084701451663669047e+00
8.220262655186227008e+00
8.355823858708786744e+00
8.491385062231346481e+00
8.626946265753906218e+00
8.762507469276465955e+00
8.898068672799025691e+00
9.033629876321585428e+00
9.169191079844145165e+00
9.304752283366704901e+00
9.440313486889264638e+00
9.575874690411822598e+00
9.711435893934382335e+00
9.846997097456942072e+00
9.982558300979501809e+00
1.011811950450206155e+01
1.025368070802462128e+01
1.038924191154718102e+01
1.052480311506974076e+01
1.066036431859230049e+01
1.079592552211486023e+01
1.093148672563741997e+01
1.106704792915997793e+01
1.120260913268253944e+01
1.133817033620509918e+01
1.147373153972765891e+01
1.160929274325021865e+01
1.174485394677277839e+01
1.188041515029533812e+01
1.201597635381789786e+01
1.215153755734045760e+01
1.228709876086301733e+01
1.242265996438557707e+01
1.255822116790813503e+01
1.269378237143069477e+01
1.282934357495325450e+01
1.296490477847581424e+01
1.310046598199837398e+01
1.323602718552093371e+01
1.337158838904349345e+01
1.350714959256605319e+01
1.364271079608861292e+01
1.377827199961117266e+01
1.391383320313373240e+01
1.404939440665629036e+01
1.418495561017885187e+01
1.432051681370140983e+01
1.445607801722397134e+01
1.459163922074652930e+01
1.472720042426908726e+01
1.486276162779164878e+01
1.499832283131420851e+01
1.513388403483677003e+01
1.526944523835932976e+01
1.540500644188188772e+01
1.554056764540444568e+01
1.567612884892701075e+01
1.581169005244956871e+01
1.594725125597212667e+01
1.608281245949468286e+01
1.621837366301724259e+01
1.635393486653980588e+01
1.648949607006236562e+01
1.662505727358492180e+01
1.676061847710748154e+01
1.689617968063004483e+01
1.703174088415260456e+01
1.716730208767516430e+01
1.730286329119772049e+01
1.743842449472028733e+01
1.757398569824284351e+01
1.770954690176540325e+01
1.784510810528795943e+01
1.798066930881051917e+01
1.811623051233308246e+01
1.825179171585564220e+01
1.838735291937819838e+01
1.852291412290075812e+01
1.865847532642332141e+01
1.879403652994588114e+01
1.892959773346843733e+01
1.906515893699099706e+01
1.920072014051355325e+01
1.933628134403612009e+01
1.947184254755867627e+01
1.960740375108123601e+01
1.974296495460379219e+01
1.987852615812635904e+01
2.001408736164891522e+01
2.014964856517147496e+01
2.028520976869403114e+01
2.042077097221659088e+01
2.055633217573915417e+01
2.069189337926171390e+01
2.082745458278427364e+01
2.096301578630682982e+01
2.109857698982939667e+01
2.123413819335195285e+01
2.136969939687451259e+01
2.150526060039706877e+01
2.164082180391963561e+01
2.177638300744219180e+01
2.191194421096475153e+01
2.204750541448730772e+01
2.218306661800986745e+01
2.231862782153243074e+01
2.245418902505499048e+01
2.258975022857754666e+01
2.272531143210010640e+01
2.286087263562266969e+01
2.299643383914522943e+01
2.313199504266778561e+01
2.326755624619034535e+01
2.340311744971290153e+01
2.353867865323546837e+01
2.367423985675802456e+01
2.380980106028058430e+01
2.394536226380314048e+01
2.408092346732570732e+01
2.421648467084826351e+01
2.435204587437082324e+01
2.448760707789338298e+01
2.462316828141594627e+01
2.475872948493850600e+01
2.489429068846106219e+01
2.502985189198362193e+01
2.516541309550617811e+01
2.530097429902874495e+01
2.543653550255130114e+01
2.557209670607386087e+01
2.570765790959641706e+01
