0.000000000000000000e+00
3.436154718712169237e-02
6.872309437424338474e-02
1.030846415613650702e-01
1.374461887484867695e-01
1.718077359356084688e-01
2.080898760650391477e-01
2.443720161944697988e-01
2.806541563239004500e-01
3.169362964533311011e-01
3.532184365827617523e-01
3.895005767121924589e-01
3.895005767121924589e-01
4.200161176312612876e-01
4.505316585503301163e-01
4.810471994693988895e-01
5.115627403884677182e-01
5.420782813075365469e-01
5.725938222266053756e-01
6.031093631456742044e-01
6.336249040647430331e-01
6.641404449838118618e-01
6.946559859028806905e-01
7.251715268219495192e-01
7.556870677410183479e-01
7.862026086600870656e-01
8.167181495791560053e-01
8.472336904982247230e-01
8.777492314172936627e-01
9.082647723363623804e-01
9.387803132554313201e-01
9.692958541745000378e-01
9.998113950935689775e-01
1.030326936012637695e+00
1.030326936012637695e+00
1.071088423560336622e+00
1.111849911108035771e+00
1.152611398655734698e+00
1.181739869533027676e+00
1.210868340410320654e+00
1.239996811287613632e+00
1.269125282164906610e+00
1.298253753042199587e+00
1.327382223919492565e+00
1.356510694796785543e+00
1.385639165674078521e+00
1.414767636551371499e+00
1.443896107428664255e+00
1.473024578305957455e+00
1.502153049183250211e+00
1.531281520060543411e+00
1.560409990937836167e+00
1.589538461815129144e+00
1.618666932692422122e+00
1.647795403569715100e+00
1.676923874447008078e+00
1.706052345324301056e+00
1.735180816201594034e+00
1.764309287078887012e+00
1.793437757956179990e+00
1.834199245503878917e+00
1.874960733051578066e+00
1.915722220599276993e+00
1.915722220599276993e+00
1.946821197853074725e+00
1.977920175106872458e+00
2.009019152360670191e+00
2.040118129614467701e+00
2.071217106868265656e+00
2.102316084122063167e+00
2.133415061375861121e+00
2.167776608562982599e+00
2.202138155750104520e+00
2.236499702937225997e+00
2.270861250124347919e+00
2.305222797311469396e+00
2.305222797311469396e+00
2.333084812933227781e+00
2.360946828554986165e+00
2.388808844176744994e+00
2.416670859798503379e+00
2.444532875420261764e+00
2.472394891042020149e+00
2.500256906663778977e+00
2.528118922285537362e+00
2.555980937907295747e+00
2.583842953529054132e+00
2.611704969150812961e+00
2.639566984772571345e+00
2.667429000394329730e+00
2.695291016016088115e+00
2.723153031637846944e+00
2.751015047259605328e+00
2.778877062881363713e+00
2.806739078503122098e+00
2.834601094124880483e+00
2.862463109746639311e+00
2.890325125368397696e+00
2.918187140990156081e+00
2.946049156611914910e+00
