1.459613253391413012e-01
2.422589308834927346e-01
3.385565364278441680e-01
4.348541419721955736e-01
5.311517475165470348e-01
6.274493530608984404e-01
7.237469586052498460e-01
8.200445641496012517e-01
9.163421696939526573e-01
1.012639775238304063e+00
1.108937380782655469e+00
1.205234986327006874e+00
1.301532591871358280e+00
1.397830197415709685e+00
1.494127802960061091e+00
1.590425408504412497e+00
1.686723014048763902e+00
1.783020619593115308e+00
1.879318225137466714e+00
1.975615830681818341e+00
2.071913436226169747e+00
2.168211041770520708e+00
2.264508647314872558e+00
2.360806252859223964e+00
2.457103858403575369e+00
2.553401463947926331e+00
2.649699069492278181e+00
2.745996675036629586e+00
2.842294280580980992e+00
2.938591886125331953e+00
3.034889491669683803e+00
3.131187097214035209e+00
3.227484702758386614e+00
3.323782308302738020e+00
3.420079913847089426e+00
3.516377519391441275e+00
3.612675124935792237e+00
3.708972730480143642e+00
3.805270336024495048e+00
3.901567941568847342e+00
3.997865547113198303e+00
4.094163152657549709e+00
4.190460758201901115e+00
4.286758363746252520e+00
4.383055969290603926e+00
4.479353574834955332e+00
4.575651180379307625e+00
4.671948785923658143e+00
4.768246391468009548e+00
4.864543997012360954e+00
4.960841602556712360e+00
5.057139208101064654e+00
5.153436813645415171e+00
5.249734419189766577e+00
5.346032024734118870e+00
5.442329630278470276e+00
5.538627235822820793e+00
5.634924841367172199e+00
5.731222446911523605e+00
5.827520052455875899e+00
5.923817658000226416e+00
6.020115263544577822e+00
6.116412869088930115e+00
6.212710474633281521e+00
6.309008080177632038e+00
6.405305685721983444e+00
6.501603291266334850e+00
6.597900896810687144e+00
6.694198502355038549e+00
6.790496107899389067e+00
6.886793713443741360e+00
6.983091318988092766e+00
7.079388924532444172e+00
7.175686530076794689e+00
7.271984135621146095e+00
7.368281741165498389e+00
7.464579346709849794e+00
7.560876952254200312e+00
7.657174557798552605e+00
7.753472163342903123e+00
7.849769768887255417e+00
7.946067374431606822e+00
8.042364979975957340e+00
8.138662585520309634e+00
8.234960191064660151e+00
8.331257796609012445e+00
8.427555402153364739e+00
8.523853007697715256e+00
8.620150613242065774e+00
8.716448218786418067e+00
8.812745824330768585e+00
8.909043429875120879e+00
9.005341035419473172e+00
9.101638640963823690e+00
9.197936246508175984e+00
9.294233852052526501e+00
9.390531457596877019e+00
9.486829063141229312e+00
9.583126668685579830e+00
9.679424274229932124e+00
9.775721879774282641e+00
9.872019485318634935e+00
9.968317090862987229e+00
1.006461469640733775e+01
1.016091230195169004e+01
1.025720990749604056e+01
1.035350751304039107e+01
1.044980511858474337e+01
1.054610272412909566e+01
1.064240032967344618e+01
1.073869793521779847e+01
1.083499554076214899e+01
1.093129314630650128e+01
1.102759075185085180e+01
1.112388835739520232e+01
1.122018596293955461e+01
1.131648356848390513e+01
1.141278117402825742e+01
1.150907877957260972e+01
1.160537638511696024e+01
1.170167399066131253e+01
1.179797159620566482e+01
1.189426920175001356e+01
1.199056680729436586e+01
1.208686441283871815e+01
1.218316201838306867e+01
1.227945962392742096e+01
1.237575722947177148e+01
1.247205483501612377e+01
1.256835244056047607e+01
1.266465004610482481e+01
1.276094765164917710e+01
1.285724525719352762e+01
1.295354286273787991e+01
1.304984046828223221e+01
1.314613807382658273e+01
1.324243567937093502e+01
1.333873328491528731e+01
1.343503089045963783e+01
1.353132849600398835e+01
1.362762610154834064e+01
1.372392370709269116e+01
1.382022131263704345e+01
1.391651891818139397e+01
1.401281652372574626e+01
1.410911412927009856e+01
1.420541173481444908e+01
1.430170934035879959e+01
1.439800694590315011e+01
1.449430455144750240e+01
1.459060215699185470e+01
1.468689976253620522e+01
1.478319736808055751e+01
1.487949497362490980e+01
1.497579257916926032e+01
1.507209018471361262e+01
1.516838779025796313e+01
1.526468539580231543e+01
1.536098300134666417e+01
1.545728060689101646e+01
1.555357821243536875e+01
1.564987581797972105e+01
1.574617342352407334e+01
1.584247102906842208e+01
1.593876863461277438e+01
1.603506624015712489e+01
1.613136384570147897e+01
1.622766145124582948e+01
1.632395905679018000e+01
1.642025666233453052e+01
1.651655426787888103e+01
1.661285187342323511e+01
1.670914947896758562e+01
1.680544708451193969e+01
1.690174469005628666e+01
1.699804229560064073e+01
1.709433990114499125e+01
1.719063750668934176e+01
1.728693511223369583e+01
1.738323271777804280e+01
1.747953032332239687e+01
1.757582792886674738e+01
1.767212553441110146e+01
1.776842313995545197e+01
1.786472074549980604e+01
1.796101835104415301e+01
1.805731595658850352e+01
1.815361356213285760e+01
1.824991116767720811e+01
1.834620877322156218e+01
1.844250637876590915e+01
1.853880398431026322e+01
1.863510158985461374e+01
1.873139919539896781e+01
1.882769680094331832e+01
1.892399440648766529e+01
1.902029201203201936e+01
1.911658961757636987e+01
1.921288722312072395e+01
1.930918482866507446e+01
