-5.826199016296113031e-01
-5.622907701874390041e-01
-5.419616387452667050e-01
-5.216325073030944059e-01
-5.013033758609221069e-01
-4.809742444187499744e-01
-4.606451129765776198e-01
-4.403159815344053762e-01
-4.199868500922331327e-01
-3.996577186500608336e-01
-3.793285872078885346e-01
-3.589994557657162355e-01
-3.386703243235439920e-01
-3.183411928813716929e-01
-2.980120614391994494e-01
-2.776829299970272058e-01
-2.573537985548549067e-01
-2.370246671126826077e-01
-2.166955356705103364e-01
-1.963664042283380928e-01
-1.760372727861658215e-01
-1.557081413439935502e-01
-1.353790099018212512e-01
-1.150498784596489660e-01
-9.472074701747669467e-02
-7.439161557530440949e-02
-5.406248413313212431e-02
-3.373335269095995015e-02
-1.340422124878766497e-02
6.924910193384618481e-03
2.725404163555690193e-02
4.758317307772918364e-02
6.791230451990146189e-02
8.824143596207374707e-02
1.085705674042460323e-01
1.288996988464183036e-01
1.492288302885906026e-01
1.695579617307628739e-01
1.898870931729350620e-01
2.102162246151073333e-01
2.305453560572796323e-01
2.508744874994519036e-01
2.712036189416242027e-01
2.915327503837964462e-01
3.118618818259687453e-01
3.321910132681410444e-01
3.525201447103133434e-01
3.728492761524855870e-01
3.931784075946578860e-01
4.135075390368301851e-01
4.338366704790024286e-01
4.541658019211747277e-01
4.744949333633470268e-01
4.948240648055192703e-01
5.151531962476914028e-01
5.354823276898637019e-01
5.558114591320358899e-01
5.761405905742081890e-01
5.964697220163804880e-01
6.167988534585527871e-01
6.371279849007250862e-01
6.574571163428973852e-01
6.777862477850696843e-01
6.981153792272418723e-01
7.184445106694141714e-01
7.387736421115864704e-01
7.591027735537587695e-01
7.794319049959310686e-01
7.997610364381033676e-01
8.200901678802755557e-01
8.404192993224478547e-01
8.607484307646201538e-01
8.810775622067924528e-01
9.014066936489647519e-01
9.217358250911370510e-01
9.420649565333091280e-01
9.623940879754814270e-01
9.827232194176537261e-01
1.003052350859826136e+00
1.023381482301998435e+00
1.043710613744170512e+00
1.064039745186342811e+00
1.084368876628515110e+00
1.104698008070687409e+00
1.125027139512859709e+00
1.145356270955032008e+00
1.165685402397204307e+00
1.186014533839376606e+00
1.206343665281548905e+00
1.226672796723721204e+00
1.247001928165893503e+00
1.267331059608065802e+00
1.287660191050238101e+00
1.307989322492410178e+00
1.328318453934582477e+00
1.348647585376754776e+00
1.368976716818927075e+00
1.389305848261099374e+00
1.409634979703271673e+00
1.429964111145443972e+00
1.450293242587616271e+00
1.470622374029788570e+00
1.490951505471960870e+00
1.511280636914133169e+00
1.531609768356305468e+00
1.551938899798477767e+00
1.572268031240650066e+00
1.592597162682821921e+00
1.612926294124993998e+00
1.633255425567166297e+00
1.653584557009338596e+00
1.673913688451510895e+00
1.694242819893683194e+00
1.714571951335855493e+00
1.734901082778027792e+00
1.755230214220200091e+00
1.775559345662372390e+00
1.795888477104544689e+00
1.816217608546716988e+00
1.836546739988889287e+00
1.856875871431061586e+00
1.877205002873233886e+00
1.897534134315405963e+00
1.917863265757578262e+00
1.938192397199750561e+00
1.958521528641922860e+00
1.978850660084095159e+00
1.999179791526267458e+00
2.019508922968439535e+00
2.039838054410612056e+00
2.060167185852784133e+00
2.080496317294956654e+00
2.100825448737128731e+00
2.121154580179301252e+00
2.141483711621473329e+00
2.161812843063645850e+00
2.182141974505817927e+00
2.202471105947990448e+00
2.222800237390162525e+00
2.243129368832335047e+00
2.263458500274507124e+00
2.283787631716679645e+00
2.304116763158851722e+00
2.324445894601023799e+00
2.344775026043196320e+00
2.365104157485368397e+00
2.385433288927540918e+00
2.405762420369712995e+00
2.426091551811885516e+00
2.446420683254057593e+00
2.466749814696229670e+00
2.487078946138401747e+00
2.507408077580574268e+00
2.527737209022746345e+00
2.548066340464918866e+00
2.568395471907090943e+00
2.588724603349263464e+00
2.609053734791435541e+00
2.629382866233607619e+00
2.649711997675780140e+00
2.670041129117952217e+00
2.690370260560124738e+00
2.710699392002296815e+00
2.731028523444469336e+00
2.751357654886641413e+00
2.771686786328813934e+00
2.792015917770986011e+00
2.812345049213158532e+00
2.832674180655330609e+00
2.853003312097503130e+00
2.873332443539675207e+00
2.893661574981847284e+00
2.913990706424019805e+00
2.934319837866191882e+00
2.954648969308364403e+00
2.974978100750536480e+00
2.995307232192709002e+00
3.015636363634881079e+00
3.035965495077053600e+00
3.056294626519225677e+00
3.076623757961398198e+00
3.096952889403570275e+00
3.117282020845742796e+00
3.137611152287914873e+00
3.157940283730086950e+00
3.178269415172259471e+00
3.198598546614431548e+00
3.218927678056604069e+00
3.239256809498776146e+00
3.259585940940948667e+00
3.279915072383120744e+00
3.300244203825293265e+00
3.320573335267465342e+00
3.340902466709637864e+00
3.361231598151809941e+00
3.381560729593982462e+00
3.401889861036154539e+00
3.422218992478326616e+00
3.442548123920499137e+00
3.462877255362671214e+00
