-4.538518878553718383e-02
8.853963445029913726e-02
2.224644576861354861e-01
3.563892809219718072e-01
4.903141041578080728e-01
6.242389273936443939e-01
7.581637506294808260e-01
8.920885738653170360e-01
1.026013397101153579e+00
1.159938220336989900e+00
1.293863043572825999e+00
1.427787866808662542e+00
1.561712690044498864e+00
1.695637513280335185e+00
1.829562336516171506e+00
1.963487159752007827e+00
2.097411982987844148e+00
2.231336806223680469e+00
2.365261629459516790e+00
2.499186452695353111e+00
2.633111275931189432e+00
2.767036099167025753e+00
2.900960922402862074e+00
3.034885745638698396e+00
3.168810568874534717e+00
3.302735392110371038e+00
3.436660215346207359e+00
3.570585038582043680e+00
3.704509861817880001e+00
3.838434685053716322e+00
3.972359508289552643e+00
4.106284331525388964e+00
4.240209154761225285e+00
4.374133977997060718e+00
4.508058801232897039e+00
4.641983624468733360e+00
4.775908447704570570e+00
4.909833270940406891e+00
5.043758094176243212e+00
5.177682917412078645e+00
5.311607740647914966e+00
5.445532563883751287e+00
5.579457387119588496e+00
5.713382210355424817e+00
5.847307033591261138e+00
5.981231856827097459e+00
6.115156680062932892e+00
6.249081503298769213e+00
6.383006326534606423e+00
6.516931149770442744e+00
6.650855973006279065e+00
6.784780796242115386e+00
6.918705619477950819e+00
7.052630442713787140e+00
7.186555265949623461e+00
7.320480089185460670e+00
7.454404912421296991e+00
7.588329735657133313e+00
7.722254558892969634e+00
7.856179382128805067e+00
7.990104205364642276e+00
8.124029028600478597e+00
8.257953851836314030e+00
8.391878675072149463e+00
8.525803498307986672e+00
8.659728321543823881e+00
8.793653144779659314e+00
8.927577968015496523e+00
9.061502791251331956e+00
9.195427614487169166e+00
9.329352437723004599e+00
9.463277260958841808e+00
9.597202084194679017e+00
9.731126907430514450e+00
9.865051730666351659e+00
9.998976553902185316e+00
1.013290137713802253e+01
1.026682620037385973e+01
1.040075102360969517e+01
1.053467584684553238e+01
1.066860067008136781e+01
1.080252549331720502e+01
1.093645031655304045e+01
1.107037513978887766e+01
1.120429996302471487e+01
1.133822478626055030e+01
1.147214960949638751e+01
1.160607443273222295e+01
1.173999925596805838e+01
1.187392407920389381e+01
1.200784890243973102e+01
1.214177372567556823e+01
1.227569854891140366e+01
1.240962337214724087e+01
1.254354819538307630e+01
1.267747301861891351e+01
1.281139784185475072e+01
1.294532266509058616e+01
1.307924748832642337e+01
1.321317231156225880e+01
1.334709713479809601e+01
1.348102195803393144e+01
1.361494678126976687e+01
1.374887160450560408e+01
1.388279642774143952e+01
1.401672125097727672e+01
1.415064607421311216e+01
1.428457089744894937e+01
1.441849572068478480e+01
1.455242054392062201e+01
1.468634536715645922e+01
1.482027019039229465e+01
1.495419501362813186e+01
1.508811983686396907e+01
1.522204466009980273e+01
1.535596948333563816e+01
1.548989430657147714e+01
1.562381912980731258e+01
1.575774395304314801e+01
1.589166877627898344e+01
1.602559359951482421e+01
1.615951842275065786e+01
1.629344324598649152e+01
1.642736806922233228e+01
1.656129289245816594e+01
1.669521771569400315e+01
1.682914253892983680e+01
1.696306736216567757e+01
1.709699218540151122e+01
1.723091700863734843e+01
1.736484183187318564e+01
1.749876665510902285e+01
1.763269147834485651e+01
1.776661630158069372e+01
1.790054112481653092e+01
1.803446594805236458e+01
1.816839077128820179e+01
1.830231559452403900e+01
1.843624041775987621e+01
1.857016524099570987e+01
1.870409006423154707e+01
1.883801488746738428e+01
1.897193971070322149e+01
1.910586453393905515e+01
1.923978935717489591e+01
1.937371418041072957e+01
1.950763900364656678e+01
1.964156382688240043e+01
1.977548865011823764e+01
1.990941347335407485e+01
2.004333829658990851e+01
2.017726311982574927e+01
2.031118794306158293e+01
2.044511276629742014e+01
2.057903758953325735e+01
2.071296241276909456e+01
2.084688723600492821e+01
2.098081205924076542e+01
2.111473688247660263e+01
2.124866170571243984e+01
2.138258652894827350e+01
2.151651135218411071e+01
2.165043617541994792e+01
2.178436099865578157e+01
2.191828582189161878e+01
2.205221064512745599e+01
2.218613546836329320e+01
2.232006029159912686e+01
2.245398511483496762e+01
2.258790993807080127e+01
2.272183476130663848e+01
2.285575958454247214e+01
2.298968440777831290e+01
2.312360923101414656e+01
2.325753405424998022e+01
2.339145887748582098e+01
2.352538370072165463e+01
2.365930852395749184e+01
2.379323334719332550e+01
2.392715817042916626e+01
2.406108299366499992e+01
2.419500781690083713e+01
2.432893264013667434e+01
2.446285746337251155e+01
2.459678228660834520e+01
2.473070710984418241e+01
2.486463193308001962e+01
2.499855675631585328e+01
2.513248157955169049e+01
2.526640640278752770e+01
2.540033122602336491e+01
2.553425604925919856e+01
2.566818087249503932e+01
2.580210569573087298e+01
2.593603051896671019e+01
2.606995534220254385e+01
2.620388016543838461e+01
2.633780498867421827e+01
2.647172981191005547e+01
2.660565463514589268e+01
