0.000000000000000000e+00
2.533469543854585324e-02
5.066939087709170647e-02
7.600408631563755624e-02
1.013387817541834129e-01
1.266734771927292558e-01
1.520081726312751125e-01
1.773428680698209692e-01
2.026775635083668259e-01
2.280122589469126826e-01
2.533469543854585115e-01
2.786816498240043960e-01
3.040163452625502249e-01
3.307830415132026469e-01
3.575497377638550689e-01
3.843164340145074354e-01
4.110831302651598573e-01
4.378498265158122793e-01
4.646165227664647013e-01
4.913832190171171233e-01
5.181499152677695452e-01
5.449166115184219672e-01
5.716833077690743892e-01
5.716833077690743892e-01
5.967615892803552757e-01
6.218398707916361623e-01
6.469181523029170489e-01
6.719964338141978244e-01
6.970747153254787110e-01
7.221529968367595975e-01
7.472312783480404841e-01
7.723095598593212596e-01
7.973878413706021462e-01
8.224661228818830327e-01
8.475444043931639193e-01
8.726226859044448059e-01
8.977009674157256924e-01
9.227792489270065790e-01
9.478575304382873545e-01
9.732622159272430462e-01
9.986669014161987379e-01
1.024071586905154430e+00
1.049476272394110010e+00
1.074880957883065591e+00
1.100285643372021394e+00
1.125690328860976974e+00
1.151095014349932777e+00
1.176499699838888358e+00
1.201904385327844160e+00
1.227309070816799741e+00
1.252713756305755322e+00
1.278118441794711124e+00
1.278118441794711124e+00
1.302374879230919547e+00
1.326631316667127969e+00
1.350887754103336391e+00
1.375144191539544591e+00
1.399400628975753014e+00
1.423657066411961436e+00
1.447913503848169858e+00
1.472169941284378281e+00
1.496426378720586481e+00
1.520682816156794903e+00
1.544939253593003325e+00
1.569195691029211748e+00
1.593452128465420170e+00
1.617708565901628592e+00
1.642308826095367102e+00
1.666909086289105391e+00
1.691509346482843901e+00
1.716109606676582411e+00
1.740709866870320699e+00
1.765310127064059209e+00
1.789910387257797719e+00
1.814510647451536229e+00
1.839110907645274517e+00
1.863711167839013028e+00
1.888311428032751316e+00
1.912911688226489826e+00
1.937511948420228336e+00
1.962112208613966846e+00
1.986712468807705134e+00
2.011312729001443422e+00
2.011312729001443422e+00
2.034581616224631961e+00
2.057850503447820945e+00
2.081119390671009484e+00
2.104388277894198023e+00
2.127657165117387006e+00
2.150926052340575545e+00
2.174194939563764084e+00
2.197463826786953067e+00
2.220732714010141606e+00
2.244001601233330145e+00
2.267270488456519129e+00
2.290539375679707668e+00
2.313808262902896207e+00
2.337077150126085190e+00
2.360346037349273729e+00
2.383614924572462268e+00
