-2.209000647453641109e-01
-2.015888209030065048e-01
-1.822775770606489265e-01
-1.629663332182913205e-01
-1.436550893759337422e-01
-1.243438455335761500e-01
-1.050326016912185578e-01
-8.572135784886097953e-02
-6.641011400650337348e-02
-4.709887016414576744e-02
-2.778762632178819261e-02
-8.476382479430588299e-03
1.083486136292701428e-02
3.014610520528459084e-02
4.945734904764216566e-02
6.876859288999979947e-02
8.807983673235737776e-02
1.073910805747149561e-01
1.267023244170725760e-01
1.460135682594301543e-01
1.653248121017877326e-01
1.846360559441453664e-01
2.039472997865029447e-01
2.232585436288605230e-01
2.425697874712181845e-01
2.618810313135757628e-01
2.811922751559333133e-01
3.005035189982909194e-01
3.198147628406484699e-01
3.391260066830061870e-01
3.584372505253637375e-01
3.777484943677212881e-01
3.970597382100788941e-01
4.163709820524364447e-01
4.356822258947940507e-01
4.549934697371516013e-01
4.743047135795093183e-01
4.936159574218668689e-01
5.129272012642244194e-01
5.322384451065820254e-01
5.515496889489396315e-01
5.708609327912972375e-01
5.901721766336548436e-01
6.094834204760124496e-01
6.287946643183700557e-01
6.481059081607275507e-01
6.674171520030851568e-01
6.867283958454427628e-01
7.060396396878004799e-01
7.253508835301579749e-01
7.446621273725155810e-01
7.639733712148731870e-01
7.832846150572307931e-01
8.025958588995882881e-01
8.219071027419458941e-01
8.412183465843035002e-01
8.605295904266609952e-01
8.798408342690186013e-01
8.991520781113764293e-01
9.184633219537340354e-01
9.377745657960915304e-01
9.570858096384491365e-01
9.763970534808067425e-01
9.957082973231643486e-01
1.015019541165521844e+00
1.034330785007879561e+00
1.053642028850237056e+00
1.072953272692594551e+00
1.092264516534952268e+00
1.111575760377309763e+00
1.130887004219667258e+00
1.150198248062025197e+00
1.169509491904382692e+00
1.188820735746740187e+00
1.208131979589097904e+00
1.227443223431455399e+00
1.246754467273812894e+00
1.266065711116170611e+00
1.285376954958528106e+00
1.304688198800885823e+00
1.323999442643243318e+00
1.343310686485600813e+00
1.362621930327958530e+00
1.381933174170316025e+00
1.401244418012673743e+00
1.420555661855031460e+00
1.439866905697388955e+00
1.459178149539746450e+00
1.478489393382104167e+00
1.497800637224461662e+00
1.517111881066819379e+00
1.536423124909176874e+00
1.555734368751534369e+00
1.575045612593892086e+00
1.594356856436249581e+00
1.613668100278607076e+00
1.632979344120965015e+00
1.652290587963322510e+00
1.671601831805680005e+00
1.690913075648037500e+00
1.710224319490395217e+00
1.729535563332752712e+00
1.748846807175110429e+00
1.768158051017468146e+00
1.787469294859825641e+00
1.806780538702183359e+00
1.826091782544540632e+00
1.845403026386898571e+00
1.864714270229255844e+00
1.884025514071613561e+00
1.903336757913971056e+00
1.922648001756328773e+00
1.941959245598686268e+00
1.961270489441043985e+00
1.980581733283401258e+00
1.999892977125759197e+00
2.019204220968116914e+00
2.038515464810474409e+00
2.057826708652831904e+00
2.077137952495189399e+00
2.096449196337547338e+00
2.115760440179904389e+00
2.135071684022262328e+00
2.154382927864619823e+00
2.173694171706977318e+00
2.193005415549334813e+00
2.212316659391692752e+00
2.231627903234050248e+00
2.250939147076407743e+00
2.270250390918765682e+00
2.289561634761123177e+00
2.308872878603480672e+00
2.328184122445838167e+00
2.347495366288196106e+00
2.366806610130553157e+00
2.386117853972911096e+00
2.405429097815268591e+00
2.424740341657626086e+00
2.444051585499983581e+00
2.463362829342341520e+00
2.482674073184698571e+00
2.501985317027056510e+00
2.521296560869414449e+00
2.540607804711771500e+00
2.559919048554129439e+00
2.579230292396486934e+00
2.598541536238844429e+00
2.617852780081201924e+00
2.637164023923559864e+00
2.656475267765917359e+00
2.675786511608274854e+00
2.695097755450632349e+00
2.714408999292990288e+00
2.733720243135347339e+00
2.753031486977705278e+00
2.772342730820063217e+00
2.791653974662420268e+00
2.810965218504778207e+00
2.830276462347135702e+00
2.849587706189493197e+00
2.868898950031850692e+00
2.888210193874208631e+00
2.907521437716565682e+00
2.926832681558923621e+00
2.946143925401281116e+00
2.965455169243638611e+00
2.984766413085996106e+00
3.004077656928354045e+00
3.023388900770711540e+00
3.042700144613069035e+00
3.062011388455426975e+00
3.081322632297784470e+00
3.100633876140141965e+00
3.119945119982499460e+00
3.139256363824857399e+00
3.158567607667214450e+00
3.177878851509572389e+00
3.197190095351929884e+00
3.216501339194287379e+00
3.235812583036644874e+00
3.255123826879002813e+00
3.274435070721360308e+00
3.293746314563717803e+00
3.313057558406075742e+00
3.332368802248432793e+00
3.351680046090790732e+00
3.370991289933148227e+00
3.390302533775505722e+00
3.409613777617863217e+00
3.428925021460221156e+00
3.448236265302578651e+00
3.467547509144936146e+00
3.486858752987294086e+00
3.506169996829651581e+00
3.525481240672009076e+00
3.544792484514366571e+00
3.564103728356724510e+00
3.583414972199082005e+00
3.602726216041439056e+00
3.622037459883796995e+00
