-2.300115213506783163e-01
-2.100831482718570897e-01
-1.901547751930358632e-01
-1.702264021142146366e-01
-1.502980290353934101e-01
-1.303696559565721835e-01
-1.104412828777509709e-01
-9.051290979892974431e-02
-7.058453672010851776e-02
-5.065616364128728427e-02
-3.072779056246605772e-02
-1.079941748364482944e-02
9.128955595176397111e-03
2.905732867399762540e-02
4.898570175281884848e-02
6.891407483164008196e-02
8.884244791046130851e-02
1.087708209892825351e-01
1.286991940681037616e-01
1.486275671469249882e-01
1.685559402257462147e-01
1.884843133045674413e-01
2.084126863833886678e-01
2.283410594622098944e-01
2.482694325410311209e-01
2.681978056198523475e-01
2.881261786986735740e-01
3.080545517774948006e-01
3.279829248563160271e-01
3.479112979351372537e-01
3.678396710139584802e-01
3.877680440927797068e-01
4.076964171716009333e-01
4.276247902504221599e-01
4.475531633292433864e-01
4.674815364080646130e-01
4.874099094868858950e-01
5.073382825657070105e-01
5.272666556445283481e-01
5.471950287233494636e-01
5.671234018021708012e-01
5.870517748809919167e-01
6.069801479598132543e-01
6.269085210386343698e-01
6.468368941174557074e-01
6.667652671962768229e-01
6.866936402750981605e-01
7.066220133539192760e-01
7.265503864327406136e-01
7.464787595115617291e-01
7.664071325903830667e-01
7.863355056692044043e-01
8.062638787480255198e-01
8.261922518268466353e-01
8.461206249056679729e-01
8.660489979844893105e-01
8.859773710633104260e-01
9.059057441421315415e-01
9.258341172209528791e-01
9.457624902997742167e-01
9.656908633785953322e-01
9.856192364574164477e-01
1.005547609536237896e+00
1.025475982615059234e+00
1.045404355693880349e+00
1.065332728772701465e+00
1.085261101851522803e+00
1.105189474930344140e+00
1.125117848009165256e+00
1.145046221087986371e+00
1.164974594166807709e+00
1.184902967245629046e+00
1.204831340324450162e+00
1.224759713403271277e+00
1.244688086482092615e+00
1.264616459560913952e+00
1.284544832639735068e+00
1.304473205718556184e+00
1.324401578797377521e+00
1.344329951876198859e+00
1.364258324955019974e+00
1.384186698033841090e+00
1.404115071112662427e+00
1.424043444191483765e+00
1.443971817270304880e+00
1.463900190349125996e+00
1.483828563427947334e+00
1.503756936506768671e+00
1.523685309585589787e+00
1.543613682664410902e+00
1.563542055743232240e+00
1.583470428822053577e+00
1.603398801900874693e+00
1.623327174979695808e+00
1.643255548058517146e+00
1.663183921137338483e+00
1.683112294216159599e+00
1.703040667294980715e+00
1.722969040373801830e+00
1.742897413452623390e+00
1.762825786531444505e+00
1.782754159610265621e+00
1.802682532689087180e+00
1.822610905767908296e+00
1.842539278846729411e+00
1.862467651925550527e+00
1.882396025004371642e+00
1.902324398083193202e+00
1.922252771162014318e+00
1.942181144240835433e+00
1.962109517319656993e+00
1.982037890398478108e+00
2.001966263477299002e+00
2.021894636556120339e+00
2.041823009634941233e+00
2.061751382713763014e+00
2.081679755792583908e+00
2.101608128871405246e+00
2.121536501950226583e+00
2.141464875029047921e+00
2.161393248107868814e+00
2.181321621186690152e+00
2.201249994265511045e+00
2.221178367344332827e+00
2.241106740423153720e+00
2.261035113501975058e+00
2.280963486580796395e+00
2.300891859659617733e+00
2.320820232738438627e+00
2.340748605817259964e+00
2.360676978896080858e+00
2.380605351974902639e+00
2.400533725053723533e+00
2.420462098132544870e+00
2.440390471211366208e+00
2.460318844290187545e+00
2.480247217369008439e+00
2.500175590447829777e+00
2.520103963526650670e+00
2.540032336605472452e+00
2.559960709684293345e+00
2.579889082763114683e+00
2.599817455841936020e+00
2.619745828920757358e+00
2.639674201999578251e+00
2.659602575078399589e+00
2.679530948157220482e+00
2.699459321236042264e+00
2.719387694314863158e+00
2.739316067393684495e+00
2.759244440472505833e+00
2.779172813551327170e+00
2.799101186630148064e+00
2.819029559708969401e+00
2.838957932787790295e+00
2.858886305866612076e+00
2.878814678945432970e+00
2.898743052024254307e+00
2.918671425103075645e+00
2.938599798181896983e+00
2.958528171260717876e+00
2.978456544339539214e+00
2.998384917418360107e+00
3.018313290497181889e+00
3.038241663576002782e+00
3.058170036654824120e+00
3.078098409733645457e+00
3.098026782812466795e+00
3.117955155891287689e+00
3.137883528970109026e+00
3.157811902048929920e+00
3.177740275127751701e+00
3.197668648206572595e+00
3.217597021285393932e+00
3.237525394364215270e+00
3.257453767443036607e+00
3.277382140521857501e+00
3.297310513600678838e+00
3.317238886679499732e+00
3.337167259758321514e+00
3.357095632837142407e+00
3.377024005915963745e+00
3.396952378994785082e+00
3.416880752073606420e+00
3.436809125152427313e+00
3.456737498231248651e+00
3.476665871310069544e+00
3.496594244388891326e+00
3.516522617467712220e+00
3.536450990546533557e+00
3.556379363625354895e+00
3.576307736704175788e+00
3.596236109782997126e+00
3.616164482861818907e+00
3.636092855940639357e+00
3.656021229019461138e+00
3.675949602098282032e+00
3.695877975177103369e+00
3.715806348255924707e+00
3.735734721334745601e+00
