0.000000000000000000e+00
3.980065933503378756e-02
7.960131867006757511e-02
1.194019780051013557e-01
1.592026373401351502e-01
1.990032966751689447e-01
2.388039560102027115e-01
2.760544108594900625e-01
3.133048657087773581e-01
3.505553205580647091e-01
3.878057754073520602e-01
4.250562302566393558e-01
4.623066851059267068e-01
4.995571399552140024e-01
5.368075948045013535e-01
5.936814625544902801e-01
6.505553303044792068e-01
6.861040959264185224e-01
7.216528615483578379e-01
7.572016271702972645e-01
7.927503927922365801e-01
8.282991584141758956e-01
8.638479240361152112e-01
8.993966896580545267e-01
9.349454552799938423e-01
9.704942209019331578e-01
1.006042986523872695e+00
1.041591752145811789e+00
1.077140517767751327e+00
1.112689283389690642e+00
1.148238049011629958e+00
1.183786814633569273e+00
1.219335580255508589e+00
1.254884345877447904e+00
1.290433111499387220e+00
1.347306979249376147e+00
1.404180846999365073e+00
1.450581075031556200e+00
1.496981303063747326e+00
1.543381531095938453e+00
1.577059309053565173e+00
1.610737087011191893e+00
1.644414864968818613e+00
1.678092642926445333e+00
1.711770420884072053e+00
1.745448198841698773e+00
1.779125976799325715e+00
1.812803754756952435e+00
1.846481532714579155e+00
1.880159310672205875e+00
1.913837088629832595e+00
1.947514866587459315e+00
1.981192644545086035e+00
2.014870422502712977e+00
2.048548200460339697e+00
2.082225978417966417e+00
2.115903756375593137e+00
2.149581534333219857e+00
2.183259312290846577e+00
2.229659540323037703e+00
2.276059768355228830e+00
2.322459996387419956e+00
2.322459996387419956e+00
2.355571511809008811e+00
2.388683027230597222e+00
2.421794542652186077e+00
2.454906058073774933e+00
2.488017573495363788e+00
2.521129088916952199e+00
2.554240604338541054e+00
2.587352119760129909e+00
2.620463635181718764e+00
2.654578486040318985e+00
2.688693336898919650e+00
2.722808187757519871e+00
2.756923038616120536e+00
2.791037889474720757e+00
2.825152740333320978e+00
2.859267591191921642e+00
2.859267591191921642e+00
2.891261480251666960e+00
2.923255369311412277e+00
2.955249258371158039e+00
2.987243147430903356e+00
3.019237036490648673e+00
3.051230925550393991e+00
3.083224814610139308e+00
3.115218703669884626e+00
3.147212592729630387e+00
3.179206481789375704e+00
3.211200370849121022e+00
3.243194259908866339e+00
3.275188148968611657e+00
3.307182038028357418e+00
3.339175927088102735e+00
3.371169816147848053e+00
3.403163705207593370e+00
3.435157594267338688e+00
3.467151483327084449e+00
3.499145372386829766e+00
