0.000000000000000000e+00
1.030932886528701520e-01
2.061865773057403040e-01
3.092798659586104559e-01
4.123731546114806079e-01
5.154664432643507599e-01
6.185597319172209119e-01
7.216530205700910638e-01
8.247463092229612158e-01
9.278395978758313678e-01
1.030932886528701520e+00
1.134026175181571672e+00
1.237119463834441824e+00
1.340212752487311976e+00
1.443306041140182128e+00
1.546399329793052280e+00
1.656856424778270442e+00
1.767313519763488383e+00
1.877770614748706546e+00
1.988227709733924709e+00
2.098684804719142871e+00
2.209141899704360590e+00
2.319598994689578753e+00
2.428945939941478560e+00
2.538292885193378812e+00
2.647639830445278619e+00
2.756986775697178871e+00
2.866333720949078678e+00
2.968846482122734720e+00
3.071359243296391206e+00
3.173872004470047248e+00
3.276384765643703734e+00
3.378897526817359775e+00
3.481410287991016261e+00
3.583923049164672303e+00
3.686435810338328345e+00
3.788948571511984831e+00
3.891461332685641317e+00
3.993974093859297358e+00
4.096486855032953400e+00
4.198999616206609886e+00
4.301512377380266372e+00
4.404025138553921970e+00
4.506537899727578456e+00
4.609554907727272166e+00
4.712571915726964988e+00
4.815588923726658699e+00
4.918605931726351521e+00
5.021622939726045232e+00
5.124639947725738942e+00
5.227656955725431764e+00
5.330673963725125475e+00
5.433690971724818297e+00
5.536707979724512008e+00
5.639724987724205718e+00
5.742741995723898540e+00
5.845759003723592251e+00
5.950978150850671611e+00
6.056197297977750971e+00
6.161416445104831219e+00
6.266635592231910579e+00
6.371854739358989939e+00
6.477073886486069298e+00
6.582293033613148658e+00
6.687512180740228906e+00
6.792731327867308266e+00
6.902078273119208518e+00
7.011425218371107881e+00
7.120772163623008133e+00
7.230119108874908385e+00
7.339466054126808636e+00
7.430588508503391587e+00
7.521710962879975426e+00
7.612833417256558377e+00
7.703955871633142216e+00
7.795078326009725167e+00
7.886200780386309006e+00
7.977323234762891957e+00
8.068445689139474908e+00
8.159568143516057859e+00
8.250690597892642586e+00
8.341813052269225537e+00
8.432935506645808488e+00
8.527632739060180711e+00
8.622329971474551158e+00
8.717027203888923381e+00
8.811724436303295604e+00
8.906421668717666051e+00
9.001118901132038275e+00
9.095816133546410498e+00
9.190513365960780945e+00
9.285210598375153168e+00
9.379907830789525391e+00
9.379907830789525391e+00
9.471030285166108342e+00
9.562152739542691293e+00
9.653275193919276020e+00
9.744397648295858971e+00
9.835520102672441922e+00
9.926642557049024873e+00
