-5.534180610464366906e-02
6.879523983961297051e-02
1.929322857838696170e-01
3.170693317281262358e-01
4.412063776723829100e-01
5.653434236166395843e-01
6.894804695608961476e-01
8.136175155051528218e-01
9.377545614494094961e-01
1.061891607393666170e+00
1.186028653337922956e+00
1.310165699282179519e+00
1.434302745226436082e+00
1.558439791170692867e+00
1.682576837114949431e+00
1.806713883059206216e+00
1.930850929003462779e+00
2.054987974947719565e+00
2.179125020891975684e+00
2.303262066836232691e+00
2.427399112780489254e+00
2.551536158724745817e+00
2.675673204669002381e+00
2.799810250613259388e+00
2.923947296557515507e+00
3.048084342501772515e+00
3.172221388446029078e+00
3.296358434390286085e+00
3.420495480334542204e+00
3.544632526278799212e+00
3.668769572223055775e+00
3.792906618167311894e+00
3.917043664111568457e+00
4.041180710055825465e+00
4.165317756000082028e+00
4.289454801944338591e+00
4.413591847888595154e+00
4.537728893832851718e+00
4.661865939777108281e+00
4.786002985721364844e+00
4.910140031665622296e+00
5.034277077609878859e+00
5.158414123554134534e+00
5.282551169498391097e+00
5.406688215442648549e+00
5.530825261386905112e+00
5.654962307331161675e+00
5.779099353275418238e+00
5.903236399219674801e+00
6.027373445163931365e+00
6.151510491108187928e+00
6.275647537052444491e+00
6.399784582996701943e+00
6.523921628940958506e+00
6.648058674885215069e+00
6.772195720829470744e+00
6.896332766773728196e+00
7.020469812717984759e+00
7.144606858662241322e+00
7.268743904606497885e+00
7.392880950550755337e+00
7.517017996495011012e+00
7.641155042439268463e+00
7.765292088383525027e+00
7.889429134327781590e+00
8.013566180272038153e+00
8.137703226216295604e+00
8.261840272160553056e+00
8.385977318104808731e+00
8.510114364049066182e+00
8.634251409993321857e+00
8.758388455937577532e+00
8.882525501881834984e+00
9.006662547826090659e+00
9.130799593770348110e+00
9.254936639714605562e+00
9.379073685658861237e+00
9.503210731603118688e+00
9.627347777547374363e+00
9.751484823491631815e+00
9.875621869435889266e+00
9.999758915380144941e+00
1.012389596132440239e+01
1.024803300726865984e+01
1.037217005321291374e+01
1.049630709915717119e+01
1.062044414510142687e+01
1.074458119104568432e+01
1.086871823698994177e+01
1.099285528293419745e+01
1.111699232887845490e+01
1.124112937482271235e+01
1.136526642076696803e+01
1.148940346671122548e+01
1.161354051265548115e+01
1.173767755859973860e+01
1.186181460454399428e+01
1.198595165048824995e+01
1.211008869643250740e+01
1.223422574237676486e+01
1.235836278832102053e+01
1.248249983426527798e+01
1.260663688020953366e+01
1.273077392615379111e+01
1.285491097209804856e+01
1.297904801804230424e+01
1.310318506398656169e+01
1.322732210993081914e+01
1.335145915587507481e+01
1.347559620181933049e+01
1.359973324776358616e+01
1.372387029370784362e+01
1.384800733965210107e+01
1.397214438559635674e+01
1.409628143154061419e+01
1.422041847748487164e+01
1.434455552342912732e+01
1.446869256937338477e+01
1.459282961531764045e+01
1.471696666126189790e+01
1.484110370720615535e+01
1.496524075315041102e+01
1.508937779909466670e+01
1.521351484503892237e+01
1.533765189098317805e+01
1.546178893692743550e+01
1.558592598287169118e+01
1.571006302881594863e+01
1.583420007476020608e+01
1.595833712070446175e+01
1.608247416664871920e+01
1.620661121259297488e+01
1.633074825853723411e+01
1.645488530448148978e+01
1.657902235042574546e+01
1.670315939637000469e+01
1.682729644231426036e+01
1.695143348825851604e+01
1.707557053420277171e+01
1.719970758014703094e+01
1.732384462609128661e+01
1.744798167203553874e+01
1.757211871797979796e+01
1.769625576392405364e+01
1.782039280986830931e+01
1.794452985581256854e+01
1.806866690175682422e+01
1.819280394770107989e+01
1.831694099364533912e+01
1.844107803958959479e+01
1.856521508553385047e+01
1.868935213147810970e+01
1.881348917742236537e+01
1.893762622336662105e+01
1.906176326931087672e+01
1.918590031525513595e+01
1.931003736119939163e+01
1.943417440714364730e+01
1.955831145308790653e+01
1.968244849903216220e+01
1.980658554497641788e+01
1.993072259092067711e+01
2.005485963686493278e+01
2.017899668280918846e+01
2.030313372875344768e+01
2.042727077469770336e+01
2.055140782064195903e+01
2.067554486658621471e+01
2.079968191253047038e+01
2.092381895847472606e+01
2.104795600441898173e+01
2.117209305036324096e+01
2.129623009630749664e+01
2.142036714225175231e+01
2.154450418819601154e+01
2.166864123414026722e+01
2.179277828008452289e+01
2.191691532602878212e+01
2.204105237197303779e+01
2.216518941791729347e+01
2.228932646386155270e+01
2.241346350980580837e+01
2.253760055575006405e+01
2.266173760169431972e+01
2.278587464763857895e+01
2.291001169358283462e+01
2.303414873952709030e+01
2.315828578547134953e+01
2.328242283141560520e+01
2.340655987735986088e+01
2.353069692330412011e+01
2.365483396924837578e+01
2.377897101519262790e+01
2.390310806113688713e+01
2.402724510708114281e+01
2.415138215302539848e+01
2.427551919896965771e+01
2.439965624491391338e+01
2.452379329085816906e+01
2.464793033680242473e+01
