-5.427923112396977005e-04 -1.590793872121802632e-07 1.114353203747946763e-07 3.490950081001100269e+00 3.774774467381531995e+00 5.630275558478423648e+00 6.628335617775077182e+00 8.988736766762068342e+00 9.245873659836389535e+00 9.755756357111764032e+00 1.224580021913035388e+01 1.355156191062644488e+01 1.396684262560439471e+01 1.436729337932077577e+01 1.700291866601839530e+01 1.874924578135937026e+01 1.913042922774677379e+01 1.913443579535708494e+01
2.230105659855448619e-01 3.179949683183662112e-01 6.214900942449486099e-01 3.481191394140244366e+00 3.761091166205195346e+00 5.629413127533453576e+00 6.517496277386099379e+00 8.720886033833755491e+00 9.447710898141908231e+00 1.049132244765270627e+01 1.223979835942410865e+01 1.354861433253835834e+01 1.396936517842398473e+01 1.446037668291622680e+01 1.698745488230780509e+01 1.872675473960433123e+01 1.912935193206064000e+01 1.913397776508196912e+01
4.449836756312261499e-01 6.299934408457320556e-01 1.239168647113462196e+00 3.452204961215989520e+00 3.721752896784305431e+00 5.626929936437186086e+00 6.366708129695420659e+00 8.759938983719736783e+00 9.616085995941707765e+00 1.182882504026012960e+01 1.222285268502975875e+01 1.355313288451202425e+01 1.397637056907124098e+01 1.482315629338627261e+01 1.694398918309875768e+01 1.866811196296941944e+01 1.912835775766487245e+01 1.913269045880984365e+01
6.632794065371598879e-01 9.294701379570223798e-01 1.854992621310056933e+00 3.405026368962254413e+00 3.662902076426211462e+00 5.623137529347895125e+00 6.278232322400946863e+00 8.990864647910470353e+00 9.954819938795978373e+00 1.219787908248128616e+01 1.280114593208793217e+01 1.360557025730271086e+01 1.398637862873395221e+01 1.569812945212648536e+01 1.688727716671550283e+01 1.860630434203031314e+01 1.913081106768986928e+01 1.914028854296612536e+01
8.723091750970141112e-01 1.208677928075906127e+00 2.461804223061596630e+00 3.342011905309774544e+00 3.600597577602482779e+00 5.618544898568132773e+00 6.171976650232394057e+00 9.202014109956119015e+00 1.054346560699688951e+01 1.216898199574070816e+01 1.313766334969065674e+01 1.371844217018192680e+01 1.399748522611855073e+01 1.662903332550995117e+01 1.708612436464808937e+01 1.863342802661470898e+01 1.912866700104135731e+01 1.923406653777914599e+01
1.062514661270362426e+00 1.457528697252228778e+00 2.997634376238453857e+00 3.268053429382130393e+00 3.598929709486441197e+00 5.613820694310553527e+00 5.990248696458509770e+00 9.344752123770989627e+00 1.127619575720422773e+01 1.214065131130504405e+01 1.321486029607081214e+01 1.378557719952632965e+01 1.400787606022448273e+01 1.660856669319843348e+01 1.768465109588277784e+01 1.879764168688957682e+01 1.912660185560768156e+01 1.975924669872908979e+01
1.219747684979577862e+00 1.661736616148256296e+00 3.192716803992651009e+00 3.217862109854148223e+00 3.900079466003953499e+00 5.609710597950279265e+00 5.718878737607909102e+00 9.439228972023100184e+00 1.200350220819589531e+01 1.211704844615018040e+01 1.323498993581834782e+01 1.374288414805618785e+01 1.401615279753320387e+01 1.650393704945129514e+01 1.780546009458630152e+01 1.885761542455053430e+01 1.912491298676672002e+01 2.069079490964611168e+01
1.325982881176207773e+00 1.800852147576242013e+00 3.132614787330365136e+00 3.213644111853496188e+00 4.408759060980571576e+00 5.361147564522187103e+00 5.606909657089412136e+00 9.494818147993127511e+00 1.210147823910912201e+01 1.262322486241662922e+01 1.324565462977716024e+01 1.357209828659649453e+01 1.402142214198462078e+01 1.641596306856975929e+01 1.781446057352239976e+01 1.886514620091418948e+01 1.912381618808471373e+01 2.139646897135576253e+01
1.363916369270758322e+00 1.851190739956108944e+00 3.108908134511693344e+00 3.200670498525843843e+00 4.841082302756119837e+00 4.989762320807556328e+00 5.605915592172991069e+00 9.513306169311691818e+00 1.209604751176476256e+01 1.295892421832194685e+01 1.329046412410080613e+01 1.335128134361873364e+01 1.402322420758640042e+01 1.638151404299176406e+01 1.781329948050294476e+01 1.886482331811044943e+01 1.912343706433552271e+01 2.164780844816565875e+01
1.455129978882879094e+00 1.855730002615896268e+00 3.125313364301876895e+00 3.206833917276865176e+00 4.831215501665403700e+00 5.005714837675957263e+00 5.653160960167814331e+00 9.490108592506786067e+00 1.207666679943957710e+01 1.296731421904801707e+01 1.331364809897129575e+01 1.339036364043939464e+01 1.403655315757461786e+01 1.633220164629061699e+01 1.761609569834538291e+01 1.905224203364662827e+01 1.911604273485749061e+01 2.156153543068950640e+01
1.687003308810671065e+00 1.869641416329930195e+00 3.168298287632774102e+00 3.243564103161730383e+00 4.814992597277144348e+00 5.044881593660714536e+00 5.793515042488855293e+00 9.426840939154915944e+00 1.201827409385473722e+01 1.296364398082087988e+01 1.320758799394258887e+01 1.366937782219369701e+01 1.407595159301552457e+01 1.617775432187107043e+01 1.728524445611851945e+01 1.909438503254478547e+01 1.937453320431317749e+01 2.132195084882251734e+01
1.893058825833598968e+00 1.988197800190816267e+00 3.223670263060610885e+00 3.345621196510438988e+00 4.812660388072985462e+00 5.100591775496930325e+00 6.021602429832339176e+00 9.335841987359991379e+00 1.192032234365356302e+01 1.292502835760451418e+01 1.303161087770178206e+01 1.403275992500543268e+01 1.413950178572593508e+01 1.593389980344259094e+01 1.705493383046968603e+01 1.906000191140175914e+01 1.961122139422299071e+01 2.100422792551471929e+01
1.924840442973962062e+00 2.314245456743965423e+00 3.277910528737650431e+00 3.518540946772271027e+00 4.844507788700653350e+00 5.176732575049928897e+00 6.326310285922366994e+00 9.229045407704427717e+00 1.178240631823358164e+01 1.277245709647453431e+01 1.285900747421873014e+01 1.422367528832767825e+01 1.432303229576203485e+01 1.567258357351278164e+01 1.698501746908350185e+01 1.901533469904820706e+01 1.962616237654923168e+01 2.077650250946294008e+01
1.962407326519556294e+00 2.628139833082744126e+00 3.323263995273672222e+00 3.719807593721827566e+00 4.938780484569649687e+00 5.284547380230625535e+00 6.691500635531069996e+00 9.120388487073638473e+00 1.160461697510868007e+01 1.245680806688696762e+01 1.274422074849378284e+01 1.432324074528955826e+01 1.443892721726865602e+01 1.540980447909970508e+01 1.702762591509612022e+01 1.896356061846865870e+01 1.946654407402815323e+01 2.074310291315090282e+01
2.002327920169975073e+00 2.869700982191051075e+00 3.357590674183189350e+00 3.894098002359557942e+00 5.124391302538700899e+00 5.439195806506928577e+00 7.099083918477775867e+00 9.023070250161929096e+00 1.138767180017942238e+01 1.207788735715451445e+01 1.261117688307523643e+01 1.438744383199398946e+01 1.443150115081732388e+01 1.511407160749521239e+01 1.700033347296999864e+01 1.890838736710117374e+01 1.948059889812863688e+01 2.078645131586074513e+01
2.040957828951616371e+00 2.987919541883769625e+00 3.381974233215444325e+00 4.017576124014980543e+00 5.396557644435088896e+00 5.644913005239769355e+00 7.532075518906766298e+00 8.929748117686882480e+00 1.113290110684804723e+01 1.165107390561603751e+01 1.246798058951319632e+01 1.410091357568972192e+01 1.454078440885973578e+01 1.493404537664567400e+01 1.682522178660628498e+01 1.885383047689764524e+01 1.980428633071850797e+01 2.082253650814570278e+01
2.074835457006814821e+00 2.987886314197607973e+00 3.398648122414942296e+00 4.102326301654636964e+00 5.695130610495501955e+00 5.883373311924912308e+00 7.976116792557930602e+00 8.785545719978921753e+00 1.084225087199448190e+01 1.119070298300202460e+01 1.231642472346759831e+01 1.367449777413664513e+01 1.464305608140994508e+01 1.494959580189031634e+01 1.661971560095892642e+01 1.880398309945596935e+01 2.026818089096119024e+01 2.083951042998927150e+01
2.100847133277342849e+00 2.913492139924813262e+00 3.409874753437332373e+00 4.162500084839794390e+00 5.937579597777291163e+00 6.125507151156954322e+00 8.419407804948667362e+00 8.499592067086924274e+00 1.051853297385158470e+01 1.075014059082839779e+01 1.218354453576541374e+01 1.336865221894887945e+01 1.473057737301608050e+01 1.506655274028583058e+01 1.646010528358946701e+01 1.876276725208400720e+01 2.066739062752468570e+01 2.088865581704992636e+01
2.116247997294291583e+00 2.805321031661187181e+00 3.417503239123007575e+00 4.195756891837358005e+00 6.065546195749349501e+00 6.338281165423922836e+00 8.076553495738993504e+00 8.850771531502568124e+00 1.016689405851915140e+01 1.041299673388948399e+01 1.212259253238325130e+01 1.323808618951217753e+01 1.479657909759384538e+01 1.524331979312128738e+01 1.636432201158587318e+01 1.873364080653515629e+01 2.075908579913665619e+01 2.113526053313546527e+01
2.120578597448531610e+00 2.487079455245718496e+00 3.443745972030940017e+00 4.189703734630114695e+00 5.971360336655163081e+00 6.324408372371859599e+00 8.601171674532910316e+00 9.126808671384203819e+00 9.802260541336696775e+00 9.821237170953603268e+00 1.220139599064650682e+01 1.338603202339259646e+01 1.489578936145937327e+01 1.522618968397592809e+01 1.600650088738431265e+01 1.871096913669432027e+01 2.077283113224872579e+01 2.108709405202139209e+01
2.121704044251118582e+00 2.348633709989022655e+00 3.454024233459133786e+00 4.172021766797504583e+00 5.952427945401911558e+00 6.226957434197966990e+00 9.100645401688009173e+00 9.334570293866143231e+00 9.366982608425088230e+00 9.554463691901379008e+00 1.223923686238137165e+01 1.339866946975386419e+01 1.493211470675880825e+01 1.519725754627549108e+01 1.587448886428392569e+01 1.870272853900983634e+01 2.078277342902254432e+01 2.108426896363929259e+01
2.139987742162021700e+00 2.349219587425737998e+00 3.487812190332152174e+00 4.185621009043402729e+00 5.943359364072445139e+00 6.227580712803884033e+00 9.077488626921223158e+00 9.237463049189702957e+00 9.409557205118453282e+00 9.682394898174505826e+00 1.221908409766856529e+01 1.337274493485150728e+01 1.470310408294342253e+01 1.546792412953725737e+01 1.586924150196037608e+01 1.868627910531706604e+01 2.077254419997428059e+01 2.108540662876509231e+01
2.193262509519671166e+00 2.356703282002036381e+00 3.588111508062370003e+00 4.227097383589002000e+00 5.917163066581048625e+00 6.228979647488414706e+00 9.016813301624296173e+00 9.109357362216679022e+00 9.524370113538600080e+00 9.892607868633275459e+00 1.215392124048786826e+01 1.329664573523911386e+01 1.444756392827701141e+01 1.579220372425662511e+01 1.591285256832577311e+01 1.863816796945458876e+01 2.074532397237683057e+01 2.108929042208966109e+01
2.270822630566664557e+00 2.390161872523947739e+00 3.750042271395432447e+00 4.298112393851506674e+00 5.877075671566386106e+00 6.229253203710052311e+00 8.924312743013905092e+00 9.005274620537848662e+00 9.694162844338869434e+00 1.010094320750356012e+01 1.204043319586115679e+01 1.317501210697703229e+01 1.427971419970098310e+01 1.578303950139699730e+01 1.627850972971927135e+01 1.856240021358530612e+01 2.071120203309972752e+01 2.109723129495308669e+01
2.349051969490974390e+00 2.477862790635351420e+00 3.960116313692790602e+00 4.400246913575391439e+00 5.830537386514553333e+00 6.224147595968863911e+00 8.800484088335293720e+00 8.919525707786666757e+00 9.901402978483204720e+00 1.026805573718980646e+01 1.190141198878312778e+01 1.301565265524625303e+01 1.420819191872658394e+01 1.571690578757631052e+01 1.665915687068773465e+01 1.846614862609936125e+01 2.068594892112622219e+01 2.111096082344347735e+01
2.434722608674542599e+00 2.608676935988967660e+00 4.191265170456135891e+00 4.532759787799913731e+00 5.793490331876228083e+00 6.207565332055507312e+00 8.647313812298811797e+00 8.838789485009069580e+00 1.010782837292367553e+01 1.036691132044268926e+01 1.179619544586181412e+01 1.283041606555591763e+01 1.421161748925550583e+01 1.561906604445255375e+01 1.700148504248163661e+01 1.835930732891706540e+01 2.068862912926776332e+01 2.113203857665777718e+01
2.547376630910977102e+00 2.748594490589205908e+00 4.404241002090480528e+00 4.687950748454470684e+00 5.793714920418125303e+00 6.174103275423054704e+00 8.471288836965360503e+00 8.748567161731658715e+00 1.017735232728471217e+01 1.048167567437984182e+01 1.178302926109854454e+01 1.263573419962997768e+01 1.425703493352752638e+01 1.548721009545572258e+01 1.728411653219977140e+01 1.825276256432270472e+01 2.073612316944463885e+01 2.116146621212073953e+01
2.687646276774633858e+00 2.874072310645555017e+00 4.558216141073262229e+00 4.853498785611678024e+00 5.860488754479559859e+00 6.121913751679286086e+00 8.283399599163395521e+00 8.637239496609174338e+00 1.006524170177452859e+01 1.065938052925106483e+01 1.186140103880696195e+01 1.245541287346905968e+01 1.431527939959823215e+01 1.532268200945594927e+01 1.749565011773698231e+01 1.815602608026362574e+01 2.083480174229012505e+01 2.119961188156104726e+01
2.843135374960722661e+00 2.969581224738911285e+00 4.634832412211980390e+00 5.024767713748645726e+00 5.989969606333020558e+00 6.055412102541684050e+00 8.097830775434616157e+00 8.501848164319776302e+00 9.913425702440948228e+00 1.078554287966120917e+01 1.198994443287409517e+01 1.232380802299720735e+01 1.436588351377056405e+01 1.513456338418092173e+01 1.763812600136822439e+01 1.807552800870148957e+01 2.097411975885620095e+01 2.124665118046997847e+01
2.971727771589220524e+00 3.049698787370211939e+00 4.667873266586471281e+00 5.181292423387063195e+00 5.989400410283337806e+00 6.136193099688971309e+00 7.931713277650093374e+00 8.352080568115644255e+00 9.791722805952151276e+00 1.080415175218070623e+01 1.213186009313499447e+01 1.227369999563215686e+01 1.439587201844198638e+01 1.494151128775168225e+01 1.772426642149028453e+01 1.801429272240237012e+01 2.112627104432009162e+01 2.130522285059598175e+01
2.992841642485782216e+00 3.176261688100832092e+00 4.707690205658027871e+00 5.275360719264094556e+00 5.958957651392739585e+00 6.246484021853919266e+00 7.805019381282452429e+00 8.206023625097280672e+00 9.725871344191295620e+00 1.071608747804443240e+01 1.226218376163291701e+01 1.230180961007524765e+01 1.439564570918163611e+01 1.477220517748102502e+01 1.777030703217480223e+01 1.797241679557158989e+01 2.124798062910587859e+01 2.138739973873973810e+01
2.964434071545461791e+00 3.289753907003406752e+00 4.782384108804507150e+00 5.263817303736261444e+00 5.998657634423510743e+00 6.290087583596521092e+00 7.734567660773310926e+00 8.079746643538642914e+00 9.716893671431279245e+00 1.057153008469902744e+01 1.235840321185153812e+01 1.237163863750571657e+01 1.435918377778397570e+01 1.465906638512310423e+01 1.779108695586094413e+01 1.794739677711336867e+01 2.131525064909263989e+01 2.148819732630310142e+01
2.929144054009253928e+00 3.362653685929043679e+00 4.894458110327834177e+00 5.165932052635656468e+00 6.089655544281282751e+00 6.264344544941506499e+00 7.717988287024646787e+00 7.985768467984522445e+00 9.744884020518258083e+00 1.043522643721500032e+01 1.241899985685106600e+01 1.243127113390945127e+01 1.430759764328631434e+01 1.460758121393695497e+01 1.779847548347185437e+01 1.793492782619382453e+01 2.134888150651057614e+01 2.156456946270999353e+01
2.913897303499542346e+00 3.387531153399997219e+00 5.019537174534738355e+00 5.041607153575839995e+00 6.184688845688328662e+00 6.192653161452024158e+00 7.722306019067590732e+00 7.947116063752765136e+00 9.765241507196662951e+00 1.037631025681207575e+01 1.244584728518758432e+01 1.244778228056211056e+01 1.428421429008569810e+01 1.459416872260031361e+01 1.780009290121709498e+01 1.793123170727696802e+01 2.135961593513986401e+01 2.159204370732766165e+01
2.930093054259474084e+00 3.386746058243279123e+00 4.999849203468662573e+00 5.030122846418072946e+00 6.122704687150963387e+00 6.187815196456813993e+00 7.744848692433387249e+00 7.944536269539951512e+00 9.792792380440277000e+00 1.038187541935249669e+01 1.237210345432823289e+01 1.241775165810486392e+01 1.432192531845848293e+01 1.459192811357106123e+01 1.777297915026662523e+01 1.790813500795673718e+01 2.136386281339376580e+01 2.159249437339589051e+01
2.967298073025793848e+00 3.381334462704217447e+00 4.941189629571978159e+00 4.993171973429798349e+00 6.020908785835541899e+00 6.126461132707365032e+00 7.794575413022458932e+00 7.936287749794344037e+00 9.861734936834654519e+00 1.039183240937831343e+01 1.220088941566458907e+01 1.231239087328319215e+01 1.441607230653554517e+01 1.459288994578495746e+01 1.769878649801069059e+01 1.784033748455840040e+01 2.137670958387471387e+01 2.159311086140639091e+01
3.000806691619066768e+00 3.364019036656596295e+00 4.849469360747981739e+00 4.923366660588103016e+00 5.928633677641041544e+00 6.041067840141755241e+00 7.829093286341078262e+00 7.925850303581669642e+00 9.937025418835846224e+00 1.039168629859288195e+01 1.198937796263014555e+01 1.215211569223835042e+01 1.453226392390446087e+01 1.461777315498412477e+01 1.759357629438251891e+01 1.773517773712596224e+01 2.139647178077126455e+01 2.159389245385758116e+01
2.931811696777072651e+00 3.270112528202592461e+00 4.802953791584580578e+00 4.908304161891145156e+00 5.736701625498118240e+00 5.930539942773398465e+00 7.781267073564924530e+00 7.893099262701414709e+00 9.954449875072880261e+00 1.037894711122943292e+01 1.166378928009825877e+01 1.189185056005794117e+01 1.467217189919126774e+01 1.470784276210419783e+01 1.746330922989210066e+01 1.763201864238382299e+01 2.142042173854078868e+01 2.167722137546498118e+01
2.821829191030939654e+00 3.117672801393370108e+00 4.706967180621287383e+00 4.894561311746087107e+00 5.537012360826813584e+00 5.842837847917254912e+00 7.651075616485282005e+00 7.832317455509267390e+00 9.967278860661345163e+00 1.036074021543738155e+01 1.137333859216833254e+01 1.163941359948832677e+01 1.479224813463515176e+01 1.482175620703800334e+01 1.731656682044350148e+01 1.751587071956877395e+01 2.143342756053498022e+01 2.176730783033884720e+01
2.715490675702470824e+00 2.917910914983745663e+00 4.530060407611149920e+00 4.881975798281287915e+00 5.386677527264656540e+00 5.783775146108508736e+00 7.457079162628259539e+00 7.744327045315866798e+00 9.993748307695058841e+00 1.030278179381764225e+01 1.116864641559963900e+01 1.142602278700548446e+01 1.490365665666284656e+01 1.493277026112339279e+01 1.716953249887597011e+01 1.740213556822916985e+01 2.143810668062091906e+01 2.184794230664714831e+01
2.662949007570946325e+00 2.715808567822876718e+00 4.289568865131999864e+00 4.860186444196848754e+00 5.310654362103437442e+00 5.745113277600502499e+00 7.233469811225026191e+00 7.652815035004381095e+00 1.003901151842591410e+01 1.021131412494469082e+01 1.107644233425200397e+01 1.125556773461084248e+01 1.497667644539557052e+01 1.504681223264042345e+01 1.704153239559555644e+01 1.730654082813883221e+01 2.143687365633377340e+01 2.190976169509847793e+01
2.530726312206114326e+00 2.718388640521878674e+00 4.053771059873863436e+00 4.838208910742559432e+00 5.285864654436469579e+00 5.720281995068464909e+00 7.048274415277588467e+00 7.584763231501682412e+00 1.005347282885571225e+01 1.017422454520562880e+01 1.105565405295022252e+01 1.113139748392232420e+01 1.501873452113072815e+01 1.513054498289433702e+01 1.695332864012668850e+01 1.724272009175914278e+01 2.143360708734919129e+01 2.194799984524026115e+01
2.466803731076561146e+00 2.756814736388522924e+00 3.945732095731576017e+00 4.829344697758294558e+00 5.281518994990842764e+00 5.711078358111064901e+00 6.975886801734553444e+00 7.559708984395059339e+00 1.003779448012488018e+01 1.018838192668988718e+01 1.106411271335629998e+01 1.107329478908795473e+01 1.503269540409674931e+01 1.516105539739378116e+01 1.692172876063737874e+01 1.722027434213739738e+01 2.143201435837774227e+01 2.196086751716631014e+01
2.438963373536505497e+00 2.823680941929575194e+00 4.039396203387936701e+00 4.845168932498602921e+00 5.284476221227888182e+00 5.698877266114412699e+00 7.008945584588428090e+00 7.580084893727777384e+00 9.906395149017244606e+00 1.031677577036276894e+01 1.099352249939509463e+01 1.109797076207104638e+01 1.499691180027551773e+01 1.525216383409487086e+01 1.691675171598493321e+01 1.723487965147855050e+01 2.143874710558797858e+01 2.194137295387514186e+01
2.409877824675501934e+00 2.956442075895585386e+00 4.217609586321808379e+00 4.944295538309176230e+00 5.287867293320425155e+00 5.669144600068473316e+00 7.114978755713660341e+00 7.642507342077606403e+00 9.727548711669459891e+00 1.048839446370902273e+01 1.088460982366237850e+01 1.107710106160187458e+01 1.498320185353609268e+01 1.542392177335829473e+01 1.690273392480699499e+01 1.727787929894151731e+01 2.145777560000621520e+01 2.188602602110703188e+01
2.413205449065400909e+00 3.089090612983135031e+00 4.291174820231960396e+00 5.164461948459392104e+00 5.312721155707512466e+00 5.638450570255101546e+00 7.305320559204255382e+00 7.753588032194673296e+00 9.563302512884931161e+00 1.064694319581584736e+01 1.075944416073200749e+01 1.101242425019113824e+01 1.502117027792450266e+01 1.562439854760295965e+01 1.688085993282990671e+01 1.734811171661239015e+01 2.148484384369974265e+01 2.180512160299170787e+01
2.440771633678512131e+00 3.187087588195297805e+00 4.257801515160571704e+00 5.196398006234024258e+00 5.539026968863768552e+00 5.638450478100355490e+00 7.558147746019190372e+00 7.929604743155965529e+00 9.437879335687137328e+00 1.063396436903537534e+01 1.078621121418257189e+01 1.092296306462345434e+01 1.510124903237191241e+01 1.583029399501237044e+01 1.685086748722552130e+01 1.744526859801686314e+01 2.150776477144595589e+01 2.172120798764062499e+01
2.474583754876606978e+00 3.225255457371575041e+00 4.180709458128886169e+00 5.156247919176588645e+00 5.572088227303931163e+00 5.856236610880273474e+00 7.804708828314935509e+00 8.153258119171281848e+00 9.396096037445882843e+00 1.054346488995511244e+01 1.078265751888462276e+01 1.094137079838403537e+01 1.520656605952033402e+01 1.601873637380374049e+01 1.681283908415566586e+01 1.756886708292681476e+01 2.149369588413804877e+01 2.168160781345666166e+01
2.500221575877412672e+00 3.189080623776058054e+00 4.085375962098053648e+00 5.121428527784898321e+00 5.542777078724917317e+00 6.084972285249610202e+00 8.021867720078043718e+00 8.299290387621860887e+00 9.484151943857900946e+00 1.052891707862744752e+01 1.067422260608184992e+01 1.105193231558037326e+01 1.532000855340813317e+01 1.615770299463713755e+01 1.677629481995483829e+01 1.771617208086500028e+01 2.143945085861924937e+01 2.170639699295687564e+01
2.511497579139109870e+00 3.080571220402316346e+00 3.980354971897610117e+00 5.099499724682528878e+00 5.501072817883515320e+00 6.285264968491309112e+00 8.154688083761746142e+00 8.385158236912113594e+00 9.616130597263952140e+00 1.056999283706382897e+01 1.065822091562552565e+01 1.116001284699485829e+01 1.542790202763892893e+01 1.619344371058296517e+01 1.677542502707792238e+01 1.788099963257998581e+01 2.139449838988542041e+01 2.176112612823441950e+01
2.508680066267336084e+00 2.918692453962881128e+00 3.868556315561603842e+00 5.084915487082417584e+00 5.452228170965005560e+00 6.457801448893874863e+00 8.104983749278458660e+00 8.592407022513064874e+00 9.665596341220151544e+00 1.047931790404691910e+01 1.094146813429508036e+01 1.126635467719573036e+01 1.552146220137629129e+01 1.608809887586484422e+01 1.683549581421896235e+01 1.805466606467099666e+01 2.137710058498456434e+01 2.183439326539842540e+01
2.491998588089171296e+00 2.734943818458898779e+00 3.751824830355114937e+00 5.070842840662182383e+00 5.401975893122089367e+00 6.588710622748226164e+00 8.021187133222680288e+00 8.838847931144471204e+00 9.642541334237622053e+00 1.040215127003581053e+01 1.126974327231619988e+01 1.139871946944438363e+01 1.559613043549438238e+01 1.587091720427577002e+01 1.692574131136562343e+01 1.822808497767438851e+01 2.137879938212141795e+01 2.192866437979500560e+01
2.439977596898265322e+00 2.584064495976260645e+00 3.634321733477951177e+00 5.054145859683578657e+00 5.355381243687406645e+00 6.659150134807485522e+00 7.980564359672829511e+00 9.078856283795474269e+00 9.587801845998288996e+00 1.033409793271860266e+01 1.142363684462784512e+01 1.171017029098912587e+01 1.557196799208072768e+01 1.566281482023475036e+01 1.701472842394992213e+01 1.839259442338642359e+01 2.138233470232509603e+01 2.204345232890914019e+01
2.317606864163273439e+00 2.529212507328345350e+00 3.523806830888510877e+00 5.035381283263666852e+00 5.316081842757181875e+00 6.667631792942923852e+00 8.000737698016058275e+00 9.285773445756376532e+00 9.531812252489155313e+00 1.026936649340394503e+01 1.150665418263096385e+01 1.206580423014391990e+01 1.525171145505860082e+01 1.569779471148716787e+01 1.708915394198799831e+01 1.853896170410358479e+01 2.137731054541644582e+01 2.216630957795209511e+01
2.199025222018737846e+00 2.515307003350419901e+00 3.431091842472790532e+00 5.017464211953698516e+00 5.286443848942653290e+00 6.639871406888005367e+00 8.058838214343698070e+00 9.379875831754786120e+00 9.556001573544806504e+00 1.020442991750069162e+01 1.156720730619526094e+01 1.239183817111748276e+01 1.493027832254556841e+01 1.572380016295040939e+01 1.714399152143595728e+01 1.865637666404166239e+01 2.136471065783216261e+01 2.227587947975884575e+01
2.123365583699626580e+00 2.511523080392136453e+00 3.368364837652306321e+00 5.004348898946086699e+00 5.268014780908023553e+00 6.608835240538227573e+00 8.115730886522902310e+00 9.355364901561856072e+00 9.665513363522354240e+00 1.014462110302698861e+01 1.160478888900385108e+01 1.264384261311266577e+01 1.467263289386317737e+01 1.573844769352560391e+01 1.717732970188492558e+01 1.873324378556129233e+01 2.135195954691647557e+01 2.235115361326728589e+01
2.097860816518563265e+00 2.510931731757438889e+00 3.346038214972021585e+00 4.999509878644451177e+00 5.261757923919901714e+00 6.596165279220153721e+00 8.138939164213217836e+00 9.339430056748494025e+00 9.716569899766497542e+00 1.011612632062519879e+01 1.161754451458441473e+01 1.274511408516661248e+01 1.456802496848795236e+01 1.574314558555446553e+01 1.718849508837172024e+01 1.876010398587384387e+01 2.134666235897976350e+01 2.237789077042355856e+01
2.099176926968937984e+00 2.564235606153228098e+00 3.348661890569537114e+00 4.855469144270853299e+00 5.376838341443948011e+00 6.593402671339186227e+00 7.875206430585032003e+00 9.319365736446263426e+00 1.000521985078922249e+01 1.011880495529689128e+01 1.163840606034054126e+01 1.272110763355641971e+01 1.457752409668151827e+01 1.573452498665997723e+01 1.715926602780436738e+01 1.875890777948318089e+01 2.129164821215656289e+01 2.233937960242185028e+01
2.102785706682566591e+00 2.699271433932429520e+00 3.356333843714577547e+00 4.640849867761358105e+00 5.535541250106121858e+00 6.585825097740260148e+00 7.435593122042664760e+00 9.262533014351225447e+00 1.012559602526359015e+01 1.051523274809965081e+01 1.169274988171882690e+01 1.266889423868553344e+01 1.460470566304258888e+01 1.570431947152094843e+01 1.707534219645176776e+01 1.875549846242076413e+01 2.115451243566554851e+01 2.221506973319846878e+01
2.107736565034904697e+00 2.850858593438728050e+00 3.368422397507795374e+00 4.453500138302428191e+00 5.727933743955282431e+00 6.536470139378780964e+00 7.157941449760130581e+00 9.177301395633637782e+00 1.013412336525471247e+01 1.088011600700684944e+01 1.177894912120293291e+01 1.265910328189237433e+01 1.464589193493324970e+01 1.564237437686380794e+01 1.694521302532664819e+01 1.875039110877583681e+01 2.099410997974387527e+01 2.199843119119923784e+01
2.112652591287457415e+00 2.941014032220836238e+00 3.383797732422213045e+00 4.306604846141986798e+00 6.002546032120521069e+00 6.397955520372582860e+00 7.189137631822728025e+00 9.073873196435041422e+00 1.014311531263430055e+01 1.090537673111201933e+01 1.191287339501692344e+01 1.278031779374989974e+01 1.469573132548546290e+01 1.554012658078202236e+01 1.677691061959190222e+01 1.874437559433392764e+01 2.086125319648498078e+01 2.171133415023666657e+01
2.115980982065404969e+00 2.920166032323791683e+00 3.400825371987475254e+00 4.218687012596554986e+00 6.171107702952588703e+00 6.310733612437432249e+00 7.531006914673361585e+00 8.962138085574611779e+00 1.015328619711143610e+01 1.067938069470307738e+01 1.203626669362075319e+01 1.300875698853884366e+01 1.474804042426261041e+01 1.539896473901317187e+01 1.657794512529812536e+01 1.873843319394044116e+01 2.078198955201689913e+01 2.140446762508170409e+01
2.116247997294296024e+00 2.805321031661169862e+00 3.417503239123010239e+00 4.195756891837348235e+00 6.065546195749337066e+00 6.338281165423922836e+00 8.076553495738997057e+00 8.850771531502569900e+00 1.016689405851915318e+01 1.041299673388948577e+01 1.212259253238324952e+01 1.323808618951218286e+01 1.479657909759384360e+01 1.524331979312129093e+01 1.636432201158588029e+01 1.873364080653515273e+01 2.075908579913665619e+01 2.113526053313546527e+01
3.000806691619064548e+00 3.364019036656596295e+00 4.849469360747984403e+00 4.923366660588103905e+00 5.928633677641044208e+00 6.041067840141756129e+00 7.829093286341081814e+00 7.925850303581670531e+00 9.937025418835846224e+00 1.039168629859288373e+01 1.198937796263014377e+01 1.215211569223834687e+01 1.453226392390446264e+01 1.461777315498412477e+01 1.759357629438252246e+01 1.773517773712596579e+01 2.139647178077126455e+01 2.159389245385758116e+01
3.101106825942567813e+00 3.400508475457626023e+00 4.741035205706769950e+00 4.802690332610024981e+00 6.035651897973102642e+00 6.092260239154165369e+00 7.852474106020828515e+00 7.957469745564464958e+00 1.000381025370242938e+01 1.041858986350558958e+01 1.217925328957935882e+01 1.226670567699006398e+01 1.448519115790559653e+01 1.456956222943388291e+01 1.759009432424471342e+01 1.769399823012564710e+01 2.136434642289078312e+01 2.149245305919537330e+01
3.200500867627881885e+00 3.384117802153026044e+00 4.603891325622042174e+00 4.645379609397326526e+00 6.073617095545933431e+00 6.155499182015640613e+00 7.890060110044430530e+00 8.027252773197691482e+00 1.009022440176622837e+01 1.047183496774686517e+01 1.238073146265554669e+01 1.241230829657394352e+01 1.443988916690044633e+01 1.450304966190314637e+01 1.756299175879525620e+01 1.763776145332467138e+01 2.129827693289923474e+01 2.139280522364452963e+01
3.270255158757121361e+00 3.312314962981353084e+00 4.442802483539816549e+00 4.458588692145978527e+00 6.079529979702158471e+00 6.188349094094193426e+00 7.943578276431162877e+00 8.162271642799909799e+00 1.018818763009965345e+01 1.054156383139790343e+01 1.251908579088468265e+01 1.262032040720347936e+01 1.436721764859469275e+01 1.445036868979451938e+01 1.750334952517287945e+01 1.757225746641600850e+01 2.121589743342047640e+01 2.129711299855874884e+01
3.172114754046847285e+00 3.316781910063824057e+00 4.245794775451677161e+00 4.268574890274156708e+00 6.070512372522469668e+00 6.187213808359917522e+00 8.027964248632935451e+00 8.358563879830159138e+00 1.028650866198609215e+01 1.061190181481597605e+01 1.262833228498749705e+01 1.280812207793816881e+01 1.427033168678497965e+01 1.442784962470901533e+01 1.740772914975869767e+01 1.750065923110748400e+01 2.114293990536440759e+01 2.119801040000215764e+01
3.012432164065690365e+00 3.306726562714075612e+00 4.024909310932434536e+00 4.081220555963229302e+00 6.051501478506949638e+00 6.168371988816607754e+00 8.151934564578942499e+00 8.599709305973018303e+00 1.037246979856497298e+01 1.066490776365682969e+01 1.269862417740722194e+01 1.293860600362675228e+01 1.419599196382352346e+01 1.442332615579443811e+01 1.728684914130454686e+01 1.741765161412962470e+01 2.108682501143011123e+01 2.110132955320532844e+01
2.848305683417859058e+00 3.253776521448468184e+00 3.805973750465071692e+00 3.893169055263665079e+00 6.026997975046210598e+00 6.147246892235146198e+00 8.312975626361556181e+00 8.867381126505033961e+00 1.043257050881036108e+01 1.068551986440034973e+01 1.271720628522148111e+01 1.299840020765751802e+01 1.416978352970357768e+01 1.444131015051321221e+01 1.715448368255872680e+01 1.732167920479016132e+01 2.100213299431483094e+01 2.105949283677741590e+01
2.705168592934816374e+00 3.164997946569465981e+00 3.605961650683517039e+00 3.713242704672987671e+00 6.004846937891423764e+00 6.130493269563007885e+00 8.502345332672991418e+00 9.142237485114291573e+00 1.045159252007938910e+01 1.066838405966457337e+01 1.268603918929343877e+01 1.300494164142578057e+01 1.417694147612109390e+01 1.449199472882138728e+01 1.702584459693531471e+01 1.721565023184639287e+01 2.092694838277598990e+01 2.103639002323825125e+01
2.601578206814074701e+00 3.052176935259629076e+00 3.441187799677024373e+00 3.551099271529146062e+00 5.993905783701578116e+00 6.116614051026465049e+00 8.709348634446969939e+00 9.401236891739836565e+00 1.041524539634537483e+01 1.062359581003182818e+01 1.262895206635506185e+01 1.298520045682272972e+01 1.418759941302354122e+01 1.457159229323853467e+01 1.691690979340660661e+01 1.710565033076377262e+01 2.087644054019848738e+01 2.101569846965261590e+01
2.546313074662784004e+00 2.932243080392245460e+00 3.324029167238783167e+00 3.417179484317470539e+00 5.997907867209722355e+00 6.101848497164034768e+00 8.920289407945077187e+00 9.608877401486452641e+00 1.034029969570306129e+01 1.056146732527838239e+01 1.257439526605712210e+01 1.295708967052703819e+01 1.419217511038844393e+01 1.465537148977784376e+01 1.684139533799279675e+01 1.700156415329256632e+01 2.085234957968738811e+01 2.099281565647904557e+01
2.534313147787517373e+00 2.830284540683115857e+00 3.260078853992561143e+00 3.323302101132409092e+00 6.012549214525297003e+00 6.085121464724656093e+00 9.106286734910581160e+00 9.708131419231660786e+00 1.030717036119035512e+01 1.047905146111129504e+01 1.253842736584164541e+01 1.293364430756627215e+01 1.419312355291509498e+01 1.471678590819151111e+01 1.680607522315352753e+01 1.691846724232609844e+01 2.084846484910169551e+01 2.097047114891310571e+01
2.538889016756538997e+00 2.786161527405746074e+00 3.243194030911655812e+00 3.286373570876938821e+00 6.022905471975074754e+00 6.074993319006103398e+00 9.192365291119081405e+00 9.712176291021686225e+00 1.034879924294917330e+01 1.040381569309257337e+01 1.252616965398707372e+01 1.292458671947069782e+01 1.419314646918717315e+01 1.473910208901715890e+01 1.680078378449958620e+01 1.688234541110390552e+01 2.085057001674289623e+01 2.095999800598633911e+01
2.516056117547739834e+00 2.896255720153171342e+00 3.244548310468253316e+00 3.292637627609216189e+00 6.011930919338150936e+00 6.061620681608297367e+00 9.235364295716223637e+00 9.649862219054506696e+00 1.022646870117565676e+01 1.053468681861196465e+01 1.247106203299890126e+01 1.292440078889847932e+01 1.429647638858906866e+01 1.476559159158014012e+01 1.680449461625983076e+01 1.687937921674618735e+01 2.079662088167131984e+01 2.105759622973093670e+01
2.562232186543265122e+00 3.088600979920168133e+00 3.249162335993764028e+00 3.320526384727261693e+00 5.980206325503252707e+00 6.022425583356871392e+00 9.303335406736941593e+00 9.533870959123559530e+00 1.007543801083752122e+01 1.071605186455326653e+01 1.237438999717545229e+01 1.287818182516092058e+01 1.456013896245197614e+01 1.484063313527607697e+01 1.681269421020087762e+01 1.687070547776682261e+01 2.074583061560169739e+01 2.123949760678754828e+01
2.729444023931209440e+00 3.216305213909555150e+00 3.258215714046187816e+00 3.419472825859291465e+00 5.929017912006790070e+00 5.963196397244642455e+00 9.206785052775508404e+00 9.547875068870039783e+00 9.947412196637046122e+00 1.092355889394725921e+01 1.230010659596195488e+01 1.277761881975002289e+01 1.488108940410861614e+01 1.495620679490683891e+01 1.681666880131017550e+01 1.685845621770453562e+01 2.072794596164439440e+01 2.147343220041570433e+01
2.971136613675945171e+00 3.261316757343102335e+00 3.275110061463996303e+00 3.576154649432817134e+00 5.856766734848438460e+00 5.898371920469700491e+00 9.055366897035414198e+00 9.482142867613553960e+00 9.982721854730126410e+00 1.111885375551303312e+01 1.225815910175159473e+01 1.266622260017592438e+01 1.508597575188088769e+01 1.518983378235893689e+01 1.680610238736475992e+01 1.684594005230304958e+01 2.074072830055938255e+01 2.174948089453663158e+01
3.160927116322673314e+00 3.275324486029107973e+00 3.367388278123565115e+00 3.713045286354983432e+00 5.769371180774096608e+00 5.838616566938886088e+00 8.933565765694732264e+00 9.286208451109546402e+00 1.019072968570500848e+01 1.125142709953405706e+01 1.223937676164336530e+01 1.258479120021606512e+01 1.523254737607222964e+01 1.542571471602191657e+01 1.678415719060639688e+01 1.682627682529140856e+01 2.077610158606827184e+01 2.204817453197718891e+01
3.216014693770919308e+00 3.281562978993842972e+00 3.547257336741930445e+00 3.814422529835074016e+00 5.676605704871838576e+00 5.789873073267401082e+00 8.834590652820876855e+00 9.076335316496216166e+00 1.048453700524175147e+01 1.130605843060500604e+01 1.223392484635248145e+01 1.254269290040986462e+01 1.535792699863056932e+01 1.559425381336994931e+01 1.675969676953323173e+01 1.679407842962539021e+01 2.082221438938427127e+01 2.233876073085293257e+01
3.232577924157561622e+00 3.285130155387878226e+00 3.687943737988549575e+00 3.882799495410035995e+00 5.587255669252975565e+00 5.757242261306206643e+00 8.749626787095783342e+00 8.905384967901067483e+00 1.080487667974676391e+01 1.130811941726038405e+01 1.223773941982488012e+01 1.252142075847503122e+01 1.543267357147781915e+01 1.571004020733207263e+01 1.673276608476543714e+01 1.676227690131781145e+01 2.086623460375778194e+01 2.258389506803622382e+01
3.239755007843723167e+00 3.286902872712791357e+00 3.764494322330682152e+00 3.922305163488090773e+00 5.518441610960916677e+00 5.740128632800965747e+00 8.690584347040143598e+00 8.795004678819246635e+00 1.106901326679415476e+01 1.128602823107646813e+01 1.224617695875661205e+01 1.250697710440697463e+01 1.545439073648921813e+01 1.578289147166231743e+01 1.670474176467261884e+01 1.674708353241202019e+01 2.089731232957089802e+01 2.274798408480267398e+01
3.241903688620547896e+00 3.287422463946059636e+00 3.787808228230235663e+00 3.935270280122462605e+00 5.492028325117616738e+00 5.735007090425515486e+00 8.671170359780767001e+00 8.755206269791839802e+00 1.119322935524573204e+01 1.125353939613934173e+01 1.225077656576289264e+01 1.250085659383479886e+01 1.545476190019152440e+01 1.580841212531284334e+01 1.669311766601720848e+01 1.674314047274881290e+01 2.090846396261949636e+01 2.280571983596893304e+01
1.363916369270758322e+00 1.851190739956108944e+00 3.108908134511693344e+00 3.200670498525843843e+00 4.841082302756119837e+00 4.989762320807556328e+00 5.605915592172991069e+00 9.513306169311691818e+00 1.209604751176476256e+01 1.295892421832194685e+01 1.329046412410080613e+01 1.335128134361873364e+01 1.402322420758640042e+01 1.638151404299176406e+01 1.781329948050294476e+01 1.886482331811044943e+01 1.912343706433552271e+01 2.164780844816565875e+01
1.379898744748949246e+00 1.868482132494266867e+00 3.109104070949104681e+00 3.227034705007303828e+00 4.847004863842810707e+00 4.962337131572460258e+00 5.708773624413997716e+00 9.523169241343875768e+00 1.209109600868134393e+01 1.293144834143806143e+01 1.330260058504054044e+01 1.334986642435163162e+01 1.400181895289567002e+01 1.641212740766421874e+01 1.781202013098265979e+01 1.881921724424984177e+01 1.912159463331662934e+01 2.162284792499912811e+01
1.431654281193757816e+00 1.936167874161966118e+00 3.117966595317686274e+00 3.299932801904012170e+00 4.864988961714709070e+00 4.908638227450868641e+00 5.969617283229582405e+00 9.553021527383856792e+00 1.207421075413128619e+01 1.283383124958171706e+01 1.333651487612319819e+01 1.335202709717114544e+01 1.395356410387457125e+01 1.649062132246475798e+01 1.781535335502994499e+01 1.869060658572603728e+01 1.910600607176392884e+01 2.155292807583702341e+01
1.528965325476035364e+00 2.077495573797570216e+00 3.141904002299696241e+00 3.414524693822440948e+00 4.854899664782371005e+00 4.895707086721070134e+00 6.318922200157486735e+00 9.603678527970295420e+00 1.204038747488238670e+01 1.264131902787846684e+01 1.332645814101828563e+01 1.343046395849038532e+01 1.390602373939523950e+01 1.657934431109179485e+01 1.784693556851568630e+01 1.848635916121665801e+01 1.906456376900678862e+01 2.145200306229775222e+01
1.672035089122302143e+00 2.294705997863239588e+00 3.179309223120253325e+00 3.564927344639150952e+00 4.808635939365290213e+00 4.940258546733716116e+00 6.706435379710253386e+00 9.676355847459197079e+00 1.198260724469739635e+01 1.235320727982800371e+01 1.331284063167284337e+01 1.354983676367463730e+01 1.386539272733509875e+01 1.662478716454025829e+01 1.794495647678033734e+01 1.820584895337401221e+01 1.899333304703256786e+01 2.133985988847249260e+01
1.844295105122721656e+00 2.566552458836226958e+00 3.225497625994126150e+00 3.732539216535929238e+00 4.779481972517576338e+00 5.000587178279994660e+00 7.095741193059417640e+00 9.771797120158863592e+00 1.186901841752297138e+01 1.202032457538604682e+01 1.330481507723057000e+01 1.369972839215120075e+01 1.381855593311157548e+01 1.658379193152833508e+01 1.784986005827526157e+01 1.813702906076860444e+01 1.889321856731959315e+01 2.123660551526286966e+01
2.027685642075758299e+00 2.854133417111035964e+00 3.275627643601436212e+00 3.878355861971741980e+00 4.790534704971699753e+00 5.079830974128165089e+00 7.461696530176718412e+00 9.888217159522609379e+00 1.152807525327243532e+01 1.184400056224369635e+01 1.330427382644541900e+01 1.374101380678274076e+01 1.388309196435558945e+01 1.644589524101719036e+01 1.743320923273835987e+01 1.841078715406877109e+01 1.876949608707888473e+01 2.115670381364195762e+01
2.211014956162713485e+00 3.110137086667514872e+00 3.326674768611612709e+00 3.949770531049230371e+00 4.874425816152735180e+00 5.182162542745334832e+00 7.790188293782434492e+00 1.001833835648687732e+01 1.109877550346469199e+01 1.171714129537816618e+01 1.331043147865202059e+01 1.364374991728073994e+01 1.407557456262460072e+01 1.620826054023634200e+01 1.699869866180994649e+01 1.858988505901085375e+01 1.877050445040390159e+01 2.110584107568513446e+01
2.387997176595631377e+00 3.285279944608649583e+00 3.381840318778965848e+00 3.921656469600795614e+00 5.035377128116287793e+00 5.310346919960006851e+00 8.077993037763363304e+00 1.014727913202566789e+01 1.067563243468006640e+01 1.157846608200912542e+01 1.331922932885266064e+01 1.352234178629953831e+01 1.427548525531154233e+01 1.584936810973268706e+01 1.662433202625668471e+01 1.843104485678327364e+01 1.911183676973066881e+01 2.108177181875509376e+01
2.554619933818902400e+00 3.358966928177023359e+00 3.429276780377007228e+00 3.809953692512774825e+00 5.238074801568909145e+00 5.460869916690643144e+00 8.330572660811981223e+00 1.025385129478412871e+01 1.029370866924978323e+01 1.142777122495116338e+01 1.331580066564910325e+01 1.339445076839218807e+01 1.446525159387657311e+01 1.538639714634038924e+01 1.636303184861142768e+01 1.824166952553942522e+01 1.946472863292862954e+01 2.107720696384831172e+01
2.707739752532089206e+00 3.384746641150711888e+00 3.402751368143697608e+00 3.636480828600773041e+00 5.446201491377173021e+00 5.621425470693720783e+00 8.557028685380631217e+00 9.982088614358428202e+00 1.031711325461594697e+01 1.126980762118512658e+01 1.323279172010428617e+01 1.331879158816308539e+01 1.461680544502802093e+01 1.491726693496255862e+01 1.621100485982839245e+01 1.803488633122356077e+01 1.980044008362296992e+01 2.108250852927873353e+01
2.843253064765118854e+00 3.281763479150865859e+00 3.376322474501027848e+00 3.435652920301133229e+00 5.636710713830395569e+00 5.774832581572288071e+00 8.763284577852862967e+00 9.764271070339466618e+00 1.032535280308319336e+01 1.110854768071144072e+01 1.310515157908880646e+01 1.323140850067783703e+01 1.450713899869170831e+01 1.474594584548619558e+01 1.616930609484542103e+01 1.781357818010885552e+01 2.010534054938955251e+01 2.108742101046096096e+01
2.936698732222937647e+00 3.102792627000510617e+00 3.187374004519525794e+00 3.391174366398015394e+00 5.796440549785758733e+00 5.905095712934133267e+00 8.944554731859998498e+00 9.653850397619761381e+00 1.028821188522781149e+01 1.094169036873024936e+01 1.295468185102799907e+01 1.309250587460960880e+01 1.429505802860397345e+01 1.477525769049149140e+01 1.623836147607096692e+01 1.758025228305670495e+01 2.037053794308148369e+01 2.108205762482231904e+01
2.798728169859573178e+00 2.984030914012048896e+00 3.109880328691118745e+00 3.365005842339416908e+00 5.917889495579706782e+00 6.000963564772252568e+00 9.082845765848828634e+00 9.646226234150653056e+00 1.024347882127041487e+01 1.076076740873031845e+01 1.275290525339914360e+01 1.299290280461991287e+01 1.421335557965908514e+01 1.476723099839337650e+01 1.639424468081034547e+01 1.733803450920160572e+01 2.059050744842405578e+01 2.105766700097662891e+01
2.612530022511748928e+00 2.840134074937777697e+00 3.189164876354324107e+00 3.325327249581087496e+00 5.995532988842850131e+00 6.057210335808417057e+00 9.165014953813976462e+00 9.690474360939415277e+00 1.025571193461658481e+01 1.056515567999470306e+01 1.258722998358968681e+01 1.294115064838782558e+01 1.419469124958469486e+01 1.474798629420776130e+01 1.660196652166815667e+01 1.709184108812377190e+01 2.076073484608736663e+01 2.100874312392577536e+01
2.538889016756538997e+00 2.786161527405746074e+00 3.243194030911655812e+00 3.286373570876938821e+00 6.022905471975074754e+00 6.074993319006103398e+00 9.192365291119081405e+00 9.712176291021686225e+00 1.034879924294917330e+01 1.040381569309257337e+01 1.252616965398707372e+01 1.292458671947069782e+01 1.419314646918717315e+01 1.473910208901715890e+01 1.680078378449958620e+01 1.688234541110390552e+01 2.085057001674289623e+01 2.095999800598633911e+01
