-8.659423370926478958e-01
-7.466782475001397801e-01
-6.274141579076316644e-01
-5.081500683151235487e-01
-3.888859787226154330e-01
-2.696218891301073728e-01
-1.503577995375991738e-01
-3.109370994509099914e-02
8.817037964741707146e-02
2.074344692399251455e-01
3.266985588324332057e-01
4.459626484249414879e-01
5.652267380174496036e-01
6.844908276099576083e-01
8.037549172024659461e-01
9.230190067949739507e-01
1.042283096387482066e+00
1.161547185979990182e+00
1.280811275572498076e+00
1.400075365165006414e+00
1.519339454757514307e+00
1.638603544350022423e+00
1.757867633942530761e+00
1.877131723535038654e+00
1.996395813127546992e+00
2.115659902720055108e+00
2.234923992312563001e+00
2.354188081905071339e+00
2.473452171497579677e+00
2.592716261090087571e+00
2.711980350682595908e+00
2.831244440275103802e+00
2.950508529867612140e+00
3.069772619460120033e+00
3.189036709052628371e+00
3.308300798645135821e+00
3.427564888237644158e+00
3.546828977830152496e+00
3.666093067422660834e+00
3.785357157015169172e+00
3.904621246607676621e+00
4.023885336200184959e+00
4.143149425792692853e+00
4.262413515385201634e+00
4.381677604977709528e+00
4.500941694570218310e+00
4.620205784162725315e+00
4.739469873755233209e+00
4.858733963347741991e+00
4.977998052940249885e+00
5.097262142532758666e+00
5.216526232125265672e+00
5.335790321717774454e+00
5.455054411310282347e+00
5.574318500902791129e+00
5.693582590495299023e+00
5.812846680087806917e+00
5.932110769680314810e+00
6.051374859272822704e+00
6.170638948865331486e+00
6.289903038457839379e+00
6.409167128050348161e+00
6.528431217642855167e+00
6.647695307235363948e+00
6.766959396827871842e+00
6.886223486420379736e+00
7.005487576012888518e+00
7.124751665605395523e+00
7.244015755197905193e+00
7.363279844790412199e+00
7.482543934382920092e+00
7.601808023975428874e+00
7.721072113567936768e+00
7.840336203160445550e+00
7.959600292752953443e+00
8.078864382345461337e+00
8.198128471937970119e+00
8.317392561530477124e+00
8.436656651122985906e+00
8.555920740715492911e+00
8.675184830308001693e+00
8.794448919900510475e+00
8.913713009493017481e+00
9.032977099085526262e+00
9.152241188678035044e+00
9.271505278270543826e+00
9.390769367863050832e+00
9.510033457455557837e+00
9.629297547048066619e+00
9.748561636640575401e+00
9.867825726233084183e+00
9.987089815825591188e+00
1.010635390541809819e+01
1.022561799501060875e+01
1.034488208460311576e+01
1.046414617419562454e+01
1.058341026378813154e+01
1.070267435338063855e+01
1.082193844297314911e+01
1.094120253256565611e+01
1.106046662215816490e+01
1.117973071175067190e+01
1.129899480134318068e+01
1.141825889093568946e+01
1.153752298052819647e+01
1.165678707012070525e+01
1.177605115971321226e+01
1.189531524930572104e+01
1.201457933889822982e+01
1.213384342849073683e+01
1.225310751808324561e+01
1.237237160767575439e+01
1.249163569726826317e+01
1.261089978686077018e+01
1.273016387645327718e+01
1.284942796604578596e+01
1.296869205563829475e+01
1.308795614523080353e+01
1.320722023482331053e+01
1.332648432441581754e+01
1.344574841400832810e+01
1.356501250360083510e+01
1.368427659319334388e+01
1.380354068278585089e+01
1.392280477237835790e+01
1.404206886197086845e+01
1.416133295156337546e+01
1.428059704115588247e+01
1.439986113074839125e+01
1.451912522034090181e+01
1.463838930993340703e+01
1.475765339952591582e+01
1.487691748911842460e+01
1.499618157871093338e+01
1.511544566830344216e+01
1.523470975789595094e+01
1.535397384748845973e+01
1.547323793708096495e+01
1.559250202667347551e+01
1.571176611626598429e+01
1.583103020585848952e+01
1.595029429545099831e+01
1.606955838504350709e+01
1.618882247463601587e+01
1.630808656422852110e+01
1.642735065382103343e+01
1.654661474341354221e+01
1.666587883300604744e+01
1.678514292259855623e+01
1.690440701219106501e+01
1.702367110178357024e+01
1.714293519137607902e+01
1.726219928096858780e+01
1.738146337056109658e+01
1.750072746015360536e+01
1.761999154974611415e+01
1.773925563933862293e+01
1.785851972893112816e+01
1.797778381852363694e+01
1.809704790811614572e+01
1.821631199770865095e+01
1.833557608730115973e+01
1.845484017689366851e+01
1.857410426648618085e+01
1.869336835607868608e+01
1.881263244567119486e+01
1.893189653526370364e+01
1.905116062485620887e+01
1.917042471444871765e+01
1.928968880404122643e+01
1.940895289363373521e+01
1.952821698322624044e+01
1.964748107281875278e+01
1.976674516241126156e+01
1.988600925200376679e+01
2.000527334159627557e+01
2.012453743118878435e+01
2.024380152078128958e+01
2.036306561037379836e+01
2.048232969996630715e+01
2.060159378955881593e+01
2.072085787915132471e+01
2.084012196874383349e+01
2.095938605833634227e+01
2.107865014792884750e+01
2.119791423752135628e+01
2.131717832711386507e+01
2.143644241670637030e+01
2.155570650629887908e+01
2.167497059589138786e+01
2.179423468548390019e+01
2.191349877507640542e+01
2.203276286466891420e+01
2.215202695426142299e+01
2.227129104385392822e+01
2.239055513344643700e+01
2.250981922303894578e+01
2.262908331263145456e+01
2.274834740222395979e+01
2.286761149181647212e+01
