-2.034834752935928152e-07 -1.563230103446641908e-07 1.917078331643210978e-07 8.352047354739218221e+00 8.352047354739378093e+00 8.352047354739399410e+00
-1.168798563063878637e+00 -7.135813382417333095e-01 7.776395814017129648e-01 8.364369611242338465e+00 8.590493537188145012e+00 8.735007994680977106e+00
-1.858225448172934557e+00 -8.255891289293068036e-01 1.546219193814303061e+00 8.400763738122323687e+00 9.165707670840227195e+00 9.659744700235361137e+00
-1.886748977602383581e+00 1.293685826220289936e+00 2.296784892288701307e+00 8.459556457465065904e+00 9.831804873540843204e+00 1.078582299313587356e+01
-8.814277977036332201e-01 2.765654466051608473e+00 3.020593461056682028e+00 8.538100395701675893e+00 1.041297450710572292e+01 1.190766832233279260e+01
2.134757482317267918e+00 3.709216653389929341e+00 4.140516790137303005e+00 8.632961528726955436e+00 1.081011090084436077e+01 1.291646442565628838e+01
3.404291115354175723e+00 4.354649817629297814e+00 5.409131700830901224e+00 8.740136303650475114e+00 1.097191357878157092e+01 1.375152988961997558e+01
4.402315908630479946e+00 4.949434561524646448e+00 6.532331713306811061e+00 8.855261631467740813e+00 1.087762218946531867e+01 1.438025429796523902e+01
5.209245041248262709e+00 5.486808219987776347e+00 7.481343606783980249e+00 8.973781461925220526e+00 1.052948230469817759e+01 1.479105666601595104e+01
5.856914260317051202e+00 5.960889229702690528e+00 8.241381939106744881e+00 9.091043539155972297e+00 9.950938185434676342e+00 1.499099909146401366e+01
6.366889449435009674e+00 6.366889449435241488e+00 8.798628038981666677e+00 9.202325023086185496e+00 9.202325023086400435e+00 1.500487487834295841e+01
6.701307151638864923e+00 6.736976820307853053e+00 8.300389084066221557e+00 9.238397678131883950e+00 9.302829478564358823e+00 1.487446694762717492e+01
6.780224578522720869e+00 6.962009695129224518e+00 7.628974888664209253e+00 9.387747698784943751e+00 9.494031400419887134e+00 1.465708304003501006e+01
6.159463257258787294e+00 7.148102888816000089e+00 7.608318920549856479e+00 9.452490515803795290e+00 9.642765139225911497e+00 1.442189530092420036e+01
5.542827510841608074e+00 7.259550964986796195e+00 7.728747048754081916e+00 9.493136895759818117e+00 9.714970017114941570e+00 1.424116451438379549e+01
5.302409850621063292e+00 7.296647301289992171e+00 7.778542591203419398e+00 9.507004863970140107e+00 9.735818176973133120e+00 1.417325315685270049e+01
5.554735836432413087e+00 7.322797909846866737e+00 7.882267344651327612e+00 9.461607970832091041e+00 9.806836338599909553e+00 1.412263170357092434e+01
6.168892289074324076e+00 7.398678528360250084e+00 8.200976136556143103e+00 9.394925429231399505e+00 9.954646619986680989e+00 1.396794009772911060e+01
6.848750247436384164e+00 7.538513908937820140e+00 8.708631617448176598e+00 9.373585944751075871e+00 1.014112653194618652e+01 1.370342017304908033e+01
7.292356330042053081e+00 7.854920214082671492e+00 9.103959672833575212e+00 9.609621200196629687e+00 1.037348391163410888e+01 1.332706051071579267e+01
7.461073608816993996e+00 8.312935863724822738e+00 9.145581945032688509e+00 1.015859042803827528e+01 1.068533409090788844e+01 1.284864978148658032e+01
7.538183349454675053e+00 8.672782209403797182e+00 9.110557334774892269e+00 1.057607038249536124e+01 1.111016947027649948e+01 1.230056228496530402e+01
7.563473320381453924e+00 8.823208862123115281e+00 9.071361235280589241e+00 1.072489389954943739e+01 1.150768262123741437e+01 1.186096035029370022e+01
7.644312192282840535e+00 8.720579052563143918e+00 9.110151473002719769e+00 1.078223033500605332e+01 1.114070247425404325e+01 1.203008460639584065e+01
7.508137844126477667e+00 8.623206304499927199e+00 9.195698457641167778e+00 1.009549336281506271e+01 1.137388152823485221e+01 1.235692432696705723e+01
7.249767027419190768e+00 8.634928597482447898e+00 9.113141103856758463e+00 9.609923731568501992e+00 1.160388068802599904e+01 1.261479414976945534e+01
7.038988615444790042e+00 8.672700972617988668e+00 8.808930185237084487e+00 9.516252034406509352e+00 1.174845453785524896e+01 1.277974739589651776e+01
6.968961865380181919e+00 8.595385923175822285e+00 8.775059661145530043e+00 9.500708162530838052e+00 1.178623189601726828e+01 1.284199803546094643e+01
6.872574295535192057e+00 8.774408572633594972e+00 9.152464533344602415e+00 9.374389748486136043e+00 1.211634486534117272e+01 1.276770370174919833e+01
6.698979548716649468e+00 8.678056321917761551e+00 9.083589486627120735e+00 9.545251477623416747e+00 1.158555009862870833e+01 1.364847686196867826e+01
6.424924107131998241e+00 8.433019083162594853e+00 8.740490556778560460e+00 9.724418066579296749e+00 1.112731441151095879e+01 1.457395671809135251e+01
6.006833830233995641e+00 8.050630639491306084e+00 8.466404366678087712e+00 9.711798003566995519e+00 1.086164375882235156e+01 1.538931574958602866e+01
5.453287818078862870e+00 7.558430078958406462e+00 8.387452046850789600e+00 9.611554271760139656e+00 1.071777640190960490e+01 1.599593056920193312e+01
4.865660281174697843e+00 7.044210421588991800e+00 8.423676187044680574e+00 9.520669802609820209e+00 1.060943203972851201e+01 1.632995877780370719e+01
4.376082482039209687e+00 6.457638174608121950e+00 8.477558097817064819e+00 9.399899272478775103e+00 1.057457626981481269e+01 1.636502121501261442e+01
4.038532644597353283e+00 5.725068220690181064e+00 8.232316687766198626e+00 9.370134790073192832e+00 1.063889160960093427e+01 1.611001381895383489e+01
3.729590453642870784e+00 4.816477213696925830e+00 7.498219264420941776e+00 9.520816676842224879e+00 1.070515172253686664e+01 1.560099607118594989e+01
2.843646905084969756e+00 3.993823986153233196e+00 6.461054992408612918e+00 9.635173046296801047e+00 1.067040859057451740e+01 1.488523186804309617e+01
-1.390761770715588597e+00 3.454448371939749407e+00 5.271961840231336183e+00 9.604067976429901066e+00 1.047344392104167454e+01 1.399878236960329048e+01
-3.286085005311135010e+00 2.814515613944464256e+00 4.043390388749927844e+00 9.416158491305926859e+00 1.009551968680153955e+01 1.295015575353723847e+01
-3.885505068810888307e+00 2.036316985453893835e+00 2.852326621037611698e+00 9.110471599696502665e+00 9.571494017451232850e+00 1.173053053253084599e+01
-3.589147975569163318e+00 1.230263807657749675e+00 1.758241408178989218e+00 8.759164107752622996e+00 8.999030448705221730e+00 1.036313069398896047e+01
-2.299476293886923095e+00 5.366095079074607588e-01 8.121668712808280954e-01 8.467638790992674913e+00 8.534588123063912235e+00 9.024708921728276323e+00
-2.034834752935928152e-07 -1.563230103446641908e-07 1.917078331643210978e-07 8.352047354739218221e+00 8.352047354739378093e+00 8.352047354739399410e+00
-2.435831564607914057e+00 -6.836331193025646513e-01 9.574781988044432923e-01 8.620001807784916537e+00 8.714302178398286358e+00 8.940154942555821549e+00
-3.791882440684983813e+00 1.865704986020406131e-01 2.074964607263492855e+00 9.225565081309355264e+00 9.643592138515680645e+00 9.965784710390639844e+00
-4.112088481975612275e+00 1.803846733540493741e+00 3.337723117933539374e+00 9.804853835793938543e+00 1.072521228807403304e+01 1.092617904097377846e+01
-3.578158457244856372e+00 2.848415778900541095e+00 4.636778786098199490e+00 1.012459004358820458e+01 1.101018118804619839e+01 1.241891682301140598e+01
-2.129883830547573798e+00 3.560540014655249941e+00 5.866049600813536991e+00 1.010591588564709120e+01 1.081266513458319167e+01 1.398450749147406391e+01
2.238420795556559817e+00 4.007940319852059119e+00 6.973241774200971577e+00 9.776033912378499835e+00 1.022866102419612488e+01 1.546396181313007290e+01
3.735778481479629320e+00 4.340047107818085337e+00 7.948692383575125753e+00 9.241846001934016286e+00 9.429587774464078365e+00 1.670200999055385083e+01
4.619562471607126852e+00 4.706797158899683531e+00 8.576392197517119342e+00 8.656983109874975213e+00 8.897674606526958740e+00 1.758545113788596836e+01
5.111185480923663427e+00 5.128559476667404304e+00 8.192056084525260573e+00 8.203730053399333144e+00 9.634379671601335460e+00 1.806784237834236606e+01
5.298689887554747457e+00 5.460407620076756174e+00 8.102047653112331105e+00 8.211520989249743607e+00 1.034878127182793683e+01 1.818025904151881988e+01
5.415824981106267089e+00 5.605812034714333869e+00 8.336299629897988339e+00 8.462505263342713135e+00 1.097661966828747460e+01 1.803295048161840697e+01
5.556285923639524782e+00 5.647569180252357768e+00 8.631196340749006879e+00 8.690639691526520494e+00 1.143886707718786688e+01 1.780546004581040265e+01
5.624869071811927412e+00 5.657009841660991079e+00 8.755023059235865546e+00 8.775825525718531139e+00 1.161503613394746814e+01 1.769758214302391863e+01
5.681031144984409309e+00 5.744891528559334937e+00 8.748031013958353697e+00 8.831582904215283136e+00 1.158306185949129663e+01 1.759945243171051033e+01
5.795456792138814706e+00 6.037170516487763372e+00 8.724209675580633316e+00 9.000292300002573853e+00 1.148977497623252653e+01 1.730879483785745165e+01
5.959014708874930122e+00 6.477270298442976859e+00 8.692385087769251228e+00 9.266646556913423538e+00 1.134486276581608344e+01 1.683684253185236557e+01
6.149311118502921225e+00 7.003485300011742076e+00 8.664929099312313809e+00 9.596461672408494792e+00 1.117457568763999731e+01 1.620249109698050205e+01
6.345081913305255839e+00 7.550511633432106073e+00 8.659368397274912255e+00 9.895737180814021983e+00 1.106222935962205156e+01 1.543274918586996591e+01
6.531823187380247475e+00 8.040866570102489064e+00 8.707132412441044522e+00 9.954423294395851940e+00 1.120545486610556196e+01 1.456395751043466014e+01
6.701769920436571049e+00 8.366231892213754406e+00 8.864805990676259739e+00 9.737598055835267274e+00 1.162903722217900082e+01 1.364596152934301010e+01
6.850098756406795886e+00 8.520645728151611920e+00 9.012192132646468679e+00 9.481745059604453019e+00 1.211617078477902787e+01 1.278443530270475392e+01
6.968961865380265408e+00 8.595385923175994591e+00 8.775059661145547807e+00 9.500708162530752787e+00 1.178623189601728427e+01 1.284199803546101926e+01
7.038988615444870867e+00 8.672700972618013537e+00 8.808930185237221266e+00 9.516252034406440075e+00 1.174845453785525251e+01 1.277974739589657638e+01
7.249767027419280474e+00 8.634928597482396384e+00 9.113141103856888137e+00 9.609923731568493110e+00 1.160388068802599015e+01 1.261479414976949620e+01
7.508137844126557603e+00 8.623206304499877461e+00 9.195698457641169554e+00 1.009549336281513199e+01 1.137388152823484333e+01 1.235692432696708742e+01
7.644312192282876062e+00 8.720579052563140365e+00 9.110151473002696676e+00 1.078223033500608352e+01 1.114070247425405746e+01 1.203008460639586374e+01
7.563473320381453924e+00 8.823208862123115281e+00 9.071361235280589241e+00 1.072489389954943739e+01 1.150768262123741437e+01 1.186096035029370022e+01
7.732339637567899437e+00 8.849889703336005553e+00 9.013080840472095900e+00 1.090737470383485608e+01 1.143600718769061686e+01 1.157048694121468380e+01
7.627266957722999230e+00 8.855094995222813736e+00 9.096263661399373035e+00 1.034622816846821713e+01 1.140319931915863449e+01 1.212966220693453323e+01
7.372708402393844729e+00 8.682989131077301082e+00 9.341021186407388655e+00 9.829735811556268743e+00 1.127578799474204629e+01 1.288981326227768420e+01
7.081206637942311310e+00 8.400480964900747693e+00 9.322070459280103805e+00 9.686759056708471149e+00 1.112039080291914317e+01 1.369639157450018452e+01
6.792643714484286832e+00 8.040577564105600317e+00 9.037459835524163765e+00 9.825701685670223284e+00 1.100162062154521436e+01 1.449997516490381777e+01
6.521430813025860473e+00 7.623766713445649046e+00 8.839269597023880820e+00 9.810379536270630751e+00 1.100025103508425062e+01 1.526384709228055137e+01
6.275474126832211397e+00 7.172168421275115335e+00 8.732301288992079691e+00 9.637302876090561909e+00 1.111300009594523353e+01 1.595819675181028430e+01
6.061761916674800688e+00 6.715723656818593845e+00 8.694723360050259586e+00 9.395785153062934825e+00 1.126574918813780180e+01 1.655866925529470279e+01
5.887093217144995450e+00 6.291960612527692120e+00 8.699714639985772990e+00 9.154299138418284798e+00 1.140913307154305834e+01 1.704572189894640388e+01
5.757318095606586361e+00 5.943606185267984010e+00 8.722615229364318878e+00 8.954448652812370568e+00 1.152099279064166737e+01 1.740430787139882085e+01
5.674676357778507985e+00 5.715336257915614837e+00 8.744671882327521573e+00 8.823132755648726899e+00 1.159118072482361761e+01 1.762373003173565778e+01
5.624869071811927412e+00 5.657009841660991079e+00 8.755023059235865546e+00 8.775825525718531139e+00 1.161503613394746814e+01 1.769758214302391863e+01
5.672663127421420981e+00 5.726234402201382245e+00 8.749597442590319574e+00 8.820766442188185508e+00 1.158910504501070271e+01 1.761804926423075202e+01
5.768054396271707240e+00 5.964966470260383957e+00 8.729942574687825640e+00 8.958085292925144216e+00 1.151301103275010540e+01 1.738189818883561344e+01
5.906051010191582407e+00 6.333324975031241699e+00 8.702114665578784880e+00 9.177939780176238571e+00 1.139272021941398805e+01 1.699649102391300914e+01
6.071470038499834132e+00 6.786747701030442670e+00 8.674418600234929499e+00 9.460682142483269885e+00 1.124260304644049135e+01 1.647418142227472160e+01
6.247597471464512608e+00 7.278709161031510888e+00 8.657989987967511070e+00 9.760680421011315389e+00 1.110115070722882535e+01 1.583251509222833953e+01
6.421422488300839504e+00 7.758807838557702397e+00 8.669320403664313446e+00 9.959816836506197646e+00 1.107782656481354344e+01 1.509471404613234213e+01
6.584797703684833081e+00 8.160773388431437070e+00 8.740808545287702458e+00 9.909684924961590369e+00 1.131189893081049647e+01 1.429092159465966461e+01
6.733333531385701676e+00 8.406607407332588267e+00 8.907287862270095502e+00 9.679375389929166573e+00 1.172969673775084409e+01 1.346280034200040454e+01
6.863497889364989391e+00 8.531820369612001187e+00 9.006810007836364207e+00 9.470203931926931773e+00 1.214881319022414452e+01 1.271954742098564495e+01
6.968961865380181919e+00 8.595385923175822285e+00 8.775059661145530043e+00 9.500708162530838052e+00 1.178623189601726828e+01 1.284199803546094643e+01
6.968961865380265408e+00 8.595385923175994591e+00 8.775059661145547807e+00 9.500708162530752787e+00 1.178623189601728427e+01 1.284199803546101926e+01
6.970175824126653374e+00 8.242312118188156234e+00 8.446220552675629989e+00 9.539545829182236147e+00 1.118150875764034957e+01 1.327859174830278910e+01
6.820207946167817781e+00 7.920780966391583355e+00 8.095316148185526473e+00 9.509852233901515461e+00 1.069407691976157260e+01 1.363653506885564681e+01
6.436968837936087873e+00 7.675159960872805165e+00 7.861388572234603522e+00 9.452926172722944997e+00 1.032509649673226448e+01 1.389439620149000909e+01
5.914774130275997521e+00 7.478954733720623693e+00 7.785334671938246132e+00 9.427160462340419045e+00 1.004631518114606337e+01 1.405871759369865437e+01
5.474414049542221328e+00 7.345282487888296075e+00 7.776067937355390036e+00 9.461555619135259221e+00 9.837106616129675629e+00 1.414627509643134751e+01
5.302409850621063292e+00 7.296647301289992171e+00 7.778542591203419398e+00 9.507004863970140107e+00 9.735818176973133120e+00 1.417325315685270049e+01
