-4.871014683463517514e+00
-4.748124069582225104e+00
-4.625233455700932694e+00
-4.502342841819640284e+00
-4.379452227938347875e+00
-4.256561614057055465e+00
-4.133671000175763055e+00
-4.010780386294469757e+00
-3.887889772413177347e+00
-3.764999158531885826e+00
-3.642108544650592972e+00
-3.519217930769300562e+00
-3.396327316888008152e+00
-3.273436703006715742e+00
-3.150546089125423332e+00
-3.027655475244130923e+00
-2.904764861362838513e+00
-2.781874247481545659e+00
-2.658983633600253693e+00
-2.536093019718961283e+00
-2.413202405837668874e+00
-2.290311791956376464e+00
-2.167421178075083610e+00
-2.044530564193791644e+00
-1.921639950312499012e+00
-1.798749336431206380e+00
-1.675858722549914193e+00
-1.552968108668621561e+00
-1.430077494787328929e+00
-1.307186880906036741e+00
-1.184296267024744109e+00
-1.061405653143451921e+00
-9.385150392621594007e-01
-8.156244253808668798e-01
-6.927338114995742480e-01
-5.698431976182825043e-01
-4.469525837369898724e-01
-3.240619698556972961e-01
-2.011713559744046920e-01
-7.828074209311210174e-02
4.460987178817966275e-02
1.675004856694722599e-01
2.903910995507648640e-01
4.132817134320574404e-01
5.361723273133500722e-01
6.590629411946425931e-01
7.819535550759344478e-01
9.048441689572269686e-01
1.027734782838519489e+00
1.150625396719812121e+00
1.273516010601104753e+00
1.396406624482396497e+00
1.519297238363689129e+00
1.642187852244981761e+00
1.765078466126274392e+00
1.887969080007567024e+00
2.010859693888859656e+00
2.133750307770151178e+00
2.256640921651444032e+00
2.379531535532736441e+00
2.502422149414028851e+00
2.625312763295321705e+00
2.748203377176613227e+00
2.871093991057906969e+00
2.993984604939198491e+00
3.116875218820490456e+00
3.239765832701783754e+00
3.362656446583075720e+00
3.485547060464369018e+00
3.608437674345660540e+00
3.731328288226952505e+00
3.854218902108245803e+00
3.977109515989537769e+00
4.100000129870831067e+00
4.222890743752122589e+00
4.345781357633414999e+00
4.468671971514708297e+00
4.591562585395999818e+00
4.714453199277293116e+00
4.837343813158584638e+00
4.960234427039877048e+00
5.083125040921170346e+00
5.206015654802461867e+00
5.328906268683755165e+00
5.451796882565047575e+00
5.574687496446340873e+00
5.697578110327632395e+00
5.820468724208923916e+00
5.943359338090217214e+00
6.066249951971509624e+00
6.189140565852802922e+00
6.312031179734094444e+00
6.434921793615385965e+00
6.557812407496679263e+00
6.680703021377971673e+00
6.803593635259264971e+00
6.926484249140556493e+00
7.049374863021848014e+00
7.172265476903142201e+00
7.295156090784433722e+00
7.418046704665727020e+00
7.540937318547018542e+00
7.663827932428310952e+00
7.786718546309603362e+00
7.909609160190894883e+00
8.032499774072190846e+00
8.155390387953481479e+00
8.278281001834773889e+00
8.401171615716064522e+00
8.524062229597356932e+00
8.646952843478652895e+00
8.769843457359943528e+00
8.892734071241235938e+00
9.015624685122526571e+00
9.138515299003818981e+00
9.261405912885114944e+00
9.384296526766405577e+00
9.507187140647697987e+00
9.630077754528990397e+00
9.752968368410281030e+00
9.875858982291576993e+00
9.998749596172867626e+00
1.012164021005416004e+01
1.024453082393545245e+01
1.036742143781674308e+01
1.049031205169803549e+01
1.061320266557932968e+01
1.073609327946062209e+01
1.085898389334191450e+01
1.098187450722320513e+01
1.110476512110449754e+01
1.122765573498579172e+01
1.135054634886708413e+01
1.147343696274837654e+01
1.159632757662966718e+01
1.171921819051095959e+01
1.184210880439225377e+01
1.196499941827354618e+01
1.208789003215483859e+01
1.221078064603612923e+01
1.233367125991742164e+01
1.245656187379871760e+01
1.257945248768000823e+01
1.270234310156130064e+01
1.282523371544259128e+01
1.294812432932388369e+01
1.307101494320517965e+01
1.319390555708647028e+01
1.331679617096776269e+01
1.343968678484905332e+01
1.356257739873034573e+01
1.368546801261164170e+01
1.380835862649293233e+01
1.393124924037422474e+01
1.405413985425551715e+01
1.417703046813680778e+01
1.429992108201810375e+01
1.442281169589939438e+01
1.454570230978068679e+01
1.466859292366197920e+01
1.479148353754326983e+01
1.491437415142456580e+01
1.503726476530585643e+01
1.516015537918714884e+01
1.528304599306844125e+01
1.540593660694973543e+01
1.552882722083102784e+01
1.565171783471231848e+01
1.577460844859361089e+01
1.589749906247490330e+01
1.602038967635619926e+01
1.614328029023748812e+01
1.626617090411878053e+01
1.638906151800007294e+01
1.651195213188136535e+01
1.663484274576266131e+01
1.675773335964395017e+01
1.688062397352524258e+01
1.700351458740653499e+01
1.712640520128782740e+01
1.724929581516912336e+01
1.737218642905041222e+01
1.749507704293170463e+01
1.761796765681299703e+01
1.774085827069428944e+01
1.786374888457558541e+01
1.798663949845687426e+01
1.810953011233816667e+01
1.823242072621945908e+01
1.835531134010075149e+01
1.847820195398204746e+01
1.860109256786333987e+01
1.872398318174462872e+01
1.884687379562592113e+01
1.896976440950721354e+01
1.909265502338850951e+01
1.921554563726980192e+01
1.933843625115109077e+01
1.946132686503238318e+01
1.958421747891367559e+01
