-8.925786816698985660e-02
-7.241319381364989816e-02
-5.556851946030994666e-02
-3.872384510696998822e-02
-2.187917075363002978e-02
-5.034496400290065267e-03
1.181017795304988537e-02
2.865485230638983513e-02
4.549952665972980398e-02
6.234420101306976242e-02
7.918887536640972780e-02
9.603354971974967236e-02
1.128782240730896308e-01
1.297228984264295892e-01
1.465675727797695338e-01
1.634122471331095061e-01
1.802569214864494507e-01
1.971015958397894230e-01
2.139462701931293953e-01
2.307909445464693399e-01
2.476356188998093122e-01
2.644802932531492012e-01
2.813249676064891736e-01
2.981696419598291459e-01
3.150143163131691182e-01
3.318589906665090905e-01
3.487036650198490628e-01
3.655483393731890351e-01
3.823930137265288964e-01
3.992376880798688688e-01
4.160823624332088411e-01
4.329270367865488134e-01
4.497717111398887857e-01
4.666163854932287580e-01
4.834610598465687303e-01
5.003057341999086471e-01
5.171504085532486750e-01
5.339950829065885918e-01
5.508397572599286196e-01
5.676844316132685364e-01
5.845291059666084532e-01
6.013737803199483700e-01
6.182184546732882868e-01
6.350631290266283147e-01
6.519078033799682315e-01
6.687524777333082593e-01
6.855971520866481761e-01
7.024418264399880929e-01
7.192865007933281207e-01
7.361311751466680375e-01
7.529758495000080654e-01
7.698205238533479822e-01
7.866651982066880100e-01
8.035098725600279268e-01
8.203545469133678436e-01
8.371992212667078714e-01
8.540438956200476772e-01
8.708885699733877050e-01
8.877332443267276219e-01
9.045779186800676497e-01
9.214225930334075665e-01
9.382672673867474833e-01
9.551119417400875111e-01
9.719566160934274279e-01
9.888012904467674558e-01
1.005645964800107484e+00
1.022490639153447400e+00
1.039335313506787317e+00
1.056179987860127234e+00
1.073024662213467151e+00
1.089869336566807290e+00
1.106714010920147206e+00
1.123558685273487123e+00
1.140403359626827040e+00
1.157248033980166957e+00
1.174092708333507096e+00
1.190937382686847013e+00
1.207782057040186929e+00
1.224626731393526846e+00
1.241471405746866985e+00
1.258316080100206902e+00
1.275160754453546597e+00
1.292005428806886513e+00
1.308850103160226430e+00
1.325694777513566569e+00
1.342539451866906486e+00
1.359384126220246403e+00
1.376228800573586319e+00
1.393073474926926236e+00
1.409918149280266375e+00
1.426762823633606292e+00
1.443607497986946209e+00
1.460452172340286126e+00
1.477296846693626264e+00
1.494141521046966181e+00
1.510986195400306098e+00
1.527830869753646015e+00
1.544675544106985932e+00
1.561520218460326070e+00
1.578364892813665987e+00
1.595209567167005904e+00
1.612054241520345821e+00
1.628898915873685738e+00
1.645743590227025877e+00
1.662588264580365793e+00
1.679432938933705710e+00
1.696277613287045627e+00
1.713122287640385766e+00
1.729966961993725683e+00
1.746811636347065599e+00
1.763656310700405516e+00
1.780500985053745433e+00
1.797345659407085350e+00
1.814190333760425489e+00
1.831035008113765183e+00
1.847879682467105322e+00
1.864724356820445239e+00
1.881569031173785378e+00
1.898413705527124851e+00
1.915258379880464989e+00
1.932103054233805128e+00
1.948947728587145267e+00
1.965792402940484740e+00
1.982637077293824879e+00
1.999481751647165018e+00
2.016326426000505379e+00
2.033171100353844629e+00
2.050015774707184768e+00
2.066860449060524907e+00
2.083705123413864158e+00
2.100549797767204296e+00
2.117394472120544435e+00
2.134239146473884574e+00
2.151083820827224269e+00
2.167928495180564408e+00
2.184773169533904547e+00
2.201617843887244685e+00
2.218462518240583936e+00
2.235307192593924075e+00
2.252151866947264214e+00
2.268996541300604353e+00
2.285841215653943603e+00
2.302685890007284186e+00
2.319530564360624325e+00
2.336375238713964464e+00
2.353219913067303715e+00
2.370064587420643853e+00
2.386909261773983992e+00
2.403753936127324131e+00
2.420598610480663382e+00
2.437443284834003521e+00
2.454287959187343660e+00
2.471132633540684242e+00
2.487977307894023493e+00
2.504821982247363632e+00
2.521666656600703771e+00
2.538511330954043910e+00
2.555356005307383160e+00
2.572200679660723299e+00
2.589045354014063438e+00
2.605890028367403577e+00
2.622734702720743272e+00
2.639579377074083411e+00
2.656424051427423549e+00
2.673268725780762800e+00
2.690113400134102939e+00
2.706958074487443078e+00
2.723802748840783217e+00
2.740647423194122467e+00
2.757492097547462606e+00
2.774336771900803189e+00
2.791181446254143328e+00
2.808026120607482579e+00
2.824870794960822717e+00
2.841715469314162856e+00
2.858560143667502995e+00
2.875404818020842246e+00
2.892249492374182385e+00
2.909094166727522524e+00
2.925938841080862662e+00
2.942783515434202357e+00
2.959628189787542496e+00
2.976472864140882635e+00
2.993317538494222774e+00
3.010162212847562024e+00
3.027006887200902163e+00
3.043851561554242302e+00
3.060696235907582441e+00
3.077540910260921692e+00
3.094385584614262275e+00
3.111230258967602413e+00
3.128074933320942552e+00
3.144919607674281803e+00
3.161764282027621942e+00
3.178608956380962081e+00
3.195453630734301331e+00
3.212298305087641470e+00
3.229142979440981609e+00
3.245987653794322192e+00
3.262832328147661887e+00
