0.000000000000000000e+00
8.898823317935725119e-02
1.779764663587145024e-01
2.669646995380717813e-01
3.559529327174290048e-01
4.449411658967862282e-01
5.339293990761435627e-01
6.229176322555007861e-01
7.119058654348580095e-01
8.008940986142152330e-01
8.898823317935724564e-01
9.788705649729297908e-01
1.067858798152287125e+00
1.156847031331644349e+00
1.252262166324579207e+00
1.347677301317514065e+00
1.443092436310449145e+00
1.538507571303384003e+00
1.633922706296318861e+00
1.729337841289253719e+00
1.824752976282188577e+00
1.908241219401006550e+00
1.991729462519824523e+00
2.075217705638642496e+00
2.158705948757460469e+00
2.242194191876278886e+00
2.325682434995096859e+00
2.409170678113914832e+00
2.492658921232732805e+00
2.576147164351550778e+00
2.659635407470368751e+00
2.743123650589186724e+00
2.826611893708005141e+00
2.910100136826822670e+00
2.993588379945641087e+00
3.077076623064459060e+00
3.160564866183277033e+00
3.252323678597957013e+00
3.344082491012636993e+00
3.435841303427316973e+00
3.527600115841996953e+00
3.619358928256676933e+00
3.711117740671356913e+00
3.802876553086036893e+00
3.885508483895439902e+00
3.968140414704843355e+00
4.050772345514246808e+00
4.133404276323649817e+00
4.216036207133052827e+00
4.298668137942455836e+00
4.381300068751858845e+00
4.463931999561261854e+00
4.546563930370664863e+00
4.629195861180068761e+00
4.711827791989471770e+00
4.794459722798874779e+00
4.877091653608277788e+00
4.959723584417680797e+00
5.043211827536499214e+00
5.126700070655316743e+00
5.210188313774135160e+00
5.293676556892952689e+00
5.377164800011771106e+00
5.460653043130589523e+00
5.544141286249407052e+00
5.627629529368225469e+00
5.706206699362406987e+00
5.784783869356588504e+00
5.863361039350770909e+00
5.941938209344952426e+00
6.020515379339133943e+00
6.099092549333315461e+00
6.177669719327496978e+00
6.256246889321678495e+00
6.334824059315860012e+00
6.413401229310042417e+00
6.491978399304223935e+00
6.570555569298405452e+00
6.649132739292586969e+00
6.727709909286769374e+00
6.806287079280950891e+00
6.884864249275132408e+00
6.963441419269313926e+00
6.963441419269313926e+00
7.055200231683993906e+00
7.146959044098673886e+00
7.238717856513353865e+00
7.330476668928033845e+00
7.422235481342713825e+00
7.513994293757393805e+00
7.605753106172073785e+00
7.605753106172073785e+00
7.686042067034918546e+00
7.766331027897763306e+00
7.846619988760608955e+00
7.926908949623453715e+00
8.007197910486299364e+00
8.087486871349144124e+00
8.167775832211988885e+00
8.248064793074833645e+00
