-2.023559368673383073e-07 1.303058160426155212e-07 2.220524135519157609e-07 5.902614305727188260e+00 5.902614305727797550e+00 5.903522439408454225e+00 5.903522439409528033e+00 7.183003580336226435e+00 7.183162856225919768e+00 8.106369432671149511e+00 8.106369432671382214e+00 8.109248542841219987e+00 8.109248542841873686e+00 8.309168517437866441e+00 8.323484523672716406e+00 8.323859427632021024e+00 9.445371578053364914e+00 9.452760898565346181e+00 9.968508579417676430e+00 1.107364755545126123e+01 1.107364755545168400e+01 1.351626148154625362e+01 1.747833732456213340e+01 1.747833732456221156e+01
5.933653087073254007e-01 7.818155244839903872e-01 1.250589599988901846e+00 5.868944889674668985e+00 5.884596343315664058e+00 5.884602514647226279e+00 5.886798901604383794e+00 7.177276899987403702e+00 7.187690114873385383e+00 7.429056361573695533e+00 7.568275446825001751e+00 8.130539476774320207e+00 8.131888061958765235e+00 8.320593715129870560e+00 8.624748264172398038e+00 9.362205713092334847e+00 9.432844620082770248e+00 9.928074334905634402e+00 1.002546118597286195e+01 1.104000946669145122e+01 1.108846740724483482e+01 1.348248648475438216e+01 1.743563262432418881e+01 1.752895899459464601e+01
1.184454839274502014e+00 1.550762955178712321e+00 2.466917964759212101e+00 5.747581590917034688e+00 5.816922229828225710e+00 5.831812556888260168e+00 5.831876898890109295e+00 6.691590056759203264e+00 7.159108888408717064e+00 7.382586491263857909e+00 7.622078032660435376e+00 8.192302439359629318e+00 8.194049772408934729e+00 8.312374950439352261e+00 8.841232825566109454e+00 9.374327879825990806e+00 9.756850845995565180e+00 1.042043855661643725e+01 1.055712314067971747e+01 1.104546854926904409e+01 1.167219301710220591e+01 1.348165845521780781e+01 1.736669632602391999e+01 1.760748283715896889e+01
1.770933495173089289e+00 2.307036946006697953e+00 3.619692207309095355e+00 5.607926986714536710e+00 5.700573235587655496e+00 5.755147970084006914e+00 5.755434716658787586e+00 6.569199305815748957e+00 7.126952431282283840e+00 7.656478512836783601e+00 8.003741855708797814e+00 8.284604842040375061e+00 8.285718322385061896e+00 8.300270194849826311e+00 9.057279459678447608e+00 9.280872612828712676e+00 9.707446416250192556e+00 1.027168271285441570e+01 1.046015017676402259e+01 1.150229042978415706e+01 1.244086955464913835e+01 1.415762363782280353e+01 1.725834931070583522e+01 1.767996016223752775e+01
2.350289557267313700e+00 3.082893181722890841e+00 4.687132064187809810e+00 5.572154831633196359e+00 5.639073406586099679e+00 5.666565654343060032e+00 5.667250397718131438e+00 6.866137296143631552e+00 7.077419579284473627e+00 8.110707168752451679e+00 8.285662824812574101e+00 8.394941863002074456e+00 8.395816815939337374e+00 8.444838542901125678e+00 9.158512418752003725e+00 9.225757731072844692e+00 9.607380996026325448e+00 9.935330154788850621e+00 1.008524529773701417e+01 1.193727268809969999e+01 1.239980343634949733e+01 1.550800558130732654e+01 1.711026647194084305e+01 1.767399851440320191e+01
2.919630454319203761e+00 3.900960735352696496e+00 5.576917738805852842e+00 5.577946536464195582e+00 5.600404955866211232e+00 5.639901093381279651e+00 5.666180616180596985e+00 7.004804009681722121e+00 7.453389773886463843e+00 8.271598913244655904e+00 8.511030973685732803e+00 8.513042496636510137e+00 8.541256165864105299e+00 8.868016976895527037e+00 9.015639822230639311e+00 9.205074897084125851e+00 9.448184405762848570e+00 9.543637853839003427e+00 9.691526799676204007e+00 1.218923755545691634e+01 1.232527636680199912e+01 1.659486906015876073e+01 1.694942066757386101e+01 1.751873926990126051e+01
3.475407821823283783e+00 4.738202905226248873e+00 5.494534281993106006e+00 5.495469314201078426e+00 5.628176379542180641e+00 5.659535564587069523e+00 6.519270681381197363e+00 6.900661309521659348e+00 8.166639609852216708e+00 8.260486843873094287e+00 8.624466491595590867e+00 8.626417231083117088e+00 8.671625040355966263e+00 8.839622458420105744e+00 8.862937845916235347e+00 9.112700698758105844e+00 9.206745165350758597e+00 9.347624238378715589e+00 9.426427058040719231e+00 1.197009048205241832e+01 1.277462904661944876e+01 1.676998398461691764e+01 1.717131777896148037e+01 1.727942678673704080e+01
4.013129255608247625e+00 5.424940802662214345e+00 5.425074118140258861e+00 5.556921441263571460e+00 5.602360875752760094e+00 5.607767309640658837e+00 6.754293865450113010e+00 7.273383596368955928e+00 8.255158490569694862e+00 8.291331353342346944e+00 8.297428667432058091e+00 8.712749823197707855e+00 8.727335272718576675e+00 8.727608545954662844e+00 8.832713413797348423e+00 8.931570133324203908e+00 9.082986598605510054e+00 9.160499611147209009e+00 9.453210318276372703e+00 1.172609851824798710e+01 1.335162454674162191e+01 1.671381905030600024e+01 1.676283701255654535e+01 1.744881736072272815e+01
4.527134195552730667e+00 5.369871546811813445e+00 5.371166556996608499e+00 5.428116350088711961e+00 5.506100239505456351e+00 6.322694312748446954e+00 6.554889579989223947e+00 7.807597072289975237e+00 7.847494299508893434e+00 7.887659265248374574e+00 8.258619356921496291e+00 8.308653085692576212e+00 8.577189513092925210e+00 8.810194585672977752e+00 8.812809753722754991e+00 8.888265502159496734e+00 8.984210149827038805e+00 9.249455906114421921e+00 9.553373535772728076e+00 1.139949239224254995e+01 1.402683953668560868e+01 1.637183238780328765e+01 1.677824056072951819e+01 1.731031249365273794e+01
4.224207681541040316e+00 4.908147247339499586e+00 4.954315841051083247e+00 5.659876291025898176e+00 5.808029973191721318e+00 6.240649620941907116e+00 6.680238920848025508e+00 7.638666052465949541e+00 7.669256767776081674e+00 8.255008050385400864e+00 8.481522934010815362e+00 8.654429035725355490e+00 8.657665975528336944e+00 8.669875490581386401e+00 8.846482277645771219e+00 8.879986064318948991e+00 8.965000378204340592e+00 9.327532737770726001e+00 9.680537386572982683e+00 1.153647977286649606e+01 1.374885281966529327e+01 1.617643801455816188e+01 1.702563545073849838e+01 1.769897471645443332e+01
4.013226192547993065e+00 4.361978812465321376e+00 4.559873656469344283e+00 4.895284844998938567e+00 6.164598529060423715e+00 6.740621683897717986e+00 6.866573185987845385e+00 7.478057974091486315e+00 7.604931241624264260e+00 8.262484192436804875e+00 8.335026454311329047e+00 8.538437528718837655e+00 8.592915631057891801e+00 8.720320397394377920e+00 8.858947098954008226e+00 8.918079376452880069e+00 9.169575694984480663e+00 9.741496703994059203e+00 9.980262047348398724e+00 1.142832723028585029e+01 1.389474110450688649e+01 1.575917881330883397e+01 1.733338810616211845e+01 1.844183140213187500e+01
3.934998841792376911e+00 4.031521826678867271e+00 4.230070974920106863e+00 4.287732478832923633e+00 6.437149295754592160e+00 6.724089485879288119e+00 7.333092002219604666e+00 7.481762939880288066e+00 7.598367893534171635e+00 8.134066829392050835e+00 8.260275244281064744e+00 8.289957785436646631e+00 8.427600639477107691e+00 8.708585513402463008e+00 8.775579152509399350e+00 8.849033928909712188e+00 9.561232268897748909e+00 9.810631047058711474e+00 1.028601389477025307e+01 1.134044800077572113e+01 1.429872053968163215e+01 1.527855053408786112e+01 1.767418603011936895e+01 1.904762603745758653e+01
3.977184359005044634e+00 4.008226299511542301e+00 4.011121067490425851e+00 4.012356488616751093e+00 6.623622966645688059e+00 6.623915012830412508e+00 7.540780609709653248e+00 7.637479305925498174e+00 7.778195532741216667e+00 7.821265161750743822e+00 8.290000515086360267e+00 8.339941731910455402e+00 8.344068652157655919e+00 8.344071838964747911e+00 8.819212085619932751e+00 8.820165013018653966e+00 9.665943994561661867e+00 9.852310344081653071e+00 1.031764978711233383e+01 1.135473909256832847e+01 1.475214653331812897e+01 1.481647705354872180e+01 1.785244397226353996e+01 1.925478763696116147e+01
4.011633954423978743e+00 4.030355002772172845e+00 4.143670651484535838e+00 4.164680890166596150e+00 6.621229513114400334e+00 6.641806722600663626e+00 7.546881808382171819e+00 7.642783494738193184e+00 7.787263026104981556e+00 7.827523991684887328e+00 8.231656913696701494e+00 8.259101699584000755e+00 8.450510024664405151e+00 8.480055879393136209e+00 8.960783043696416428e+00 9.028452599560447212e+00 9.655672515344376095e+00 9.836459808141029271e+00 1.031707105730629870e+01 1.133332893957634013e+01 1.470632818408329534e+01 1.476810843652414817e+01 1.776776167961203257e+01 1.913496151109873367e+01
4.155899311886076752e+00 4.170995432826224203e+00 4.470223212653522182e+00 4.510720229627075639e+00 6.671253012608532096e+00 6.720283766522532787e+00 7.571249738435222199e+00 7.664249469400657766e+00 7.823321527098987538e+00 7.857971505882700214e+00 8.234864210995160860e+00 8.275476531409390546e+00 8.566497508964317831e+00 8.676305071865478169e+00 9.319125676001347003e+00 9.492551335241437016e+00 9.625516873921352357e+00 9.790360404457528531e+00 1.032228486603485429e+01 1.127561310872557776e+01 1.457250076053663790e+01 1.462709347323336040e+01 1.752627845718851418e+01 1.878824546557288500e+01
4.390430011043822134e+00 4.400586311637640691e+00 4.933602164519053090e+00 4.990337627475572191e+00 6.811241052530237816e+00 6.867350846511861562e+00 7.626088955295628580e+00 7.712234971568515896e+00 7.930563931665560062e+00 7.955444769617002088e+00 8.296155082636143874e+00 8.344050538936336636e+00 8.708032856561047197e+00 8.921542381372116637e+00 9.576583892288637045e+00 9.690513169521537407e+00 9.746688033131258422e+00 9.995694810814292453e+00 1.035762813780155689e+01 1.120284441828200173e+01 1.436174310930547193e+01 1.440613377515663629e+01 1.716745446686798005e+01 1.825618055415119301e+01
4.691228548610622440e+00 4.696680104899288999e+00 5.454374256061594650e+00 5.520129425834525705e+00 6.964011472112090040e+00 7.001413701614923824e+00 7.732243755151105624e+00 7.805366577706287501e+00 8.160468941254872988e+00 8.177305364160480039e+00 8.396142043752091055e+00 8.442445130748145843e+00 8.847368362758759375e+00 9.159288371668248274e+00 9.514204487704109425e+00 9.605846130451494602e+00 1.002868745230368930e+01 1.036011757328448368e+01 1.047311794240881966e+01 1.115272796710258341e+01 1.409344395559831575e+01 1.412846390086776971e+01 1.676025339412953485e+01 1.761810279583717431e+01
5.035216629723512582e+00 5.037219990914967305e+00 5.945875502544812896e+00 6.011715062008250676e+00 7.040584663780124153e+00 7.052419482749821000e+00 7.923786747703630340e+00 7.979416956542414674e+00 8.412843105991317572e+00 8.470016138711409681e+00 8.584031496674823458e+00 8.602956331477706442e+00 8.939273557237251921e+00 9.294672026975392853e+00 9.458980249741275159e+00 9.495209011488880080e+00 1.008702524828899350e+01 1.046469616978078676e+01 1.070269029438234654e+01 1.117069458273006610e+01 1.379999643477172633e+01 1.383491155083341262e+01 1.639422972275732349e+01 1.699608226199244854e+01
5.398792649969494484e+00 5.400250238290613680e+00 6.338001610481932779e+00 6.393605065798765530e+00 7.027665644252145682e+00 7.034284750276309950e+00 8.226309800858757626e+00 8.267340285941175537e+00 8.549956922994091713e+00 8.638042633374725554e+00 8.812967413505781167e+00 8.823521826166544457e+00 8.967521258977813048e+00 9.282791661138844574e+00 9.445941562792885549e+00 9.472034096015322646e+00 9.846264781343410988e+00 1.018356504460949097e+01 1.100525059121544480e+01 1.128647518594999077e+01 1.354753492177033358e+01 1.360600946054358928e+01 1.613904760910677894e+01 1.651894295110716726e+01
5.756474180533063034e+00 5.757438514302464228e+00 6.621050449037366725e+00 6.659020954280265414e+00 6.946977989304286893e+00 6.952516611050511663e+00 8.530888639118950678e+00 8.635120161601797406e+00 8.636753788838676726e+00 8.775182399207515971e+00 8.809855825366028625e+00 8.819857367957835592e+00 8.944008206771441039e+00 9.177897836411254673e+00 9.336906589108229682e+00 9.556300194768615697e+00 9.622084607051432315e+00 9.630555055776550688e+00 1.124013819031943484e+01 1.137426419984097770e+01 1.347087512006562449e+01 1.357548142536935032e+01 1.599197948674786041e+01 1.623175480588693631e+01
6.058449099060550402e+00 6.067204872398968440e+00 6.748484985156416371e+00 6.794601165555610223e+00 6.859543009961357463e+00 6.879741869559298451e+00 8.182270808533855799e+00 8.409019348832886820e+00 8.631197141432991771e+00 8.640876807332700693e+00 8.841476015381589448e+00 8.922867742992760753e+00 8.969009258824563346e+00 9.002405726434560052e+00 9.362855837248961421e+00 9.383830505388452536e+00 9.744614651309335684e+00 9.755564207713632641e+00 1.123925755497088375e+01 1.128997056693977541e+01 1.368364741811517682e+01 1.381657268886932499e+01 1.588766450768121175e+01 1.606968904115389662e+01
6.028856422674128801e+00 6.235996258882506638e+00 6.504903013475471063e+00 6.600595758111114542e+00 7.095608246727688417e+00 7.103156741199209812e+00 7.614270520054836844e+00 7.841152421234158787e+00 8.380730672325547914e+00 8.386830339133469536e+00 8.753240540910443457e+00 8.881606449165596828e+00 9.154866454909004858e+00 9.188551184710458841e+00 9.709556020794975595e+00 9.730618145051622037e+00 9.784425213200378835e+00 9.808064338220026102e+00 1.103998747542512682e+01 1.107117226332874083e+01 1.408367257062415767e+01 1.421955283973228390e+01 1.576475667954971627e+01 1.593734336718717159e+01
5.397631050249118267e+00 6.081998685267670623e+00 6.559942223047076304e+00 6.576921956370800793e+00 7.220368787622686746e+00 7.359382700272504074e+00 7.497637559744600111e+00 7.584236581082564044e+00 8.089445609468659981e+00 8.094850266006927697e+00 8.643639143632128707e+00 8.858567881673314659e+00 9.346662731198849272e+00 9.375774663044248669e+00 9.717457382447857839e+00 9.740161808475381378e+00 1.010455484282738858e+01 1.012315429412491063e+01 1.076581035620000648e+01 1.078996103580556998e+01 1.447572350018502263e+01 1.461272402442273766e+01 1.560956956413156860e+01 1.578928976528813699e+01
5.077665408903689226e+00 5.950212305555536041e+00 6.585875537153063064e+00 6.616554963816963841e+00 7.183505436411292244e+00 7.396502148282412037e+00 7.741921159323182700e+00 7.749527668885888509e+00 7.808664916359825625e+00 7.814204517713381648e+00 8.603140066552194654e+00 8.850308439044153985e+00 9.470671311284661442e+00 9.511151226200826869e+00 9.624642057323349320e+00 9.652600637385356563e+00 1.043796507823235586e+01 1.046008363857549917e+01 1.047257069238124316e+01 1.049021133269964956e+01 1.465852921486887617e+01 1.479861594338748887e+01 1.551279279615325457e+01 1.570080060904260044e+01
5.293609426570615284e+00 6.016588117458871565e+00 6.424906864511000570e+00 6.763008774207527551e+00 7.229307937226800540e+00 7.392025943969438906e+00 7.481518666946402440e+00 7.559923488589915586e+00 7.880603358364401068e+00 7.960439669993307099e+00 8.539953519851595232e+00 8.888634930040449689e+00 9.336284080764613691e+00 9.418420408686525747e+00 9.518070964208160234e+00 9.641955691616317381e+00 1.026651910976847404e+01 1.033984413174063910e+01 1.067902451715442957e+01 1.070271302423896920e+01 1.422103323580272338e+01 1.516705435286571380e+01 1.539746442032725149e+01 1.608409332239463652e+01
5.538767969609967423e+00 6.207766539534822492e+00 6.387377704066010686e+00 6.923765091041180320e+00 7.056514863008509941e+00 7.152456141325461481e+00 7.464370225422695349e+00 7.597120572914568548e+00 7.784866168101117978e+00 7.931835101297616930e+00 8.403012758281917627e+00 8.931122103425181535e+00 9.062138231355980622e+00 9.173338430131870780e+00 9.537343656365292688e+00 9.623070922442376940e+00 1.008234101472196720e+01 1.014978664958809951e+01 1.091614955173357160e+01 1.094620537624650858e+01 1.391406109274638148e+01 1.477742677879277622e+01 1.607353799301937158e+01 1.656288710845485568e+01
5.554927046998434648e+00 5.931093041506193764e+00 6.743813384196456262e+00 6.840031035124292558e+00 6.873943934772115405e+00 7.097122982646148159e+00 7.458407758752110261e+00 7.532841817715792310e+00 7.686558993187563082e+00 8.100242833226948491e+00 8.221637351223204604e+00 8.787474842500744288e+00 8.858256152319308185e+00 9.200344335358368042e+00 9.625383045624650080e+00 9.672321681228856605e+00 9.821989393233986121e+00 9.863498172964353827e+00 1.111333629207189588e+01 1.113660709043529451e+01 1.376357824736279589e+01 1.444502943278977369e+01 1.667891035661685706e+01 1.695985630823771118e+01
5.542707018420256482e+00 5.583762694985922259e+00 6.531811991274570239e+00 6.537313329535464845e+00 7.112541842218279342e+00 7.249518644880938112e+00 7.281316522650986833e+00 7.299488872293497188e+00 7.818999973196662623e+00 7.878775636059295095e+00 8.434724100247663614e+00 8.563079458082583528e+00 8.747704215762174940e+00 9.301563335758277873e+00 9.539158446103680689e+00 9.616701764541980779e+00 9.780514487871435847e+00 9.825410317893409129e+00 1.123903638742189059e+01 1.124239700737818737e+01 1.369736054243814749e+01 1.421932735678883830e+01 1.719931250821199242e+01 1.721491760409163518e+01
5.827747601945230116e+00 5.827747811249216703e+00 6.895443370177639864e+00 6.895443376241630951e+00 6.946708220908242915e+00 7.208392469817755277e+00 7.362181718826995791e+00 7.380798308066748525e+00 7.954724963310902730e+00 7.954725305694060111e+00 8.296137133014951814e+00 8.902429806278940205e+00 8.902431028067457675e+00 9.379918934405337083e+00 9.600255111636135652e+00 9.620010989955870784e+00 9.654634132922213396e+00 9.707338123998694002e+00 1.113945535124727293e+01 1.113945538236060706e+01 1.382657149984813039e+01 1.452444128319636896e+01 1.670481215878815462e+01 1.670481227762764931e+01
6.113492010776713670e+00 6.132547890000876301e+00 6.707959923725701934e+00 7.114930043137949411e+00 7.281974399880882132e+00 7.290891303118298694e+00 7.456666128940462102e+00 7.471140613100125449e+00 8.062634757072968839e+00 8.093673896926572908e+00 8.142936848544913175e+00 9.110427478864602691e+00 9.258996829812756957e+00 9.318604815892902238e+00 9.560146958601428935e+00 9.598714141249736542e+00 9.641375746793622525e+00 9.744822306607495932e+00 1.102814343057192836e+01 1.103545233471232656e+01 1.405922603093618939e+01 1.496138462612981890e+01 1.610462888150066618e+01 1.612432119509501049e+01
6.377507389925535009e+00 6.433448247494638395e+00 6.507555703897979882e+00 6.955428991401967131e+00 7.529812803761543272e+00 7.562394771801010052e+00 7.680635419117439078e+00 7.691667852337364941e+00 7.849994231463468530e+00 8.293384214446398062e+00 8.335425330883726502e+00 9.082315021064228944e+00 9.382079776767749735e+00 9.471107403534642089e+00 9.524541711486916640e+00 9.534170662011629105e+00 9.757584841902783523e+00 9.892769587209951254e+00 1.093959357894211237e+01 1.096715792700208958e+01 1.437626705832252227e+01 1.543730008831579070e+01 1.545957882044221421e+01 1.555689079675031294e+01
6.244198515162548979e+00 6.721869348666148269e+00 6.747884018173045284e+00 6.764100758045079154e+00 7.589737645146609424e+00 7.635411787245893755e+00 7.656385207291631190e+00 8.042766245812464021e+00 8.081512815543032247e+00 8.562652090161229523e+00 8.581621870910948857e+00 8.903157467319811502e+00 9.386195515936920586e+00 9.470314947314436793e+00 9.538675904732667021e+00 9.651995369916592793e+00 9.885913193315147396e+00 1.002175750298554036e+01 1.092833551026148342e+01 1.099819792810782282e+01 1.470831060090350739e+01 1.474826945127550815e+01 1.482047983851308537e+01 1.618929992336934731e+01
6.141148115172411437e+00 6.457330685486665445e+00 7.035947284303945892e+00 7.059164062798612527e+00 7.502865067625042350e+00 7.685793542924775679e+00 7.730404690463765327e+00 8.361473795181568747e+00 8.427131924738489488e+00 8.719837809332815937e+00 8.883135161189509077e+00 8.896826616218252326e+00 9.327637663674114066e+00 9.469310835416777650e+00 9.557599695609624746e+00 9.646131214252635644e+00 9.959579826660814206e+00 1.009520407542047060e+01 1.103370297071854367e+01 1.113693543844789957e+01 1.400845329753600765e+01 1.409383342708852460e+01 1.511028491179684252e+01 1.686740510457181585e+01
6.035515005594478843e+00 6.181774648114711113e+00 7.295505259531140041e+00 7.352960049204767756e+00 7.618571266415672838e+00 7.749710959243863329e+00 7.794617257897476392e+00 8.530485139185287835e+00 8.680719580299856020e+00 8.714423152178683907e+00 9.196287798030814642e+00 9.233282025181045682e+00 9.290215738440483761e+00 9.476699435651783077e+00 9.511453763531147132e+00 9.577243673103231103e+00 1.001653135646384385e+01 1.013086737501955525e+01 1.120806741469763779e+01 1.130204952772362326e+01 1.327990171804353281e+01 1.337740314064138580e+01 1.543385704238887612e+01 1.749286689475572132e+01
5.886577081646225729e+00 5.944566712751366389e+00 7.581910625449332031e+00 7.624310468593797907e+00 7.798014213507101111e+00 7.839368594925458567e+00 7.907167538059870715e+00 8.432790928391156626e+00 8.870541381251040747e+00 8.914053703823377361e+00 9.206281434795959839e+00 9.247850242463908188e+00 9.276321454659598231e+00 9.494783571381766762e+00 9.752331704306566706e+00 9.835874850375065037e+00 1.008227284575291627e+01 1.013557205282860885e+01 1.137364711489192892e+01 1.142916810456909360e+01 1.257322650612776016e+01 1.266423400730805682e+01 1.568455071318841654e+01 1.799587016877014634e+01
5.756850617926726699e+00 5.783904995450974695e+00 7.825231513624006041e+00 7.837908781607776376e+00 7.867734290913605655e+00 7.875251851917375312e+00 8.183451352249065280e+00 8.350211417956565185e+00 8.999514617481310097e+00 9.013582481853376294e+00 9.068716313445351673e+00 9.083479861043969095e+00 9.266030736471458695e+00 9.491588935096785917e+00 1.008392815017281663e+01 1.011527120904219501e+01 1.028400771565067906e+01 1.028552325095990483e+01 1.148749785050090289e+01 1.150251097446514770e+01 1.194071301635555038e+01 1.200019204367174197e+01 1.584153737832271780e+01 1.832123433432039761e+01
5.706706255244434978e+00 5.727018139786437700e+00 7.872999098281058039e+00 7.878548070021960115e+00 7.943190153169427781e+00 7.943190153169462420e+00 8.314357632852258817e+00 8.317782026485481595e+00 8.986132977422997214e+00 8.986132977423338275e+00 9.054907760594254285e+00 9.054907760594741006e+00 9.263935731900312831e+00 9.487591232727483614e+00 1.010658377638273109e+01 1.011612006764197602e+01 1.056743269945518016e+01 1.056743269945593156e+01 1.156832722023197846e+01 1.156832722023226800e+01 1.157833780399866797e+01 1.157833780399909607e+01 1.589479892138326811e+01 1.843372311252816331e+01
5.351112330067413048e+00 6.041469051049112693e+00 7.403886001654803373e+00 7.855606779503759185e+00 7.855606779504029191e+00 8.276354016370342848e+00 8.278619717859665883e+00 8.375718865020571613e+00 8.956590976334579679e+00 8.956590976334881660e+00 9.015986286299087382e+00 9.134930241220120095e+00 9.134930241220658331e+00 9.614086896978543351e+00 9.786974623395677142e+00 1.034696367953823959e+01 1.034696367953883289e+01 1.047784664961776713e+01 1.153400875285759319e+01 1.153400875285802840e+01 1.184596806050642748e+01 1.184596806050680406e+01 1.570803945276389335e+01 1.839328597453660308e+01
4.950358613509078687e+00 6.319667942562618101e+00 6.867707196149647864e+00 7.647210873282629606e+00 7.647210873283020405e+00 8.253052035121848817e+00 8.457878269220708845e+00 8.572445100930618622e+00 8.616043335001309700e+00 8.866006712880761143e+00 8.866006712880995622e+00 9.319408402623068355e+00 9.319408402623661658e+00 9.506994523844118916e+00 9.694568387232926909e+00 9.955320494795955710e+00 9.955320494796387365e+00 1.087557620956823534e+01 1.140467397948097528e+01 1.140467397948138917e+01 1.240480418920682126e+01 1.240480418920726535e+01 1.518268569989458427e+01 1.824593319523089008e+01
4.520143997258561086e+00 6.277823893437889602e+00 6.549070611435904077e+00 7.390711906168280443e+00 7.390711906168704104e+00 8.013551687673936996e+00 8.242511286429664352e+00 8.562847393306446619e+00 8.705910662848683756e+00 8.705910662848959092e+00 8.897702645731836668e+00 9.267385200659141731e+00 9.530290975037782886e+00 9.530290975038393952e+00 9.566539128325288743e+00 9.566539128325636909e+00 9.651858319277215159e+00 1.120292789640808806e+01 1.120292789640847175e+01 1.128763770405349121e+01 1.306230139429589698e+01 1.306230139429634107e+01 1.439470546472935020e+01 1.794364509009902164e+01
4.065790981999447773e+00 5.646352716458664212e+00 6.730721559277137445e+00 7.123779953193769110e+00 7.123779953194180337e+00 7.353688099380532250e+00 8.241484396165091653e+00 8.459253396387692803e+00 8.459253396388097812e+00 8.687193895126819498e+00 9.062257728499039544e+00 9.134359185019816252e+00 9.227676521207119009e+00 9.227676521207438753e+00 9.473459294126714170e+00 9.712614929058540625e+00 9.712614929059137481e+00 1.095815348752535101e+01 1.095815348752567964e+01 1.169595509260065036e+01 1.342892569361869626e+01 1.376556749143317759e+01 1.376556749143357905e+01 1.745308791885850752e+01
3.591944041910791530e+00 4.984116709726508887e+00 6.605186142756148016e+00 6.865140253250221924e+00 6.865140253250626934e+00 6.869540221362511190e+00 8.119495300309987229e+00 8.119495300310504149e+00 8.247139410505559098e+00 8.823785751364079388e+00 8.886536205545048972e+00 8.956602691111999803e+00 8.956602691112294679e+00 9.142262485678820383e+00 9.334590974405712061e+00 9.793477757634306613e+00 9.793477757634853731e+00 1.074145386900779364e+01 1.074145386900802457e+01 1.208478970043713652e+01 1.238108695996735165e+01 1.448023411854762443e+01 1.448023411854795661e+01 1.676225983066157355e+01
3.102607427769223936e+00 4.299774840342935889e+00 5.781392654273449061e+00 6.625923225400405236e+00 6.625923225400803140e+00 6.972816448741911977e+00 7.713580630715346942e+00 7.713580630715952680e+00 8.257032695056523153e+00 8.632000902614914040e+00 8.736738343944272955e+00 8.740096084014130184e+00 8.740096084014414402e+00 8.963321869321966062e+00 9.504040308910390422e+00 9.668416372569971884e+00 9.668416372570478146e+00 1.066788875399733172e+01 1.066788875399758929e+01 1.136975984709868470e+01 1.244167981681802715e+01 1.517444037211652130e+01 1.517444037211677177e+01 1.587607989795244556e+01
2.601201104483720883e+00 3.599922923452165247e+00 4.896880508963514345e+00 6.413722338277192847e+00 6.413722338277600521e+00 7.048175644996581113e+00 7.281269992278816439e+00 7.281269992279499448e+00 7.943649648160906906e+00 8.269061376577040434e+00 8.558801765293951647e+00 8.558801765294203889e+00 8.610854030524365044e+00 9.096405247363952284e+00 9.362992039976479219e+00 9.362992039976997916e+00 9.645891628388197248e+00 1.051331623925901759e+01 1.073067219425734287e+01 1.073067219425769814e+01 1.275709706333366178e+01 1.481315773048219420e+01 1.581804022116304864e+01 1.581804022116322450e+01
2.090622000021107318e+00 2.889465502309866540e+00 3.966734583820826554e+00 6.234026020525102574e+00 6.234026020525556433e+00 6.857962218275131860e+00 6.857962218275890365e+00 7.102170025741535220e+00 7.195331977237581889e+00 8.281432218073904394e+00 8.404956173607816439e+00 8.404956173608018943e+00 8.507923227635428631e+00 8.997360066504803910e+00 8.997360066505352805e+00 9.214978515022743011e+00 9.761667649107764078e+00 9.854832074133375031e+00 1.083467315571177814e+01 1.083467315571217604e+01 1.302382653593419093e+01 1.360586643495768477e+01 1.638382520016130428e+01 1.638382520016140020e+01
1.573307821266159090e+00 2.171990021418692685e+00 3.004177913528204513e+00 6.090796483536324857e+00 6.090796483536831118e+00 6.476911511735995219e+00 6.476911511736852312e+00 6.628879188801330535e+00 7.139777238778878932e+00 8.279056098662207930e+00 8.279056098662376684e+00 8.292652128819160140e+00 8.427648225092029932e+00 8.647623360224098832e+00 8.647623360224683253e+00 9.312838912546043346e+00 9.357811020056425733e+00 9.851892226347660042e+00 1.093325728384476569e+01 1.093325728384517959e+01 1.230534475339423928e+01 1.323645437980836803e+01 1.684862222640696316e+01 1.684862222640700935e+01
1.051307500344790036e+00 1.450086874177944685e+00 2.017789983377772600e+00 5.986779095605166745e+00 5.986779095605721857e+00 6.171453129735437138e+00 6.171453129736396370e+00 6.480624194678285654e+00 7.164468052040697366e+00 8.184793317439883253e+00 8.184793317440064442e+00 8.301534838623254586e+00 8.361588472443523656e+00 8.361588472444145381e+00 8.370087625507890650e+00 8.974316870958061187e+00 9.385573144679753455e+00 9.916569430443379574e+00 1.100030730957768199e+01 1.100974509260862000e+01 1.100974509260904100e+01 1.339102322947217338e+01 1.719398642203982774e+01 1.719398642203986327e+01
5.263624340416886982e-01 7.256246871314983027e-01 1.013714735228060659e+00 5.923731302820860023e+00 5.923731302821452438e+00 5.972655820294900941e+00 5.972655820295943663e+00 6.805605726469283745e+00 7.178467515504730834e+00 8.126243183485032162e+00 8.126243183485254207e+00 8.174396867987828941e+00 8.174396867988480864e+00 8.307215851574271781e+00 8.335433389380387581e+00 8.628471285085854703e+00 9.430291491585823138e+00 9.896768839920254024e+00 9.955504983313831602e+00 1.105747464023101045e+01 1.105747464023143678e+01 1.348482122065824740e+01 1.740657657910113087e+01 1.740657657910118772e+01
-2.023559368673383073e-07 1.303058160426155212e-07 2.220524135519157609e-07 5.902614305727188260e+00 5.902614305727797550e+00 5.903522439408454225e+00 5.903522439409528033e+00 7.183003580336226435e+00 7.183162856225919768e+00 8.106369432671149511e+00 8.106369432671382214e+00 8.109248542841219987e+00 8.109248542841873686e+00 8.309168517437866441e+00 8.323484523672716406e+00 8.323859427632021024e+00 9.445371578053364914e+00 9.452760898565346181e+00 9.968508579417676430e+00 1.107364755545126123e+01 1.107364755545168400e+01 1.351626148154625362e+01 1.747833732456213340e+01 1.747833732456221156e+01
7.677528732822164192e-01 7.701457718864412882e-01 1.061173547151310181e+00 5.895779268284215391e+00 5.895787721758712685e+00 5.943691836750511825e+00 5.981923066586805504e+00 6.543889945340218617e+00 7.155317985535853076e+00 7.314142799965792641e+00 7.667620868603957085e+00 8.118592273292568606e+00 8.118754359967358170e+00 8.335314669851378255e+00 8.749055588603628308e+00 9.429714763783355380e+00 9.441977180885592347e+00 1.001696992115853213e+01 1.030658160368546206e+01 1.110236571324452726e+01 1.115961353371288922e+01 1.363474759311844586e+01 1.740880727968757213e+01 1.745446696455073621e+01
1.397603828231858802e+00 1.523831501269002020e+00 2.074651501254825448e+00 5.799871349970949552e+00 5.874204261226646295e+00 5.874225176123851533e+00 6.178100453266595515e+00 6.197708379551761126e+00 7.071236517584413406e+00 7.270437556753516439e+00 7.757967091654052183e+00 8.144864361028799848e+00 8.145306155263186909e+00 8.370913030717140657e+00 8.825081868062046198e+00 9.409969382215155775e+00 9.757221490685173748e+00 1.062487284591423453e+01 1.067507969757626718e+01 1.160947285569321608e+01 1.184000465593403639e+01 1.398800566579021698e+01 1.726025658069415414e+01 1.738039397100965999e+01
2.106428567400018270e+00 2.257451803784444877e+00 3.034641096402498572e+00 5.843173184586210489e+00 5.843192418808689226e+00 6.187292414169440313e+00 6.426686101097816461e+00 6.479598153564693597e+00 6.929480281134166475e+00 7.472945207274393375e+00 8.161546852931229168e+00 8.183311567767626471e+00 8.183800245048717059e+00 8.429592307793368988e+00 8.908521519244450459e+00 9.358105824523532235e+00 9.600547109767431309e+00 1.057523673106786610e+01 1.059283861775863045e+01 1.153763638482925380e+01 1.342943467289240900e+01 1.465909058740854043e+01 1.708097309884229631e+01 1.722671964420707624e+01
2.915991195516343115e+00 2.959293373811043182e+00 3.965322484384341095e+00 5.808392253972142427e+00 5.808399455444275716e+00 6.548294687828561500e+00 6.664169813172199142e+00 6.704874528718181459e+00 6.728269502131435154e+00 8.227440322180267884e+00 8.227690970709526042e+00 8.241052343360204091e+00 8.508238437458139458e+00 8.697636241084531150e+00 9.029363547677007773e+00 9.289152074005302850e+00 9.328647867023642348e+00 1.035406159092666734e+01 1.040796291165457710e+01 1.072239389804440357e+01 1.434614813761291785e+01 1.581953713728979061e+01 1.682755194682949096e+01 1.694227536881655638e+01
3.621543727425793779e+00 3.628580353323015206e+00 4.885409332020214990e+00 5.775457087935139455e+00 5.775457410494861499e+00 6.450587826803717562e+00 6.466120236239494723e+00 7.015086508077813754e+00 7.021306864101934053e+00 8.270377957558208593e+00 8.270397007492574559e+00 8.601323953743113648e+00 8.907359845473653337e+00 8.935532079154320684e+00 9.170422361070329487e+00 9.206811995814533134e+00 9.230323894270492602e+00 9.361648762607677199e+00 1.017914766551178296e+01 1.018365544162453240e+01 1.485449710797382039e+01 1.650921657382536978e+01 1.651064917775546803e+01 1.686925019059951580e+01
4.167777730534049319e+00 4.237544290856276596e+00 5.748896954810425619e+00 5.748897329121867905e+00 5.772406815877782371e+00 6.079446539202717048e+00 6.142188102127593474e+00 7.278767678465185575e+00 7.372406252066899590e+00 7.755826863474466926e+00 8.305934539151005325e+00 8.306008406869375804e+00 8.454706538468183652e+00 8.702729761729576907e+00 9.114735001852968921e+00 9.228312401382606112e+00 9.451797463297843649e+00 9.506445302880205617e+00 9.999960126568941732e+00 1.002855887907143284e+01 1.527362282423107054e+01 1.615818747835110614e+01 1.619481002009472448e+01 1.734296018097627368e+01
4.527572700239368864e+00 4.801528873263982256e+00 5.390068427233529746e+00 5.731782955453208039e+00 5.731814199631805273e+00 5.756295331277582861e+00 6.574247779209517084e+00 6.623340279048549384e+00 7.700019167285234722e+00 7.791535438517843914e+00 7.897022056375586629e+00 8.329294497043811418e+00 8.329646425825911749e+00 8.807570530012002408e+00 9.015955332808182732e+00 9.241569412960799923e+00 9.283897460713559369e+00 9.463945162904078501e+00 9.906499839101069682e+00 1.004675020445142763e+01 1.569832823105099706e+01 1.585892222806455187e+01 1.606466525901063136e+01 1.735946265291222801e+01
4.668911943862217306e+00 5.050861144416220583e+00 5.306700974102862567e+00 5.310956404401350639e+00 5.725938113709679200e+00 5.725944057499276596e+00 6.341972642375736768e+00 7.226188001496550051e+00 7.310880834432508912e+00 7.868892680582550092e+00 7.915676370528943018e+00 8.337425597800717014e+00 8.337936628856279953e+00 8.908637740877482614e+00 8.916944868426908144e+00 9.146853482915073386e+00 9.200480682999483406e+00 9.452032748689246588e+00 9.845024341780149513e+00 1.001992177001068463e+01 1.574309335738236371e+01 1.593900436463786541e+01 1.605790620290253301e+01 1.724318693780406520e+01
4.984134583005131347e+00 5.163461195327185393e+00 5.269254744553775183e+00 5.322587416977382802e+00 5.325932776234686195e+00 6.194468028716340058e+00 6.872021196617086325e+00 7.249532828711265253e+00 7.403605239315074193e+00 7.435812134049348820e+00 8.282718175048540132e+00 8.427047282351106006e+00 8.433718113844520303e+00 8.671752506824224938e+00 8.883467244116259209e+00 8.890059970198127104e+00 9.210026005878924948e+00 9.422910898274846403e+00 9.525776057389414575e+00 1.074812971639515524e+01 1.497129951635586664e+01 1.606107922991336423e+01 1.663925457360652516e+01 1.714333511841175550e+01
4.527134195552730667e+00 5.369871546811812557e+00 5.371166556996607611e+00 5.428116350088709297e+00 5.506100239505453686e+00 6.322694312748448731e+00 6.554889579989222170e+00 7.807597072289975237e+00 7.847494299508893434e+00 7.887659265248377238e+00 8.258619356921494514e+00 8.308653085692576212e+00 8.577189513092926987e+00 8.810194585672983081e+00 8.812809753722760320e+00 8.888265502159496734e+00 8.984210149827038805e+00 9.249455906114421921e+00 9.553373535772733405e+00 1.139949239224255351e+01 1.402683953668561223e+01 1.637183238780328765e+01 1.677824056072952175e+01 1.731031249365274505e+01
4.583359738478952394e+00 5.321781878184645542e+00 5.348374375653865975e+00 5.523316865886493510e+00 5.582818591911264505e+00 6.322697727284112723e+00 6.591592986876680271e+00 7.819352176007901889e+00 7.859321103730271041e+00 7.900690346757031080e+00 8.283210985722929465e+00 8.309284601726735886e+00 8.655639546829043240e+00 8.832516365175603568e+00 8.879846108161874696e+00 8.883346700986304967e+00 9.005031792497348420e+00 9.266728708278085591e+00 9.546874223895516209e+00 1.137968435650935461e+01 1.399116734263951933e+01 1.635740406832320559e+01 1.675337025007055658e+01 1.724871464558193423e+01
4.743496112893693883e+00 5.294927305157790087e+00 5.334212106257880670e+00 5.696789632616161114e+00 5.755997960850793405e+00 6.323447392666576405e+00 6.698704299235673787e+00 7.858649973410735790e+00 7.899375824578502403e+00 7.942153575705651392e+00 8.292021073710269974e+00 8.404205055411178904e+00 8.835646263182947990e+00 8.860384163094568777e+00 8.889455014584843440e+00 8.968415488226172627e+00 9.136326502548193673e+00 9.341346266220845962e+00 9.528936585981933050e+00 1.132103186123481642e+01 1.388681525341721645e+01 1.632027376510358962e+01 1.668402121894916590e+01 1.706904420483487783e+01
4.984728005710296728e+00 5.306802852005591653e+00 5.350723616815190375e+00 5.927087943738202469e+00 5.990397850335066110e+00 6.327083541911640907e+00 6.865509687587699972e+00 7.938677391889050305e+00 7.982695845631908149e+00 8.016564093672482016e+00 8.303901528389699749e+00 8.591142440273081604e+00 8.789722018036139062e+00 8.883485016370828546e+00 9.007560540313637176e+00 9.135754867928122636e+00 9.352373991036699863e+00 9.491202888365229740e+00 9.506875805877765373e+00 1.122583905096058920e+01 1.372191767021596043e+01 1.627793061515003004e+01 1.658068326883516619e+01 1.679204578933601155e+01
5.276380686724036373e+00 5.350833627119160774e+00 5.393431990304416779e+00 6.185585473483524943e+00 6.249398157431264700e+00 6.337064340071672852e+00 7.071046299568990001e+00 8.075418556735389330e+00 8.131832635684762778e+00 8.137190136156590370e+00 8.335282671682287869e+00 8.718947426807883261e+00 8.819625699490799775e+00 8.854356473817288631e+00 9.035869365679431553e+00 9.426578641223100519e+00 9.473591789879352021e+00 9.559746803235347201e+00 9.656321910222359861e+00 1.109789198445688108e+01 1.351054680213436576e+01 1.625370499108112554e+01 1.636492937458390884e+01 1.654916606205459573e+01
5.416014947575534144e+00 5.453511799885149891e+00 5.587897844383356905e+00 6.356594685738454764e+00 6.418845802849663329e+00 6.477081005124324165e+00 7.284726622076926894e+00 8.219015943609877084e+00 8.316192831280929454e+00 8.390360510194057042e+00 8.436733175518327243e+00 8.629010868997019301e+00 8.772787167204143088e+00 9.031565172091385207e+00 9.115742718405234868e+00 9.454001330261036173e+00 9.639139038935519821e+00 9.735026263042730221e+00 9.764072880428379619e+00 1.094232546230852954e+01 1.327385250578947762e+01 1.595831721283083127e+01 1.628242446976313929e+01 1.647545045909243555e+01
5.492468055355675283e+00 5.521546463460167864e+00 5.891828167274219652e+00 6.392008176196998903e+00 6.581034688689053169e+00 6.628069341484446930e+00 7.471261512003459337e+00 8.294479061516534912e+00 8.486562714275814656e+00 8.518640339275016515e+00 8.623323506934301719e+00 8.761101778885725722e+00 8.811951030742479318e+00 9.083103741441357570e+00 9.286810098838333971e+00 9.462482561448009477e+00 9.642270234636733051e+00 9.728952905492020520e+00 1.000196488819469209e+01 1.076543159699059693e+01 1.304337231186339707e+01 1.553820840659718527e+01 1.636493245752450321e+01 1.647696012681796063e+01
5.569115550834149886e+00 5.587621653370701047e+00 6.170758238578753385e+00 6.446880254479958161e+00 6.665586614770997897e+00 6.698216700616106856e+00 7.599631181347747066e+00 8.314943825207111061e+00 8.388619877513402656e+00 8.537169604226978237e+00 8.693189228030433924e+00 9.093776494221669893e+00 9.167304561333573076e+00 9.189349611125823714e+00 9.350457133252547237e+00 9.503705938127364306e+00 9.592345321390085999e+00 9.639618222826733529e+00 1.018179855410817858e+01 1.057455383670991544e+01 1.286866927827496454e+01 1.516306487242456846e+01 1.650212996721947789e+01 1.654587094940344016e+01
5.634666793118828565e+00 5.640987730546117795e+00 6.416233372991386297e+00 6.525215557184300685e+00 6.689150117198986223e+00 6.706365131057457241e+00 7.653528630303974900e+00 8.238031370990396951e+00 8.300686521502250059e+00 8.408436637324507856e+00 8.921923140519329110e+00 9.125829602690693321e+00 9.190426302448800655e+00 9.247550990273866844e+00 9.290163877551252725e+00 9.584072265872400465e+00 9.841622694874287092e+00 9.846225321976911360e+00 1.021831156707616728e+01 1.037768427102981761e+01 1.281602930696005949e+01 1.487054882161309877e+01 1.666630801992932831e+01 1.667282592613828029e+01
5.669404984005441683e+00 5.676594408567891215e+00 6.626422425005569217e+00 6.629403663488782961e+00 6.670578283592259794e+00 6.674302541309871550e+00 7.634674804481194954e+00 8.071248056140602145e+00 8.235568076234189405e+00 8.260376628112716446e+00 8.951577944184457181e+00 9.023601686365006813e+00 9.102486757301196718e+00 9.166829415754619959e+00 9.240425805956732574e+00 9.675062018066357794e+00 1.007888772563090285e+01 1.018333502371943311e+01 1.027854611215063230e+01 1.028065843489292419e+01 1.291876261811725790e+01 1.466316920275473201e+01 1.681365738807943799e+01 1.684824706918481496e+01
5.662459498007375913e+00 5.682313385880338075e+00 6.620117101940070192e+00 6.627998199708756921e+00 6.761257501092501343e+00 6.804637689071614481e+00 7.556072603792301834e+00 7.887973946994651264e+00 8.099779228587454583e+00 8.120800696504433702e+00 8.761011534173984927e+00 8.843529810742371211e+00 8.904792657118090204e+00 9.303437225648941933e+00 9.376424025732864820e+00 9.738081131505039068e+00 9.851102797313007642e+00 1.000615610411375656e+01 1.067200890296514437e+01 1.067771058524397176e+01 1.313255819740363961e+01 1.451392225515865242e+01 1.695992697868007681e+01 1.700448599339558697e+01
5.620234169114238121e+00 5.650682156414728929e+00 6.571098336493454539e+00 6.581529102810563359e+00 6.916639905572320224e+00 6.949784347314773569e+00 7.438501901658204574e+00 7.692537408196881366e+00 7.953709078687488443e+00 7.995274824180587991e+00 8.597226208899968469e+00 8.686048545793024545e+00 8.796661429307313540e+00 9.378089764953708496e+00 9.539401378119656272e+00 9.578017793925734935e+00 9.833087295954426210e+00 9.847419291723170431e+00 1.097838272014997685e+01 1.098508822159032050e+01 1.338209120501868910e+01 1.438987946297973508e+01 1.708322465197568718e+01 1.712312467854125231e+01
5.567087290153504675e+00 5.605141570645831628e+00 6.541040051544777079e+00 6.548757535414935660e+00 7.056270359627342614e+00 7.097092391665980493e+00 7.317075911103111174e+00 7.490912558582605740e+00 7.853635830232671644e+00 7.908695353220998925e+00 8.477505541214686247e+00 8.591937993291317355e+00 8.758001500876529732e+00 9.366755295389655345e+00 9.468375024753761693e+00 9.700064857254858453e+00 9.713266019068433010e+00 9.846026486729549276e+00 1.117233025761909992e+01 1.117740978943085217e+01 1.359939191626588162e+01 1.427760825397727196e+01 1.716745361119880542e+01 1.719367058902986400e+01
5.542707018420263587e+00 5.583762694985932029e+00 6.531811991274572016e+00 6.537313329535465733e+00 7.112541842218281118e+00 7.249518644880939888e+00 7.281316522650986833e+00 7.299488872293500741e+00 7.818999973196664399e+00 7.878775636059296872e+00 8.434724100247661838e+00 8.563079458082583528e+00 8.747704215762173163e+00 9.301563335758277873e+00 9.539158446103677136e+00 9.616701764541979003e+00 9.780514487871434071e+00 9.825410317893407353e+00 1.123903638742188704e+01 1.124239700737818737e+01 1.369736054243814571e+01 1.421932735678884363e+01 1.719931250821199953e+01 1.721491760409164229e+01
5.303960998168073537e+00 5.398225337531318502e+00 6.228595236834469695e+00 6.248035092654713907e+00 7.197104454438272292e+00 7.211844829903385268e+00 7.236256811564110158e+00 7.268977296605634741e+00 7.721537507275718859e+00 7.842662448280802501e+00 8.196662301802549067e+00 8.573282354350377332e+00 8.717972373686174947e+00 9.160738752743663227e+00 9.508280204799298474e+00 9.616935159131861255e+00 9.899393853969458590e+00 9.927817074755868276e+00 1.131643433732194737e+01 1.132225671148685819e+01 1.366354383914551107e+01 1.401654241837398729e+01 1.757862589228288996e+01 1.760673446356107874e+01
5.142805066910769440e+00 5.282275751958245280e+00 6.024411340320843244e+00 6.057943108016790035e+00 7.169490492820605354e+00 7.186257259475372194e+00 7.244294353120538155e+00 7.267775935668685960e+00 7.666201134272844442e+00 7.828225043793811011e+00 7.986515871020025692e+00 8.595318632115803936e+00 8.780556692360917737e+00 9.017382295011410420e+00 9.518045485641463799e+00 9.593139509639845741e+00 9.979517201621337819e+00 9.995280620483914191e+00 1.136440674701587739e+01 1.137231036442229382e+01 1.369730458242891125e+01 1.387792210605195109e+01 1.781753640536283712e+01 1.785430346067433049e+01
5.085618332851872481e+00 5.242833680005293928e+00 5.951931648168258704e+00 5.991342587482929360e+00 7.155939738801909478e+00 7.171343014211033484e+00 7.257042728170750578e+00 7.262779402481493563e+00 7.649649796419851988e+00 7.824575006077698625e+00 7.910551271539730145e+00 8.610377363240390380e+00 8.828180123871932850e+00 8.935722282772879055e+00 9.542803578653002106e+00 9.564258577160702046e+00 1.000821364011767045e+01 1.001803278322604385e+01 1.138056635312462461e+01 1.138932694186122241e+01 1.375731275049828639e+01 1.378977806603858269e+01 1.789914605349689225e+01 1.793907563235339708e+01
5.152269593324928287e+00 5.293631603279946418e+00 5.934037366486770715e+00 5.979314628407233378e+00 7.168401711339735805e+00 7.182540699183942223e+00 7.255602298519540305e+00 7.260231093623854548e+00 7.686863722086738626e+00 7.858310855986383459e+00 7.935029457948104437e+00 8.592494075168549017e+00 8.872080531659282343e+00 8.970897980393456095e+00 9.544760593291083950e+00 9.565313728403623372e+00 9.988862325667517084e+00 9.997707791548320344e+00 1.131970656563256838e+01 1.133264588003920359e+01 1.375501722290932349e+01 1.378636242729741390e+01 1.785690254083589323e+01 1.792021331553171848e+01
5.323394344808505707e+00 5.427847739675403460e+00 5.888142465174439621e+00 5.938027214626155903e+00 7.203626483292763005e+00 7.214334461029848988e+00 7.248804387958593942e+00 7.251047841054846899e+00 7.806178342874390275e+00 7.961775370244499328e+00 8.002509326562616820e+00 8.539728765692464307e+00 8.993269137694415605e+00 9.069494446455532710e+00 9.551497820365094427e+00 9.569120652225880264e+00 9.932731193174475948e+00 9.938735905202165100e+00 1.114390600337745596e+01 1.116165427443153924e+01 1.375361021219069713e+01 1.378080503660444656e+01 1.775065202052237723e+01 1.784675486752496454e+01
5.531550095321649430e+00 5.598720443828634430e+00 5.825560235919007290e+00 5.863141623707582184e+00 7.222209261812210457e+00 7.222271026932608251e+00 7.264538116678697754e+00 7.270580699761053367e+00 8.021469981619338441e+00 8.090682511955336054e+00 8.138505227882642856e+00 8.464463604764182136e+00 9.160365268014801998e+00 9.207371585275934578e+00 9.565570718763282798e+00 9.578046847681260800e+00 9.845685661290140445e+00 9.847193236004569528e+00 1.086504337574767831e+01 1.088224947008220234e+01 1.376914443248432107e+01 1.378685226935275132e+01 1.759942573729223625e+01 1.771098645492068258e+01
5.713630065428542792e+00 5.746918415983963691e+00 5.751792968048468069e+00 5.763596190673490050e+00 7.175890665102389043e+00 7.180281662760085837e+00 7.333035632566081929e+00 7.336068813667479205e+00 8.125812625183835181e+00 8.327795191480150905e+00 8.383138132683999544e+00 8.430803934759124374e+00 9.323086814678442025e+00 9.343403602271264319e+00 9.591590402224190015e+00 9.597831841113055873e+00 9.733524649252652594e+00 9.738322998315904755e+00 1.049948652585318598e+01 1.050904923659012979e+01 1.382545106861146778e+01 1.382592611295265961e+01 1.741966865675532361e+01 1.751682175701304800e+01
5.615129178590483328e+00 5.686958466507345378e+00 5.836798757612425170e+00 5.852651619606441535e+00 7.096641097330945058e+00 7.106595911327518778e+00 7.411516795790394241e+00 7.411785666119799387e+00 8.018847537029200723e+00 8.520428837988630377e+00 8.661636138253621553e+00 8.686202058362701095e+00 9.421782350530103045e+00 9.429814226784166920e+00 9.601020544652630662e+00 9.603605276860191609e+00 9.645765928411968559e+00 9.660904381029652654e+00 1.006725193041705246e+01 1.007176354654020933e+01 1.391918449972557248e+01 1.394937179106767466e+01 1.723147289126173476e+01 1.727519010833136193e+01
5.457878302741716148e+00 5.616070065329891392e+00 5.887214361605631829e+00 5.900785401808040120e+00 6.978623834174154439e+00 6.996022274916329664e+00 7.487294143632921006e+00 7.494035835167923487e+00 7.835449355279942019e+00 8.665454347585743733e+00 8.909256298256606144e+00 9.005694141239214190e+00 9.414446429476098999e+00 9.442580721675090771e+00 9.486786935562189882e+00 9.500939233096833192e+00 9.599552771026107933e+00 9.637659636119696671e+00 9.696131306461857946e+00 9.730388119874282538e+00 1.408235562144937347e+01 1.415341776678100594e+01 1.700129522471142351e+01 1.706190461794905033e+01
5.289044644454860666e+00 5.547409233939426088e+00 5.874261653131528149e+00 5.896308842062286004e+00 6.820908792265981013e+00 6.846005547993422979e+00 7.514446707877756815e+00 7.574423742091148881e+00 7.662708648704563252e+00 8.819571399471263007e+00 8.865266021453496847e+00 8.994450794908150471e+00 9.277970367406135566e+00 9.363376209738998313e+00 9.376188209150225106e+00 9.390026148690697738e+00 9.409756614872266667e+00 9.487964113220984430e+00 9.747950806762620601e+00 9.804579195949846948e+00 1.431199942996292229e+01 1.443022507354434936e+01 1.672272173277952589e+01 1.693397865536447355e+01
5.120456067057976846e+00 5.479255142885260277e+00 5.811285240146971454e+00 5.839280518444438961e+00 6.630290417713268880e+00 6.660375270034386119e+00 7.323561873040799419e+00 7.648221261816553707e+00 7.682479992726342743e+00 8.464086011669074594e+00 8.561170229689571087e+00 8.966066842531949632e+00 9.228507864429023044e+00 9.241640060901238130e+00 9.277262961850546219e+00 9.317293304231762718e+00 9.414554676926877974e+00 9.562205986557099635e+00 9.799617455340390748e+00 9.884171292831307909e+00 1.458775913083321818e+01 1.475225009483452254e+01 1.646569922173524247e+01 1.687113224649975862e+01
4.964996460151837709e+00 5.408314613008953664e+00 5.702659120926631964e+00 5.742974284669950080e+00 6.420685773433437937e+00 6.450585038844973695e+00 7.075104239924955962e+00 7.710868128916787967e+00 7.746188843391796475e+00 8.059407434779759072e+00 8.152942541463884751e+00 9.039425003253109381e+00 9.053946364118964141e+00 9.114792440379659411e+00 9.214620272391748301e+00 9.270290189378826540e+00 9.421792145084797454e+00 9.595111057297437185e+00 9.852900026814422674e+00 9.920980065618319799e+00 1.488022083360336367e+01 1.508400120548204981e+01 1.625706574497975865e+01 1.687998687416594024e+01
4.835425730184480742e+00 5.330623554891758431e+00 5.566262529261259751e+00 5.623977489861998080e+00 6.210300017103363324e+00 6.234513222893880879e+00 6.834416520133590467e+00 7.713400947736953839e+00 7.767925404685272817e+00 7.804660580496063815e+00 7.837055504934076211e+00 8.843953623880649317e+00 8.844066764815263326e+00 9.173893069197612604e+00 9.193462965736378223e+00 9.266444618246083564e+00 9.362439045485025702e+00 9.531958366922287595e+00 9.904073392557142697e+00 9.904986751434803338e+00 1.515983798430683116e+01 1.539257975927913513e+01 1.611282186331417066e+01 1.694799906127840572e+01
4.742076372895764003e+00 5.244367029713548511e+00 5.437061026408890108e+00 5.503466163705036607e+00 6.018442006033298597e+00 6.033713788512102383e+00 6.626107920160111853e+00 7.491060359341101815e+00 7.575575348813037735e+00 7.817953902710406133e+00 7.852346121763326359e+00 8.642955394777018796e+00 8.645933632204807040e+00 9.139215784105891416e+00 9.204163734170906608e+00 9.234249700154256502e+00 9.333286417582151273e+00 9.391913275790297888e+00 9.870493112794743951e+00 9.951531451966726394e+00 1.540177527928421952e+01 1.565172413784038952e+01 1.603288165368398666e+01 1.704757347468678574e+01
4.689304486477521294e+00 5.155136618743416221e+00 5.347425756482728332e+00 5.404820258849592385e+00 5.863380370472910386e+00 5.870206346994019775e+00 6.469083783530570564e+00 7.338290407140180882e+00 7.422576039319952024e+00 7.845180015420985420e+00 7.887288793217904548e+00 8.479396653436882758e+00 8.482302209132150494e+00 9.038754167777426574e+00 9.146511672331328668e+00 9.201611314417945664e+00 9.210522971035203454e+00 9.397700405948279823e+00 9.851620921740625647e+00 9.988287736211123757e+00 1.558728390282360543e+01 1.583842577989221212e+01 1.600728189050800410e+01 1.714653028487377284e+01
4.670900858855596027e+00 5.081108408743173932e+00 5.307844771248061200e+00 5.340586696188579729e+00 5.761579523409832149e+00 5.763199858494114203e+00 6.373653151675089390e+00 7.253322216246266052e+00 7.337843677524152675e+00 7.862795762732548432e+00 7.908546940558723648e+00 8.374034067806341852e+00 8.374844099534982433e+00 8.926800098547202467e+00 9.012537541938332453e+00 9.151432855867609462e+00 9.200616820281510400e+00 9.438291562599591344e+00 9.845912947676142224e+00 1.001182244716733116e+01 1.570353352750687748e+01 1.592435161273305333e+01 1.603280492896092113e+01 1.721754698936481276e+01
4.668911943862217306e+00 5.050861144416220583e+00 5.306700974102862567e+00 5.310956404401350639e+00 5.725938113709679200e+00 5.725944057499276596e+00 6.341972642375736768e+00 7.226188001496550051e+00 7.310880834432508912e+00 7.868892680582550092e+00 7.915676370528943018e+00 8.337425597800717014e+00 8.337936628856279953e+00 8.908637740877482614e+00 8.916944868426908144e+00 9.146853482915073386e+00 9.200480682999483406e+00 9.452032748689246588e+00 9.845024341780149513e+00 1.001992177001068463e+01 1.574309335738236371e+01 1.593900436463786541e+01 1.605790620290253301e+01 1.724318693780406520e+01
5.706706255244434978e+00 5.727018139786437700e+00 7.872999098281058039e+00 7.878548070021960115e+00 7.943190153169427781e+00 7.943190153169462420e+00 8.314357632852258817e+00 8.317782026485481595e+00 8.986132977422997214e+00 8.986132977423338275e+00 9.054907760594254285e+00 9.054907760594741006e+00 9.263935731900312831e+00 9.487591232727483614e+00 1.010658377638273109e+01 1.011612006764197602e+01 1.056743269945518016e+01 1.056743269945593156e+01 1.156832722023197846e+01 1.156832722023226800e+01 1.157833780399866797e+01 1.157833780399909607e+01 1.589479892138326811e+01 1.843372311252816331e+01
5.690227201467117801e+00 5.752575282478335161e+00 7.737715387723791416e+00 7.774404355658634636e+00 7.844598389330577071e+00 7.926888572885849804e+00 7.989180940572563117e+00 8.545555338052055916e+00 8.833958644776766178e+00 8.866513334905512522e+00 9.192408547916198103e+00 9.217914196816050065e+00 9.341018034792510250e+00 9.567477669321904798e+00 9.925026238575123116e+00 1.016948687185469957e+01 1.053209398207540737e+01 1.053219315535057099e+01 1.116423817585879874e+01 1.116981157162171456e+01 1.199279036661275377e+01 1.199908930598818912e+01 1.595993255952089918e+01 1.838972232596693956e+01
5.682001019931989028e+00 5.784348895157654269e+00 7.401187522514955930e+00 7.446012140010545899e+00 7.522025969287608582e+00 7.868017852518073951e+00 7.904253040422859478e+00 8.536949160531520420e+00 8.640501418644403131e+00 8.794682658266264497e+00 9.251750838703966195e+00 9.394545398802179648e+00 9.426794160422579338e+00 9.534808645265954397e+00 9.906697673372693913e+00 1.019749861645796862e+01 1.041569136205577628e+01 1.042125864009525138e+01 1.083903530263185289e+01 1.084583227172164221e+01 1.236478919779309571e+01 1.238445840542348542e+01 1.613734092354780003e+01 1.828549469863553512e+01
5.689285361067871527e+00 5.803123438260872291e+00 6.923359971014083847e+00 7.185801431764230252e+00 7.205912370353718011e+00 7.776740379635707967e+00 7.821044068365245572e+00 8.396224894272902972e+00 8.422248997597129971e+00 8.706222199497036129e+00 8.812043165727097005e+00 9.428552560775463220e+00 9.518374033959853264e+00 9.544442118911714346e+00 1.015656636559668868e+01 1.021951424365984629e+01 1.024774240968102745e+01 1.032617761752148233e+01 1.060417978149695983e+01 1.062290264336749424e+01 1.266218480009912284e+01 1.269311683715420536e+01 1.638733338290564845e+01 1.818784853662269896e+01
5.706801812633447213e+00 5.808529891594697681e+00 6.335544152830582476e+00 6.870044877111215698e+00 7.210835813530548144e+00 7.666488817686971657e+00 7.720148661888015518e+00 8.155741296465665258e+00 8.205714867827355263e+00 8.308908974184369356e+00 8.555215409493460044e+00 9.231753056128065182e+00 9.583446429634593144e+00 9.591798543087113771e+00 1.003113626778276135e+01 1.005507579471083446e+01 1.036098520769863640e+01 1.038576656824015387e+01 1.045286088736321339e+01 1.057553525032336239e+01 1.289606014009749835e+01 1.292830656218797181e+01 1.666744408634029995e+01 1.815639648092633607e+01
5.707735089496229541e+00 5.737466267108068507e+00 5.818082509448291084e+00 6.537664713821316198e+00 7.448887075286588555e+00 7.549849331266210939e+00 7.643684474911268900e+00 7.785057480640060312e+00 7.979654753837397863e+00 7.985534352621247223e+00 8.390023088260900153e+00 8.925995025634293256e+00 9.582997889748581244e+00 9.594433195676367987e+00 9.889684174913762504e+00 9.895770745082106856e+00 1.015526880472880933e+01 1.015540426748915692e+01 1.070441407201169426e+01 1.077845657682150815e+01 1.310000633104565715e+01 1.311963101582677638e+01 1.694196388865035274e+01 1.819556271497938482e+01
5.168936130551137431e+00 5.792331488464293798e+00 5.836068600530718520e+00 6.223438760559264260e+00 7.433575782808310883e+00 7.444813615118664352e+00 7.478845487324625729e+00 7.743272715576633658e+00 7.744852514545462085e+00 7.917202594195983600e+00 8.240041178578483283e+00 8.623808596261286041e+00 9.453098515194687579e+00 9.456131013952628450e+00 9.856452918610319358e+00 9.856516044835194279e+00 9.930917933209595816e+00 9.931341644441326721e+00 1.092227179171370643e+01 1.098687615014743102e+01 1.329345222307497032e+01 1.329731496047485884e+01 1.718842016837350428e+01 1.825394258263781566e+01
4.849972867074315630e+00 5.860882058892842750e+00 5.866610606951057960e+00 5.934802693106878912e+00 7.304805700828242543e+00 7.341355582448778172e+00 7.344341948130569619e+00 7.544228036211464428e+00 7.544258790331676678e+00 8.109880362229194617e+00 8.251937361273331106e+00 8.371097261746236029e+00 9.250614725644517478e+00 9.251633613841523385e+00 9.733167357984987333e+00 9.733244973255843036e+00 9.910061694232895846e+00 9.910313496611118822e+00 1.110390777146842467e+01 1.116343931453165794e+01 1.347183645276121489e+01 1.347279388415926071e+01 1.739842582883512279e+01 1.827011823380443190e+01
4.794851733017339690e+00 5.670100107662914724e+00 5.895889744141244115e+00 5.936115779360950917e+00 7.233657507068406822e+00 7.252279007895287677e+00 7.332069846134058544e+00 7.392114275614685148e+00 7.395847270004029639e+00 8.004944034996583468e+00 8.167457448699380507e+00 8.477294030432434013e+00 9.048432884559820977e+00 9.070293683211142266e+00 9.620298027676538410e+00 9.622861396483918028e+00 9.958625753652102119e+00 9.962004713417659474e+00 1.124645098587367364e+01 1.129346411823864571e+01 1.362026698875494368e+01 1.363281247263522822e+01 1.757846501860984034e+01 1.821182153720512886e+01
4.927954342939741217e+00 5.422857069171215905e+00 5.933330522577571209e+00 5.979437194456298954e+00 7.176964980059949539e+00 7.192583099572975591e+00 7.289594397891835165e+00 7.296003420607287460e+00 7.489319479469541463e+00 7.935218888647095348e+00 7.978461064563009408e+00 8.584826451515125356e+00 8.890290575446000432e+00 8.963430126510516516e+00 9.562196254315761479e+00 9.575452328772893651e+00 9.994981527537690980e+00 1.000274751148529973e+01 1.134245956448543247e+01 1.136886503635584589e+01 1.372111528542495051e+01 1.374778052856762756e+01 1.774665117432184758e+01 1.808514700850486534e+01
5.085618332851872481e+00 5.242833680005293928e+00 5.951931648168258704e+00 5.991342587482929360e+00 7.155939738801909478e+00 7.171343014211033484e+00 7.257042728170750578e+00 7.262779402481493563e+00 7.649649796419851988e+00 7.824575006077698625e+00 7.910551271539730145e+00 8.610377363240390380e+00 8.828180123871932850e+00 8.935722282772879055e+00 9.542803578653002106e+00 9.564258577160702046e+00 1.000821364011767045e+01 1.001803278322604385e+01 1.138056635312462461e+01 1.138932694186122241e+01 1.375731275049828639e+01 1.378977806603858269e+01 1.789914605349689225e+01 1.793907563235339708e+01
