1.459633221634346889e-01
2.422610151605483764e-01
3.385587081576620916e-01
4.348564011547758068e-01
5.311540941518895220e-01
6.274517871490031817e-01
7.237494801461168414e-01
8.200471731432305011e-01
9.163448661403443829e-01
1.012642559137457932e+00
1.108940252134571702e+00
1.205237945131685251e+00
1.301535638128799022e+00
1.397833331125912792e+00
1.494131024123026341e+00
1.590428717120140334e+00
1.686726410117253883e+00
1.783024103114367431e+00
1.879321796111481424e+00
1.975619489108594973e+00
2.071917182105708743e+00
2.168214875102822070e+00
2.264512568099935841e+00
2.360810261097050056e+00
2.457107954094163382e+00
2.553405647091277153e+00
2.649703340088390924e+00
2.746001033085504694e+00
2.842298726082618021e+00
2.938596419079732236e+00
3.034894112076846007e+00
3.131191805073959333e+00
3.227489498071073104e+00
3.323787191068186875e+00
3.420084884065300201e+00
3.516382577062413972e+00
3.612680270059528187e+00
3.708977963056641514e+00
3.805275656053755284e+00
3.901573349050869055e+00
3.997871042047982826e+00
4.094168735045096597e+00
4.190466428042209479e+00
4.286764121039323250e+00
4.383061814036437021e+00
4.479359507033551679e+00
4.575657200030665450e+00
4.671954893027779221e+00
4.768252586024892992e+00
4.864550279022005874e+00
4.960847972019119645e+00
5.057145665016233416e+00
5.153443358013347186e+00
5.249741051010460957e+00
5.346038744007574728e+00
5.442336437004687610e+00
5.538634130001801381e+00
5.634931822998915152e+00
5.731229515996029811e+00
5.827527208993143581e+00
5.923824901990257352e+00
6.020122594987370235e+00
6.116420287984484006e+00
6.212717980981597776e+00
6.309015673978711547e+00
6.405313366975825318e+00
6.501611059972939088e+00
6.597908752970052859e+00
6.694206445967165742e+00
6.790504138964279512e+00
6.886801831961393283e+00
6.983099524958507942e+00
7.079397217955621713e+00
7.175694910952735484e+00
7.271992603949848366e+00
7.368290296946962137e+00
7.464587989944075908e+00
7.560885682941189678e+00
7.657183375938304337e+00
7.753481068935418996e+00
7.849778761932531879e+00
7.946076454929645649e+00
8.042374147926759420e+00
8.138671840923873191e+00
8.234969533920985185e+00
8.331267226918100732e+00
8.427564919915212727e+00
8.523862612912328274e+00
8.620160305909440268e+00
8.716457998906555815e+00
8.812755691903669586e+00
8.909053384900781580e+00
9.005351077897897127e+00
9.101648770895009122e+00
9.197946463892124669e+00
9.294244156889236663e+00
9.390541849886350434e+00
9.486839542883464205e+00
9.583137235880577975e+00
9.679434928877691746e+00
9.775732621874805517e+00
9.872030314871919288e+00
9.968328007869033058e+00
1.006462570086614683e+01
1.016092339386326060e+01
1.025722108686037437e+01
1.035351877985748814e+01
1.044981647285460191e+01
1.054611416585171568e+01
1.064241185884882945e+01
1.073870955184594145e+01
1.083500724484305699e+01
1.093130493784016899e+01
1.102760263083728454e+01
1.112390032383439653e+01
1.122019801683151208e+01
1.131649570982862585e+01
1.141279340282573784e+01
1.150909109582285339e+01
1.160538878881996538e+01
1.170168648181708093e+01
1.179798417481419293e+01
1.189428186781130670e+01
1.199057956080842047e+01
1.208687725380553424e+01
1.218317494680264801e+01
1.227947263979976178e+01
1.237577033279687555e+01
1.247206802579398932e+01
1.256836571879110309e+01
1.266466341178821686e+01
1.276096110478533063e+01
1.285725879778244440e+01
1.295355649077955817e+01
1.304985418377667195e+01
1.314615187677378572e+01
1.324244956977089771e+01
1.333874726276801326e+01
1.343504495576512525e+01
1.353134264876224080e+01
1.362764034175935279e+01
1.372393803475646834e+01
1.382023572775358211e+01
1.391653342075069411e+01
1.401283111374780965e+01
1.410912880674492165e+01
1.420542649974203719e+01
1.430172419273914919e+01
1.439802188573626296e+01
1.449431957873337673e+01
1.459061727173049050e+01
1.468691496472760427e+01
1.478321265772471804e+01
1.487951035072183181e+01
1.497580804371894558e+01
1.507210573671605935e+01
1.516840342971317135e+01
1.526470112271028512e+01
1.536099881570740067e+01
1.545729650870451088e+01
1.555359420170162643e+01
1.564989189469874020e+01
1.574618958769585397e+01
1.584248728069296597e+01
1.593878497369007974e+01
1.603508266668719529e+01
1.613138035968431083e+01
1.622767805268142283e+01
1.632397574567853482e+01
1.642027343867565037e+01
1.651657113167276236e+01
1.661286882466987791e+01
1.670916651766698990e+01
1.680546421066410545e+01
1.690176190366121745e+01
1.699805959665833299e+01
1.709435728965544499e+01
1.719065498265255698e+01
1.728695267564967253e+01
1.738325036864678808e+01
1.747954806164390007e+01
1.757584575464101206e+01
1.767214344763812761e+01
1.776844114063524316e+01
1.786473883363235515e+01
1.796103652662946715e+01
1.805733421962658269e+01
1.815363191262369469e+01
1.824992960562081024e+01
1.834622729861792223e+01
1.844252499161503778e+01
1.853882268461214977e+01
1.863512037760926532e+01
1.873141807060638087e+01
1.882771576360348931e+01
1.892401345660060485e+01
1.902031114959772040e+01
1.911660884259483595e+01
1.921290653559194439e+01
1.930920422858905994e+01
