0.000000000000000000e+00
1.025131461516957526e-01
2.050262923033915052e-01
3.075394384550872440e-01
4.100525846067830105e-01
5.125657307584787770e-01
6.150788769101744879e-01
7.175920230618703100e-01
8.201051692135660209e-01
9.384770529124649707e-01
1.056848936611364032e+00
1.175220820310262981e+00
1.293592704009161931e+00
1.392998416483320012e+00
1.492404128957478315e+00
1.591809841431636396e+00
1.691215553905794700e+00
1.790621266379952781e+00
1.890026978854110862e+00
1.989432691328269165e+00
2.088838403802427468e+00
2.188244116276585771e+00
2.287649828750743630e+00
2.387055541224901933e+00
2.505427424923801105e+00
2.623799308622699833e+00
2.742171192321599005e+00
2.860543076020497733e+00
2.951665872599782858e+00
3.042788669179067984e+00
3.133911465758353110e+00
3.225034262337638236e+00
3.316157058916923361e+00
3.407279855496208487e+00
3.498402652075493613e+00
3.589525448654778739e+00
3.680648245234063864e+00
3.771770148335375605e+00
3.862892051436687346e+00
3.954013954537998643e+00
4.045135857639310828e+00
4.136257760740622125e+00
4.227379663841933422e+00
4.318501566943245606e+00
4.409623470044556903e+00
4.500745373145869088e+00
4.591867276247180385e+00
4.682989179348492570e+00
4.774111082449803867e+00
4.870761362145225704e+00
4.967411641840647540e+00
5.064061921536069377e+00
5.160712201231491214e+00
5.257362480926913051e+00
5.354012760622334888e+00
5.450663040317756725e+00
5.547313320013178561e+00
5.683997983013277633e+00
5.820682646013375816e+00
5.904795171953048261e+00
5.988907697892720705e+00
6.073020223832392261e+00
6.157132749772064706e+00
6.241245275711737150e+00
6.325357801651409595e+00
6.409470327591082039e+00
6.493582853530754484e+00
6.577695379470426928e+00
6.661807905410098485e+00
6.745920431349770929e+00
6.830032957289443374e+00
6.914145483229115818e+00
7.005268591895847941e+00
7.096391700562580951e+00
7.187514809229313073e+00
7.265619297601865867e+00
7.343723785974418661e+00
7.421828274346971455e+00
7.499932762719524248e+00
7.578037251092077042e+00
7.656141739464629836e+00
7.734246227837182630e+00
7.812350716209736312e+00
7.890455204582289106e+00
7.968559692954841900e+00
8.046664181327393806e+00
8.124768669699946599e+00
8.202873158072499393e+00
8.280977646445052187e+00
8.280977646445052187e+00
8.358297870201390367e+00
8.435618093957726771e+00
8.512938317714064951e+00
8.590258541470401354e+00
8.667578765226739534e+00
8.744898988983077714e+00
8.822219212739414118e+00
8.899539436495752298e+00
8.976859660252088702e+00
9.054179884008426882e+00
