-1.536453796084050209e-07 -1.973068689478627489e-08 1.107943848484781800e-07 8.352047354739257301e+00 8.352047354739339013e+00 8.352047354739369212e+00
-1.168798563063858653e+00 -7.135813382415863160e-01 7.776395814017476038e-01 8.364369611242381097e+00 8.590493537188100603e+00 8.735007994680927368e+00
-1.858225448172918126e+00 -8.255891289288621593e-01 1.546219193814356796e+00 8.400763738122334345e+00 9.165707670840175680e+00 9.659744700235291859e+00
-1.886748977602363819e+00 1.293685826220778434e+00 2.296784892288776803e+00 8.459556457465032153e+00 9.831804873540782808e+00 1.078582299313578119e+01
-8.814277977036475420e-01 2.765654466051920668e+00 3.020593461056769957e+00 8.538100395701583523e+00 1.041297450710566252e+01 1.190766832233267891e+01
2.134757482317228838e+00 3.709216653390033258e+00 4.140516790137547254e+00 8.632961528726811551e+00 1.081011090084430215e+01 1.291646442565616404e+01
3.404291115354118880e+00 4.354649817629413278e+00 5.409131700831101064e+00 8.740136303650272609e+00 1.097191357878152296e+01 1.375152988961983347e+01
4.402315908630388464e+00 4.949434561524753917e+00 6.532331713306973597e+00 8.855261631467499228e+00 1.087762218946528137e+01 1.438025429796508625e+01
5.209245041248133035e+00 5.486808219987871382e+00 7.481343606784110811e+00 8.973781461924946967e+00 1.052948230469814739e+01 1.479105666601578584e+01
5.856914260316894882e+00 5.960889229702766023e+00 8.241381939106863896e+00 9.091043539155693409e+00 9.950938185434662131e+00 1.499099909146384846e+01
6.366889449434986581e+00 6.366889449435121584e+00 8.798628038981757271e+00 9.202325023086091349e+00 9.202325023086217470e+00 1.500487487834279143e+01
6.701307151638872028e+00 6.736976820307649660e+00 8.300389084066212675e+00 9.238397678131956781e+00 9.302829478564101251e+00 1.487446694762699373e+01
6.780224578522600076e+00 6.962009695129196984e+00 7.628974888664112441e+00 9.387747698784714601e+00 9.494031400419956412e+00 1.465708304003483242e+01
6.159463257258773083e+00 7.148102888815945022e+00 7.608318920549650421e+00 9.452490515803591009e+00 9.642765139225971893e+00 1.442189530092401917e+01
5.542827510841604521e+00 7.259550964986716259e+00 7.728747048753852766e+00 9.493136895759628047e+00 9.714970017114998413e+00 1.424116451438360720e+01
5.302409850621067733e+00 7.296647301289906906e+00 7.778542591203186696e+00 9.507004863969964248e+00 9.735818176973184634e+00 1.417325315685250509e+01
5.593706096867273381e+00 7.332382935145331793e+00 7.854847046871804572e+00 9.459507474632584234e+00 9.804519462943595443e+00 1.412056994022164780e+01
6.292075897866084233e+00 7.429448786126695126e+00 8.109914516085591885e+00 9.410653502706217921e+00 9.920808285722783282e+00 1.396331519151114442e+01
7.031206159574342252e+00 7.572505704298689189e+00 8.588110215603800057e+00 9.439682361951104994e+00 1.003011989583444041e+01 1.370466613239253917e+01
7.538076630296544067e+00 7.778846243358800372e+00 9.099113473013044739e+00 9.684815003961652735e+00 1.015497687116076087e+01 1.335210593874171003e+01
7.750234904060197216e+00 8.097130678537498127e+00 9.248482336279201022e+00 1.014397430070003736e+01 1.048301104707599940e+01 1.291965516048537133e+01
7.806191058018756124e+00 8.409851545102878134e+00 9.198018233154201084e+00 1.039640648813165846e+01 1.107725216872009710e+01 1.243302186090537020e+01
7.754687260984828079e+00 8.640876603084370444e+00 9.067451117220848289e+00 1.054381874732180790e+01 1.151726055504106050e+01 1.202660507520697664e+01
7.694037805093923765e+00 8.721896490631051435e+00 9.022858931187494491e+00 1.078565635878643292e+01 1.111640963485781519e+01 1.208250472082478844e+01
7.502931832082061270e+00 8.682114375317413035e+00 9.098378097211694993e+00 1.015458102911787286e+01 1.133479753237077503e+01 1.237835635211875385e+01
7.249138950248354085e+00 8.653146703796444683e+00 9.077854292678773973e+00 9.631796349978975158e+00 1.159558082968602655e+01 1.261906373476440990e+01
7.033060712327072750e+00 8.646277925387225949e+00 8.851124084363451772e+00 9.497145123578357939e+00 1.176312970851287254e+01 1.277247374903475396e+01
6.947473337691633333e+00 8.655201160264361704e+00 8.723043202614599423e+00 9.490418998627539793e+00 1.182047786518091392e+01 1.282502502130750166e+01
6.872475694699180515e+00 8.789112398107398860e+00 9.135386446779541814e+00 9.374859697830139282e+00 1.211405695453617248e+01 1.277169955193102524e+01
6.699214388574382895e+00 8.678897350916930264e+00 9.083246639634456443e+00 9.544629282333108478e+00 1.158505327237028126e+01 1.364891183807573150e+01
6.431777132593463620e+00 8.471382638710528212e+00 8.713541239358503887e+00 9.714326419621963637e+00 1.111088921271023899e+01 1.458408050823445379e+01
5.999914467035475596e+00 8.209810202265822809e+00 8.340431894886558339e+00 9.700947037329237688e+00 1.082267235046836440e+01 1.541099291138944061e+01
5.366266645057075735e+00 7.605764697620715609e+00 8.419428501021105404e+00 9.572203356812980957e+00 1.070283086781770621e+01 1.601971129902303659e+01
4.629115090143816502e+00 6.960889572349830523e+00 8.684990537868607419e+00 9.346851870982346711e+00 1.069707699026533909e+01 1.634080106627110496e+01
3.919035723055708687e+00 6.318738404209785386e+00 8.965848038934346675e+00 9.046126898524862625e+00 1.076997797866057205e+01 1.634678269172792398e+01
3.278749297941328411e+00 5.689334944008201944e+00 8.384539004325120004e+00 9.423838632914980806e+00 1.084298536946798563e+01 1.604920204657939919e+01
2.607365611934722605e+00 5.051923366494160739e+00 7.585442627201057775e+00 9.759804580623395509e+00 1.081301123272062092e+01 1.548982470825063196e+01
1.635384510537431835e+00 4.359883210228031380e+00 6.563053782618430532e+00 1.000099472369977427e+01 1.060843868283743063e+01 1.472178285557562738e+01
-1.275273632927925727e+00 3.531109935539497702e+00 5.340498927710161325e+00 1.008966229247818269e+01 1.022472733608889861e+01 1.378332167448948198e+01
-2.265882390994558016e+00 2.368143188794733067e+00 4.037131189545124954e+00 9.725310639087997089e+00 9.974055122703640919e+00 1.268568058181342906e+01
-2.551493723289025795e+00 -8.529384902216080588e-01 2.869272106060757555e+00 9.206518519478839480e+00 9.634966078740603734e+00 1.143752983513778254e+01
-2.248970855479628828e+00 -1.882774818785916793e+00 1.858885156100213987e+00 8.760061497030644517e+00 9.120264592774129042e+00 1.010209456443606335e+01
-1.391354310475073630e+00 -1.351767825479418761e+00 9.167260625050591694e-01 8.458661565021165174e+00 8.593034388521651579e+00 8.898258634999580252e+00
-1.536453796084050209e-07 -1.973068689478627489e-08 1.107943848484781800e-07 8.352047354739257301e+00 8.352047354739339013e+00 8.352047354739369212e+00
-2.435831564607864763e+00 -6.836331193025140252e-01 9.574781988043328251e-01 8.620001807784873904e+00 8.714302178398309451e+00 8.940154942555793127e+00
-3.791882440684894995e+00 1.865704986021635148e-01 2.074964607263401373e+00 9.225565081309330395e+00 9.643592138515643342e+00 9.965784710390583001e+00
-4.112088481975455068e+00 1.803846733540396485e+00 3.337723117933556249e+00 9.804853835793920780e+00 1.072521228807393534e+01 1.092617904097365056e+01
-3.578158457244595247e+00 2.848415778900403428e+00 4.636778786098320282e+00 1.012459004358819747e+01 1.101018118804606694e+01 1.241891682301119637e+01
-2.129883830547092849e+00 3.560540014655091845e+00 5.866049600813707521e+00 1.010591588564710364e+01 1.081266513458303535e+01 1.398450749147378858e+01
2.238420795556939069e+00 4.007940319851928557e+00 6.973241774201142107e+00 9.776033912378515822e+00 1.022866102419595258e+01 1.546396181312976026e+01
3.735778481479762991e+00 4.340047107818001848e+00 7.948692383575268749e+00 9.241846001934057142e+00 9.429587774463909611e+00 1.670200999055353108e+01
4.619562471607174814e+00 4.706797158899673761e+00 8.576392197517149540e+00 8.656983109874813564e+00 8.897674606527102625e+00 1.758545113788564862e+01
5.111185480923691848e+00 5.128559476667466477e+00 8.192056084525320969e+00 8.203730053399151956e+00 9.634379671601429607e+00 1.806784237834206053e+01
5.298689887554781208e+00 5.460407620076892066e+00 8.102047653112418146e+00 8.211520989249557090e+00 1.034878127182801144e+01 1.818025904151852501e+01
5.415824981106277747e+00 5.605812034714491965e+00 8.336299629898096697e+00 8.462505263342558592e+00 1.097661966828755276e+01 1.803295048161811920e+01
5.556285923639509683e+00 5.647569180252512311e+00 8.631196340749145435e+00 8.690639691526387267e+00 1.143886707718795748e+01 1.780546004581011132e+01
5.624869071811910537e+00 5.657009841661145622e+00 8.755023059236025418e+00 8.775825525718408571e+00 1.161503613394756762e+01 1.769758214302361310e+01
5.681031144984510561e+00 5.744891528559350036e+00 8.748031013958584623e+00 8.831582904215085961e+00 1.158306185949139966e+01 1.759945243171020834e+01
5.795456792138918622e+00 6.037170516487744720e+00 8.724209675580857137e+00 9.000292300002367796e+00 1.148977497623262423e+01 1.730879483785716033e+01
5.959014708874988742e+00 6.477270298442934227e+00 8.692385087769471497e+00 9.266646556913224586e+00 1.134486276581616870e+01 1.683684253185208490e+01
6.149311118502930995e+00 7.003485300011683456e+00 8.664929099312525196e+00 9.596461672408301169e+00 1.117457568764006304e+01 1.620249109698024270e+01
6.345081913305220311e+00 7.550511633432004821e+00 8.659368397275104101e+00 9.895737180813874545e+00 1.106222935962205867e+01 1.543274918586973143e+01
6.531823187380179085e+00 8.040866570102352284e+00 8.707132412441231040e+00 9.954423294395812860e+00 1.120545486610543762e+01 1.456395751043445053e+01
6.701769920436474237e+00 8.366231892213626509e+00 8.864805990676389413e+00 9.737598055835317012e+00 1.162903722217878411e+01 1.364596152934283246e+01
6.850098756406678646e+00 8.520645728151508891e+00 9.012192132646481113e+00 9.481745059604582693e+00 1.211617078477875431e+01 1.278443530270461537e+01
6.968961865380128629e+00 8.595385923175868470e+00 8.775059661145599321e+00 9.500708162530845158e+00 1.178623189601711374e+01 1.284199803546078655e+01
7.062772060530812190e+00 8.589503263792220622e+00 8.941077747435077328e+00 9.468767936234103288e+00 1.171139699762106012e+01 1.280031099469749911e+01
7.296932993830408165e+00 8.585464020788693418e+00 9.287795460213882137e+00 9.475282811960962448e+00 1.153307056581886769e+01 1.266068316014417405e+01
7.598020136202531916e+00 8.551299978536263779e+00 9.267472988635576669e+00 1.002782924184652202e+01 1.128287419944043002e+01 1.243660446614791226e+01
7.805675121883280276e+00 8.561535535449666057e+00 9.153618847703080874e+00 1.062955876850415571e+01 1.112546597317319907e+01 1.215700787384185766e+01
7.754687260984828079e+00 8.640876603084370444e+00 9.067451117220848289e+00 1.054381874732180790e+01 1.151726055504106050e+01 1.202660507520697664e+01
7.792818944898866285e+00 8.729985792641423714e+00 9.054678100843872812e+00 1.086086312782600771e+01 1.139811886073746017e+01 1.166924014878065208e+01
7.629985665640324655e+00 8.755408720517937837e+00 9.166221442962926957e+00 1.036952316637510485e+01 1.144169707196322072e+01 1.209144727690144094e+01
7.370203501698633808e+00 8.634095555964174551e+00 9.378299992120862072e+00 9.842777565595064004e+00 1.129204292308113544e+01 1.287282692943225548e+01
7.081206637942208282e+00 8.400480964900797431e+00 9.322070459280084265e+00 9.686759056708417859e+00 1.112039080291913251e+01 1.369639157450000511e+01
6.792949629990156168e+00 8.065731699848802450e+00 9.033348622715118736e+00 9.804079573883615950e+00 1.099442216317230603e+01 1.450851650968874651e+01
6.521223335674807053e+00 7.648266550479032588e+00 8.851711048264071735e+00 9.771450923776685116e+00 1.099255101979427529e+01 1.527498310030544992e+01
6.275178786748518256e+00 7.188519762098932731e+00 8.760381995876686645e+00 9.590753941741310129e+00 1.110601926500620884e+01 1.596846516211661360e+01
6.060423565882853580e+00 6.727413105648965441e+00 8.728388571085515579e+00 9.350112445727258859e+00 1.126005036386093749e+01 1.656642997484781432e+01
5.881781993082216609e+00 6.304183926540537719e+00 8.730615297537392294e+00 9.115529052216851724e+00 1.140533106420869025e+01 1.705056100181954903e+01
5.745283682029174166e+00 5.959506067881407354e+00 8.747024088047982815e+00 8.925719594856850847e+00 1.151911345298376865e+01 1.740659840502076960e+01
5.657778411402972552e+00 5.733380598606485634e+00 8.761586812292099680e+00 8.804948230070351656e+00 1.159068310071427810e+01 1.762432262247872927e+01
5.624869071811910537e+00 5.657009841661145622e+00 8.755023059236025418e+00 8.775825525718408571e+00 1.161503613394756762e+01 1.769758214302361310e+01
5.652999561564525877e+00 5.747342426708600627e+00 8.766702033624547141e+00 8.802086858291390925e+00 1.158856314495751683e+01 1.761869225162586261e+01
5.734988490112376880e+00 6.005242818593461429e+00 8.740449997950326733e+00 8.939943239176589174e+00 1.151090899959540259e+01 1.738442297271582859e+01
5.863778224233030301e+00 6.396380268619946463e+00 8.700524270637149726e+00 9.158148715260507444e+00 1.138824460918886139e+01 1.700200287619910355e+01
6.028103146523386080e+00 6.875723205246441871e+00 8.652948819387264123e+00 9.436092329926239586e+00 1.123529249384515083e+01 1.648359056578763671e+01
6.213277352109781937e+00 7.396424575841536786e+00 8.606454625435151939e+00 9.728647637195763309e+00 1.109081233948614553e+01 1.584651882657485089e+01
6.402549616266703936e+00 7.914255390140107593e+00 8.572046672266953493e+00 9.921710196969574014e+00 1.106259192892249921e+01 1.511383900676780279e+01
6.579506971365147727e+00 8.387827621664568412e+00 8.561258206781445779e+00 9.871340245646228695e+00 1.128848748614956321e+01 1.431561579633543424e+01
6.731730797428867596e+00 8.582664047826131792e+00 8.768502583608492884e+00 9.643937150338665276e+00 1.170172740168674430e+01 1.349336077357513908e+01
6.854043375820638495e+00 8.638179945028383599e+00 8.920309064470384186e+00 9.449209883182497549e+00 1.212872873952449027e+01 1.274856439888243287e+01
6.947473337691633333e+00 8.655201160264361704e+00 8.723043202614599423e+00 9.490418998627539793e+00 1.182047786518091392e+01 1.282502502130750166e+01
6.968961865380128629e+00 8.595385923175868470e+00 8.775059661145599321e+00 9.500708162530845158e+00 1.178623189601711374e+01 1.284199803546078655e+01
6.970175824126518371e+00 8.242312118188085179e+00 8.446220552675590909e+00 9.539545829182332071e+00 1.118150875764020924e+01 1.327859174830255640e+01
6.820207946167701429e+00 7.920780966391576250e+00 8.095316148185363048e+00 9.509852233901595397e+00 1.069407691976145358e+01 1.363653506885543010e+01
6.436968837936007937e+00 7.675159960872800724e+00 7.861388572234345062e+00 9.452926172722991183e+00 1.032509649673217034e+01 1.389439620148979238e+01
5.914774130275967323e+00 7.478954733720555303e+00 7.785334671938006323e+00 9.427160462340411939e+00 1.004631518114599942e+01 1.405871759369845897e+01
5.474414049542217775e+00 7.345282487888213474e+00 7.776067937355165327e+00 9.461555619135166850e+00 9.837106616129659642e+00 1.414627509643115744e+01
5.302409850621067733e+00 7.296647301289906906e+00 7.778542591203186696e+00 9.507004863969964248e+00 9.735818176973184634e+00 1.417325315685250509e+01
