-6.290296811647476671e-01
-6.070972225977269154e-01
-5.851647640307060527e-01
-5.632323054636854121e-01
-5.412998468966646604e-01
-5.193673883296439087e-01
-4.974349297626231570e-01
-4.755024711956024608e-01
-4.535700126285817091e-01
-4.316375540615609019e-01
-4.097050954945402057e-01
-3.877726369275194540e-01
-3.658401783604987023e-01
-3.439077197934779506e-01
-3.219752612264571989e-01
-3.000428026594365027e-01
-2.781103440924157510e-01
-2.561778855253949438e-01
-2.342454269583742477e-01
-2.123129683913534960e-01
-1.903805098243327720e-01
-1.684480512573120203e-01
-1.465155926902912686e-01
-1.245831341232705447e-01
-1.026506755562497236e-01
-8.071821698922901356e-02
-5.878575842220831044e-02
-3.685329985518759344e-02
-1.492084128816678103e-02
7.011617278853929901e-03
2.894407584587464083e-02
5.087653441289545497e-02
7.280899297991616503e-02
9.474145154693687509e-02
1.166739101139576962e-01
1.386063686809783924e-01
1.605388272479991163e-01
1.824712858150199235e-01
2.044037443820406474e-01
2.263362029490613436e-01
2.482686615160820676e-01
2.702011200831028748e-01
2.921335786501235710e-01
3.140660372171443226e-01
3.359984957841651299e-01
3.579309543511859371e-01
3.798634129182065222e-01
4.017958714852273849e-01
4.237283300522481921e-01
4.456607886192687773e-01
4.675932471862895845e-01
4.895257057533102252e-01
5.114581643203309769e-01
5.333906228873518396e-01
5.553230814543724803e-01
5.772555400213932320e-01
5.991879985884140947e-01
6.211204571554346243e-01
6.430529157224554870e-01
6.649853742894763498e-01
6.869178328564968794e-01
7.088502914235177421e-01
7.307827499905384938e-01
7.527152085575591345e-01
7.746476671245799972e-01
7.965801256916007489e-01
8.185125842586213896e-01
8.404450428256422523e-01
8.623775013926630040e-01
8.843099599596836446e-01
9.062424185267043963e-01
9.281748770937252591e-01
9.501073356607460108e-01
9.720397942277665404e-01
9.939722527947876252e-01
1.015904711361808266e+00
1.037837169928828907e+00
1.059769628495849769e+00
1.081702087062870410e+00
1.103634545629891051e+00
1.125567004196911691e+00
1.147499462763932776e+00
1.169431921330953195e+00
1.191364379897973835e+00
1.213296838464994920e+00
1.235229297032015561e+00
1.257161755599036201e+00
1.279094214166057064e+00
1.301026672733077705e+00
1.322959131300098345e+00
1.344891589867119430e+00
1.366824048434140071e+00
1.388756507001160712e+00
1.410688965568181574e+00
1.432621424135202215e+00
1.454553882702222856e+00
1.476486341269243940e+00
1.498418799836264581e+00
1.520351258403285000e+00
1.542283716970305640e+00
1.564216175537326725e+00
1.586148634104347366e+00
1.608081092671368006e+00
1.630013551238388869e+00
1.651946009805409510e+00
1.673878468372430151e+00
1.695810926939451235e+00
1.717743385506471876e+00
1.739675844073492295e+00
1.761608302640513379e+00
1.783540761207534020e+00
1.805473219774554661e+00
1.827405678341575745e+00
1.849338136908596386e+00
1.871270595475616805e+00
1.893203054042637890e+00
1.915135512609658530e+00
1.937067971176679171e+00
1.959000429743700256e+00
1.980932888310720674e+00
2.002865346877741537e+00
2.024797805444762400e+00
2.046730264011782818e+00
2.068662722578803681e+00
2.090595181145824544e+00
2.112527639712845406e+00
2.134460098279865825e+00
2.156392556846886688e+00
2.178325015413907551e+00
2.200257473980927969e+00
2.222189932547949276e+00
2.244122391114969695e+00
2.266054849681990113e+00
2.287987308249011420e+00
2.309919766816031839e+00
2.331852225383052701e+00
2.353784683950073564e+00
2.375717142517093983e+00
2.397649601084114845e+00
2.419582059651135708e+00
2.441514518218156571e+00
2.463446976785176989e+00
2.485379435352197852e+00
2.507311893919218715e+00
2.529244352486239134e+00
2.551176811053260440e+00
2.573109269620280859e+00
2.595041728187301278e+00
2.616974186754322584e+00
2.638906645321343003e+00
2.660839103888363866e+00
2.682771562455384728e+00
2.704704021022405147e+00
2.726636479589426010e+00
2.748568938156446873e+00
2.770501396723467735e+00
2.792433855290488154e+00
2.814366313857509017e+00
2.836298772424529879e+00
2.858231230991550298e+00
2.880163689558571161e+00
2.902096148125592023e+00
2.924028606692612886e+00
2.945961065259633305e+00
2.967893523826654167e+00
2.989825982393675030e+00
3.011758440960695449e+00
3.033690899527716756e+00
3.055623358094737174e+00
3.077555816661757593e+00
3.099488275228778900e+00
3.121420733795799318e+00
3.143353192362820181e+00
3.165285650929840600e+00
3.187218109496861906e+00
3.209150568063882769e+00
3.231083026630903188e+00
3.253015485197924050e+00
3.274947943764944469e+00
3.296880402331964888e+00
3.318812860898986639e+00
3.340745319466007057e+00
3.362677778033027920e+00
3.384610236600048339e+00
3.406542695167068757e+00
3.428475153734089620e+00
3.450407612301110927e+00
3.472340070868131789e+00
3.494272529435152208e+00
3.516204988002172627e+00
3.538137446569193489e+00
3.560069905136213908e+00
3.582002363703235659e+00
3.603934822270256078e+00
3.625867280837276496e+00
3.647799739404297359e+00
3.669732197971317778e+00
3.691664656538338640e+00
3.713597115105359059e+00
3.735529573672380810e+00
