0.000000000000000000e+00
6.168119892508450858e-02
1.233623978501690172e-01
1.850435967752535327e-01
2.282012899195438871e-01
2.713589830638342137e-01
3.145166762081246237e-01
3.576743693524149226e-01
4.008320624967053325e-01
4.439897556409956314e-01
4.871474487852860413e-01
5.303051419295763402e-01
5.734628350738667502e-01
6.166205282181570491e-01
6.597782213624474590e-01
7.029359145067377579e-01
7.460936076510280568e-01
7.892513007953184667e-01
8.324089939396088766e-01
8.755666870838991755e-01
9.187243802281894745e-01
9.618820733724798844e-01
1.005039766516770294e+00
1.005039766516770294e+00
1.049277428373134535e+00
1.093515090229498776e+00
1.137752752085862795e+00
1.181990413942227036e+00
1.226228075798591277e+00
1.270465737654955518e+00
1.314703399511319759e+00
1.358941061367683778e+00
1.403178723224048019e+00
1.447416385080412260e+00
1.491654046936776279e+00
1.535891708793140520e+00
1.580129370649504761e+00
1.624367032505869002e+00
1.668604694362233243e+00
1.712842356218597484e+00
1.757080018074961725e+00
1.801317679931325744e+00
1.845555341787689985e+00
1.887368422513165500e+00
1.929181503238641016e+00
1.970994583964116531e+00
2.012807664689591824e+00
2.054620745415067340e+00
2.096433826140542855e+00
2.138246906866018371e+00
2.180059987591493886e+00
2.221873068316969402e+00
2.263686149042444917e+00
2.305499229767920433e+00
2.347312310493395948e+00
2.347312310493395948e+00
2.392930232639916888e+00
2.438548154786438271e+00
2.484166076932959655e+00
2.529783999079480594e+00
2.575401921226001534e+00
2.621019843372522917e+00
2.666637765519044301e+00
2.712255687665565240e+00
2.757873609812086180e+00
2.803491531958607563e+00
2.849109454105128947e+00
2.890469010989782372e+00
2.931828567874436242e+00
2.973188124759089668e+00
3.014547681643743537e+00
3.055907238528396963e+00
3.097266795413050389e+00
3.138626352297704258e+00
3.179985909182357684e+00
3.221345466067011554e+00
3.262705022951664979e+00
3.304064579836318849e+00
3.345424136720972275e+00
3.386783693605625700e+00
3.428143250490279570e+00
3.469502807374932996e+00
3.510862364259586865e+00
3.510862364259586865e+00
3.552215871373780143e+00
3.593569378487973864e+00
3.634922885602167142e+00
3.676276392716360419e+00
3.717629899830553697e+00
3.758983406944747419e+00
3.800336914058940696e+00
3.841690421173133974e+00
3.883043928287327695e+00
3.924397435401520973e+00
3.965750942515714250e+00
4.007104449629907528e+00
4.048457956744100805e+00
4.089811463858294971e+00
4.131164970972488248e+00
4.172518478086681526e+00
