-2.826309088103661771e-01
-2.620485778138706423e-01
-2.414662468173750520e-01
-2.208839158208794895e-01
-2.003015848243838992e-01
-1.797192538278883367e-01
-1.591369228313927464e-01
-1.385545918348971839e-01
-1.179722608384016075e-01
-9.738992984190604496e-02
-7.680759884541046856e-02
-5.622526784891489215e-02
-3.564293685241932269e-02
-1.506060585592374629e-02
5.521725140571826645e-03
2.610405613706739958e-02
4.668638713356297598e-02
6.726871813005855238e-02
8.785104912655411491e-02
1.084333801230496913e-01
1.290157111195452677e-01
1.495980421160408302e-01
1.701803731125364205e-01
1.907627041090319275e-01
2.113450351055275456e-01
2.319273661020231914e-01
2.525096970985187261e-01
2.730920280950142054e-01
2.936743590915098512e-01
3.142566900880054970e-01
3.348390210845009762e-01
3.554213520809965110e-01
3.760036830774921568e-01
3.965860140739877471e-01
4.171683450704832818e-01
4.377506760669788166e-01
4.583330070634744624e-01
4.789153380599700527e-01
4.994976690564655875e-01
5.200800000529610667e-01
5.406623310494567125e-01
5.612446620459523583e-01
5.818269930424478931e-01
6.024093240389434278e-01
6.229916550354390736e-01
6.435739860319346084e-01
6.641563170284300321e-01
6.847386480249256779e-01
7.053209790214213237e-01
7.259033100179169695e-01
7.464856410144126153e-01
7.670679720109080391e-01
7.876503030074035738e-01
8.082326340038992196e-01
8.288149650003946434e-01
8.493972959968902892e-01
8.699796269933859350e-01
8.905619579898815807e-01
9.111442889863771155e-01
9.317266199828725393e-01
9.523089509793681851e-01
9.728912819758638308e-01
9.934736129723592546e-01
1.014055943968854789e+00
1.034638274965350435e+00
1.055220605961846081e+00
1.075802936958341727e+00
1.096385267954837150e+00
1.116967598951332796e+00
1.137549929947828442e+00
1.158132260944323866e+00
1.178714591940819512e+00
1.199296922937315157e+00
1.219879253933810803e+00
1.240461584930306227e+00
1.261043915926801651e+00
1.281626246923297296e+00
1.302208577919792942e+00
1.322790908916288366e+00
1.343373239912784012e+00
1.363955570909279658e+00
1.384537901905775303e+00
1.405120232902270949e+00
1.425702563898766373e+00
1.446284894895262019e+00
1.466867225891757665e+00
1.487449556888253088e+00
1.508031887884748512e+00
1.528614218881244158e+00
1.549196549877739804e+00
1.569778880874235449e+00
1.590361211870730873e+00
1.610943542867226297e+00
1.631525873863721943e+00
1.652108204860217588e+00
1.672690535856713234e+00
1.693272866853208880e+00
1.713855197849704526e+00
1.734437528846200172e+00
1.755019859842695817e+00
1.775602190839191241e+00
1.796184521835686443e+00
1.816766852832182089e+00
1.837349183828677734e+00
1.857931514825173380e+00
1.878513845821669026e+00
1.899096176818164894e+00
1.919678507814660096e+00
1.940260838811155297e+00
1.960843169807651387e+00
1.981425500804146589e+00
2.002007831800642457e+00
2.022590162797137658e+00
2.043172493793633748e+00
2.063754824790128950e+00
2.084337155786625040e+00
2.104919486783120242e+00
2.125501817779615443e+00
2.146084148776111533e+00
2.166666479772606735e+00
2.187248810769102825e+00
2.207831141765598026e+00
2.228413472762094116e+00
2.248995803758589318e+00
2.269578134755084520e+00
2.290160465751580610e+00
2.310742796748075811e+00
2.331325127744571901e+00
2.351907458741067103e+00
2.372489789737563193e+00
2.393072120734058394e+00
2.413654451730554484e+00
2.434236782727049686e+00
2.454819113723544888e+00
2.475401444720040534e+00
2.495983775716535735e+00
2.516566106713031825e+00
2.537148437709527027e+00
2.557730768706023117e+00
2.578313099702518318e+00
2.598895430699013520e+00
2.619477761695509610e+00
2.640060092692004812e+00
2.660642423688500902e+00
2.681224754684996103e+00
2.701807085681492193e+00
2.722389416677987395e+00
2.742971747674483485e+00
2.763554078670978686e+00
2.784136409667473888e+00
2.804718740663969978e+00
2.825301071660465180e+00
2.845883402656961270e+00
2.866465733653456471e+00
2.887048064649952561e+00
2.907630395646447763e+00
2.928212726642942965e+00
2.948795057639439054e+00
2.969377388635934256e+00
2.989959719632429902e+00
3.010542050628925104e+00
3.031124381625421194e+00
3.051706712621916395e+00
3.072289043618412485e+00
3.092871374614907687e+00
3.113453705611402889e+00
3.134036036607898978e+00
3.154618367604394180e+00
3.175200698600890270e+00
3.195783029597385472e+00
3.216365360593881562e+00
3.236947691590376763e+00
3.257530022586871965e+00
3.278112353583368055e+00
3.298694684579863257e+00
3.319277015576359346e+00
3.339859346572854548e+00
3.360441677569350638e+00
3.381024008565845840e+00
3.401606339562341930e+00
3.422188670558837131e+00
3.442771001555332333e+00
3.463353332551828423e+00
3.483935663548323625e+00
3.504517994544818826e+00
3.525100325541314916e+00
3.545682656537810118e+00
3.566264987534305764e+00
3.586847318530800965e+00
3.607429649527297055e+00
3.628011980523792257e+00
3.648594311520288347e+00
3.669176642516783549e+00
3.689758973513278750e+00
3.710341304509774840e+00
3.730923635506270042e+00
3.751505966502766132e+00
3.772088297499261333e+00
3.792670628495757423e+00
3.813252959492252625e+00
