-7.386376230568357570e+00 3.040953292054994872e+00 4.778238350404641288e+00 6.450536753658109745e+00 7.399475474157049426e+00 7.779510715642707019e+00 8.730568547325997741e+00 8.816056129919779494e+00 9.453306793273041464e+00 1.009101115676672933e+01 1.159923603357625943e+01 1.213023760947107199e+01 1.322576419688565608e+01 1.371043238639378181e+01 1.493880163005435335e+01 1.510626876420054820e+01 1.656147017971334634e+01 1.727006774835676950e+01 1.968920626539217622e+01 2.199560266024271726e+01 2.747655804426190329e+01 4.490712334044560095e+01 5.847756721055012008e+01 5.121967938670195508e+02
-7.272853131680161454e+00 3.045683514713092066e+00 4.693472478905152734e+00 6.412257803930835109e+00 7.347586276834522145e+00 7.718110781612819160e+00 8.547828238253798006e+00 8.972187762899137553e+00 9.457436453499205697e+00 1.014438572543286021e+01 1.150553608613668644e+01 1.216977049256085408e+01 1.322145059577134774e+01 1.371237731106536195e+01 1.493876051404320116e+01 1.510587338889526521e+01 1.657054915987391652e+01 1.723436489253369075e+01 1.963819525613380534e+01 2.196901490882041230e+01 2.743982827550654591e+01 4.492687724386761516e+01 5.847993416081170182e+01 5.122107885309588937e+02
-6.942747121067731619e+00 3.051087815302323758e+00 4.444470011354610506e+00 6.295846250661146115e+00 7.097560943705295777e+00 7.671719523987360567e+00 8.300005052769961367e+00 9.112687669583703354e+00 9.480737283648805303e+00 1.024878237676244552e+01 1.127921731269174899e+01 1.226707018674448513e+01 1.320793114251285338e+01 1.371829337700648743e+01 1.492295604417456723e+01 1.511510931411211267e+01 1.655716083758540691e+01 1.716967618497048775e+01 1.950273566483236820e+01 2.188821896263461397e+01 2.733338709334303829e+01 4.498394465511664464e+01 5.848708441628187416e+01 5.122510827702053575e+02
-6.428363181930924597e+00 3.032225178290874901e+00 4.049214461978470680e+00 6.063579554633576230e+00 6.708593022686754281e+00 7.620046957640894014e+00 8.079021544511087782e+00 9.160830250288185539e+00 9.507680479942415275e+00 1.026477562346103767e+01 1.109504856156905817e+01 1.239328560146441482e+01 1.318401601828430891e+01 1.372467690826116460e+01 1.486167310295229704e+01 1.514671202738321831e+01 1.642862527641494808e+01 1.718875137305938239e+01 1.932312100376010378e+01 2.175389477854037423e+01 2.716771133334628274e+01 4.507192223003632137e+01 5.849901098537858246e+01 5.123128119744055766e+02
-5.785827411049247360e+00 2.945313568557505146e+00 3.542312385639869721e+00 5.622530513592849388e+00 6.339585753013882830e+00 7.392407058218131155e+00 7.995486343206362534e+00 9.083730537816860462e+00 9.460214510817177569e+00 1.014311480394324860e+01 1.114767348287817583e+01 1.251959602537428218e+01 1.315075012659243647e+01 1.372148089121110459e+01 1.474143114340925642e+01 1.518434664518797383e+01 1.622214150723051063e+01 1.731678807038104395e+01 1.913900819455450275e+01 2.157457692915926728e+01 2.695840467466344492e+01 4.518075015216367518e+01 5.851526546730468681e+01 5.123885255408744115e+02
-5.095598652048161981e+00 2.688567894002851677e+00 3.001651400250306079e+00 4.968531935370346098e+00 5.972277639611169420e+00 7.071467230232835632e+00 7.944831394347026787e+00 8.871503326446067206e+00 9.357640323097037083e+00 1.006974243054582274e+01 1.135280698766275087e+01 1.260697623424766611e+01 1.311837033616988180e+01 1.369640605586430659e+01 1.457359529734980264e+01 1.519864487799071284e+01 1.608249799920641721e+01 1.748914506824582560e+01 1.897955077103977573e+01 2.136846876965627118e+01 2.672523075689731797e+01 4.529766765064960765e+01 5.853455510230330816e+01 5.124690879377113788e+02
-4.455215681497786129e+00 2.131834827920322972e+00 2.505436771858651213e+00 4.107243398129976519e+00 5.579632756771668589e+00 6.785408560403737077e+00 7.831061365320654666e+00 8.689690443721394431e+00 9.257012261932354491e+00 1.003478967725036597e+01 1.159830398989173617e+01 1.261815663060313142e+01 1.310519541622316986e+01 1.364674669978247579e+01 1.441549756928985815e+01 1.518360866504689355e+01 1.606732201337957022e+01 1.764705249448109114e+01 1.887035378151008302e+01 2.116087730969411496e+01 2.649254637319401340e+01 4.540857744051800182e+01 5.855457831483022346e+01 5.125447821542860538e+02
-3.953636723109418494e+00 1.441105073745090559e+00 1.851659226817790049e+00 2.965385730075722037e+00 5.310791003400348487e+00 6.560355673703774038e+00 7.720718975651559290e+00 8.598668918820798979e+00 9.157349431640433579e+00 9.993723938004263729e+00 1.181464656165246652e+01 1.258138458196594911e+01 1.309412066510493844e+01 1.359688467707928794e+01 1.432191278412580893e+01 1.516004695599685270e+01 1.612751732973076813e+01 1.774375733958120449e+01 1.883195029001155518e+01 2.098038488143388491e+01 2.628992291361469924e+01 4.549974151858958749e+01 5.857227724641671074e+01 5.126064817127252127e+02
-3.638635610600261749e+00 7.140361741117782213e-01 9.881690890163498109e-01 1.577899146785786577e+00 5.212715400424659862e+00 6.395163223644519057e+00 7.677738308096245134e+00 8.543809378053390802e+00 9.081106124702190030e+00 9.952826923473910625e+00 1.194565021188356546e+01 1.257479356614974186e+01 1.305339009443691367e+01 1.357513108587299122e+01 1.428658041718000504e+01 1.514317648209490841e+01 1.619575501560336406e+01 1.777314332751700476e+01 1.884815109089181107e+01 2.085561326469485977e+01 2.614979447236200016e+01 4.555960797931367523e+01 5.858450196529305032e+01 5.126467498819233697e+02
-3.529253013027781716e+00 -4.302862459412120505e-02 -5.142267450281957961e-06 3.022682861289818779e-01 5.197189051556972750e+00 6.329577780262271247e+00 7.673955778971262021e+00 8.520436502705194926e+00 9.052983792033646893e+00 9.935386592610852219e+00 1.198303834327405148e+01 1.259045498868842827e+01 1.302319728538859422e+01 1.357215746979628612e+01 1.427934923361456576e+01 1.513734901984967429e+01 1.622450715985252501e+01 1.777463733989730699e+01 1.886375519059295058e+01 2.081063539933942863e+01 2.609943638957140877e+01 4.558046650838339531e+01 5.858887254814924717e+01 5.126607342499954711e+02
-3.749197929183664790e+00 6.458669809844577170e-01 1.164468131083752578e+00 1.755587105748320109e+00 5.186153360748985364e+00 6.335249619537565380e+00 7.698530964531738796e+00 8.547076726854305306e+00 9.055057053282132173e+00 9.929330484941399249e+00 1.196625973349829231e+01 1.259041957731733774e+01 1.298499838947402196e+01 1.356631080667249378e+01 1.429244953375853555e+01 1.513403310152203929e+01 1.616884265952118227e+01 1.782316085726890620e+01 1.887786506039728351e+01 2.082189662710718281e+01 2.608735142685181785e+01 4.555429748599630813e+01 5.858804532635573281e+01 5.126597621984183206e+02
-4.152642649034267386e+00 1.257934355314817454e+00 2.207962774231780667e+00 3.198884156404148804e+00 5.147675889875110045e+00 6.347957886553062146e+00 7.738006028005250059e+00 8.644755944071109255e+00 9.073428383869314828e+00 9.912716616938325842e+00 1.192947822318259377e+01 1.258418047098449399e+01 1.288705135234723542e+01 1.354925762383672527e+01 1.433181161013276927e+01 1.512575907604765746e+01 1.607433559389860989e+01 1.789464676026931755e+01 1.891825117611774942e+01 2.085337424048912780e+01 2.605344445743255122e+01 4.548019085983251841e+01 5.858595286973268657e+01 5.126570384831562706e+02
-4.571592264796044525e+00 1.849258973447461818e+00 3.078277244917565714e+00 4.406783494828572678e+00 5.067093663484500965e+00 6.364923364329383659e+00 7.735251184609039932e+00 8.782784068625790752e+00 9.171209713011657882e+00 9.897979877775856750e+00 1.189770948285846153e+01 1.256775012055703300e+01 1.275485086709062443e+01 1.351871885499783055e+01 1.439591538931985859e+01 1.511593289701022336e+01 1.605327689237147482e+01 1.790861011421113957e+01 1.895695995308925319e+01 2.089511448970003116e+01 2.600409461737345396e+01 4.537105115384002829e+01 5.858350232995597651e+01 5.126531023744590811e+02
-4.968805750256502840e+00 2.406743150312797397e+00 3.774610577691677626e+00 4.924846057415693146e+00 5.353212253200842596e+00 6.398251276867388704e+00 7.690494619440441326e+00 8.832115845960915479e+00 9.377284678220579650e+00 9.965014490894249732e+00 1.187739614579568403e+01 1.250720872728089716e+01 1.264554893771549615e+01 1.347180606466768715e+01 1.447856814485532340e+01 1.511038281418681706e+01 1.614889791909996930e+01 1.787491939475962965e+01 1.895147630080638024e+01 2.092881761436954591e+01 2.594832016900196692e+01 4.524704722134952561e+01 5.858154718659916682e+01 5.126487333127084867e+02
-5.301671556306928323e+00 2.917137106683461933e+00 4.288510455278816025e+00 4.740483242623614757e+00 5.938394107680889711e+00 6.483822023053416039e+00 7.646287901845274959e+00 8.815171295817568975e+00 9.456436517984077028e+00 1.026634892885968853e+01 1.185395902263375945e+01 1.234269818963617737e+01 1.263764316826846468e+01 1.342055104219912209e+01 1.456807534600225473e+01 1.511386577884361593e+01 1.631574395667148991e+01 1.783222372992917570e+01 1.889639014895396585e+01 2.094099531474132547e+01 2.589659699329580889e+01 4.513271492723465173e+01 5.858044477821083973e+01 5.126447966464194224e+02
-5.522928099196975360e+00 3.350454266305920914e+00 4.378388835644130062e+00 4.760477610008672755e+00 6.148302922673809512e+00 6.604552536661209672e+00 7.648070117664830470e+00 8.783225629502078746e+00 9.435678468502631588e+00 1.064185534963803903e+01 1.182196941282506586e+01 1.217214063443158523e+01 1.265256843031710332e+01 1.338416954400015335e+01 1.464268924656823856e+01 1.512254442980789193e+01 1.646416971226319248e+01 1.780459036550200835e+01 1.882822437648441394e+01 2.093653253740153630e+01 2.585966810675733996e+01 4.505213589194681134e+01 5.858003204620703741e+01 5.126420722358514013e+02
-5.600263656661902623e+00 3.570189376391979419e+00 4.242244928330006992e+00 4.870734210617643889e+00 6.187788295088573420e+00 6.642726976912167736e+00 7.666899046272472873e+00 8.767585376808748165e+00 9.420839509474179252e+00 1.081650135925316469e+01 1.180208305328568841e+01 1.209223023354513415e+01 1.265924822174997288e+01 1.337160362244598666e+01 1.467256330743824577e+01 1.512715456600698261e+01 1.652210262214143910e+01 1.779614887425665160e+01 1.879737356333324172e+01 2.093207631991986517e+01 2.584621573258652205e+01 4.502308732054771667e+01 5.857995188416857246e+01 5.126410998748345946e+02
-8.730423418834119431e+00 3.125280095812093872e+00 5.410861824224445726e+00 6.246059134999215168e+00 6.879293305374369893e+00 7.451746853770330858e+00 8.515749075631360299e+00 9.068477661053028882e+00 9.583352226193079915e+00 1.043072132665312068e+01 1.098698910536297824e+01 1.140271534370515738e+01 1.309083317708202010e+01 1.398645440638968651e+01 1.499217935842355232e+01 1.515786920053936626e+01 1.741335757466180212e+01 1.826500011646458432e+01 1.940045672681527122e+01 2.151365256552537275e+01 2.785271620092018097e+01 4.444911492040270673e+01 5.844465788550801477e+01 5.122050728648129052e+02
-8.656720150596612484e+00 3.131854892773964671e+00 5.294237095635797807e+00 6.314686100879129071e+00 6.930248137375448536e+00 7.501273799416107835e+00 8.453825308482894485e+00 9.031206858638071822e+00 9.590668027752743185e+00 1.041892816574183911e+01 1.095042894875047423e+01 1.148493567617274813e+01 1.309572855028934235e+01 1.397862732823895016e+01 1.498516485327362702e+01 1.514515214954668743e+01 1.736362895778122351e+01 1.824834740276775946e+01 1.937402046418122126e+01 2.152095309897256215e+01 2.781827525448681371e+01 4.446436313694588449e+01 5.844458019949706085e+01 5.122127943439754745e+02
-8.437263471429750084e+00 3.148193640156648598e+00 5.043971832789017284e+00 6.391936687946287776e+00 7.078607514136448842e+00 7.629121725375822116e+00 8.302982897753155456e+00 8.931649934989975392e+00 9.608090824157391907e+00 1.039392522622441284e+01 1.087383189069530687e+01 1.166321888758976044e+01 1.310998165012796512e+01 1.395999144153205584e+01 1.495929372467763052e+01 1.511254729271302466e+01 1.723068886832912483e+01 1.819539088285056039e+01 1.929982680832809194e+01 2.153588238898423768e+01 2.771917567452365816e+01 4.451004566734190604e+01 5.844484744234580376e+01 5.122354410426142977e+02
-8.077889666008228886e+00 3.164187313582165206e+00 4.747050345629239665e+00 6.389024785831408870e+00 7.229394475387711516e+00 7.705007627055382002e+00 8.210838258686949942e+00 8.820236292316151250e+00 9.626108853104517138e+00 1.035483904258284582e+01 1.078552124891852948e+01 1.185682540208167524e+01 1.312992707055719244e+01 1.394067475435299031e+01 1.490354406023660516e+01 1.507546808589395582e+01 1.705166552747377295e+01 1.809857333835115867e+01 1.919578796415947508e+01 2.154252396922528234e+01 2.756697060720614090e+01 4.458563053190329128e+01 5.844678998222823196e+01 5.122714927246881871e+02
-7.590916602272623770e+00 3.163663429420711548e+00 4.414037841500625170e+00 6.315276469428607875e+00 7.211392918106982464e+00 7.578772719677512093e+00 8.293132590493529577e+00 8.815252940387983571e+00 9.625888119899444817e+00 1.029510029527460624e+01 1.070806837717863758e+01 1.203006463799772696e+01 1.314375612722402664e+01 1.392749543719320648e+01 1.481971964764446170e+01 1.504612379513061349e+01 1.685793222063960783e+01 1.795484730303247289e+01 1.909196454669937282e+01 2.152599631297754001e+01 2.737752345368989637e+01 4.468925404856701533e+01 5.845211419364346739e+01 5.123185239573730314e+02
-6.998046135466951867e+00 3.125661427766485367e+00 4.032273783575939241e+00 6.173266846112970718e+00 6.918142360814144354e+00 7.439622008525028640e+00 8.299037739805052993e+00 8.980487124625634365e+00 9.570809858451054808e+00 1.026093656398299458e+01 1.067324658283163075e+01 1.217481506946873537e+01 1.313216826523396996e+01 1.391685520084861594e+01 1.473466032836197392e+01 1.502660426430390395e+01 1.665051774764591741e+01 1.778924331090638233e+01 1.901483391155453617e+01 2.147889988792898563e+01 2.716719603771818470e+01 4.481677273141173146e+01 5.846230975350113823e+01 5.123733607939875583e+02
-6.332953374062388008e+00 3.024265692049437515e+00 3.592727902098614923e+00 5.960054127113821210e+00 6.453291422891593854e+00 7.264762556689541739e+00 8.234443496739697110e+00 9.087827306514725478e+00 9.481564307356407539e+00 1.027502415843902206e+01 1.075272526669772155e+01 1.229412422394364235e+01 1.308227468270007599e+01 1.389240084462393021e+01 1.467511386775219329e+01 1.502312287761319709e+01 1.641012301863843703e+01 1.766150917507796692e+01 1.896997799159311171e+01 2.140130081668148065e+01 2.694997553538623336e+01 4.496119499425794430e+01 5.847808677169811631e+01 5.124322885461389205e+02
-5.642756310798462849e+00 2.824106474457761085e+00 3.102445397824538542e+00 5.674651310184038344e+00 5.858753632768678443e+00 7.070542373857201746e+00 8.111173921223604921e+00 9.010755161645933597e+00 9.443870101027867392e+00 1.025423354306490431e+01 1.100637959692689449e+01 1.239151307501667354e+01 1.300513086170283117e+01 1.384098941942616001e+01 1.462352749167638422e+01 1.505097723763330819e+01 1.616336478398734755e+01 1.761202263412187108e+01 1.894626804164043676e+01 2.129755691668076167e+01 2.673686534872556209e+01 4.511279040214469660e+01 5.849897862158765349e+01 5.124912989061488133e+02
-4.986266524966440628e+00 2.463991259407172230e+00 2.600342811042378077e+00 4.996951910932466490e+00 5.484506763214617386e+00 6.884098160437425840e+00 7.944216490144945020e+00 8.881504732202161634e+00 9.393097539102704729e+00 1.018769783021638808e+01 1.134191750615286942e+01 1.246092723415222103e+01 1.294098746428231372e+01 1.376894223874013967e+01 1.453630632726756744e+01 1.510243877222380071e+01 1.600524683253457781e+01 1.762702068213461715e+01 1.892994507105368385e+01 2.117482548097400397e+01 2.653738835698992560e+01 4.525991150833793597e+01 5.852319731190222285e+01 5.125463612764484651e+02
-4.422001750788860264e+00 1.932945648752290246e+00 2.085943059054774285e+00 4.015839575545580686e+00 5.297477327366339139e+00 6.704398014792201543e+00 7.793919960196622476e+00 8.763421297431989387e+00 9.296042395425233806e+00 1.009937886623812631e+01 1.164723837777485471e+01 1.249361660507574534e+01 1.293592765347442075e+01 1.369119131595323502e+01 1.442535755969518441e+01 1.513491351774033689e+01 1.599825144516632314e+01 1.767284423842952279e+01 1.891223597520139066e+01 2.104485580365912512e+01 2.636175717746689884e+01 4.539032485648397852e+01 5.854779371835888213e+01 5.125937002267247635e+02
-3.981873897179525112e+00 1.339430259110213184e+00 1.462727217693461590e+00 2.856619796464574534e+00 5.209762226251040573e+00 6.530619580358172804e+00 7.705530145765724370e+00 8.652788431154249338e+00 9.178432731397919042e+00 1.001478427993313325e+01 1.185499375384078569e+01 1.252183035557074398e+01 1.297649212627846182e+01 1.362468662358568849e+01 1.433762124268233684e+01 1.514079624939476254e+01 1.608986926652010041e+01 1.772297933570121486e+01 1.889121506295252217e+01 2.092608516010187358e+01 2.622203157712327481e+01 4.549271471831887226e+01 5.856914259857035887e+01 5.126300592024548450e+02
-3.666033679751303787e+00 7.018815557128808003e-01 7.560601142167230337e-01 1.527266419758029903e+00 5.193323614020070700e+00 6.387926154604868678e+00 7.676650496988093764e+00 8.559451975047576155e+00 9.086554897564054656e+00 9.956112060863231861e+00 1.195557438060085964e+01 1.256691001602154145e+01 1.301196667663731255e+01 1.358437895634261849e+01 1.429200087789418916e+01 1.513861948063203933e+01 1.618583880429791222e+01 1.776058717544116661e+01 1.887192044314708284e+01 2.084144395006246597e+01 2.613110647347125237e+01 4.555802999232711414e+01 5.858370125981527110e+01 5.126529305869092923e+02
-3.529253013027781716e+00 -4.302862459412120505e-02 -5.142267450281957961e-06 3.022682861289818779e-01 5.197189051556972750e+00 6.329577780262271247e+00 7.673955778971262021e+00 8.520436502705194926e+00 9.052983792033646893e+00 9.935386592610852219e+00 1.198303834327405148e+01 1.259045498868842827e+01 1.302319728538859422e+01 1.357215746979628612e+01 1.427934923361456576e+01 1.513734901984967429e+01 1.622450715985252501e+01 1.777463733989730699e+01 1.886375519059295058e+01 2.081063539933942863e+01 2.609943638957140877e+01 4.558046650838339531e+01 5.858887254814924717e+01 5.126607342499954711e+02
-3.628365432856566652e+00 7.627733708384515365e-01 8.897949716323310110e-01 1.600429826915394260e+00 5.160602015683099175e+00 6.450052948281272513e+00 7.646202415749919545e+00 8.518963749367207683e+00 9.152367022774759775e+00 9.931977566621275955e+00 1.196494590552176795e+01 1.257104045489825950e+01 1.300541549622208137e+01 1.363383844680353718e+01 1.426999057663923232e+01 1.516106038052741134e+01 1.621739235791355682e+01 1.779103301292979467e+01 1.886178046728595703e+01 2.080296170313039994e+01 2.618687152483548530e+01 4.561866560788773484e+01 5.858664531942361009e+01 5.126589145909808849e+02
-3.783252463264683119e+00 1.480219373025185803e+00 1.732471079123481417e+00 2.902230372591096508e+00 5.149034965810622033e+00 6.753477932513008319e+00 7.576112449144678962e+00 8.587510524682402391e+00 9.358762408897618457e+00 9.924611232625801804e+00 1.191846142295770328e+01 1.251610338307165904e+01 1.296567294538565207e+01 1.378254136155977605e+01 1.424955880528570340e+01 1.522919416273888515e+01 1.621151146105997043e+01 1.783016372211071499e+01 1.885369964012603816e+01 2.077803129452341580e+01 2.644662696410446046e+01 4.573581885091999766e+01 5.858017340685184138e+01 5.126535218283207769e+02
-3.890369295642372549e+00 2.157399779557306552e+00 2.485092580760464021e+00 3.795795644694354376e+00 5.409331168346152019e+00 7.156773412964397174e+00 7.525103754583587268e+00 8.749870582406042985e+00 9.572111265936079860e+00 9.927214483842856652e+00 1.185871534486229883e+01 1.243471411801454174e+01 1.291952515982435301e+01 1.392806570237047303e+01 1.425532875246413056e+01 1.533079483114295805e+01 1.624510137087230532e+01 1.787240556273307135e+01 1.883393807725410340e+01 2.073180251485745984e+01 2.686747874266182023e+01 4.593917137364068992e+01 5.857004402826324707e+01 5.126447517918089716e+02
-3.969502992719533108e+00 2.759108657235286532e+00 3.158348065545173888e+00 4.225503953598936491e+00 6.063167862073460590e+00 7.444213146755713773e+00 7.736136553447594544e+00 8.946537028234988753e+00 9.732617771878651070e+00 9.988880040804223981e+00 1.179459123968515932e+01 1.234049311016535633e+01 1.287300782987194125e+01 1.396384600566199374e+01 1.434563538356432133e+01 1.544736218867813804e+01 1.635699314855663999e+01 1.790618360877271797e+01 1.879667692473541862e+01 2.066213435899735984e+01 2.742266585726935091e+01 4.623927002585885049e+01 5.855710819139869727e+01 5.126329216542998211e+02
-4.075613020062783143e+00 3.258925734399308105e+00 3.772930294080419689e+00 4.552322461711312052e+00 6.772615509528378652e+00 7.549802228867894094e+00 8.295688557966146348e+00 9.108433925171501855e+00 9.817640296697659252e+00 1.016246145372271847e+01 1.172283082651531849e+01 1.225040558265665247e+01 1.283041054303918749e+01 1.392451966242195383e+01 1.445610737766168263e+01 1.556822980763635655e+01 1.654625529797926475e+01 1.793785579861411250e+01 1.874079545695482096e+01 2.057261314749332115e+01 2.806752136822683497e+01 4.664734652115939184e+01 5.854232896642109552e+01 5.126184566885858658e+02
-4.248088415427172748e+00 3.674632836177144757e+00 4.346816789200877551e+00 4.963819197334010447e+00 7.300398254242912444e+00 7.755049251566043189e+00 8.890928422586332758e+00 9.208343535203928454e+00 9.918325728945774244e+00 1.039495279673478478e+01 1.163548681813405317e+01 1.217572231614261646e+01 1.280047851148433224e+01 1.387421372590958590e+01 1.452367981874883007e+01 1.569700515582562694e+01 1.674636917059412511e+01 1.799524195431362728e+01 1.867425113212940246e+01 2.047389209605459470e+01 2.874563736382078005e+01 4.717137319103918713e+01 5.852663435516969770e+01 5.126018728193309926e+02
-4.486598050632687240e+00 4.051973966966476048e+00 4.890080280859854689e+00 5.431231813268124320e+00 7.612282900292297150e+00 8.083424257721516071e+00 9.120946731211276415e+00 9.511572992071021915e+00 1.012010211288039230e+01 1.063628485040338489e+01 1.154042087125568905e+01 1.210540779521331523e+01 1.280021953622481590e+01 1.383319456036730166e+01 1.455335858584146713e+01 1.582897598044255894e+01 1.686689084089821833e+01 1.810787728947982345e+01 1.861932221481222527e+01 2.038209464226005707e+01 2.940068580761759165e+01 4.781134636757764156e+01 5.851081239949824919e+01 5.125837559479582524e+02
-4.762617483482624259e+00 4.409865119153987045e+00 5.403357474676524497e+00 5.895885505822165307e+00 7.831830276947767899e+00 8.412331519362822974e+00 9.077666868616816487e+00 9.826738876567326031e+00 1.048352451875884661e+01 1.084559201454477062e+01 1.147656161340619008e+01 1.201621953435561885e+01 1.284471642245652134e+01 1.380096535320190654e+01 1.457222497036585729e+01 1.594167603709803416e+01 1.688155755702473471e+01 1.822889090324071759e+01 1.863193330251791124e+01 2.031498922902035176e+01 2.998782996895317865e+01 4.855527669097208587e+01 5.849546949511752558e+01 5.125647391596498892e+02
-5.042576075328176977e+00 4.744756646118505117e+00 5.878397625225615819e+00 6.322715105957547266e+00 8.010396501021144644e+00 8.670897770902914914e+00 9.019043956378594018e+00 1.000021852826362689e+01 1.086059219941109255e+01 1.099705300859240964e+01 1.151000550392748956e+01 1.191131846695170537e+01 1.292988120932786522e+01 1.376510345461830553e+01 1.460377883444464864e+01 1.600365213803295106e+01 1.684822392880151654e+01 1.825581498629778210e+01 1.876929896963991240e+01 2.028624332114697992e+01 3.048016801247934993e+01 4.937773470990612878e+01 5.848105075616468440e+01 5.125454789650785870e+02
-5.299977063379897047e+00 5.050320962145600667e+00 6.296066491238898166e+00 6.698744037033470100e+00 8.130926151207242825e+00 8.826621985864401054e+00 9.031825017566259106e+00 1.010191770139550727e+01 1.093911328203991395e+01 1.124001594937899284e+01 1.164259956012807073e+01 1.185618726848919913e+01 1.303853664576105764e+01 1.371362071223644641e+01 1.465608374068312436e+01 1.599319683780271717e+01 1.683787976447687385e+01 1.821996409235455161e+01 1.895885368586770525e+01 2.029829492149281833e+01 3.086901055782385228e+01 5.024186512163623064e+01 5.846790075831435729e+01 5.125266316862143867e+02
-5.518045917422438329e+00 5.324147842218014404e+00 6.624743278215431630e+00 7.024175754250072679e+00 8.185893286600148144e+00 8.885034381133360526e+00 9.158818120013508590e+00 1.014910398453823426e+01 1.090866966613871014e+01 1.132171657799382558e+01 1.176300458592122133e+01 1.199591334510301799e+01 1.314874690569968507e+01 1.365379149086477817e+01 1.472165175808136617e+01 1.592333174003486107e+01 1.687942007790359256e+01 1.816687215077309503e+01 1.914137222410845851e+01 2.033842662638474508e+01 3.115970037210168186e+01 5.110404370044688704e+01 5.845632927001921786e+01 5.125088309743982791e+02
-5.689189002961993147e+00 5.567900078565547695e+00 6.841239511940907292e+00 7.280844966166474030e+00 8.227069065899330624e+00 8.939205613092443770e+00 9.312980439193385251e+00 1.015497749816383255e+01 1.083917469255634991e+01 1.126950377257101010e+01 1.184465623553710856e+01 1.223955096125897235e+01 1.322071022678442986e+01 1.362698494456380338e+01 1.478952671102773309e+01 1.582935411010931404e+01 1.696190740902917327e+01 1.810786965335477561e+01 1.931068913289914946e+01 2.038454313913573301e+01 3.136587016428851271e+01 5.191927335270555943e+01 5.844664214609287001e+01 5.124926672658056077e+02
-5.813525178782281699e+00 5.784881280277109461e+00 6.956278142347046334e+00 7.421376265035178221e+00 8.322061625927712925e+00 9.017653884254723806e+00 9.451232076888818057e+00 1.013609066009817994e+01 1.073801404552947503e+01 1.119234713271883841e+01 1.188934252559012528e+01 1.246319973234980694e+01 1.321929606700675564e+01 1.367257339152220474e+01 1.485487277636833703e+01 1.573756703510277077e+01 1.706269287288493786e+01 1.804755040141203892e+01 1.947271386263915005e+01 2.041674266713681263e+01 3.150441363076926748e+01 5.264570008983461946e+01 5.843910482384014671e+01 5.124786697570576735e+02
-5.896714623293108026e+00 5.976022560172159714e+00 6.999739483554654917e+00 7.451330862721275317e+00 8.455579300298190049e+00 9.133638400159570736e+00 9.548223727704399977e+00 1.011310451727632120e+01 1.063351466987107941e+01 1.109455968399640291e+01 1.190996725655124777e+01 1.264226881557472026e+01 1.317723567378640404e+01 1.375394864923251959e+01 1.491679015296094590e+01 1.566061228141217754e+01 1.715897443353985352e+01 1.799199565528717315e+01 1.962867743075005222e+01 2.042431286743488528e+01 3.159205375958702078e+01 5.324761263188377569e+01 5.843383274929509241e+01 5.124672912495146875e+02
-5.947216454034052191e+00 6.135490879171282330e+00 7.001411900164102420e+00 7.431388176667670820e+00 8.564898091804288072e+00 9.268267515207073259e+00 9.596531716195260131e+00 1.011279400894022729e+01 1.054976539973493210e+01 1.097315517427531084e+01 1.192350255033165318e+01 1.277768929192420444e+01 1.312811754405557885e+01 1.382608327597424136e+01 1.497196481151495462e+01 1.560334168907816021e+01 1.723331298911283227e+01 1.794824040967542089e+01 1.977087621520622562e+01 2.040694090393142446e+01 3.164332159104354858e+01 5.369704576984848643e+01 5.843066220780614373e+01 5.124588959943791906e+02
-5.973454961163095156e+00 6.247586420377460925e+00 6.986137382347827440e+00 7.406804954905131133e+00 8.629704994629738835e+00 9.350033329771491708e+00 9.635465815347044938e+00 1.014111946491334137e+01 1.049274831507682215e+01 1.085816339849552747e+01 1.193434998892971066e+01 1.287402018427595252e+01 1.308039281057302361e+01 1.387210589032579477e+01 1.501212450276079302e+01 1.556759208897910263e+01 1.727770652459180667e+01 1.792121401496581612e+01 1.988032082375659826e+01 2.037624441846649148e+01 3.166938140136478097e+01 5.397434485862105191e+01 5.842913227831277112e+01 5.124537504997102815e+02
-5.981474187907278584e+00 6.289262688961134273e+00 6.976987719606930760e+00 7.397128770625465144e+00 8.651367485005829749e+00 9.364839489134512363e+00 9.662728876945353207e+00 1.016227372291504061e+01 1.046916147854523160e+01 1.080789872491520143e+01 1.193877562410219006e+01 1.291697117771826697e+01 1.305313178856432366e+01 1.388768727973720907e+01 1.502712604234541161e+01 1.555526590861341951e+01 1.729207420547887608e+01 1.791226287465070044e+01 1.992432377234688445e+01 2.035922035388686879e+01 3.167726637110757082e+01 5.406802767054814041e+01 5.842870377002999760e+01 5.124520171551932890e+02
-5.305806687976025948e+00 4.121103290273556929e+00 5.928761243812238568e+00 8.125917599925095658e+00 8.582698415692059157e+00 8.849312903639384942e+00 9.548106793103057655e+00 9.719137254782056701e+00 1.069719598388253168e+01 1.145287911167195638e+01 1.209260707561696968e+01 1.273988167301129515e+01 1.316596074425098273e+01 1.353417649953521007e+01 1.427942978193128098e+01 1.521508829790277240e+01 1.660554450391325787e+01 1.897167384730837014e+01 1.925956856664032557e+01 2.035240957445377319e+01 3.323867013321363117e+01 5.414523890247182436e+01 5.827021301411119225e+01 5.125253736206644817e+02
-5.371402185281834996e+00 4.164863196067053686e+00 5.934555176721874048e+00 8.098185727013790469e+00 8.537816847599195569e+00 8.849034909019085404e+00 9.548107450451897904e+00 9.774209283475624233e+00 1.069011744259980823e+01 1.144629293888595356e+01 1.207269572097779609e+01 1.272090961786837759e+01 1.318100623862664023e+01 1.351322949843212129e+01 1.435340843803780686e+01 1.521244709492129132e+01 1.661902744111872821e+01 1.896621302538887477e+01 1.924446247303760416e+01 2.034708803122949661e+01 3.321986736526535822e+01 5.405696772070155731e+01 5.827224074826288103e+01 5.125267471956943837e+02
-5.546198282666980894e+00 4.279820991419457599e+00 5.947356806998958412e+00 8.016771903605606653e+00 8.428735691300143884e+00 8.854676364910545772e+00 9.566046063295011948e+00 9.881338890214667714e+00 1.066894078611324836e+01 1.142344318444454210e+01 1.202485108129888758e+01 1.266143202298140480e+01 1.321546533612938390e+01 1.350189395141749671e+01 1.451666591462156575e+01 1.521775170905527297e+01 1.665770705419092224e+01 1.894721843080570167e+01 1.920379484366892342e+01 2.033003747661704708e+01 3.316223913675358403e+01 5.379537252820850313e+01 5.827857637739855790e+01 5.125307554719942118e+02
-5.778058680999385466e+00 4.425725320142512409e+00 5.955311744823275966e+00 7.896858027207091624e+00 8.293204706745665789e+00 8.874023608284590026e+00 9.590053659969910882e+00 9.977404410950629909e+00 1.063480228284234208e+01 1.137708199657813779e+01 1.198042397330153186e+01 1.255608128146375435e+01 1.324707722554611955e+01 1.356517159582689125e+01 1.466703197424796556e+01 1.527083228544427662e+01 1.671753378409658453e+01 1.890910700641818920e+01 1.914883220168077926e+01 2.029907980831679382e+01 3.306203575039454279e+01 5.337024569095751048e+01 5.828984583626146332e+01 5.125370819443145365e+02
-6.010165200054159662e+00 4.555412285374686121e+00 5.943798633693353040e+00 7.767910712964949838e+00 8.148688583734379876e+00 8.901845005516745957e+00 9.591584899103782647e+00 1.003009629524483692e+01 1.059784629783362675e+01 1.130794623795241982e+01 1.196779671776885223e+01 1.240300641333102405e+01 1.327668873449871079e+01 1.369537973635937078e+01 1.473951387466785867e+01 1.540104608038025802e+01 1.679449652279078364e+01 1.885018438042698818e+01 1.908981293814758473e+01 2.025326153313409350e+01 3.291279252761120944e+01 5.279827629192689642e+01 5.830672394937266745e+01 5.125452634030009449e+02
-6.196486611668358790e+00 4.627722488874713491e+00 5.901290720264920076e+00 7.652318961425447874e+00 8.005706865297383956e+00 8.916180703998357160e+00 9.558064385925058914e+00 1.000946216587439963e+01 1.058762392500035610e+01 1.123605272882275230e+01 1.198831192194824169e+01 1.221044447957946666e+01 1.330352097202429462e+01 1.384761711892775793e+01 1.476023494240551237e+01 1.556325373842196846e+01 1.688531211836243173e+01 1.877674657985344453e+01 1.903064697502215097e+01 2.019525484749748756e+01 3.270527919202799438e+01 5.210333822179732977e+01 5.832955954768254259e+01 5.125547696706918259e+02
-6.304910434418095733e+00 4.614747159904460716e+00 5.824583897102805885e+00 7.550858912393421996e+00 7.875929377825200639e+00 8.877235268694654735e+00 9.503601459324983125e+00 9.903907218990285699e+00 1.062612890229146068e+01 1.118299176003661088e+01 1.197503471930799535e+01 1.204615748301969269e+01 1.330624224406166789e+01 1.397491748532854672e+01 1.478997327412225893e+01 1.569360934358618564e+01 1.698501552953190341e+01 1.869387450361706371e+01 1.897442189595133755e+01 2.013405608504398359e+01 3.242791061877269243e+01 5.131644230766411852e+01 5.835807158398324646e+01 5.125650864133166351e+02
-6.315192236264229209e+00 4.507682909224103085e+00 5.715355701294747348e+00 7.442798420062580966e+00 7.768709037280199681e+00 8.738593650298588145e+00 9.451382835230804247e+00 9.757462916816770360e+00 1.069008873382762381e+01 1.114762875919214125e+01 1.176953316620379475e+01 1.207650829302782292e+01 1.326525980269679650e+01 1.403846279738299963e+01 1.486656365527575119e+01 1.576035720927090544e+01 1.708311641190963215e+01 1.859458903521316486e+01 1.892732695304579593e+01 2.008762270262993610e+01 3.206800396453772350e+01 5.047494833301077932e+01 5.839119266871787772e+01 5.125757816292846201e+02
-6.217056139984846297e+00 4.319475625298477617e+00 5.567946028632381861e+00 7.300554728045636210e+00 7.682646239385161557e+00 8.486472917200051924e+00 9.393144354328262224e+00 9.634827147983671125e+00 1.072974282228812015e+01 1.109612135876266770e+01 1.160384024482831400e+01 1.210139351473956282e+01 1.318185843390849854e+01 1.403567928860847580e+01 1.497787472577057599e+01 1.576348029584357135e+01 1.716224470862901796e+01 1.846671774375747432e+01 1.889021627265419312e+01 2.008037362901321643e+01 3.161426926766716505e+01 4.962054978871961453e+01 5.842710088246383293e+01 5.125865413573885689e+02
-6.010471501918254411e+00 4.075582154976983951e+00 5.368526942985230477e+00 7.104342547712755973e+00 7.588472741540783773e+00 8.167957685625804487e+00 9.289958047815956022e+00 9.576786550042035273e+00 1.069037055881140219e+01 1.096066504672276842e+01 1.155858757159947281e+01 1.210338299338865475e+01 1.307844957697886912e+01 1.399456834390399429e+01 1.507700258657999193e+01 1.572459327997216860e+01 1.719794574346206772e+01 1.831301448832035561e+01 1.885671267293954401e+01 2.012903591272777959e+01 3.106073037171643847e+01 4.879567795899866667e+01 5.846344134809561410e+01 5.125971686832941714e+02
-5.708235024078286202e+00 3.798973712540427705e+00 5.108035819369312946e+00 6.839547817837122068e+00 7.389185995848873922e+00 7.911402732236518354e+00 9.133706866582919304e+00 9.561677763483908521e+00 1.054618102566770688e+01 1.071689343004592843e+01 1.163122146426889181e+01 1.208836219428743597e+01 1.297994381292491894e+01 1.394817113031434808e+01 1.512028422439260567e+01 1.567148412083889575e+01 1.715540828468401813e+01 1.816666037732015582e+01 1.882442285715319841e+01 2.022822129023323257e+01 3.041166413258227408e+01 4.803854638195885229e+01 5.849769322752166545e+01 5.126075499295394593e+02
-5.339830100226911291e+00 3.502224104690500717e+00 4.788516000616485968e+00 6.490888903442291635e+00 7.029902205129954673e+00 7.803937216408725064e+00 8.938370129928173924e+00 9.522756665862358361e+00 1.025746852929708730e+01 1.045942277623933414e+01 1.174727644614903888e+01 1.208046296900425887e+01 1.289996210376020613e+01 1.392346716935775497e+01 1.508317904861202052e+01 1.562167945225084864e+01 1.700275593125207507e+01 1.807924506928136310e+01 1.879424142143132670e+01 2.035564260907464273e+01 2.968611121779476747e+01 4.737801070064131181e+01 5.852759977583434647e+01 5.126176003820943379e+02
-4.953269913833250548e+00 3.184892951068421851e+00 4.415999690552220969e+00 6.047659956422680061e+00 6.633607756109343612e+00 7.752916527384025258e+00 8.704901402922883946e+00 9.311205704626589252e+00 9.922016881860036719e+00 1.026694233423732072e+01 1.183566474128233637e+01 1.212288945382356253e+01 1.284531998869390002e+01 1.393078665497168700e+01 1.496358856030125928e+01 1.557509608183323024e+01 1.675970103324498695e+01 1.806316795000670083e+01 1.876555470558715655e+01 2.048693752823145431e+01 2.891965704009446014e+01 4.683010661087269000e+01 5.855156196422520054e+01 5.126272068579588677e+02
-4.606350115791316036e+00 2.830152136561881804e+00 3.983490902873279005e+00 5.525827143460438684e+00 6.269545809784723644e+00 7.702861585125166499e+00 8.344302798803679977e+00 8.893662097095784702e+00 9.733483087967711000e+00 1.013132542873528408e+01 1.186907173644115865e+01 1.222999817219477237e+01 1.282106691286753097e+01 1.396166354300852497e+01 1.477498091149857196e+01 1.552057154470949207e+01 1.649825596403357508e+01 1.807914122544161728e+01 1.874176139820274400e+01 2.060351401434485652e+01 2.816147978597832946e+01 4.639770544339982905e+01 5.856890316595769264e+01 5.126361846440399859e+02
-4.337976727618739758e+00 2.408938136186697498e+00 3.453157811370018759e+00 4.938335851580171187e+00 5.949681786654000604e+00 7.620456795071709699e+00 7.748276991473233899e+00 8.626067025693956225e+00 9.583923676487644983e+00 1.005230139981247994e+01 1.188629491704191743e+01 1.235105392653579237e+01 1.283101664275377018e+01 1.399168230212208996e+01 1.454702564480797733e+01 1.544231603986045620e+01 1.629566905076695704e+01 1.807469616847209082e+01 1.873708925891200039e+01 2.069423709003999790e+01 2.746644121224695922e+01 4.607324650650317466e+01 5.857993921016392846e+01 5.126442618817745824e+02
-4.135201544265523665e+00 1.901806472117524960e+00 2.778293548621885822e+00 4.205655462235541542e+00 5.669788480934522923e+00 7.049333650549518104e+00 7.642414577034709389e+00 8.495268504925416408e+00 9.433369296464661602e+00 1.000254261478519879e+01 1.191066557709133988e+01 1.245053460976632209e+01 1.287487063940483623e+01 1.396285805541990754e+01 1.435223714449600685e+01 1.533747085887481099e+01 1.619550402581817750e+01 1.801581954884376557e+01 1.876369830125531735e+01 2.075547743382859522e+01 2.688450575105066775e+01 4.584315699560564639e+01 5.858582876598261890e+01 5.126510965946171154e+02
-3.937245281122244034e+00 1.313328421020112158e+00 1.954588643914079382e+00 3.179518922272581705e+00 5.429010039525062226e+00 6.609382432484131265e+00 7.647252346864770622e+00 8.451270245178559293e+00 9.277860638676129312e+00 9.966410689676411749e+00 1.194263707356548032e+01 1.252247390316474984e+01 1.293905843091489238e+01 1.381246741256510013e+01 1.428199209133038572e+01 1.523360298691846815e+01 1.618259945746290285e+01 1.791383537688070504e+01 1.880928076085146117e+01 2.079037528862805573e+01 2.645181996839602689e+01 4.569232979135162509e+01 5.858822827575737335e+01 5.126563223929430251e+02
-3.693440706569460108e+00 6.625297590553375082e-01 1.019932131400376418e+00 1.791303371743583561e+00 5.258732360444430931e+00 6.392346289056126452e+00 7.665828673960696449e+00 8.483242525814182144e+00 9.127880999367551595e+00 9.943321238791394734e+00 1.197135295474377337e+01 1.257134783876849760e+01 1.299794682985380767e+01 1.364345985431401331e+01 1.427739597170153196e+01 1.516214867042554459e+01 1.620849778064579993e+01 1.781567927549406960e+01 1.884863963987043789e+01 2.080632384106256438e+01 2.618783376130893004e+01 4.560767184810507047e+01 5.858882639483848465e+01 5.126596108992159770e+02
-3.529253013027781716e+00 -4.302862459412120505e-02 -5.142267450281957961e-06 3.022682861289818779e-01 5.197189051556972750e+00 6.329577780262271247e+00 7.673955778971262021e+00 8.520436502705194926e+00 9.052983792033646893e+00 9.935386592610852219e+00 1.198303834327405148e+01 1.259045498868842827e+01 1.302319728538859422e+01 1.357215746979628612e+01 1.427934923361456576e+01 1.513734901984967429e+01 1.622450715985252501e+01 1.777463733989730699e+01 1.886375519059295058e+01 2.081063539933942863e+01 2.609943638957140877e+01 4.558046650838339531e+01 5.858887254814924717e+01 5.126607342499954711e+02
-3.576449116980342513e+00 4.338780905646375530e-01 8.586142499592946953e-01 1.536483908871572046e+00 5.195687418314266282e+00 6.446277224107805459e+00 7.667862971973162800e+00 8.478792309764619617e+00 9.154766335361991025e+00 9.939301517207368875e+00 1.197010980090877297e+01 1.256932311432402471e+01 1.301632997095818212e+01 1.363676546525894118e+01 1.427182840523812857e+01 1.517039799213830875e+01 1.624055820862054134e+01 1.777845999940537780e+01 1.884566259300373758e+01 2.080512868286163553e+01 2.619012045709602532e+01 4.563326135064676237e+01 5.858578009193379899e+01 5.126587649666437301e+02
-3.658576541841571661e+00 1.002358269519057821e+00 1.610075292118277046e+00 2.806236362783330218e+00 5.285819279618108268e+00 6.746785245692135113e+00 7.650557064030100385e+00 8.455509823425533256e+00 9.363855199493372083e+00 9.951690895062650810e+00 1.193478877082845990e+01 1.251926630672198115e+01 1.299976108415986431e+01 1.377774681914376842e+01 1.427777156952757487e+01 1.525952617341374307e+01 1.629308988937589575e+01 1.778897342249351965e+01 1.879185773088090272e+01 2.078536437140599347e+01 2.645974050158604030e+01 4.579347127027839548e+01 5.857663189766019940e+01 5.126529329607938053e+02
-3.723622132393811235e+00 1.565684117007737131e+00 2.317911334867514217e+00 3.673018456181173175e+00 5.664851359093082017e+00 7.132440224691329433e+00 7.675610530349913141e+00 8.525449229437164433e+00 9.592056540845627310e+00 9.975718682013301475e+00 1.188211868229455170e+01 1.246578678369028559e+01 1.297871727860484725e+01 1.385962053038689845e+01 1.438183486836156177e+01 1.538200318314045667e+01 1.639446570883603371e+01 1.780444085225687800e+01 1.870464090152098535e+01 2.074409464963601479e+01 2.689710589973053345e+01 4.606601808072342408e+01 5.856181168101807799e+01 5.126434628253895198e+02
-3.770902050956800533e+00 2.131126999379850950e+00 2.939710884419734160e+00 4.175684506592046041e+00 6.324838822949907957e+00 7.382527821638160681e+00 7.965305650853927055e+00 8.675241231501825467e+00 9.809748248757454547e+00 1.002411399117380775e+01 1.181377133746912911e+01 1.243258637744621709e+01 1.295553262441911357e+01 1.382917569225794097e+01 1.458431393815052779e+01 1.551370288738548453e+01 1.655700336230712466e+01 1.782525569150928035e+01 1.859008446261397296e+01 2.067582591480533694e+01 2.747484415163765803e+01 4.645717609875001841e+01 5.854194635420581960e+01 5.126307191998066628e+02
-3.825357000118106754e+00 2.688981338814321997e+00 3.458494271948126197e+00 4.620510545749671572e+00 7.001734069798932758e+00 7.480911765260552571e+00 8.479714190200274615e+00 8.901604849930736307e+00 9.978213853812178513e+00 1.015212018057991727e+01 1.173385431164397197e+01 1.243547527741532477e+01 1.293042107840204658e+01 1.375062845768333553e+01 1.478204345338342307e+01 1.563966966145830106e+01 1.676972035642996417e+01 1.785803824865915956e+01 1.845994375580632507e+01 2.058206098272529871e+01 2.814692449115882766e+01 4.697152965677204151e+01 5.851788735395867036e+01 5.126151926500043601e+02
-3.922187280212388494e+00 3.234449161997496436e+00 3.923033616541768520e+00 5.131914447540149915e+00 7.480890989516916001e+00 7.693897622393112812e+00 8.849505968415671830e+00 9.271605174688751561e+00 1.009689142650490545e+01 1.040421257875924610e+01 1.165634024520017675e+01 1.247647051898743875e+01 1.290290585312644822e+01 1.366491500334041476e+01 1.492271357988937552e+01 1.575944915297388604e+01 1.697832046055896171e+01 1.791859477206894979e+01 1.833373640025209639e+01 2.047342918368107689e+01 2.885534045239160150e+01 4.760786590659365913e+01 5.849068487768229829e+01 5.125974806897933149e+02
-4.084468945383471272e+00 3.774339380983323888e+00 4.390330758259324284e+00 5.669088654862593835e+00 7.650124458185013410e+00 8.159169012514349006e+00 9.061804495858286401e+00 9.624062372521507314e+00 1.024376764519386462e+01 1.075085358536800229e+01 1.160506153457043688e+01 1.253883448600867112e+01 1.287985083770936789e+01 1.359763691575553146e+01 1.499710119300978484e+01 1.587783912588957058e+01 1.710854285559044996e+01 1.800974941071825697e+01 1.824817807830197935e+01 2.036864146270079345e+01 2.954258232535742223e+01 4.835498216323747300e+01 5.846155497027505987e+01 5.125782646916105705e+02
-4.309268051191666338e+00 4.311458108223919616e+00 4.868135536575230127e+00 6.172198771774674242e+00 7.808021713547829812e+00 8.583099336647300959e+00 9.231728830019473975e+00 9.829768184206089998e+00 1.040459921194011983e+01 1.114593419710043420e+01 1.160987776188836484e+01 1.257143585065598579e+01 1.290253936087061959e+01 1.356863460995951520e+01 1.501428195691144296e+01 1.599622623470602534e+01 1.713310673512665971e+01 1.804526839863347121e+01 1.828646431833734098e+01 2.029001274236128793e+01 3.016320789250410428e+01 4.918906894358519111e+01 5.843183837121031132e+01 5.125582835933354318e+02
-4.574446687262192945e+00 4.828131559912796078e+00 5.349816010692123314e+00 6.594817266768772335e+00 7.988458660459228255e+00 8.927002961276134130e+00 9.388964652525753962e+00 9.952487531171728463e+00 1.052886954038661571e+01 1.148994795181342887e+01 1.169247686565565658e+01 1.254064143949654486e+01 1.301514486702186346e+01 1.358207609247165415e+01 1.499034760251733900e+01 1.611284144817373942e+01 1.708480846023286759e+01 1.802403470243487149e+01 1.840502804959510286e+01 2.025344603636436247e+01 3.068985028412212657e+01 5.007412286215861741e+01 5.840294755474154442e+01 5.125383054281112436e+02
-4.852656846924239709e+00 5.291735471082316344e+00 5.837193809202430472e+00 6.912397526873371945e+00 8.189346260229614316e+00 9.177428797503425884e+00 9.551647602379590651e+00 1.003309101742827281e+01 1.061088208368184915e+01 1.171929089792937440e+01 1.180440360073369988e+01 1.253560175852794423e+01 1.318235013679894330e+01 1.361983499148895937e+01 1.494796267651960342e+01 1.621989734636884606e+01 1.700941302474647543e+01 1.801013662730907328e+01 1.851198298064633718e+01 2.025568489308111353e+01 3.111296653045587135e+01 5.096550487016828868e+01 5.837629363162175622e+01 5.125190977825596974e+02
-5.119766649578420648e+00 5.676864983115935459e+00 6.323979163845564244e+00 7.138470163360274512e+00 8.389462138039085914e+00 9.331348358566664558e+00 9.724959281457339344e+00 1.008583627968641849e+01 1.066913511133023995e+01 1.177939840325879395e+01 1.190588863994859992e+01 1.264860945808966264e+01 1.335825254897362768e+01 1.365228652612137950e+01 1.491773925211757579e+01 1.629279296276907729e+01 1.695278209220306564e+01 1.800226067108415506e+01 1.861436210657196000e+01 2.027294046983158538e+01 3.143650419078378278e+01 5.181526374023749781e+01 5.835317785196673412e+01 5.125013983229741825e+02
-5.357363776377209952e+00 5.977899035220253232e+00 6.770638987032234546e+00 7.328289615508528421e+00 8.556704725117032950e+00 9.409695119528926455e+00 9.876697175556198971e+00 1.013830650402762501e+01 1.070512527420739701e+01 1.167900154861147932e+01 1.204074467797338954e+01 1.283069627115213329e+01 1.349890168371797294e+01 1.366617328691329192e+01 1.492886514927563013e+01 1.629449949129884345e+01 1.695848302793873330e+01 1.798601636889640787e+01 1.874409137395694103e+01 2.027557157548505629e+01 3.167233182620680410e+01 5.257739292150659338e+01 5.833462847764079129e+01 5.124858865187065931e+02
-5.552534009452452679e+00 6.198209149926370287e+00 7.088699384389420821e+00 7.579109333292683992e+00 8.667306515580685655e+00 9.434625821404544865e+00 9.964466836666167282e+00 1.022475718638364484e+01 1.070563498548466619e+01 1.156809097101687023e+01 1.214650017076563060e+01 1.300567698809835271e+01 1.354449407983227438e+01 1.370232290867235214e+01 1.498968378747589369e+01 1.622639366962040697e+01 1.702511517922615525e+01 1.795448384907212969e+01 1.891591443366961656e+01 2.024281902821406121e+01 3.183535007108371673e+01 5.321183840034785817e+01 5.832118163959390245e+01 5.124731576387047198e+02
-5.696829353921200934e+00 6.343861760587095056e+00 7.245988528187298883e+00 7.917527565212671092e+00 8.707507512377636871e+00 9.424924836835925746e+00 9.995663083476491906e+00 1.032342326372163122e+01 1.067416010366127388e+01 1.148989096569299484e+01 1.222144793636203275e+01 1.313599412297346092e+01 1.351872699332258598e+01 1.375779482381185481e+01 1.508012515412401200e+01 1.613152064351695003e+01 1.711011755664377887e+01 1.791333327246758600e+01 1.911468246427856599e+01 2.016979817051696600e+01 3.193995323310593903e+01 5.368695333321183227e+01 5.831267985159932721e+01 5.124637000040366956e+02
-5.785159751464154176e+00 6.424437904840795355e+00 7.319717733255150627e+00 8.242823887750697409e+00 8.663861902439576212e+00 9.403325971697421792e+00 9.997752204439798618e+00 1.039249467909007940e+01 1.064069293019449702e+01 1.144840667073090223e+01 1.226642247242154582e+01 1.320828582013061059e+01 1.349320804876749236e+01 1.379302747376671689e+01 1.516274277802014225e+01 1.605094503315429932e+01 1.717729077062118037e+01 1.787671292993882233e+01 1.929652638770984296e+01 2.007586480233487336e+01 3.199774133485386685e+01 5.398054633781497103e+01 5.830829388069415842e+01 5.124578763509302917e+02
-5.814874427407656476e+00 6.449880531023798547e+00 7.342867109250417634e+00 8.447544369354531568e+00 8.562493044570159029e+00 9.392682050534471472e+00 9.993859378262277104e+00 1.041616937546602628e+01 1.062841579434139305e+01 1.143569497969620485e+01 1.228147943909622164e+01 1.322942857712379450e+01 1.348516477602852426e+01 1.380457255396377292e+01 1.519698712909639937e+01 1.601855531534108934e+01 1.720292771791191910e+01 1.786163584478855881e+01 1.937922408538623031e+01 2.002471798847689399e+01 3.201615250289834336e+01 5.407979197631626533e+01 5.830699058831298487e+01 5.124559100006756580e+02
-5.089448990922398330e+00 3.326831621004380235e+00 5.938572146329263113e+00 8.032309430880706813e+00 8.456081128209126163e+00 8.933554402687532203e+00 9.402751719571771361e+00 1.006491175531351878e+01 1.091733876749579757e+01 1.145662859727773153e+01 1.267002999560028620e+01 1.300237985616777614e+01 1.338899462377906247e+01 1.367587278947107166e+01 1.509846080327222673e+01 1.565787944082425653e+01 1.662755851815916586e+01 1.845744293615379306e+01 1.891466641730661991e+01 2.064022698065714678e+01 3.374603104603534831e+01 5.411787189812581289e+01 5.810677442063638409e+01 5.125415976314632189e+02
-5.163942884179722803e+00 3.407354614135404969e+00 5.944654378045755472e+00 7.989774454136504112e+00 8.411555354026955200e+00 8.939537905959777930e+00 9.422265523583609692e+00 1.007741729582687107e+01 1.091359266223455471e+01 1.146547014347281035e+01 1.264442747373932541e+01 1.299279919103225822e+01 1.331959147801540055e+01 1.376304853963917552e+01 1.508486894798359756e+01 1.568289053341161043e+01 1.662797093937010473e+01 1.845143480970694583e+01 1.891666369362591738e+01 2.063182978235386145e+01 3.371473720025937126e+01 5.402184942454400129e+01 5.811280104636473709e+01 5.125426541161814384e+02
-5.358150531321372867e+00 3.612602021423303000e+00 5.955484133119420598e+00 7.877995004433245185e+00 8.301857516518955649e+00 8.941718411858118998e+00 9.478858917619865210e+00 1.007875544287230696e+01 1.092620424499622267e+01 1.147711208616821921e+01 1.257998956394486711e+01 1.296354048574463569e+01 1.319956050395145830e+01 1.392238070460638610e+01 1.505378600146437229e+01 1.575510112135534513e+01 1.662764302700056973e+01 1.843198871688479556e+01 1.892624108215952106e+01 2.060411747386665837e+01 3.361957574902004353e+01 5.373804525953864442e+01 5.813051420919520496e+01 5.125457831940950655e+02
-5.606578464628687364e+00 3.865138795510940639e+00 5.950320329887325066e+00 7.725015688075361986e+00 8.172584144031175057e+00 8.922267316849367802e+00 9.560917827385759793e+00 1.001549011193331040e+01 1.097967303285622087e+01 1.146574745398938511e+01 1.249644006936989982e+01 1.291073115672253735e+01 1.308516731699919866e+01 1.407269986477694701e+01 1.502927072320486346e+01 1.586845542558900668e+01 1.662334574298889223e+01 1.839733565834656304e+01 1.894999349008196177e+01 2.055136365150130473e+01 3.345676246764636375e+01 5.327926443372533782e+01 5.815883864112140600e+01 5.125508657367615797e+02
-5.843339707230770230e+00 4.091620027987920238e+00 5.898854744007702600e+00 7.559298709872257049e+00 8.052217178358676009e+00 8.882582407140670711e+00 9.645013992691945148e+00 9.888420746456137778e+00 1.104671317525476226e+01 1.141965966922753140e+01 1.239002966166594710e+01 1.283303416561127541e+01 1.300671748783824810e+01 1.416904457798642269e+01 1.504003283068249885e+01 1.601207888214161557e+01 1.661584531835222833e+01 1.834814455327660454e+01 1.898987667388113465e+01 2.046939777916599468e+01 3.322021795354174856e+01 5.266683322129714639e+01 5.819607097501023674e+01 5.125577097034177996e+02
-6.018636708996942808e+00 4.239073072610157311e+00 5.767793897965097116e+00 7.417446043570945946e+00 7.937965514918500887e+00 8.827979642372271840e+00 9.643419343726311155e+00 9.792605340696011851e+00 1.107834310640592612e+01 1.135017357949174688e+01 1.223866165002461059e+01 1.275987871766066917e+01 1.296465704633861904e+01 1.418774194573350478e+01 1.510028307346192378e+01 1.615442353679137710e+01 1.662534983705012337e+01 1.828545592455932223e+01 1.903774005971868633e+01 2.036242319401402412e+01 3.290207215155737686e+01 5.193034999196204637e+01 5.824001761439144076e+01 5.125660593576361634e+02
-6.100051193773055047e+00 4.276228838507951657e+00 5.535449767887652861e+00 7.332260415679723309e+00 7.808327895338996072e+00 8.747570338302724124e+00 9.457236627776133275e+00 9.840702332917283357e+00 1.103463341085756610e+01 1.128033347951583210e+01 1.205891058245000380e+01 1.269577199919184274e+01 1.294092613600461128e+01 1.414297104639122793e+01 1.519363061756101807e+01 1.622240625281002124e+01 1.671063736470174632e+01 1.820795905845701057e+01 1.906907876524435252e+01 2.025222855751175999e+01 3.249373389914981658e+01 5.110688568752163263e+01 5.828817404434914806e+01 5.125756071531810676e+02
-6.069937615549473975e+00 4.191854723072871991e+00 5.208168003440984961e+00 7.309455482678933080e+00 7.642600900040413592e+00 8.597381292531249386e+00 9.249696941660328520e+00 9.898085367972782933e+00 1.091273017404068213e+01 1.119613572511519273e+01 1.190726279544052701e+01 1.261656689714632051e+01 1.291657366900811255e+01 1.406973088967965602e+01 1.529245673789863247e+01 1.618188358195204302e+01 1.688727044295976754e+01 1.811337273586805452e+01 1.903940153827828041e+01 2.018388796684405762e+01 3.198791075080979596e+01 5.023919575992738373e+01 5.833792358200179962e+01 5.125860074222990761e+02
-5.923804446349030250e+00 3.990379740339437209e+00 4.816300976218552243e+00 7.311487398335106747e+00 7.446869392523114861e+00 8.318024066981413611e+00 9.077641594057832108e+00 9.940511118904002075e+00 1.073692389121239010e+01 1.105659074104965534e+01 1.182752165771137243e+01 1.251704570655666515e+01 1.287036844608377528e+01 1.400021595503062599e+01 1.537748114716981540e+01 1.607456677077805907e+01 1.708668165335981470e+01 1.800442919670416941e+01 1.891444302628250185e+01 2.019879204429580710e+01 3.138191341690288638e+01 4.937253320455999983e+01 5.838673980936487595e+01 5.125968909414671089e+02
-5.670896993247596107e+00 3.689206039953945915e+00 4.394740111576628472e+00 7.112901856121979449e+00 7.411515142303749748e+00 7.910414808352967064e+00 8.933980631314479837e+00 9.948275984249105974e+00 1.052230026999857770e+01 1.085250101433028647e+01 1.181751119526504468e+01 1.240987079882856392e+01 1.279838548902929674e+01 1.395395623398406570e+01 1.543674540523853267e+01 1.592657688218324452e+01 1.722811251114629272e+01 1.790916066692110675e+01 1.872126834990117672e+01 2.028846900356143124e+01 3.068210689956866233e+01 4.855004307986793322e+01 5.843238140313687978e+01 5.126078794924643489e+02
-5.336796381532287192e+00 3.321200145887480915e+00 3.967643226080331154e+00 6.767644385749128411e+00 7.335284377749498042e+00 7.543179785069021648e+00 8.783429009316805036e+00 9.871891724204454377e+00 1.026368068936631062e+01 1.061871996910437055e+01 1.185220833770784665e+01 1.231504968267064548e+01 1.272448573502441604e+01 1.393473695212744090e+01 1.545367620516777762e+01 1.575444265126708387e+01 1.719462716490395948e+01 1.790923091791681543e+01 1.852906510365732728e+01 2.041365005148266221e+01 2.990836448013026327e+01 4.780754217464550493e+01 5.847306497980960671e+01 5.126185996653556458e+02
-4.965438170375988669e+00 2.925199428101127097e+00 3.548863463972051768e+00 6.314619108747651310e+00 6.875957187564996964e+00 7.554515156792295016e+00 8.605416386142064056e+00 9.569897760046167434e+00 1.000295215549341421e+01 1.043468047547182032e+01 1.190420641191038875e+01 1.225796874100272404e+01 1.268201717877789392e+01 1.393639441120345701e+01 1.536407608609331099e+01 1.561731024968253578e+01 1.697485003845868334e+01 1.799425344132527727e+01 1.840580855266501459e+01 2.054099920820527458e+01 2.909630400513329818e+01 4.716931886062765500e+01 5.850759451533699718e+01 5.126286953373614779e+02
-4.612248370615873228e+00 2.513306133196184788e+00 3.149608535944878884e+00 5.720263732555951997e+00 6.460885306458975741e+00 7.590122206062308585e+00 8.374421364682003599e+00 9.000949304536701945e+00 9.815129784286389381e+00 1.030715641954926021e+01 1.193998223111814028e+01 1.226662299539088963e+01 1.268860188536946332e+01 1.395030955885255786e+01 1.512177128533706316e+01 1.555440137076817031e+01 1.669350266165395524e+01 1.802328835515651662e+01 1.841683150731045870e+01 2.064985624498654815e+01 2.829501530877435300e+01 4.664659877795496357e+01 5.853542168428239734e+01 5.126378384736250382e+02
-4.319286348982826595e+00 2.064115899708396817e+00 2.748864033437743437e+00 5.005962145268718189e+00 6.134757715345323881e+00 7.573809710646972171e+00 7.957533453927973177e+00 8.519460629113780215e+00 9.645154059291213500e+00 1.020038558409093987e+01 1.194885478100929177e+01 1.233510866939362671e+01 1.274310720741617153e+01 1.396467659507350056e+01 1.481000584637629380e+01 1.548358777228876093e+01 1.645331069430261905e+01 1.797247653079517704e+01 1.853172232901397010e+01 2.072977652527867320e+01 2.755969978767294393e+01 4.623917914586100864e+01 5.855661559141744021e+01 5.126457380988025534e+02
-4.087462378630823068e+00 1.570336318290028510e+00 2.263930754529248190e+00 4.165609682452612539e+00 5.855022199060284649e+00 7.127420760110333653e+00 7.727622156223846517e+00 8.352237604368484725e+00 9.474447986125364096e+00 1.010211650375519810e+01 1.195259302585015071e+01 1.242123550979104429e+01 1.283128242269275709e+01 1.394883933295692380e+01 1.450547956113463499e+01 1.537739882817885650e+01 1.630659553335321732e+01 1.790266741207286216e+01 1.866158530744197108e+01 2.077879008528625704e+01 2.694150966787508139e+01 4.593926517001697363e+01 5.857173466835147480e+01 5.126521474549407458e+02
-3.879465154007867511e+00 1.048718540379254049e+00 1.630027108765000676e+00 3.105572098543241122e+00 5.558668680424855069e+00 6.627002656272972914e+00 7.703228969438365326e+00 8.356043319730106944e+00 9.299740274270257956e+00 1.001700000672023805e+01 1.196312931588952999e+01 1.250047970305278788e+01 1.292618884326915563e+01 1.383226419286349795e+01 1.432426489128495639e+01 1.525968292256155401e+01 1.624401273824247127e+01 1.783807332062818318e+01 1.876932208160843274e+01 2.080210226755806602e+01 2.647898089851682712e+01 4.573589186131196982e+01 5.858161546989877166e+01 5.126568694751190378e+02
-3.661659596974210729e+00 5.128611316309081847e-01 8.658683359681069724e-01 1.730835079037270852e+00 5.297534179791062670e+00 6.392020370278501673e+00 7.682726789527569267e+00 8.453108341017095739e+00 9.135573411781873432e+00 9.957176814942009457e+00 1.197669538397229516e+01 1.256354985219828535e+01 1.299721674208265298e+01 1.365365840471974401e+01 1.428218734817206936e+01 1.517034692081427139e+01 1.622673541891801108e+01 1.779169804846792147e+01 1.883944992809416874e+01 2.080951026497595535e+01 2.619494636543545596e+01 4.561868636699529844e+01 5.858711655739816138e+01 5.126597607598087052e+02
-3.529253013027781716e+00 -4.302862459412120505e-02 -5.142267450281957961e-06 3.022682861289818779e-01 5.197189051556972750e+00 6.329577780262271247e+00 7.673955778971262021e+00 8.520436502705194926e+00 9.052983792033646893e+00 9.935386592610852219e+00 1.198303834327405148e+01 1.259045498868842827e+01 1.302319728538859422e+01 1.357215746979628612e+01 1.427934923361456576e+01 1.513734901984967429e+01 1.622450715985252501e+01 1.777463733989730699e+01 1.886375519059295058e+01 2.081063539933942863e+01 2.609943638957140877e+01 4.558046650838339531e+01 5.858887254814924717e+01 5.126607342499954711e+02
