-8.790780719578659586e+00
-6.170057752218712110e+00
-3.549334784858765524e+00
-9.286118174988191587e-01
1.692111149861128094e+00
4.312834117221075125e+00
6.933557084581020824e+00
9.554280051940969187e+00
1.217500301930091489e+01
1.479572598666086058e+01
1.741644895402080806e+01
2.003717192138075376e+01
2.265789488874069946e+01
2.527861785610064516e+01
2.789934082346059796e+01
3.052006379082054366e+01
3.314078675818048936e+01
3.576150972554043506e+01
3.838223269290038075e+01
4.100295566026033356e+01
4.362367862762027926e+01
4.624440159498022496e+01
4.886512456234017066e+01
5.148584752970011635e+01
5.410657049706006205e+01
5.672729346442001486e+01
5.934801643177995345e+01
6.196873939913989915e+01
6.458946236649984485e+01
6.721018533385979765e+01
6.983090830121975046e+01
7.245163126857967484e+01
7.507235423593962764e+01
7.769307720329958045e+01
8.031380017065953325e+01
8.293452313801948605e+01
8.555524610537941044e+01
8.817596907273936324e+01
9.079669204009931605e+01
9.341741500745926885e+01
9.603813797481922165e+01
9.865886094217914604e+01
1.012795839095390988e+02
1.039003068768990516e+02
1.065210298442590044e+02
1.091417528116189573e+02
1.117624757789788816e+02
1.143831987463388344e+02
1.170039217136987872e+02
1.196246446810587400e+02
1.222453676484186929e+02
1.248660906157786457e+02
1.274868135831385700e+02
1.301075365504985086e+02
1.327282595178584756e+02
1.353489824852184142e+02
1.379697054525783813e+02
1.405904284199382914e+02
1.432111513872982584e+02
1.458318743546581970e+02
1.484525973220181640e+02
1.510733202893781026e+02
1.536940432567380412e+02
1.563147662240979798e+02
1.589354891914579468e+02
1.615562121588178854e+02
1.641769351261778525e+02
1.667976580935377626e+02
1.694183810608977296e+02
1.720391040282576682e+02
1.746598269956176352e+02
1.772805499629775738e+02
1.799012729303375124e+02
1.825219958976974510e+02
1.851427188650574180e+02
1.877634418324173566e+02
1.903841647997773237e+02
1.930048877671372338e+02
1.956256107344972008e+02
1.982463337018571394e+02
2.008670566692171064e+02
2.034877796365770450e+02
2.061085026039369836e+02
2.087292255712969222e+02
2.113499485386568892e+02
2.139706715060168278e+02
2.165913944733767948e+02
2.192121174407367050e+02
2.218328404080966720e+02
2.244535633754566106e+02
2.270742863428165776e+02
2.296950093101765162e+02
2.323157322775364548e+02
2.349364552448963934e+02
2.375571782122563320e+02
2.401779011796162990e+02
2.427986241469762376e+02
2.454193471143362046e+02
2.480400700816961432e+02
2.506607930490560534e+02
2.532815160164160204e+02
2.559022389837759590e+02
2.585229619511359260e+02
2.611436849184958646e+02
2.637644078858558032e+02
2.663851308532157418e+02
2.690058538205756804e+02
2.716265767879356758e+02
2.742472997552956144e+02
2.768680227226554962e+02
2.794887456900154916e+02
2.821094686573754302e+02
2.847301916247354256e+02
2.873509145920953074e+02
2.899716375594552460e+02
2.925923605268152414e+02
2.952130834941751800e+02
2.978338064615351186e+02
3.004545294288950572e+02
3.030752523962549958e+02
3.056959753636149912e+02
3.083166983309748730e+02
3.109374212983348684e+02
3.135581442656948070e+02
3.161788672330547456e+02
3.187995902004146842e+02
3.214203131677746228e+02
3.240410361351346182e+02
3.266617591024945568e+02
3.292824820698544386e+02
3.319032050372144340e+02
3.345239280045743726e+02
3.371446509719343680e+02
3.397653739392942498e+02
3.423860969066541884e+02
3.450068198740141838e+02
3.476275428413741224e+02
3.502482658087340610e+02
3.528689887760939996e+02
3.554897117434539382e+02
3.581104347108139336e+02
3.607311576781738154e+02
3.633518806455338108e+02
3.659726036128937494e+02
3.685933265802536880e+02
3.712140495476136266e+02
3.738347725149735652e+02
3.764554954823335606e+02
3.790762184496934992e+02
3.816969414170533810e+02
3.843176643844133764e+02
3.869383873517733150e+02
3.895591103191332536e+02
3.921798332864931922e+02
3.948005562538531308e+02
3.974212792212131262e+02
4.000420021885730648e+02
4.026627251559330034e+02
4.052834481232929420e+02
4.079041710906528806e+02
4.105248940580128192e+02
4.131456170253727578e+02
4.157663399927327532e+02
4.183870629600926918e+02
4.210077859274525736e+02
4.236285088948125690e+02
4.262492318621725076e+02
4.288699548295325030e+02
4.314906777968923848e+02
4.341114007642523234e+02
4.367321237316123188e+02
4.393528466989722574e+02
4.419735696663321960e+02
4.445942926336921346e+02
4.472150156010520732e+02
4.498357385684120686e+02
4.524564615357719504e+02
4.550771845031319458e+02
4.576979074704918844e+02
4.603186304378518230e+02
4.629393534052117616e+02
4.655600763725717002e+02
4.681807993399316956e+02
4.708015223072916342e+02
4.734222452746515160e+02
4.760429682420114545e+02
4.786636912093714500e+02
4.812844141767314454e+02
4.839051371440912135e+02
4.865258601114512089e+02
4.891465830788112044e+02
4.917673060461711998e+02
4.943880290135310247e+02
4.970087519808910201e+02
4.996294749482510156e+02
5.022501979156108973e+02
5.048709208829708359e+02
5.074916438503308314e+02
5.101123668176907131e+02
5.127330897850506517e+02
