3.645466548644736293e-01 4.356447090224073726e-01 5.875015612808429655e-01 6.348124287593098769e-01 6.460881215434998159e-01 7.128412137915622893e-01 7.374673023556093110e-01 8.236524397989596347e-01 9.476722183076260464e-01 1.028905395566663605e+00 1.149293716468855475e+00 1.174571677408452475e+00 1.237742824395500207e+00 1.297552490445561535e+00 1.347055975555146556e+00 1.406541426508465920e+00 1.517608587264823505e+00 1.571949377906889600e+00 1.642086473629908117e+00 1.661254709282763420e+00 1.762741766352579509e+00 1.806053681540700895e+00 1.845048160680424099e+00 2.159382250154615601e+00 2.326722682592100355e+00 2.806372179326836580e+00 3.088166548598697769e+00 3.181376232296346362e+00 3.243564145901184137e+00 3.296350705326720032e+00
3.580588805381357820e-01 4.328784483777668446e-01 5.849149545458047772e-01 6.341310860388890136e-01 6.503050401189558460e-01 7.125173398002039304e-01 7.322663215597716713e-01 8.235323317686740197e-01 9.465070359672750344e-01 1.028172831092284190e+00 1.142569500099793967e+00 1.178445756448834425e+00 1.237044243355592599e+00 1.293434617519285679e+00 1.348900674567794722e+00 1.408868169381755964e+00 1.510922619535421063e+00 1.575070998975974579e+00 1.640664109543835014e+00 1.662580255065007728e+00 1.762712503115433149e+00 1.806037234322951379e+00 1.844545164825168060e+00 2.158462691842049086e+00 2.328149580281424047e+00 2.805566935770741122e+00 3.087319252311203410e+00 3.180134358200803035e+00 3.243218426513903463e+00 3.296280502106610388e+00
3.406336584858502547e-01 4.229940466637251428e-01 5.799252052951042735e-01 6.308807182600789654e-01 6.591087908336555889e-01 7.077006952675287677e-01 7.224309918610437586e-01 8.230858365879873961e-01 9.438519931050379785e-01 1.026132594566393275e+00 1.128468842442286624e+00 1.183651337686308258e+00 1.234328793369673605e+00 1.283601736137275129e+00 1.353879288944319637e+00 1.414368640237797070e+00 1.495546079248469162e+00 1.579992791127273533e+00 1.637742794306128680e+00 1.665799951779995070e+00 1.762611772298425583e+00 1.806010287171953888e+00 1.843012113734580515e+00 2.155740358278422697e+00 2.332328772248751569e+00 2.803251900207280212e+00 3.084760117432006510e+00 3.176194593301061797e+00 3.242412612798457161e+00 3.295947018543965434e+00
3.159227008717863106e-01 4.043685739354135333e-01 5.736581222978491823e-01 6.229751763509250306e-01 6.615456020176829766e-01 6.956100179630089198e-01 7.212393719740876064e-01 8.223012199980754833e-01 9.415416888537374573e-01 1.023085854109926585e+00 1.111628114340891704e+00 1.184832239676919974e+00 1.227152373503344718e+00 1.274279269478968857e+00 1.360734555796168310e+00 1.419777371822285250e+00 1.478399327096139748e+00 1.581156600354492792e+00 1.635697501467170412e+00 1.669915607784768552e+00 1.762429525386358886e+00 1.805979169153946184e+00 1.840370554725391239e+00 2.151345010146278103e+00 2.338970694994617627e+00 2.799700103277392937e+00 3.080412005757268368e+00 3.169068744650982428e+00 3.241677204958591574e+00 3.295085370333088903e+00
2.866690245648053081e-01 3.778753374607228821e-01 5.577702247537863478e-01 6.094726469778780631e-01 6.500111606298867306e-01 6.949606094071526519e-01 7.253175090793998470e-01 8.213923519843011611e-01 9.410180273875443646e-01 1.019163501802360372e+00 1.093860316060377258e+00 1.179532728557129095e+00 1.214097459731773521e+00 1.270667843837687272e+00 1.367688351533212554e+00 1.421180107957656258e+00 1.465839289523847899e+00 1.576801308688320580e+00 1.635723324406107793e+00 1.674340421565986059e+00 1.762212922074892330e+00 1.805797777419264838e+00 1.836514732508088388e+00 2.145534193020615987e+00 2.347646490105744110e+00 2.795284372616954727e+00 3.074055468811198732e+00 3.158407592780381634e+00 3.241492440964441002e+00 3.293489819705885502e+00
2.545956599298391243e-01 3.455284602676406691e-01 5.188858520551008491e-01 5.989631766491596565e-01 6.397785708151054740e-01 6.972710911013529911e-01 7.331487776924794364e-01 8.205444364269365298e-01 9.424632325409491029e-01 1.014166515563664550e+00 1.076929557205502652e+00 1.165827800034314965e+00 1.200323206268778753e+00 1.271354116360826625e+00 1.371880101040432454e+00 1.417542416475164213e+00 1.462113526436895850e+00 1.568428565812324260e+00 1.637078958635600712e+00 1.678611888506054806e+00 1.762086054593980267e+00 1.805023861440634203e+00 1.831466343689669429e+00 2.138694517276708229e+00 2.357864290642999627e+00 2.790395038600850253e+00 3.065177915449790902e+00 3.144502636004482543e+00 3.242048691006796712e+00 3.291138312893232332e+00
2.209245182742918812e-01 3.090979125822188034e-01 4.626126263011074990e-01 5.926249740890926487e-01 6.337566449994821438e-01 6.979474455561345270e-01 7.428179858162382576e-01 8.196013821721382930e-01 9.448481333908931301e-01 1.007847920181538015e+00 1.063104593766850625e+00 1.145748072815116814e+00 1.189473162803903472e+00 1.272728886590641206e+00 1.369890105666269786e+00 1.415610501441769475e+00 1.464022808453281366e+00 1.558613182520731000e+00 1.638511027099143869e+00 1.682315438655056949e+00 1.762201001823249902e+00 1.802761106870011565e+00 1.825721170090423007e+00 2.131297176479443500e+00 2.369140176829036992e+00 2.785380078059948250e+00 3.052808995063866604e+00 3.128664899756939288e+00 3.243259775388789734e+00 3.288189567772166200e+00
1.867808179018930759e-01 2.697909921568872327e-01 3.990942644628119873e-01 5.876183417046312307e-01 6.303766422766389210e-01 6.981973765640665519e-01 7.523025874986296602e-01 8.178878803906011186e-01 9.465395102089170232e-01 1.000955052414426616e+00 1.054358048257285407e+00 1.124862821671083202e+00 1.180279200123202310e+00 1.272448081456244884e+00 1.362820258308580668e+00 1.418361640754057351e+00 1.467255449097549569e+00 1.549605161024846467e+00 1.639227423100433345e+00 1.685160773278394863e+00 1.762594132733128482e+00 1.797754294032961164e+00 1.820477831656671874e+00 2.123831364816856748e+00 2.381024905123346969e+00 2.780523642469116652e+00 3.035715027135672983e+00 3.113131648152034359e+00 3.244901202161908582e+00 3.284909243242152499e+00
1.532607059298895236e-01 2.283299287353609541e-01 3.332499118629930757e-01 5.847855129856097678e-01 6.281596971439408206e-01 6.995863628272979140e-01 7.607822685907025262e-01 8.145481962007787846e-01 9.463211633495245412e-01 9.955466072036809333e-01 1.050999981585088117e+00 1.106907054577212168e+00 1.171752914742908658e+00 1.269332618594030793e+00 1.355125020175814488e+00 1.422692395745675853e+00 1.469957358501001288e+00 1.543064293532915521e+00 1.638811413809373452e+00 1.687059162096613774e+00 1.762809519148371473e+00 1.789949447991035392e+00 1.816594258035261866e+00 2.116746726604405548e+00 2.393070046242468774e+00 2.776059051283598311e+00 3.013539231435998111e+00 3.099972918944981615e+00 3.246717517744783787e+00 3.281595585824641059e+00
1.210717258331411028e-01 1.850881111392074230e-01 2.670534568331101588e-01 5.849535980127299473e-01 6.263245364629898004e-01 7.034681065984645931e-01 7.680864971356958781e-01 8.095662931647890082e-01 9.443417756059837576e-01 9.927602680617669817e-01 1.051548218998997086e+00 1.094009553366684262e+00 1.163597446323444862e+00 1.263304889072366599e+00 1.349120988688800926e+00 1.426369609962043761e+00 1.471513561428562600e+00 1.539823031585243474e+00 1.637072143943012925e+00 1.688135807941103739e+00 1.760889451849564802e+00 1.782542789887445300e+00 1.813617016361398715e+00 2.110422970638714979e+00 2.404748042799209617e+00 2.772195174809245266e+00 2.987979797946713756e+00 3.089892403683762723e+00 3.248470697291521603e+00 3.278533356652604702e+00
9.016120398864804764e-02 1.402527386231215423e-01 2.009067447874200996e-01 5.865729542404117813e-01 6.255079171660629100e-01 7.104232444180292871e-01 7.739620379373288728e-01 8.043475349899222859e-01 9.415044958010135856e-01 9.918975525882356425e-01 1.052647569183576381e+00 1.088589816259038834e+00 1.155588925473554074e+00 1.255419049029671053e+00 1.345136375869626866e+00 1.428767243851434499e+00 1.471975884474758800e+00 1.539611183997482868e+00 1.634110189795128676e+00 1.688651304935038455e+00 1.754201526090157337e+00 1.780008818419164252e+00 1.810914922429968321e+00 2.105166662876102546e+00 2.415366805309822507e+00 2.769123927996259393e+00 2.962323186521273577e+00 3.082573322112564629e+00 3.249963400992315954e+00 3.275965668718063828e+00
5.992362350425248924e-02 9.397374523662212209e-02 1.346253710735825504e-01 5.870238130793509201e-01 6.266280165737845298e-01 7.193448046148432917e-01 7.778015896748740055e-01 8.008664418938910012e-01 9.385083524279306255e-01 9.918752519981741678e-01 1.051109352124897756e+00 1.092025566229862354e+00 1.147502321810152992e+00 1.247522856115434342e+00 1.342753793314475752e+00 1.430062509830495765e+00 1.471769866604765387e+00 1.541225832863809320e+00 1.630512050499798526e+00 1.688868700121367583e+00 1.745509536072870738e+00 1.781211829392919110e+00 1.808352447084283776e+00 2.101221218731366136e+00 2.424041243193929329e+00 2.766980996201745313e+00 2.940300934373505370e+00 3.077575582939607646e+00 3.251061948988911876e+00 3.274066799612492140e+00
2.971813191823672803e-02 4.629660049328926386e-02 6.824920552356560088e-02 5.861149414104801503e-01 6.286135883271183333e-01 7.271374767729410493e-01 7.794081032611374082e-01 7.998270809603427178e-01 9.360905361072128228e-01 9.920050621571945282e-01 1.048509687506371524e+00 1.099934742242975050e+00 1.139802943737964647e+00 1.241675668144437195e+00 1.341511485439589757e+00 1.430649418651317895e+00 1.471388717373930177e+00 1.543104782985659229e+00 1.627430832760528245e+00 1.688956969615444725e+00 1.738935712569736447e+00 1.783127547936043555e+00 1.806285505990208318e+00 2.098772596272305169e+00 2.429794322729748490e+00 2.765776710954106932e+00 2.925362475531694262e+00 3.074644745020899794e+00 3.251713148855808644e+00 3.272921830682840483e+00
-2.336286486603017076e-04 -1.586976683268661952e-04 1.312597972910226009e-08 5.855306263769909370e-01 6.295279607644832520e-01 7.302467412514280776e-01 7.797319478603474963e-01 7.998326188405325832e-01 9.351376139331049053e-01 9.920519950258036568e-01 1.047385612274592814e+00 1.104463790073635598e+00 1.135861616848741873e+00 1.239515988223728771e+00 1.341127374844699460e+00 1.430813826883679640e+00 1.471212451631894735e+00 1.543912667534118155e+00 1.626196846780918248e+00 1.688982423270270594e+00 1.736540455716480746e+00 1.783999855269528201e+00 1.805444056573464851e+00 2.097942130367372204e+00 2.431818398477775034e+00 2.765400594351411279e+00 2.920060766653302942e+00 3.073676421666861280e+00 3.251925545305399012e+00 3.272542525052689388e+00
-5.991202350666928467e-02 3.462965586064903345e-02 7.193318700824173628e-02 5.822514628492093669e-01 6.270110157853567845e-01 7.309977945915608899e-01 7.813077533730746760e-01 7.932975681240331811e-01 9.361052233029476533e-01 9.908547687412430083e-01 1.047934886364088269e+00 1.103612073073148903e+00 1.135073002387570584e+00 1.239327191154183438e+00 1.349268490499976103e+00 1.432487368788857296e+00 1.472787912930078047e+00 1.547162856637265937e+00 1.626263887505976280e+00 1.690170859952589533e+00 1.743615508096847178e+00 1.781815186780798754e+00 1.808806680450519844e+00 2.099097300997943893e+00 2.434834506472696170e+00 2.767775463136629366e+00 2.919266603039555541e+00 3.073799857806068569e+00 3.252315146277534819e+00 3.274511750403374943e+00
-7.416825371305169057e-02 7.578795271374773324e-02 1.234745619616211543e-01 5.728234401951975974e-01 6.199485874953973852e-01 7.314620090395357321e-01 7.770811262518945162e-01 7.894812036138615374e-01 9.387261834255902215e-01 9.880575789473252657e-01 1.049228489083701366e+00 1.100617412726001998e+00 1.133515477839893482e+00 1.239417049109704960e+00 1.361494629943478252e+00 1.439062910921008687e+00 1.479134167602512706e+00 1.554612249551300618e+00 1.626808369886645123e+00 1.692442963071486783e+00 1.763001884805352582e+00 1.779378640038957293e+00 1.819582314795302525e+00 2.102455459147283268e+00 2.443754500379224925e+00 2.774811809003968843e+00 2.916766673332767734e+00 3.074444610413456846e+00 3.252455496652261413e+00 3.280962004472259608e+00
-5.055498144016892792e-02 1.215024884871115929e-01 1.900497190271237258e-01 5.592255003892947496e-01 6.093821342477613312e-01 7.259483609074534050e-01 7.719591388757747197e-01 7.973984804886333766e-01 9.426054458823945881e-01 9.849189678563047279e-01 1.050480331525074806e+00 1.095217991553549153e+00 1.132639371513266324e+00 1.240449826177353332e+00 1.362791141084533919e+00 1.446864621722025124e+00 1.492753838028262559e+00 1.561367472366042897e+00 1.628668471070522594e+00 1.694261932503904999e+00 1.766967113736246375e+00 1.795508024541735637e+00 1.849386902088340001e+00 2.107871982903789299e+00 2.458199742124532960e+00 2.786093774457086170e+00 2.912548816717133171e+00 3.076095470910528817e+00 3.251393218263531004e+00 3.291637825306152010e+00
7.392484098964219319e-02 1.682833731412898826e-01 2.763904242998325711e-01 5.452181091188518236e-01 5.963950083285148862e-01 7.156376775275059554e-01 7.781779287243524301e-01 8.077211660658714099e-01 9.470381784860332219e-01 9.827569721464293195e-01 1.050957952097497872e+00 1.088135691245124548e+00 1.133324793175519263e+00 1.242636187657433666e+00 1.354261385092572656e+00 1.450722903112261042e+00 1.508753655102664126e+00 1.563666956086636972e+00 1.632268444204550528e+00 1.695783422597064494e+00 1.762791255253486566e+00 1.808567510042188520e+00 1.906611172421314615e+00 2.115606253934727565e+00 2.477583868982238258e+00 2.800200637354429034e+00 2.907682346175700427e+00 3.078824187687215552e+00 3.249564930472946145e+00 3.304696284805845430e+00
1.289026297098995744e-01 2.141884097649397189e-01 3.695052186858683307e-01 5.348567561805147585e-01 5.837050367526892547e-01 7.085921518590957424e-01 7.892601149658223791e-01 8.203114493793918216e-01 9.500241452913920082e-01 9.836898460472249806e-01 1.050708079170185050e+00 1.080630751849854798e+00 1.135594124330042476e+00 1.245835249322879701e+00 1.340334681124056848e+00 1.452044570277744251e+00 1.521114140386105706e+00 1.560550846290067906e+00 1.636634900466009457e+00 1.698072406632743503e+00 1.760074558382912269e+00 1.816272500393396161e+00 1.970919873530654787e+00 2.126866907013771346e+00 2.501205237567972084e+00 2.812957418291340606e+00 2.905978917563530661e+00 3.082004976339909774e+00 3.247761973800610491e+00 3.318202815081368051e+00
1.718454515842641195e-01 2.580919203941252071e-01 4.392033193397388846e-01 5.296393987184992991e-01 5.832954838995952906e-01 7.096947685702678088e-01 8.006075557599352521e-01 8.380937395249408173e-01 9.501703171860558239e-01 9.884370081642013250e-01 1.051196263205259607e+00 1.074163919930843925e+00 1.138801360664889240e+00 1.248722060270448297e+00 1.324341431223371002e+00 1.452312470544382395e+00 1.528844807496494873e+00 1.553133268932081368e+00 1.640194925488621003e+00 1.701802422927909841e+00 1.759842873102338556e+00 1.821826872672932085e+00 2.024786048165444718e+00 2.143927221678660899e+00 2.528322910656230160e+00 2.816537438573560870e+00 2.914335582299957927e+00 3.084496846040321483e+00 3.246615529168019876e+00 3.330881225446693517e+00
2.076315987511338501e-01 2.986246148602407779e-01 4.602734027151254570e-01 5.204727073972047480e-01 6.096874581699477380e-01 7.218829775287939343e-01 8.101083677105435088e-01 8.649312238933862806e-01 9.518737008988625847e-01 9.930908923181916981e-01 1.054210788973121593e+00 1.070972923524894149e+00 1.142121855410381803e+00 1.247089128320949536e+00 1.311014631664675356e+00 1.452178350949649310e+00 1.530978093953424546e+00 1.545146563842221932e+00 1.642350979085863916e+00 1.706252300393993560e+00 1.762229705230883736e+00 1.825896848791872973e+00 2.060125148234286385e+00 2.167230744086977356e+00 2.558128906524256063e+00 2.807103413662291658e+00 2.934647308999348780e+00 3.085048189055577872e+00 3.246429555917503151e+00 3.342197004531344273e+00
2.371646973904603661e-01 3.340916584633545350e-01 4.540986230545735469e-01 5.075543568266063232e-01 6.342890452867040452e-01 7.395984713323560111e-01 8.182301825975903942e-01 8.912351306203478707e-01 9.693731605913150640e-01 9.951705333954312671e-01 1.056673507721786587e+00 1.075797984750856973e+00 1.145005356678462816e+00 1.234788278232716197e+00 1.305960120126865354e+00 1.451994021651850542e+00 1.523507095914399034e+00 1.543733682607968616e+00 1.643474165613170834e+00 1.709995226461850759e+00 1.766746402907060309e+00 1.828597654257983152e+00 2.079950118783905566e+00 2.191233076285210579e+00 2.589618111066264827e+00 2.788535563673435025e+00 2.960405354321580695e+00 3.082766488555660711e+00 3.247052979608697765e+00 3.352050357742129449e+00
2.603416840106068109e-01 3.621402291752882641e-01 4.411313595984087677e-01 4.956282895385482612e-01 6.474013786806223081e-01 7.518263690851975101e-01 8.255731002365049864e-01 8.991074629244905081e-01 9.868761000457179078e-01 1.021407683604639294e+00 1.056521214777128348e+00 1.087399936157858571e+00 1.147294815874138063e+00 1.211932605558105225e+00 1.307792333231420745e+00 1.451964429392088363e+00 1.512886133317808968e+00 1.545388065219554630e+00 1.644055653864908706e+00 1.712306394762785011e+00 1.772106613133278774e+00 1.830023047276174486e+00 2.090932422379083278e+00 2.209752328850174585e+00 2.621320400048048782e+00 2.765143534254979496e+00 2.985036771389456778e+00 3.077631030144625246e+00 3.247969570891534374e+00 3.360185771572208324e+00
2.760274533282408016e-01 3.790505345045863117e-01 4.321020941322965547e-01 4.859400336952061639e-01 6.540964904912743849e-01 7.572381376799515174e-01 8.311316544033828801e-01 8.982845881305411284e-01 9.853296100041769590e-01 1.055091484546973879e+00 1.070724908983397006e+00 1.098432227361207270e+00 1.149320387819335210e+00 1.183435660561649616e+00 1.310942544515992569e+00 1.452096836581229233e+00 1.504894523625415426e+00 1.546825065100662311e+00 1.644357621771906031e+00 1.713372212191542676e+00 1.776479531795833067e+00 1.830493627814269164e+00 2.096727373640015823e+00 2.220727217857432656e+00 2.650124236596167471e+00 2.741123933585722483e+00 3.003787431421965248e+00 3.071209671599889113e+00 3.248669104026613130e+00 3.365792558449138383e+00
2.817940005196563069e-01 3.836378704579691545e-01 4.303157129627961930e-01 4.816906418931083400e-01 6.562607383690730600e-01 7.586268080004022751e-01 8.332475809057600102e-01 8.973350513184639166e-01 9.842941443827161185e-01 1.055262360830360624e+00 1.092882851581334247e+00 1.106520527057931469e+00 1.152763828970692073e+00 1.162287819863357052e+00 1.312273001011394324e+00 1.452189762834571907e+00 1.501955339628441966e+00 1.547364514739651087e+00 1.644456168699877319e+00 1.713656245486636198e+00 1.778175758839719123e+00 1.830549687452971197e+00 2.098572640104474196e+00 2.224299103387478826e+00 2.664904758242732985e+00 2.727917114868384285e+00 3.011332105481998145e+00 3.067825907083833847e+00 3.248915868655220862e+00 3.367823923216413107e+00
3.888168406848282466e-01 4.704213945307170186e-01 4.875559323655616617e-01 6.215383242077884285e-01 6.534211964079545965e-01 7.146906750878748715e-01 8.034784321359550452e-01 8.375178087404246963e-01 9.568475399169806828e-01 1.007813393275806879e+00 1.105934572104235070e+00 1.168562671303226885e+00 1.248151183309873291e+00 1.272729982038086627e+00 1.332126189759835544e+00 1.428336762470553412e+00 1.493914282705679941e+00 1.509991057879573217e+00 1.592308647860689819e+00 1.717260616156448982e+00 1.745881220959539792e+00 1.803142978645543737e+00 2.100070999064346022e+00 2.155019729021132591e+00 2.575082813876387267e+00 2.770845182093470527e+00 2.986824395730213855e+00 3.083037712061149627e+00 3.293501401958253805e+00 3.356477710263467529e+00
3.874503930628558357e-01 4.722294053231730904e-01 4.863486055397932550e-01 6.175023052623271891e-01 6.555607440543367304e-01 7.124986921472601376e-01 8.054034009079665823e-01 8.370128053435271775e-01 9.550210306541170313e-01 1.007073112220889799e+00 1.106924441420548133e+00 1.167079106650540821e+00 1.247312390275077343e+00 1.273513562531005450e+00 1.330166172321526341e+00 1.428127910162335423e+00 1.489126321506775152e+00 1.517468940291034629e+00 1.592473943036921913e+00 1.717226593366283804e+00 1.745797635253945934e+00 1.804166810963905965e+00 2.099677115051524101e+00 2.153690039914517129e+00 2.573674377422042525e+00 2.769535393132263046e+00 2.985890376645763844e+00 3.083910130965407781e+00 3.292111873098900077e+00 3.356377367850322369e+00
3.832960273991297129e-01 4.744671196392616364e-01 4.843141347635506744e-01 6.089891382933138031e-01 6.583756071860895620e-01 7.076075519618701959e-01 8.079807403265265586e-01 8.372442804043502829e-01 9.490257155126353705e-01 1.005467752050014818e+00 1.108616130741823635e+00 1.164205475272849233e+00 1.244091886366925692e+00 1.276251805935682215e+00 1.324719522447624698e+00 1.427086196657385786e+00 1.484064658781405033e+00 1.530228346058774891e+00 1.593250802638559005e+00 1.717015952228927445e+00 1.745766250987298429e+00 1.807021383809694459e+00 2.098243839924792908e+00 2.149629096792784022e+00 2.569315272945454698e+00 2.766363693564048987e+00 2.983128377316462299e+00 3.086333229331493122e+00 3.288340230098562245e+00 3.355748560182901130e+00
3.756353130609578206e-01 4.664143888177275099e-01 4.886205941093826888e-01 6.004485330353488415e-01 6.574597329742550844e-01 7.031697960470211228e-01 8.045244684963027693e-01 8.419688769568357545e-01 9.383881337867834294e-01 1.004240705214605844e+00 1.107313929124857488e+00 1.163563917775778167e+00 1.238352675248715729e+00 1.280024337541324941e+00 1.317774235491508739e+00 1.424559584653597444e+00 1.482769482066665701e+00 1.542660414517990519e+00 1.595458001023046135e+00 1.716444380072990494e+00 1.746290133630465702e+00 1.811066698051304380e+00 2.094909539494116402e+00 2.142879498720166698e+00 2.561633470333236406e+00 2.763290586994300746e+00 2.978726576301662377e+00 3.089760276226010127e+00 3.283124895553851896e+00 3.353863014412164389e+00
3.629066481896125462e-01 4.479511326981331920e-01 4.957016341914342594e-01 5.939022932658966081e-01 6.515035388517462778e-01 7.006010323702774878e-01 7.937431872846540948e-01 8.494205188995032074e-01 9.251314429554977625e-01 1.003955612244259665e+00 1.099833972055148656e+00 1.166591362324693071e+00 1.231269912444159731e+00 1.280694590773087116e+00 1.314639317640097005e+00 1.420448089581165974e+00 1.484491678228546441e+00 1.552682276754657975e+00 1.600128280111400070e+00 1.715539353683409596e+00 1.747804986550728135e+00 1.815319058748195324e+00 2.087784285707071419e+00 2.134372009210914189e+00 2.550247875646683315e+00 2.762580115439523087e+00 2.973083487854207618e+00 3.093442246395541328e+00 3.277482649852501595e+00 3.350057996538480687e+00
3.438086852839625229e-01 4.191215938179627676e-01 5.019928598697581679e-01 5.893072882587425676e-01 6.416146314576626208e-01 6.988755026768120882e-01 7.785470839981499802e-01 8.529676357970578104e-01 9.154521690806365353e-01 1.004182416950762713e+00 1.086912268288147354e+00 1.169452290754350088e+00 1.223445914142055058e+00 1.276126427510963168e+00 1.320068491184621884e+00 1.415122997867812815e+00 1.487534144132571789e+00 1.559618241611838485e+00 1.607427680003856496e+00 1.714652618914214166e+00 1.750432768368790137e+00 1.818652776890446798e+00 2.073756066928421404e+00 2.126465128893080703e+00 2.535293023638258703e+00 2.765576947814112341e+00 2.966738414686664438e+00 3.096669745979967914e+00 3.272196568316935839e+00 3.344041128477043046e+00
3.178692540268642230e-01 3.787568193787583248e-01 5.051171945236397898e-01 5.840568950431347384e-01 6.299170148025402538e-01 6.968277589077289669e-01 7.624143038138103678e-01 8.474689121150690285e-01 9.160100872028845709e-01 1.004139969268810884e+00 1.071151329645767314e+00 1.167372047569786186e+00 1.214150965254894743e+00 1.272180520788779967e+00 1.331190155858384738e+00 1.409234762296951660e+00 1.490423532136723628e+00 1.564383556291248034e+00 1.615938102813888610e+00 1.714282457948288041e+00 1.753988368649633367e+00 1.820073738982158851e+00 2.050537383699785998e+00 2.121091223082146815e+00 2.517811907815759032e+00 2.771861479219470237e+00 2.960278572641734662e+00 3.098958058820557859e+00 3.267695231423803470e+00 3.335986020624377435e+00
2.829808471046409424e-01 3.283539540655581179e-01 5.020730868591453122e-01 5.719637261711723042e-01 6.211783798322701999e-01 6.948918848271780080e-01 7.490342856275563621e-01 8.365636351719566433e-01 9.244710648730374292e-01 1.002988429374830792e+00 1.055477774355126686e+00 1.158703021731676275e+00 1.203505282815989341e+00 1.272056029578469749e+00 1.344046663933579078e+00 1.403956684817526668e+00 1.492192015076303280e+00 1.568232724819684343e+00 1.623734780829248381e+00 1.714821763606762861e+00 1.758063980906066304e+00 1.818952865327987167e+00 2.018543657807190694e+00 2.117967814816543726e+00 2.499524867001937434e+00 2.779400380864516240e+00 2.954317062110658920e+00 3.100078415866726722e+00 3.264063341810937491e+00 3.326476352396823266e+00
2.264667214443025212e-01 2.800383355921572393e-01 4.873584989728758643e-01 5.531111912986463874e-01 6.184954533160266221e-01 6.948598319257713873e-01 7.402537359871499412e-01 8.257742322059923312e-01 9.349369289456952448e-01 9.998583779586910358e-01 1.043205547332472838e+00 1.145013262078402816e+00 1.193055311126643980e+00 1.273978639889761455e+00 1.355048688876449470e+00 1.401486387911452969e+00 1.492450799195578215e+00 1.571539596090875790e+00 1.629522269441919580e+00 1.716340243866506077e+00 1.762058722671321798e+00 1.815155515928457364e+00 1.979643971196005658e+00 2.116017086900668698e+00 2.482192837843338662e+00 2.785523373786111812e+00 2.949433339712182800e+00 3.099962623059325573e+00 3.261146176114541717e+00 3.316340385948387315e+00
1.337667119883524935e-01 2.423248819137005239e-01 4.536572502915804939e-01 5.402851805323738432e-01 6.186065347128263392e-01 6.976620937107568254e-01 7.358996873677597916e-01 8.166906056184967122e-01 9.436688370400068138e-01 9.948365197378931102e-01 1.036930931229169239e+00 1.129498250940549342e+00 1.183435071802225735e+00 1.275433161037938135e+00 1.360902975748023103e+00 1.404475713788497782e+00 1.491389658955943220e+00 1.573592302815168376e+00 1.632906078040091691e+00 1.718319471840028534e+00 1.765182743328093773e+00 1.809085258893338155e+00 1.936565326948605392e+00 2.114360580548288571e+00 2.467110333861955773e+00 2.788163035762106112e+00 2.945891262207103622e+00 3.098582383412821883e+00 3.258708452051733317e+00 3.306430805720037114e+00
-9.463818217508263020e-02 2.085480658356490269e-01 4.038628587019711391e-01 5.376053146183299436e-01 6.193347633478566427e-01 7.024626906531027393e-01 7.357637689308813567e-01 8.088121617004346842e-01 9.484051716786860986e-01 9.902076475833569980e-01 1.036523998401290170e+00 1.115127361363391856e+00 1.174511657671552856e+00 1.274620447171707305e+00 1.362035218456972618e+00 1.412234150904483787e+00 1.489581467547625993e+00 1.572963074012966311e+00 1.634258734201326169e+00 1.719329547296877259e+00 1.766503150715864612e+00 1.801708147704356167e+00 1.893415783679920805e+00 2.112395594854959313e+00 2.454943122576608516e+00 2.786784486039762587e+00 2.943271354024847408e+00 3.095912337977502204e+00 3.256590371730754274e+00 3.297426973338450029e+00
-1.553014517874430345e-01 1.757682942500163326e-01 3.449805088156030486e-01 5.426641326837022827e-01 6.202412177877495436e-01 7.079940522659788904e-01 7.403148261325096513e-01 8.014864218724802036e-01 9.485372661938905603e-01 9.881134325109661720e-01 1.039948912616773580e+00 1.103903522333237852e+00 1.166148432125432288e+00 1.270648488848030055e+00 1.361384873574298604e+00 1.421092971983923592e+00 1.487597129276012620e+00 1.568257938452164435e+00 1.634310234643714166e+00 1.716937589136479092e+00 1.765257128077809767e+00 1.794467433504471687e+00 1.855930603875039830e+00 2.109822889010783076e+00 2.445817458261402066e+00 2.782423813755471098e+00 2.940552212368584328e+00 3.092023483398502748e+00 3.254789306571737040e+00 3.289729697351457371e+00
-1.650862664541082325e-01 1.427415588196596641e-01 2.808605993398992640e-01 5.533444204663434673e-01 6.212177726201661976e-01 7.135799468091983400e-01 7.501008905094380674e-01 7.946821619452666408e-01 9.454280371752326051e-01 9.883665516208923751e-01 1.044709277309787243e+00 1.097056698687073339e+00 1.158273035030079612e+00 1.263806246557777957e+00 1.359859739736534623e+00 1.428270497862812904e+00 1.485402827224128641e+00 1.559542583471912103e+00 1.633571380714323285e+00 1.709421144001856963e+00 1.761444199825284551e+00 1.788611096611342433e+00 1.829612456010964783e+00 2.106703951239244255e+00 2.439487802500259761e+00 2.776875256904773881e+00 2.936769802201503410e+00 3.087240229947753711e+00 3.253412312911287074e+00 3.283480379099528168e+00
-1.467045314352059815e-01 1.086462302390875101e-01 2.136564033863407042e-01 5.663830191910896872e-01 6.225257818157758916e-01 7.191150557234483598e-01 7.645424932713353883e-01 7.887996721823494761e-01 9.411522408883499224e-01 9.897037819252396673e-01 1.048259196026061879e+00 1.095254807938537578e+00 1.150823242800186108e+00 1.255426298342970703e+00 1.356526869579761652e+00 1.432273558460497753e+00 1.481922623903080050e+00 1.550128191998638272e+00 1.632037220900862895e+00 1.699582739149728017e+00 1.755063780789938521e+00 1.784942377033515770e+00 1.815316453159004251e+00 2.103430967678277863e+00 2.435480926939944446e+00 2.771774042041514008e+00 2.931708031530113168e+00 3.082209097031956890e+00 3.252535681720674976e+00 3.278671652082838950e+00
-1.096868882172490484e-01 7.310440474063528704e-02 1.449928283315652933e-01 5.774488177859994353e-01 6.248967807480003689e-01 7.244108492562402191e-01 7.803768514273186074e-01 7.847367491336958434e-01 9.375089554002938863e-01 9.910611374922424499e-01 1.049121793195505470e+00 1.097895086698055689e+00 1.143901164963257555e+00 1.247388949269434777e+00 1.350678500492666245e+00 1.432884884419610261e+00 1.476844027902707301e+00 1.544754785346393211e+00 1.629667412593851727e+00 1.692470336049173518e+00 1.746765654436015502e+00 1.783746889011027070e+00 1.808852937103643921e+00 2.100565487093055239e+00 2.433215624024308799e+00 2.768084868415002120e+00 2.926176880763842636e+00 3.077777489316646520e+00 3.252103618310860256e+00 3.275260871018936371e+00
-6.237137100228169057e-02 3.618269701767946878e-02 7.684664816975783630e-02 5.837136718675033364e-01 6.280069970149425584e-01 7.285942702395764581e-01 7.807726162646223544e-01 7.946813720713546969e-01 9.355838268012436343e-01 9.918482708952437443e-01 1.048112645111101138e+00 1.102260443346776864e+00 1.138259844659568198e+00 1.241612165927943545e+00 1.344120473154066131e+00 1.431600926874913249e+00 1.472663732781779977e+00 1.543723983055898419e+00 1.627246904268798477e+00 1.689528198947962023e+00 1.739484047196643068e+00 1.783835309105358036e+00 1.806178802079522860e+00 2.098625299962542101e+00 2.432130519934081914e+00 2.766032067906299297e+00 2.921760434901951253e+00 3.074749739428329409e+00 3.251953867612256577e+00 3.273221363272619033e+00
-2.336286486603017076e-04 -1.586976683268661952e-04 1.312597972910226009e-08 5.855306263769909370e-01 6.295279607644832520e-01 7.302467412514280776e-01 7.797319478603474963e-01 7.998326188405325832e-01 9.351376139331049053e-01 9.920519950258036568e-01 1.047385612274592814e+00 1.104463790073635598e+00 1.135861616848741873e+00 1.239515988223728771e+00 1.341127374844699460e+00 1.430813826883679640e+00 1.471212451631894735e+00 1.543912667534118155e+00 1.626196846780918248e+00 1.688982423270270594e+00 1.736540455716480746e+00 1.783999855269528201e+00 1.805444056573464851e+00 2.097942130367372204e+00 2.431818398477775034e+00 2.765400594351411279e+00 2.920060766653302942e+00 3.073676421666861280e+00 3.251925545305399012e+00 3.272542525052689388e+00
-1.997633191847801581e-02 3.254194796744278723e-02 7.513923396278951450e-02 5.839660255127734345e-01 6.291011962390323786e-01 7.278765375374177671e-01 7.771638652124730484e-01 7.993567343488146015e-01 9.347742631318625151e-01 9.915109665112081805e-01 1.047775308432490116e+00 1.102923717776660650e+00 1.137705942599964049e+00 1.242694419678332940e+00 1.342457740638648200e+00 1.430018267721465008e+00 1.471944250853864933e+00 1.544321295012936579e+00 1.625817383307684549e+00 1.688891704035188734e+00 1.736112637161074002e+00 1.784268627100002558e+00 1.807413361608732449e+00 2.097153622142668095e+00 2.431676899366935096e+00 2.764899435997016486e+00 2.920632370980739356e+00 3.074168465881237822e+00 3.251632415758032746e+00 3.276447567762695634e+00
1.882189508282650428e-02 6.523827344910856918e-02 1.434036372627247591e-01 5.791804522641567088e-01 6.278600550554529480e-01 7.197853142513542801e-01 7.705627379811353928e-01 7.990183647269808453e-01 9.334923313969479830e-01 9.902147517154807899e-01 1.047884573122451979e+00 1.097961322295361475e+00 1.145116773354427409e+00 1.250911249910677370e+00 1.346304923187593205e+00 1.427927467343643952e+00 1.473952783092917773e+00 1.545464209453389026e+00 1.624759587127617477e+00 1.688410420865042560e+00 1.735298633557410097e+00 1.784682661759374289e+00 1.813202197214861533e+00 2.094901892318643100e+00 2.431294718943865174e+00 2.763557856690025627e+00 2.922212438991626193e+00 3.075691364654590476e+00 3.250663362312816052e+00 3.287724052124228802e+00
4.839024431636893692e-02 9.768860714711868898e-02 2.108788813068021017e-01 5.711195700040780920e-01 6.256159595591868072e-01 7.045213671212317008e-01 7.635834384614549331e-01 7.997390475514400965e-01 9.308843315009358577e-01 9.888487362404421166e-01 1.045417197966837186e+00 1.091303563561421219e+00 1.159278886673216657e+00 1.261648115408299908e+00 1.352283268899796331e+00 1.425199655767440454e+00 1.476852998172659914e+00 1.547122196202238342e+00 1.623199521688345026e+00 1.687063175916763358e+00 1.735108664899390529e+00 1.784764276388130400e+00 1.822104377718336110e+00 2.091508580851214827e+00 2.430780664458425111e+00 2.761779665444342946e+00 2.924466647655075580e+00 3.078316892666542515e+00 3.248803887903659149e+00 3.305160172847950939e+00
7.923745554489271259e-02 1.297130209382945931e-01 2.756263426812297634e-01 5.600773672056469366e-01 6.214051210797034708e-01 6.838165152028993221e-01 7.587737847861490970e-01 8.014685521201408980e-01 9.265955535223756590e-01 9.879514307112184923e-01 1.038760395740723652e+00 1.085922524887604323e+00 1.178822830527846754e+00 1.272988875729807123e+00 1.359900470689242802e+00 1.422494037809636236e+00 1.480291649865981718e+00 1.549016252120816173e+00 1.621286644596953375e+00 1.684430337318871373e+00 1.736438362679967762e+00 1.784496285641854030e+00 1.832829929472750585e+00 2.087446768501018290e+00 2.430266043997780567e+00 2.760030845671527899e+00 2.927005628106194912e+00 3.082024659770167041e+00 3.245783638571466678e+00 3.327067991377152811e+00
1.127820576352840110e-01 1.611588796037068949e-01 3.359439353570459197e-01 5.466229816095157235e-01 6.133637836640443153e-01 6.628394048558386986e-01 7.560507676134646804e-01 8.040960464963822218e-01 9.204627877472258968e-01 9.876029045250770411e-01 1.028579734497917064e+00 1.082701035041315096e+00 1.201737720885921012e+00 1.283930808524988532e+00 1.368734077330397536e+00 1.420321002725074999e+00 1.483974628621581138e+00 1.550896223221766457e+00 1.619080009023379896e+00 1.680369565439569834e+00 1.739694570985703903e+00 1.784157737312773495e+00 1.843988233777890340e+00 2.083256893671942667e+00 2.429858389086162251e+00 2.758681018931027129e+00 2.929495243110292968e+00 3.086663751112241894e+00 3.241353228679745069e+00 3.351589050251272184e+00
1.472393286061798867e-01 1.919664699553092213e-01 3.896020228838552035e-01 5.312801192770111314e-01 6.006599787834268067e-01 6.465330011618395378e-01 7.547035631910317122e-01 8.075988465476803269e-01 9.125520835776479434e-01 9.873047440763546012e-01 1.017129704337809137e+00 1.080898785849083943e+00 1.225920457650961470e+00 1.294064115395542780e+00 1.378515370555378095e+00 1.419096609674174614e+00 1.487620292879813677e+00 1.552602640040183779e+00 1.616570863082516407e+00 1.675000558085640412e+00 1.744651693816662297e+00 1.784256165540468064e+00 1.854368188464658562e+00 2.079449595238870518e+00 2.429613445717448972e+00 2.757926733381645512e+00 2.931696382266649525e+00 3.092001365451396477e+00 3.235382942349572577e+00 3.376896699719605710e+00
1.801182750987669057e-01 2.221651392121833657e-01 4.326807170352117149e-01 5.148591580061042672e-01 5.879810816419718256e-01 6.352646473810016348e-01 7.541014522162570177e-01 8.118914706221579403e-01 9.031776920220557781e-01 9.858329565685958196e-01 1.006991048304902048e+00 1.079834088432586103e+00 1.249104044452421070e+00 1.303283461506996144e+00 1.388863863892034756e+00 1.419413498232440451e+00 1.490979071515741383e+00 1.554083734942226069e+00 1.613751104942909409e+00 1.668586531717620725e+00 1.750361981855711235e+00 1.785617347778727382e+00 1.863046009879286258e+00 2.076412426593616356e+00 2.429532087604424184e+00 2.757787804609526106e+00 2.933464885519684540e+00 3.097786522743302129e+00 3.227959319174971586e+00 3.401310700422104372e+00
2.092510220153322442e-01 2.514814257637846273e-01 4.560243644286841036e-01 5.021794831520500768e-01 5.834833586218849399e-01 6.268085011663925288e-01 7.537285692861207531e-01 8.166758055151622786e-01 8.929578073249776482e-01 9.815145405009653157e-01 1.000666039142340091e+00 1.079223250270166856e+00 1.269008062935290226e+00 1.311609139519567924e+00 1.398277661522290050e+00 1.422725147798518108e+00 1.493911129749732059e+00 1.555373534062361340e+00 1.610679253742854256e+00 1.661493010115702162e+00 1.755297183888583135e+00 1.789246692078625856e+00 1.869446271794603875e+00 2.074337537726225644e+00 2.429575569758458453e+00 2.758144309118854220e+00 2.934744889666799139e+00 3.103767814519721391e+00 3.219462097694527625e+00 3.423358899359937979e+00
2.335374863575947757e-01 2.787280425723998034e-01 4.502526625070389366e-01 5.010817289562901067e-01 5.906782750573851271e-01 6.205798747193944642e-01 7.532284846304532211e-01 8.214093650239975286e-01 8.828714724103999822e-01 9.751010937751151131e-01 9.979895849894581117e-01 1.078957198500481107e+00 1.283992509415515793e+00 1.318996004991495274e+00 1.403994926087648754e+00 1.430850352801687597e+00 1.496430350798447106e+00 1.556539514869930363e+00 1.607524808770472768e+00 1.654258183799049764e+00 1.758355781753988545e+00 1.795319977455241522e+00 1.873399130588495831e+00 2.073190148961062906e+00 2.429687247898946634e+00 2.758788814642807896e+00 2.935562410473099071e+00 3.109638887565694620e+00 3.210616657499742121e+00 3.441810189830650124e+00
2.525180503213477201e-01 3.018616637565484928e-01 4.325417715745719094e-01 5.017324724980843920e-01 6.009212279540778745e-01 6.193863143013377259e-01 7.524753975554526741e-01 8.254119566450762724e-01 8.742084775237073391e-01 9.692420232582934503e-01 9.968281140849292177e-01 1.078931270167003076e+00 1.293730813473952690e+00 1.325078952214507000e+00 1.406188212735599574e+00 1.441439325620536005e+00 1.498617925601590128e+00 1.557600731669088523e+00 1.604604926841453949e+00 1.647712587451523492e+00 1.759757235603066183e+00 1.802312923203849948e+00 1.875199807669154284e+00 2.072739477191540836e+00 2.429811178951907014e+00 2.759481123303961336e+00 2.936008976444350438e+00 3.114910729229639852e+00 3.202525667066608239e+00 3.455692733641942294e+00
2.651919082238411995e-01 3.182942363324205437e-01 4.169781915723916876e-01 5.009325994347212374e-01 6.030404218917069237e-01 6.258756859728985544e-01 7.516743065360438347e-01 8.280599548505463980e-01 8.683260428008087173e-01 9.653763898785917563e-01 9.962263165196403314e-01 1.079004573700976355e+00 1.298978930519366415e+00 1.329163149283973722e+00 1.406858867179472838e+00 1.449757826144295159e+00 1.500341896094685046e+00 1.558432785923543840e+00 1.602422663296129812e+00 1.642999805688582837e+00 1.760264623808042828e+00 1.807877168037471227e+00 1.875609551963020705e+00 2.072659149705045945e+00 2.429903509465216160e+00 2.760000598391478377e+00 2.936206651937550483e+00 3.118775620206193810e+00 3.196640682185471150e+00 3.464304992322934318e+00
2.697629008390660110e-01 3.245491311185147998e-01 4.106191187345527571e-01 5.004280124347703085e-01 6.026497554051739591e-01 6.296220536180053839e-01 7.513107545013372190e-01 8.289769919670828546e-01 8.662436497938094115e-01 9.640406725503425367e-01 9.960243174441878455e-01 1.079046750473101612e+00 1.300613700472246670e+00 1.330607125915709732e+00 1.406996062676352910e+00 1.452828497384489381e+00 1.501048813078415645e+00 1.558764999598173828e+00 1.601590382576208560e+00 1.641261639097779446e+00 1.760382241103645606e+00 1.810004773385991861e+00 1.875588343355031107e+00 2.072668971516064218e+00 2.429937282543409793e+00 2.760192346425092147e+00 2.936259020713841483e+00 3.120233521117081299e+00 3.194448936900717406e+00 3.467223023857544995e+00
4.038330617171762560e-01 4.410452440930567319e-01 5.226604386164228622e-01 6.204904154727710619e-01 6.916260434335484986e-01 7.630993426100759480e-01 7.965366190136323743e-01 8.180404234241891448e-01 9.336278719485501254e-01 1.020225439721631044e+00 1.089987625752034228e+00 1.180057001935842731e+00 1.224981845110466372e+00 1.280827646833894606e+00 1.388443857155224892e+00 1.453009357468239449e+00 1.466909393396966133e+00 1.561965361135346120e+00 1.653820725291543337e+00 1.669173943919844971e+00 1.753866457922395927e+00 1.776753292121404426e+00 1.861588119853805789e+00 2.130385188505885097e+00 2.331433424013556355e+00 2.804733845379498991e+00 3.099421566611158418e+00 3.172596285567260921e+00 3.218455632426307389e+00 3.385246218248251893e+00
3.988226014246048501e-01 4.394366517219585044e-01 5.236485703127046198e-01 6.206817990215317549e-01 6.921858945767296323e-01 7.612586170192606749e-01 7.972999480327341848e-01 8.183933849628370893e-01 9.312788036876352704e-01 1.017247893438726347e+00 1.090970633991496186e+00 1.176657163152285079e+00 1.224969910776606552e+00 1.279659810278627630e+00 1.388937072515813886e+00 1.449746952496373975e+00 1.468165564419437796e+00 1.564549375611451021e+00 1.648030619052188062e+00 1.672119504152582259e+00 1.754082032264351998e+00 1.777731478839531531e+00 1.862792768475581839e+00 2.129946357175261262e+00 2.332493295329597593e+00 2.803864841917688366e+00 3.099144014772971634e+00 3.170982491042506624e+00 3.219276115535906868e+00 3.384956230248964637e+00
3.859645864716338970e-01 4.338693524456494477e-01 5.248581012827159276e-01 6.208470030047755772e-01 6.937415244295321859e-01 7.567239737749895667e-01 7.985440872490742192e-01 8.192718627948424315e-01 9.247455883191960657e-01 1.009188604850285831e+00 1.093187718229937211e+00 1.167974554593921743e+00 1.223237930473142887e+00 1.277078195075533218e+00 1.390588891521458148e+00 1.441837265840117732e+00 1.470759694829276265e+00 1.571339820571972190e+00 1.636077488499702026e+00 1.676335083517457969e+00 1.754929002228803547e+00 1.780256884578800713e+00 1.865820471349151077e+00 2.128686109719462927e+00 2.335560359674420106e+00 2.801449446122969089e+00 3.098330748585456096e+00 3.166292859146719429e+00 3.221433476967549669e+00 3.383874628771773363e+00
3.687821068333312358e-01 4.234642851005436803e-01 5.227282915671604968e-01 6.200694510188505815e-01 6.958255809029736394e-01 7.510698444541624719e-01 7.984813456150142708e-01 8.202011126815945685e-01 9.154973997338657909e-01 9.980491080848813423e-01 1.094973082236342155e+00 1.156985539740112978e+00 1.217130988970261507e+00 1.275019318895666887e+00 1.393473715201163365e+00 1.432250197697608751e+00 1.473229538715498999e+00 1.580108136486140680e+00 1.622461081973142427e+00 1.679529669829853855e+00 1.756610681132902974e+00 1.783575794078745558e+00 1.869272106504936248e+00 2.126742308936242054e+00 2.340346544793613148e+00 2.797953225779123976e+00 3.097018557330162292e+00 3.158739055317485445e+00 3.224332946001269740e+00 3.381462468063793469e+00
3.492893935440891107e-01 4.079759771223173681e-01 5.139427477869173977e-01 6.177681511649246726e-01 6.975769595203592521e-01 7.451620206679046010e-01 7.956864244290098309e-01 8.208815750036952963e-01 9.055760016647820265e-01 9.860750952084847976e-01 1.094451296297505039e+00 1.146672941116757993e+00 1.206332870447585082e+00 1.274354764150959163e+00 1.396694344162499490e+00 1.423800942278181658e+00 1.474624140487425406e+00 1.586891562977933434e+00 1.611633155227899072e+00 1.681659587423292246e+00 1.758977847139206574e+00 1.787068162222816170e+00 1.871652932642153599e+00 2.124262780029292585e+00 2.346505664311353545e+00 2.793870327446322133e+00 3.095200541481300860e+00 3.148349486638658767e+00 3.227505968636971811e+00 3.377103543189797108e+00
3.279524764325177921e-01 3.874692161073486352e-01 4.959398152537494164e-01 6.142987785369351528e-01 6.979965497131125352e-01 7.392026825973859738e-01 7.895531131968802629e-01 8.214748652447596555e-01 8.968020632619499999e-01 9.752452411203905713e-01 1.090384270518017118e+00 1.139288045856879483e+00 1.192893958591045189e+00 1.274365220174230595e+00 1.397400144591147697e+00 1.419903508033291795e+00 1.474549504099192720e+00 1.583690329401309826e+00 1.611863672404488801e+00 1.682989751201031892e+00 1.761634803284816142e+00 1.790212329528265256e+00 1.871882841401220299e+00 2.121345500559877362e+00 2.353746447356909410e+00 2.789516063048772310e+00 3.092709670770135144e+00 3.135121441471158121e+00 3.230677485848898911e+00 3.370399165148269205e+00
3.043690837882437328e-01 3.620753076885093180e-01 4.675005176293258180e-01 6.105990137442252053e-01 6.958624458575415339e-01 7.333875360855520720e-01 7.812590492398527875e-01 8.219828388397012464e-01 8.902368987278624912e-01 9.668771841725123384e-01 1.083587532705844403e+00 1.134818188336834899e+00 1.179325305483809760e+00 1.274045168361092051e+00 1.393432985280438574e+00 1.422188418563193446e+00 1.473237742616338330e+00 1.574377622668100107e+00 1.619145187202834846e+00 1.683878666308081362e+00 1.764094796346682426e+00 1.792516041732916454e+00 1.869435536068918546e+00 2.118040964532464265e+00 2.361878688603042065e+00 2.784983723850061654e+00 3.088874817810829843e+00 3.119542522789382044e+00 3.233674925202228323e+00 3.361366663613042594e+00
2.779350784339694735e-01 3.318913606294807694e-01 4.294790429060245662e-01 6.074364255680467783e-01 6.892480726026909421e-01 7.287507805165956976e-01 7.733791195978458877e-01 8.218941917547791798e-01 8.865061086387474587e-01 9.615573512509402176e-01 1.076419409354610446e+00 1.131122940621291040e+00 1.167688100196432988e+00 1.272765957886270227e+00 1.387093944704279824e+00 1.427178787878722321e+00 1.471398281622773530e+00 1.565508791293682478e+00 1.626371326672279460e+00 1.684680337345873635e+00 1.765851664474071381e+00 1.793605203791060143e+00 1.864250331070394173e+00 2.114419664674827004e+00 2.370780888677650022e+00 2.780267632495639685e+00 3.081070694387963549e+00 3.104205885194805337e+00 3.236375638883596917e+00 3.350448219177845299e+00
2.483264966270692375e-01 2.970882161550521539e-01 3.844465679269358227e-01 6.052177994267744499e-01 6.770460162898099821e-01 7.261886438952096512e-01 7.683179054238477024e-01 8.202989190331579916e-01 8.862937901568617161e-01 9.595051148925902718e-01 1.070698456658109254e+00 1.125973364004604793e+00 1.159309624102597303e+00 1.270272434873017664e+00 1.379948427890685281e+00 1.431981820821340845e+00 1.469874154032422942e+00 1.558304221027282832e+00 1.631646930132246931e+00 1.685610666232190136e+00 1.766408486759124097e+00 1.793367250730547591e+00 1.856609914218283475e+00 2.110648300232451202e+00 2.380325613038325905e+00 2.775452454349879972e+00 3.064267060291449685e+00 3.094408738426444039e+00 3.238716225685650763e+00 3.338343919861136655e+00
2.156887441710259867e-01 2.582504096664599569e-01 3.353155380585054468e-01 6.043368347930218043e-01 6.608849311332819498e-01 7.250560904709213439e-01 7.671007395295369458e-01 8.164671311359061878e-01 8.900944710711033991e-01 9.607867944256835990e-01 1.066966973831126042e+00 1.118814073255672170e+00 1.153996405222004418e+00 1.266560090384476256e+00 1.372362493235081082e+00 1.435253974975564173e+00 1.469246867380969546e+00 1.552821668867670590e+00 1.634479286257580544e+00 1.686660462047931519e+00 1.765297139082878219e+00 1.792010175344170841e+00 1.847111167462442305e+00 2.107004703376837540e+00 2.390306889420646286e+00 2.770842367479054769e+00 3.040365420169598210e+00 3.088943993081467720e+00 3.240720020884606978e+00 3.325784241656507767e+00
1.805630809138084325e-01 2.166260917383078799e-01 2.840208443132531402e-01 6.051486050717117537e-01 6.437032778357076879e-01 7.245747449957156139e-01 7.691926834507408772e-01 8.107788522868397685e-01 8.974746125126075169e-01 9.651078285988419214e-01 1.064658612933648385e+00 1.111025130694001106e+00 1.150227876422850182e+00 1.261776115410312427e+00 1.364612766662442800e+00 1.436522520684073712e+00 1.469553458339332819e+00 1.548912905325811273e+00 1.634994231489266925e+00 1.687646833835598326e+00 1.762143100915346983e+00 1.789983074678981545e+00 1.836703665705581967e+00 2.103808293199692869e+00 2.400390742923200094e+00 2.766948300647900982e+00 3.013584663813064779e+00 3.084786210662021411e+00 3.242507182047087877e+00 3.313380494344004834e+00
1.436772286680109978e-01 1.737644470094217575e-01 2.311636229782393914e-01 6.065230133946931668e-01 6.290886480740772724e-01 7.246971871778754570e-01 7.731630596582752535e-01 8.046861724564454699e-01 9.071084791204593323e-01 9.715938873975116241e-01 1.062398333812473616e+00 1.104653710350123497e+00 1.146776034507392517e+00 1.256196893053752150e+00 1.357159559573547503e+00 1.436038457148737013e+00 1.470323094980725109e+00 1.546368867379318557e+00 1.633711509307984588e+00 1.688381171288378946e+00 1.756880970993208280e+00 1.787820514223936730e+00 1.826590737175987744e+00 2.101306650530513576e+00 2.410091291015070691e+00 2.764326116264655742e+00 2.986369728308150506e+00 3.081183890396387071e+00 3.244273998622444477e+00 3.301613969932601478e+00
1.056818397306655416e-01 1.307354453888703028e-01 1.766663160254218212e-01 6.026816990088200710e-01 6.235310221658306729e-01 7.257079390388470053e-01 7.772440100841149224e-01 8.000037671315860521e-01 9.173553584077279721e-01 9.788970637957826737e-01 1.058748401600001499e+00 1.101461575898048828e+00 1.143248793186844914e+00 1.250302504066405085e+00 1.350588277847443397e+00 1.434497141368070050e+00 1.470989001327102752e+00 1.544914914688703789e+00 1.631378514159464110e+00 1.688799230061819090e+00 1.750134178735032409e+00 1.785989592667660331e+00 1.817859815632871578e+00 2.099588622782986747e+00 2.418777830077846858e+00 2.763315703927232025e+00 2.960906904489478020e+00 3.078111462473969606e+00 3.246235580911339902e+00 3.290922046901930464e+00
6.677112121336521711e-02 8.781027458472065450e-02 1.206413993688636582e-01 5.941832603991750172e-01 6.258334255401853952e-01 7.275608665751306381e-01 7.795873735343766819e-01 7.983096741955049147e-01 9.264986386397344731e-01 9.855614420435234724e-01 1.053744480689966068e+00 1.101640851240983876e+00 1.139805090573055457e+00 1.244875935465250105e+00 1.345468119533440143e+00 1.432697665134760046e+00 1.471273342163493369e+00 1.544222496099841857e+00 1.628842040670443136e+00 1.688962418472707894e+00 1.743363771911064619e+00 1.784763841268497853e+00 1.811175619942744230e+00 2.098574113041393296e+00 2.425729243573575555e+00 2.763758461340664940e+00 2.939627783235851055e+00 3.075723866469807000e+00 3.248504198336122251e+00 3.281826699028433936e+00
2.513073251228017599e-02 4.463207962582322469e-02 6.407548477120973696e-02 5.877928768061594367e-01 6.285316603611285080e-01 7.294479117546992519e-01 7.798910836163209792e-01 7.991267935603652006e-01 9.328567875972868517e-01 9.903032755197717085e-01 1.049225853315719492e+00 1.103447887725514720e+00 1.137009853028245310e+00 1.240957426987094436e+00 1.342231835604893231e+00 1.431322437327775088e+00 1.471261595316994297e+00 1.543968063449295158e+00 1.626914147104901343e+00 1.688988173982313157e+00 1.738371666278264893e+00 1.784160041967718380e+00 1.806921736502752118e+00 2.098082698708865212e+00 2.430248188788318942e+00 2.764841708780110263e+00 2.925210270056814998e+00 3.074200674642868059e+00 3.250795929865905709e+00 3.275173537589004980e+00
-2.336286486603017076e-04 -1.586976683268661952e-04 1.312597972910226009e-08 5.855306263769909370e-01 6.295279607644832520e-01 7.302467412514280776e-01 7.797319478603474963e-01 7.998326188405325832e-01 9.351376139331049053e-01 9.920519950258036568e-01 1.047385612274592814e+00 1.104463790073635598e+00 1.135861616848741873e+00 1.239515988223728771e+00 1.341127374844699460e+00 1.430813826883679640e+00 1.471212451631894735e+00 1.543912667534118155e+00 1.626196846780918248e+00 1.688982423270270594e+00 1.736540455716480746e+00 1.783999855269528201e+00 1.805444056573464851e+00 2.097942130367372204e+00 2.431818398477775034e+00 2.765400594351411279e+00 2.920060766653302942e+00 3.073676421666861280e+00 3.251925545305399012e+00 3.272542525052689388e+00
-6.447778268295996373e-02 3.348068961171860036e-02 7.164284840793859466e-02 5.843735078947649431e-01 6.258068275172734563e-01 7.289338355931631597e-01 7.778494758168810197e-01 7.964426696822400897e-01 9.349931256174857097e-01 9.922774544759859205e-01 1.048318994118712544e+00 1.101718129328833173e+00 1.137934140523387372e+00 1.243067206980350559e+00 1.344258207564584806e+00 1.430525023687079234e+00 1.472352266409490795e+00 1.546854944052248104e+00 1.625981336520986309e+00 1.687536265451030193e+00 1.741388868770309850e+00 1.782046424507783611e+00 1.811173866405810573e+00 2.097571073490247073e+00 2.433234959747000659e+00 2.766830790274890539e+00 2.919820830903804509e+00 3.073541297109453563e+00 3.253900763624457682e+00 3.273324173102360124e+00
-9.834902543018181342e-02 6.346423890844875293e-02 1.294556923404305560e-01 5.804195510468650454e-01 6.155453327996784907e-01 7.246460244969340492e-01 7.689330526508854069e-01 7.931445187386545470e-01 9.344742383418120912e-01 9.928224457830534533e-01 1.051106664891980680e+00 1.094776102528908446e+00 1.143350863706029230e+00 1.252884120035345772e+00 1.349333913555387454e+00 1.430814106334088009e+00 1.476551075267378499e+00 1.553967062012407085e+00 1.625320029122576670e+00 1.684328874197214443e+00 1.753300288412189101e+00 1.778059265103004272e+00 1.828067980091747424e+00 2.096597477569372092e+00 2.437433674760239199e+00 2.771306529218115156e+00 2.918938015393934826e+00 3.073308233703501369e+00 3.259294023303702659e+00 3.275727611136377337e+00
-1.098921911898947529e-01 9.883340030152039379e-02 1.902301050562774376e-01 5.726551313443887237e-01 6.012842281356240992e-01 7.171157253193872760e-01 7.540086464641897468e-01 7.961376208749675332e-01 9.332643562955381666e-01 9.937830173852801874e-01 1.055235299492684353e+00 1.085435764476057496e+00 1.151522863011774866e+00 1.266570112259968628e+00 1.349599348671914445e+00 1.433570638790182761e+00 1.484163721323245255e+00 1.561865808706802028e+00 1.624070639628524937e+00 1.680959566178030329e+00 1.763872345750840953e+00 1.775978920958265483e+00 1.857916904015317394e+00 2.095517725497949346e+00 2.444269298348561215e+00 2.779170706487474440e+00 2.917126695552628490e+00 3.073342284353519194e+00 3.266641946627062865e+00 3.280011099023524945e+00
-7.981938646155661843e-02 1.418324437799845794e-01 2.529947356274674930e-01 5.605130253483447955e-01 5.867772723804547397e-01 7.077064528529964926e-01 7.399313255747859142e-01 8.030581627051741611e-01 9.308462952104935573e-01 9.958259230079545832e-01 1.058812960285462346e+00 1.075574882686910039e+00 1.162571603189795244e+00 1.280296482474997388e+00 1.345183609950056480e+00 1.438882947103824916e+00 1.493298139243518285e+00 1.568229086923505378e+00 1.621831912501793260e+00 1.678228363218358554e+00 1.761286882087117034e+00 1.783073158167351790e+00 1.900019341521981264e+00 2.095377485995803202e+00 2.453532874478718373e+00 2.790318126273658272e+00 2.914515498649296710e+00 3.073891595306629476e+00 3.274166766229115400e+00 3.286518906737093459e+00
9.120520087000798248e-02 1.920988025279836697e-01 3.176094522585718449e-01 5.450489381911399756e-01 5.761325646666943801e-01 6.993467683677272451e-01 7.287093064924162755e-01 8.114453561770761381e-01 9.269233012246351766e-01 9.994439330153900292e-01 1.055988647259374025e+00 1.070958721942299352e+00 1.176601981658804474e+00 1.287848618120015498e+00 1.343427612343426558e+00 1.446024527019317052e+00 1.501343304520058819e+00 1.572606443622835526e+00 1.618182400061821680e+00 1.676178829368306866e+00 1.753989498076108600e+00 1.790074800747191164e+00 1.947370177941726510e+00 2.098005388592129705e+00 2.465005548263877522e+00 2.803247384314683011e+00 2.912400733432159328e+00 3.074876411520171438e+00 3.281322874427293090e+00 3.294640735376986207e+00
1.690199585165090557e-01 2.449093478232702292e-01 3.808232487639570119e-01 5.299051151779572422e-01 5.729083030168202750e-01 6.940119068563906923e-01 7.204396717222351088e-01 8.193000098429781275e-01 9.217526255517882738e-01 1.004180353288120831e+00 1.046682775478264826e+00 1.072510850643384916e+00 1.193501570299017267e+00 1.284506012404920794e+00 1.350761336193047057e+00 1.454690571132428056e+00 1.506606548660486489e+00 1.575328661859789037e+00 1.613390075339026675e+00 1.673829278651951524e+00 1.746598282833385474e+00 1.794033502402239355e+00 1.990631500726694814e+00 2.106085444271325269e+00 2.478502085670565513e+00 2.814100273306221478e+00 2.913943327018540419e+00 3.075885269642555819e+00 3.288992684710275061e+00 3.302908682471458857e+00
2.250468142347119005e-01 2.923374454749529394e-01 4.307025660013075186e-01 5.215234996587624350e-01 5.803542152775070795e-01 6.912623657649699105e-01 7.172811079603682582e-01 8.255341469870591808e-01 9.160424384816250321e-01 1.008304666749991085e+00 1.038836289593533468e+00 1.074561892580213174e+00 1.212596637367441721e+00 1.275539496939995798e+00 1.363181997950702273e+00 1.464725760132626231e+00 1.508254583525884929e+00 1.576161995221751377e+00 1.608964392987809688e+00 1.669105292337097479e+00 1.741636139950248685e+00 1.795504148361569463e+00 2.022812102649972577e+00 2.121773299557063286e+00 2.493855237680979720e+00 2.817827644708783552e+00 2.922916952439695848e+00 3.076320642447021303e+00 3.297857288602355830e+00 3.310586510726078568e+00
2.658239534809023752e-01 3.302915539485010155e-01 4.546579335838979996e-01 5.252053929453233128e-01 5.966275413575354847e-01 6.888628841249905266e-01 7.243723519057566618e-01 8.305957597192230590e-01 9.111606029576317933e-01 1.009432688710152792e+00 1.036049632162529655e+00 1.076620568474850215e+00 1.230502792176492610e+00 1.269307770607902786e+00 1.375035845123685041e+00 1.475903855711462986e+00 1.506003532148789237e+00 1.574291144759060845e+00 1.606870031171061974e+00 1.660475759239238736e+00 1.740949538959223553e+00 1.795632480472802772e+00 2.043591528480147357e+00 2.142905818275490315e+00 2.510823033926381953e+00 2.813045105423285897e+00 2.939165722660380897e+00 3.075609332301765697e+00 3.307089934967843980e+00 3.318598202420414367e+00
2.892771886208893029e-01 3.592214392122221600e-01 4.650438835042489671e-01 5.342713527927210881e-01 6.081044463168958636e-01 6.872418015173452632e-01 7.407850472659788243e-01 8.349474905595393182e-01 9.104287545843218199e-01 1.008403855060587606e+00 1.037509873503300595e+00 1.079771946369159963e+00 1.235661789631836482e+00 1.277999250272948251e+00 1.383730383025941091e+00 1.487829667823887370e+00 1.500391457962405806e+00 1.569921012232321056e+00 1.606909767524737687e+00 1.649603258145768025e+00 1.743722110261659797e+00 1.795738096952347318e+00 2.057746391849778700e+00 2.163980327097017931e+00 2.528952323604178876e+00 2.802669938148307338e+00 2.958543749418010016e+00 3.073433720061249819e+00 3.313867487291081382e+00 3.329501330884793830e+00
2.965310742891992812e-01 3.802351989114451936e-01 4.768163835513125060e-01 5.420091723946650619e-01 6.079416590178654545e-01 6.886550524102732496e-01 7.562074222176100591e-01 8.351191695792844483e-01 9.175293828941337715e-01 1.007033106975165904e+00 1.042802586996803171e+00 1.084829855785048203e+00 1.227832684157756038e+00 1.299368378697414173e+00 1.389066542391789616e+00 1.492548087622855624e+00 1.500174326210797160e+00 1.563973589601821867e+00 1.605999892708132482e+00 1.641487096797958234e+00 1.747055685767007871e+00 1.796918020327942900e+00 2.068974622075666847e+00 2.181482522018363124e+00 2.547449017743745880e+00 2.789947982669327420e+00 2.977282307868005518e+00 3.069920590344640932e+00 3.317824933603337190e+00 3.342751933947230025e+00
2.941192696872548806e-01 3.950823139486073776e-01 4.899980871252612169e-01 5.464055451793650153e-01 6.007171805870779036e-01 6.936313725541565223e-01 7.663853494302443892e-01 8.287370986967314002e-01 9.278382031873873004e-01 1.002216651651658408e+00 1.057280593736436680e+00 1.091720177994539798e+00 1.215065044651378878e+00 1.320651843372507850e+00 1.393283221386436121e+00 1.484752403477446858e+00 1.511195306714054887e+00 1.556853769324169523e+00 1.601883388957071830e+00 1.640354973992811161e+00 1.748414448667782173e+00 1.799511548854594301e+00 2.078516992276111086e+00 2.194513869466835576e+00 2.565080401852592562e+00 2.777181110481374393e+00 2.993234136807888746e+00 3.065685627027946225e+00 3.320328327355060782e+00 3.355601109186494124e+00
2.884547300509217593e-01 4.066340424422153488e-01 4.995722897721111000e-01 5.472014468505587148e-01 5.921532604838166680e-01 7.009807644788443870e-01 7.737973676645927279e-01 8.189837079260886554e-01 9.347930912786958091e-01 9.931925897208561116e-01 1.077287824007618466e+00 1.102864268966249117e+00 1.198649834315467455e+00 1.335198828816016814e+00 1.399850248211277792e+00 1.477511196081304545e+00 1.520066915208766467e+00 1.549380504012303206e+00 1.597207289856593215e+00 1.644085742665517991e+00 1.747290642725815468e+00 1.802755885780530143e+00 2.086186916507038358e+00 2.203318270416752434e+00 2.580130719827371077e+00 2.766145080529324396e+00 3.005245114308256582e+00 3.061678021962642937e+00 3.321997776429046478e+00 3.366004854190759232e+00
2.835907802426483881e-01 4.156218116951300723e-01 5.032978047921655707e-01 5.458120535594469525e-01 5.863702669707777648e-01 7.078415138802967022e-01 7.802698509047718556e-01 8.093584621470664153e-01 9.384776441631632604e-01 9.842108054232201475e-01 1.088029890483701800e+00 1.124665672606952604e+00 1.178729196284267644e+00 1.341605965246009058e+00 1.408266895119744566e+00 1.471698695859414707e+00 1.525795492570686029e+00 1.543430837941427436e+00 1.594385901578062370e+00 1.648383054448026686e+00 1.745144370877025120e+00 1.805357663389370648e+00 2.091244364714022197e+00 2.208373981556384535e+00 2.590508481889527204e+00 2.758500751264025386e+00 3.012650205923096625e+00 3.058858974250841190e+00 3.323003419541092907e+00 3.372682483024584510e+00
2.817294832759995593e-01 4.193545290559819172e-01 5.037005883261809203e-01 5.448484606923117424e-01 5.845628838990534204e-01 7.106905206767281102e-01 7.838313197801844989e-01 8.044607638677029327e-01 9.397995163066990010e-01 9.803413447890622079e-01 1.090503532532412390e+00 1.144154177964243679e+00 1.161546286215149992e+00 1.343109788567574903e+00 1.412379156784255185e+00 1.469229867554090241e+00 1.527840650049280713e+00 1.541078984866675272e+00 1.593524921545125261e+00 1.650209994074967934e+00 1.744087510167635413e+00 1.806338156096175762e+00 2.093015644148836785e+00 2.210021757410715715e+00 2.594251994934451577e+00 2.755734456236852203e+00 3.015139590699288163e+00 3.057856401880132857e+00 3.323344873072659134e+00 3.374973518541000139e+00
3.438713894154946660e-01 4.347804034568492071e-01 5.036090570099628350e-01 5.820773341872531592e-01 6.097128755008425216e-01 7.182801616668884614e-01 7.930248962845124483e-01 9.475417003758875856e-01 9.672056348177937579e-01 1.024632535795266808e+00 1.085201704472426032e+00 1.183640518660105556e+00 1.213461600326854573e+00 1.256911088241104757e+00 1.336319111780299274e+00 1.429141408412898162e+00 1.520127240266025748e+00 1.556118592065505402e+00 1.618740682863013536e+00 1.656823968792128010e+00 1.743730822615675136e+00 1.814785028378406162e+00 1.976095723091110923e+00 2.161578130337642456e+00 2.551586677180402329e+00 2.799781939807706177e+00 3.016799650685190404e+00 3.098219049521622193e+00 3.249480116747875957e+00 3.300993679998248442e+00
3.396982612412303149e-01 4.330013118714968745e-01 5.085874605150977334e-01 5.810842223256308392e-01 6.130645890028780798e-01 7.183112546125763886e-01 7.911847382582500865e-01 9.458613217996669764e-01 9.652595460176067732e-01 1.022979686175081726e+00 1.084413601650818793e+00 1.184360198830929578e+00 1.213741463292329792e+00 1.255308424041458704e+00 1.336400614631969797e+00 1.428070742290276751e+00 1.522990688318972552e+00 1.555050075577610880e+00 1.618121647010012376e+00 1.655480052263604618e+00 1.744789134903028227e+00 1.813127056455434261e+00 1.979314060186831981e+00 2.160445332568239341e+00 2.550090646734236355e+00 2.797411870780454279e+00 3.016356269821780067e+00 3.099243566631716185e+00 3.249076792035375139e+00 3.301453252064554977e+00
3.293077406440487742e-01 4.263456303961308258e-01 5.211190964929536262e-01 5.799578191818079986e-01 6.191004958885908405e-01 7.199158789911535017e-01 7.853660209795861880e-01 9.409904859962917589e-01 9.594642643606142718e-01 1.017365739211227638e+00 1.083636630689359892e+00 1.184267592988010431e+00 1.216161153606489576e+00 1.250879272369883610e+00 1.336225904542477583e+00 1.425784349257077199e+00 1.529667920832465722e+00 1.552487871506911477e+00 1.616233410892052413e+00 1.652899597459398739e+00 1.747573891424397896e+00 1.809184265235766365e+00 1.987669291727836018e+00 2.156722144029813215e+00 2.545504076147330874e+00 2.791435088483249505e+00 3.014948604087065220e+00 3.101749570445154980e+00 3.247864531989680614e+00 3.302724312605646251e+00
3.157411931054981413e-01 4.130364372676836870e-01 5.354534507424829615e-01 5.800996075271414032e-01 6.224443057154287473e-01 7.254536546963408217e-01 7.749944702287742127e-01 9.332367102447026719e-01 9.501875919904527734e-01 1.007872620416954135e+00 1.083838198262946806e+00 1.181065023263671687e+00 1.221519129996095687e+00 1.245749504917484707e+00 1.334447538278290324e+00 1.424280864939673874e+00 1.533218999605827637e+00 1.552577035868333288e+00 1.613419862234019675e+00 1.652328906095726913e+00 1.751318344814138062e+00 1.804834148547183936e+00 1.998275598172700951e+00 2.149692153108595960e+00 2.537604128608218712e+00 2.784566497807331675e+00 3.012498708783332813e+00 3.104321667262308626e+00 3.246025187928014866e+00 3.304394480513805021e+00
2.997856969748009526e-01 3.916816812842324746e-01 5.454882128842120093e-01 5.792010171097196070e-01 6.249931433931762426e-01 7.326219957695035978e-01 7.609103845457882986e-01 9.221464113545108088e-01 9.392568808351704490e-01 9.963170642451092407e-01 1.083029926696797762e+00 1.175875579754444678e+00 1.223346633570074449e+00 1.246614724675627617e+00 1.330358610690853149e+00 1.424778393196495019e+00 1.527129456446091549e+00 1.559570677313352638e+00 1.611314937673585801e+00 1.655852855543532787e+00 1.755442112985067249e+00 1.801118760347135694e+00 2.008143206955368854e+00 2.138880153486642399e+00 2.526283867459620414e+00 2.779627547144574606e+00 3.009042514788507372e+00 3.105384098323072717e+00 3.244150926349801178e+00 3.305742948863282127e+00
2.802040273579223806e-01 3.605527509118593432e-01 5.438881950656606623e-01 5.764072114066099983e-01 6.332028847925729176e-01 7.271914164356310106e-01 7.537182375216102681e-01 9.065484632047499103e-01 9.299979814241895459e-01 9.842173224330256209e-01 1.079950010712707353e+00 1.169711508368439734e+00 1.216521413560238907e+00 1.256517269698676609e+00 1.326169157787699504e+00 1.426239641239589462e+00 1.517172180477157850e+00 1.567869760921356770e+00 1.611781569361385724e+00 1.662849262269627815e+00 1.759539777983361475e+00 1.798040522436713751e+00 2.014583266751452939e+00 2.124798916803383619e+00 2.511913869626718920e+00 2.778211174646689763e+00 3.004553154905223789e+00 3.103919838617946070e+00 3.243075577877900795e+00 3.306042384722843064e+00
2.539590874258908504e-01 3.181288130640420042e-01 5.246306406906718900e-01 5.774938847673084519e-01 6.455934563063396858e-01 7.057286343227779923e-01 7.563549788086064707e-01 8.875637984578803596e-01 9.237215602928317004e-01 9.724921048927333000e-01 1.075654844227415641e+00 1.162464833966249333e+00 1.205393193854970013e+00 1.267902841565308414e+00 1.325455014528818642e+00 1.426252971422176774e+00 1.508450038415890315e+00 1.574901745266738207e+00 1.615061259256979076e+00 1.671090429779279907e+00 1.763099628097528626e+00 1.795249673686114766e+00 2.014638815116060577e+00 2.109701435546805115e+00 2.495572887572979681e+00 2.780023213658114667e+00 2.998759095784755857e+00 3.099985440804255976e+00 3.243412772527639820e+00 3.304877059730027877e+00
2.125958892289664115e-01 2.670342408217545316e-01 4.928647070670645336e-01 5.790044529467611722e-01 6.539331949052468174e-01 6.871890025785251099e-01 7.572004488561043800e-01 8.674363541969657421e-01 9.200297308729651347e-01 9.626852385741462292e-01 1.071656276052892487e+00 1.153728740004107411e+00 1.192816089405997149e+00 1.276764269435455512e+00 1.329202661780208183e+00 1.423619805879506650e+00 1.503056467305546651e+00 1.580360161056968638e+00 1.620185771052591539e+00 1.678115489033030983e+00 1.765635813699712120e+00 1.792530952452525028e+00 2.004546695121115718e+00 2.097732856371257615e+00 2.478899359442236161e+00 2.783127322017842076e+00 2.991283325082527256e+00 3.094763144936063526e+00 3.245202168399294429e+00 3.302194802901564419e+00
1.319348803000097436e-01 2.196223311921678689e-01 4.515821141142926098e-01 5.784597054165028229e-01 6.460311825125342189e-01 6.876830963205859959e-01 7.553569372059650844e-01 8.478295106454222241e-01 9.174730028781028501e-01 9.576609077680702242e-01 1.068580253140742675e+00 1.143193653797904163e+00 1.181239130744132781e+00 1.282266834685278800e+00 1.335010993295429937e+00 1.420042072529680510e+00 1.500060334129300399e+00 1.583472968650014412e+00 1.626018481023869811e+00 1.682331400657433251e+00 1.767105430948763489e+00 1.789763899228239197e+00 1.982174125405858911e+00 2.091984035456641244e+00 2.463635419089849510e+00 2.784975893012886061e+00 2.982144810385875644e+00 3.089814890170051953e+00 3.247932878475410234e+00 3.298172375984808724e+00
-1.057177854906270892e-01 1.781511669020078292e-01 4.015654269058958614e-01 5.773836758020389759e-01 6.332150104291613957e-01 6.971856801151516958e-01 7.526051121641724739e-01 8.299757175430160228e-01 9.147003160980803349e-01 9.593993608037858500e-01 1.066335799578958188e+00 1.131343688192336883e+00 1.171758938689830165e+00 1.284065096681358042e+00 1.340111686471070040e+00 1.418607242510930622e+00 1.497540684165072689e+00 1.582717362403296857e+00 1.631255441394570127e+00 1.683666689514591974e+00 1.767698123142168010e+00 1.786957634195061484e+00 1.950029322248963082e+00 2.091301039414480645e+00 2.451138129773165364e+00 2.783792545015639774e+00 2.972033514156487755e+00 3.085977251150185730e+00 3.250849853934495659e+00 3.293114777916359870e+00
-1.747712908258820530e-01 1.393218537359501852e-01 3.441786497443073967e-01 5.787199097939521586e-01 6.230201316470495021e-01 7.075812453661430856e-01 7.508351472325955900e-01 8.147899138508090111e-01 9.131153316883556803e-01 9.659767466685609261e-01 1.064588837195966642e+00 1.119607502983726022e+00 1.163801017871759935e+00 1.281286300695084757e+00 1.343595837818534200e+00 1.420895155625258921e+00 1.494313312554046203e+00 1.577132675449670618e+00 1.634413669204818120e+00 1.683316915696889460e+00 1.767091649331692382e+00 1.784576387398945529e+00 1.912941416843748188e+00 2.092903198708543133e+00 2.442069435944419720e+00 2.779598635328138112e+00 2.961712994076483696e+00 3.083052274224822309e+00 3.253251278506273270e+00 3.287485250752434141e+00
-1.906747181987850093e-01 1.044745984907505115e-01 2.811546139440455616e-01 5.840826320178096331e-01 6.151448829064903867e-01 7.179390269207345243e-01 7.522417020508267438e-01 8.027660988186420266e-01 9.145667536842985168e-01 9.741963418447645573e-01 1.062722900784241142e+00 1.109742561911553071e+00 1.156459393323756579e+00 1.273757980770614529e+00 1.345802369898013051e+00 1.425766453701877268e+00 1.489737751552771217e+00 1.567450538279870242e+00 1.634755119819107483e+00 1.682831861010981145e+00 1.764343326970597259e+00 1.783284713281648060e+00 1.875994761128625843e+00 2.094870621369431252e+00 2.436348893592606757e+00 2.774079962716984760e+00 2.951332313057627221e+00 3.080463167332174734e+00 3.254619187132644864e+00 3.281984207919810714e+00
-1.731675191592637608e-01 7.576984555928555076e-02 2.140950231656491287e-01 5.907065770921260395e-01 6.113053127882347448e-01 7.254101067217573195e-01 7.607110759215407469e-01 7.939028173750337647e-01 9.192141323268321340e-01 9.819599614720989633e-01 1.059567759140804144e+00 1.103635099189955060e+00 1.149364199648309492e+00 1.262973852943611197e+00 1.346565508928316168e+00 1.430503404685055102e+00 1.483500796643517416e+00 1.556684293168847821e+00 1.632807471598093585e+00 1.683305929850050342e+00 1.758617881402283034e+00 1.783093053695798957e+00 1.844185329230705328e+00 2.096372948277457127e+00 2.433337037403108472e+00 2.769324732950107837e+00 2.940784861838931619e+00 3.077954227151074917e+00 3.254687319260740175e+00 3.277465332002935217e+00
-1.317936326302964756e-01 5.430923040084335157e-02 1.444579334912050317e-01 5.905704229717445575e-01 6.171098865485421525e-01 7.284999141244653531e-01 7.752479941919434570e-01 7.886799231185972481e-01 9.258614110094350869e-01 9.879462074757412449e-01 1.054519948423110476e+00 1.102173017154154833e+00 1.142824832099141874e+00 1.251610305090294251e+00 1.345286991620098016e+00 1.432555253743542867e+00 1.476833836714119386e+00 1.548722466135008746e+00 1.629832866736637964e+00 1.685087216254208542e+00 1.749915313748643841e+00 1.783429887345502340e+00 1.821543624029016373e+00 2.097298178062638740e+00 2.432128951809813255e+00 2.766529567072010032e+00 2.930712250292152987e+00 3.075738857389815895e+00 3.253682374647109299e+00 3.274497646124865824e+00
-7.634933627357515240e-02 3.836610452080554262e-02 7.392344697704934797e-02 5.870833252057670038e-01 6.258718708835954159e-01 7.297828624814521881e-01 7.804802309248782821e-01 7.943819357897142774e-01 9.322870966777526691e-01 9.912275139926208789e-01 1.049476470234398162e+00 1.103504937827509691e+00 1.137823515695942422e+00 1.242839672810735596e+00 1.342602916515068356e+00 1.431704530107083873e+00 1.472494278583579286e+00 1.544891836637730886e+00 1.627231131084207139e+00 1.687616792853723791e+00 1.740727008596669290e+00 1.783825960066929062e+00 1.809191900429621747e+00 2.097787163075271355e+00 2.431837130764702426e+00 2.765542808576609168e+00 2.923007385486475318e+00 3.074215823114677448e+00 3.252455579512869122e+00 3.272987280889156025e+00
-2.336286486603017076e-04 -1.586976683268661952e-04 1.312597972910226009e-08 5.855306263769909370e-01 6.295279607644832520e-01 7.302467412514280776e-01 7.797319478603474963e-01 7.998326188405325832e-01 9.351376139331049053e-01 9.920519950258036568e-01 1.047385612274592814e+00 1.104463790073635598e+00 1.135861616848741873e+00 1.239515988223728771e+00 1.341127374844699460e+00 1.430813826883679640e+00 1.471212451631894735e+00 1.543912667534118155e+00 1.626196846780918248e+00 1.688982423270270594e+00 1.736540455716480746e+00 1.783999855269528201e+00 1.805444056573464851e+00 2.097942130367372204e+00 2.431818398477775034e+00 2.765400594351411279e+00 2.920060766653302942e+00 3.073676421666861280e+00 3.251925545305399012e+00 3.272542525052689388e+00
