-2.642158918952484670e-01
-2.451015648713450457e-01
-2.259872378474416243e-01
-2.068729108235382030e-01
-1.877585837996347540e-01
-1.686442567757313327e-01
-1.495299297518279114e-01
-1.304156027279244623e-01
-1.113012757040210549e-01
-9.218694868011763355e-02
-7.307262165621418448e-02
-5.395829463231077011e-02
-3.484396760840734880e-02
-1.572964058450390668e-02
3.384686439399539355e-03
2.249901346330293248e-02
4.161334048720637807e-02
6.072766751110982020e-02
7.984199453501321375e-02
9.895632155891666282e-02
1.180706485828200980e-01
1.371849756067234916e-01
1.562993026306269406e-01
1.754136296545303897e-01
1.945279566784337832e-01
2.136422837023372323e-01
2.327566107262406536e-01
2.518709377501441304e-01
2.709852647740475518e-01
2.900995917979509175e-01
3.092139188218543389e-01
3.283282458457577602e-01
3.474425728696612370e-01
3.665568998935646583e-01
3.856712269174681351e-01
4.047855539413715564e-01
4.238998809652749222e-01
4.430142079891783435e-01
4.621285350130818204e-01
4.812428620369852417e-01
5.003571890608886630e-01
5.194715160847921398e-01
5.385858431086955056e-01
5.577001701325988714e-01
5.768144971565023482e-01
5.959288241804058250e-01
6.150431512043093019e-01
6.341574782282126677e-01
6.532718052521160335e-01
6.723861322760195103e-01
6.915004592999228761e-01
7.106147863238263529e-01
7.297291133477298297e-01
7.488434403716333065e-01
7.679577673955366723e-01
7.870720944194401492e-01
8.061864214433436260e-01
8.253007484672469918e-01
8.444150754911502466e-01
8.635294025150537234e-01
8.826437295389572002e-01
9.017580565628605660e-01
9.208723835867640428e-01
9.399867106106675196e-01
9.591010376345708854e-01
9.782153646584743623e-01
9.973296916823778391e-01
1.016444018706281316e+00
1.035558345730184682e+00
1.054672672754088270e+00
1.073786999777991635e+00
1.092901326801894779e+00
1.112015653825798367e+00
1.131129980849701733e+00
1.150244307873605099e+00
1.169358634897508686e+00
1.188472961921412052e+00
1.207587288945315418e+00
1.226701615969219006e+00
1.245815942993122372e+00
1.264930270017025737e+00
1.284044597040929325e+00
1.303158924064832691e+00
1.322273251088736279e+00
1.341387578112639423e+00
1.360501905136542788e+00
1.379616232160446376e+00
1.398730559184349742e+00
1.417844886208253108e+00
1.436959213232156696e+00
1.456073540256060062e+00
1.475187867279963427e+00
1.494302194303867015e+00
1.513416521327770381e+00
1.532530848351673969e+00
1.551645175375577335e+00
1.570759502399480478e+00
1.589873829423384066e+00
1.608988156447287432e+00
1.628102483471191020e+00
1.647216810495094386e+00
1.666331137518997974e+00
1.685445464542901117e+00
1.704559791566804483e+00
1.723674118590708071e+00
1.742788445614611437e+00
1.761902772638515025e+00
1.781017099662418168e+00
1.800131426686321978e+00
1.819245753710225122e+00
1.838360080734128710e+00
1.857474407758032076e+00
1.876588734781935663e+00
1.895703061805838807e+00
1.914817388829742617e+00
1.933931715853645761e+00
1.953046042877549127e+00
1.972160369901452714e+00
1.991274696925355858e+00
2.010389023949259446e+00
2.029503350973162590e+00
2.048617677997066622e+00
2.067732005020969765e+00
2.086846332044873353e+00
2.105960659068776497e+00
2.125074986092680085e+00
2.144189313116583673e+00
2.163303640140487261e+00
2.182417967164390404e+00
2.201532294188293548e+00
2.220646621212197136e+00
2.239760948236100280e+00
2.258875275260004312e+00
2.277989602283907455e+00
2.297103929307811043e+00
2.316218256331714187e+00
2.335332583355617775e+00
2.354446910379521363e+00
2.373561237403424951e+00
2.392675564427328094e+00
2.411789891451231682e+00
2.430904218475134826e+00
2.450018545499037970e+00
2.469132872522942002e+00
2.488247199546845145e+00
2.507361526570748733e+00
2.526475853594651877e+00
2.545590180618555465e+00
2.564704507642459053e+00
2.583818834666362640e+00
2.602933161690265784e+00
2.622047488714169372e+00
2.641161815738072516e+00
2.660276142761976104e+00
2.679390469785879691e+00
2.698504796809782835e+00
2.717619123833686423e+00
2.736733450857589567e+00
2.755847777881493155e+00
2.774962104905396298e+00
2.794076431929300330e+00
2.813190758953203474e+00
2.832305085977107062e+00
2.851419413001010206e+00
2.870533740024913794e+00
2.889648067048817381e+00
2.908762394072720969e+00
2.927876721096624113e+00
2.946991048120527257e+00
2.966105375144430845e+00
2.985219702168333988e+00
3.004334029192238020e+00
3.023448356216141164e+00
3.042562683240044752e+00
3.061677010263947896e+00
3.080791337287851483e+00
3.099905664311755071e+00
3.119019991335658659e+00
3.138134318359561803e+00
3.157248645383465391e+00
3.176362972407368535e+00
3.195477299431271678e+00
3.214591626455175710e+00
3.233705953479078854e+00
3.252820280502982442e+00
3.271934607526885586e+00
3.291048934550789173e+00
3.310163261574692761e+00
3.329277588598596349e+00
3.348391915622499493e+00
3.367506242646403081e+00
3.386620569670306224e+00
3.405734896694209368e+00
3.424849223718113400e+00
3.443963550742016544e+00
3.463077877765920132e+00
3.482192204789823275e+00
3.501306531813726863e+00
3.520420858837630451e+00
3.539535185861534039e+00
