-1.420992851242233179e+00
-1.396234117274591569e+00
-1.371475383306949958e+00
-1.346716649339308347e+00
-1.321957915371666514e+00
-1.297199181404024904e+00
-1.272440447436383071e+00
-1.247681713468741460e+00
-1.222922979501099627e+00
-1.198164245533458239e+00
-1.173405511565816406e+00
-1.148646777598174795e+00
-1.123888043630532962e+00
-1.099129309662891352e+00
-1.074370575695249519e+00
-1.049611841727607908e+00
-1.024853107759966075e+00
-1.000094373792324687e+00
-9.753356398246828540e-01
-9.505769058570412433e-01
-9.258181718893995216e-01
-9.010594379217577998e-01
-8.763007039541161891e-01
-8.515419699864744674e-01
-8.267832360188327456e-01
-8.020245020511910239e-01
-7.772657680835494132e-01
-7.525070341159076914e-01
-7.277483001482659697e-01
-7.029895661806242479e-01
-6.782308322129826372e-01
-6.534720982453409155e-01
-6.287133642776991937e-01
-6.039546303100574720e-01
-5.791958963424158613e-01
-5.544371623747741396e-01
-5.296784284071324178e-01
-5.049196944394908071e-01
-4.801609604718490854e-01
-4.554022265042073636e-01
-4.306434925365658084e-01
-4.058847585689239756e-01
-3.811260246012824204e-01
-3.563672906336405877e-01
-3.316085566659990325e-01
-3.068498226983571997e-01
-2.820910887307156445e-01
-2.573323547630738117e-01
-2.325736207954322565e-01
-2.078148868277904515e-01
-1.830561528601488686e-01
-1.582974188925070635e-01
-1.335386849248654806e-01
-1.087799509572236756e-01
-8.402121698958209262e-02
-5.926248302194029455e-02
-3.450374905429870465e-02
-9.745015086656910047e-03
1.501371888098467638e-02
3.977245284862647445e-02
6.453118681626805742e-02
8.928992078390986242e-02
1.140486547515514454e-01
1.388073887191932365e-01
1.635661226868348195e-01
1.883248566544764302e-01
2.130835906221182074e-01
2.378423245897597904e-01
2.626010585574016232e-01
2.873597925250431784e-01
3.121185264926849556e-01
3.368772604603265663e-01
3.616359944279683436e-01
3.863947283956099543e-01
4.111534623632517316e-01
4.359121963308933423e-01
4.606709302985351195e-01
4.854296642661769523e-01
5.101883982338185630e-01
5.349471322014600627e-01
5.597058661691016734e-01
5.844646001367437282e-01
6.092233341043853390e-01
6.339820680720268387e-01
6.587408020396684494e-01
6.834995360073105042e-01
7.082582699749520039e-01
7.330170039425936146e-01
7.577757379102352253e-01
7.825344718778772801e-01
8.072932058455187798e-01
8.320519398131603905e-01
8.568106737808020013e-01
8.815694077484440561e-01
9.063281417160855558e-01
9.310868756837271665e-01
9.558456096513687772e-01
9.806043436190103879e-01
1.005363077586652443e+00
1.030121811554294053e+00
1.054880545521935442e+00
1.079639279489577053e+00
1.104398013457219108e+00
1.129156747424860718e+00
1.153915481392502329e+00
1.178674215360143940e+00
1.203432949327785995e+00
1.228191683295427383e+00
1.252950417263068994e+00
1.277709151230710605e+00
1.302467885198352660e+00
1.327226619165994270e+00
1.351985353133635881e+00
1.376744087101277492e+00
1.401502821068919546e+00
1.426261555036560935e+00
1.451020289004202546e+00
1.475779022971844157e+00
1.500537756939486211e+00
1.525296490907127822e+00
1.550055224874769433e+00
1.574813958842411044e+00
1.599572692810052876e+00
1.624331426777694487e+00
1.649090160745336098e+00
1.673848894712977708e+00
1.698607628680619763e+00
1.723366362648261374e+00
1.748125096615902985e+00
1.772883830583544595e+00
1.797642564551185984e+00
1.822401298518828039e+00
1.847160032486469650e+00
1.871918766454111260e+00
1.896677500421753093e+00
1.921436234389394704e+00
1.946194968357036315e+00
1.970953702324677925e+00
1.995712436292319314e+00
2.020471170259961813e+00
2.045229904227603424e+00
2.069988638195245034e+00
2.094747372162886645e+00
2.119506106130528256e+00
2.144264840098169866e+00
2.169023574065811477e+00
2.193782308033453088e+00
2.218541042001095587e+00
2.243299775968736753e+00
2.268058509936378364e+00
2.292817243904019975e+00
2.317575977871661586e+00
2.342334711839303196e+00
2.367093445806945695e+00
2.391852179774587306e+00
2.416610913742228917e+00
2.441369647709870527e+00
2.466128381677512138e+00
2.490887115645153749e+00
2.515645849612795359e+00
2.540404583580436970e+00
2.565163317548078581e+00
2.589922051515721080e+00
2.614680785483362246e+00
2.639439519451003857e+00
2.664198253418645468e+00
2.688956987386287079e+00
2.713715721353928689e+00
2.738474455321570300e+00
2.763233189289211911e+00
2.787991923256854410e+00
2.812750657224496020e+00
2.837509391192137631e+00
2.862268125159779242e+00
2.887026859127420853e+00
2.911785593095062463e+00
2.936544327062704074e+00
2.961303061030345685e+00
2.986061794997987739e+00
3.010820528965629350e+00
3.035579262933270961e+00
3.060337996900912572e+00
3.085096730868554182e+00
3.109855464836195793e+00
3.134614198803837404e+00
3.159372932771479014e+00
3.184131666739121513e+00
3.208890400706763124e+00
3.233649134674404735e+00
3.258407868642046346e+00
3.283166602609687956e+00
3.307925336577329567e+00
3.332684070544971178e+00
3.357442804512612788e+00
3.382201538480254399e+00
3.406960272447896454e+00
3.431719006415538065e+00
3.456477740383179675e+00
3.481236474350821286e+00
3.505995208318462897e+00
