-1.551338663555548215e-04 -9.727891323174458386e-08 2.265634341958312658e-07 4.424334794773425727e+00 4.424339660740276514e+00 1.014901362032979648e+01 1.141194430409257343e+01 1.276592477156629535e+01 1.276595102461718412e+01 1.279928515605227801e+01 1.279929626083997540e+01 1.554178117925217073e+01
4.275596474520123591e-01 4.555392523077907985e-01 8.628157927285091677e-01 4.418351458276487342e+00 4.463353828004906099e+00 1.013577276096219393e+01 1.141483870050016591e+01 1.267045081461594158e+01 1.275649233038177499e+01 1.281102075065479617e+01 1.309185481498516523e+01 1.550664898015606141e+01
9.046693430316270490e-01 9.301621537828299591e-01 1.691653818663606312e+00 4.465426755523670188e+00 4.576359912650746153e+00 1.009597090420013643e+01 1.142453950079420899e+01 1.270206121114422793e+01 1.274134126122428690e+01 1.283279569822074606e+01 1.360435119690428252e+01 1.540276544040150775e+01
1.341042958444898181e+00 1.432466665908107784e+00 2.530757133656421853e+00 4.694812960701591820e+00 4.752250389475520365e+00 1.002943321080783790e+01 1.144220533581805199e+01 1.272758744649682328e+01 1.282522438173005952e+01 1.285694250827665641e+01 1.426402746087419082e+01 1.523481272952814969e+01
1.758435959037512264e+00 1.952961647400119904e+00 3.371971849769655361e+00 4.975376606480185870e+00 5.178878347171947283e+00 9.935916015352574959e+00 1.146793640950205884e+01 1.271636474221482338e+01 1.288143337406946998e+01 1.300633984335505744e+01 1.497832198267578363e+01 1.502195312776147773e+01
2.150826057031804517e+00 2.487775797823030821e+00 4.208207204208553875e+00 5.228290841314764847e+00 5.887330366922581604e+00 9.815055316797172580e+00 1.150148144370912995e+01 1.270778907282163317e+01 1.290506428830764385e+01 1.322151961019955735e+01 1.474224931496845592e+01 1.571051811267178344e+01
2.512474733976057362e+00 3.025210782771506679e+00 5.030366999272072981e+00 5.493819142980766124e+00 6.728199539241588312e+00 9.666423588037602599e+00 1.154270177930819585e+01 1.270165094794175431e+01 1.292687518521501033e+01 1.344746127952634751e+01 1.445488213193622329e+01 1.637200952077019522e+01
2.838014983132902902e+00 3.556303182812123431e+00 5.756241336446643153e+00 5.826196244523973888e+00 7.596525992639582725e+00 9.489969278260049990e+00 1.159162006904956677e+01 1.269758642374721624e+01 1.294612223390807060e+01 1.362475638597371486e+01 1.421702537234815722e+01 1.693975884980993740e+01
3.122540617218285242e+00 4.074369962162072589e+00 6.001795797017043910e+00 6.580681799678293586e+00 8.395442697396710230e+00 9.287915296971501533e+00 1.164828763304815773e+01 1.269516037260356711e+01 1.296230845336014781e+01 1.355789507140890571e+01 1.424322793717156621e+01 1.739231362747062093e+01
3.361695416107157275e+00 4.570752943082422526e+00 6.218807658594303511e+00 7.276558896830089829e+00 8.984696245735255715e+00 9.126185875546870108e+00 1.171244700034939257e+01 1.269392342321432210e+01 1.297520462576085443e+01 1.330184798695067983e+01 1.449962471703834055e+01 1.772089323090557755e+01
3.551760558959493608e+00 5.030365071768382990e+00 6.397686961267283756e+00 7.892070237788901821e+00 8.805885257881213235e+00 9.523715659968203795e+00 1.178266419109252361e+01 1.269345349604947515e+01 1.298481594747519452e+01 1.303670609326627350e+01 1.481581935735227340e+01 1.792953215440088499e+01
3.689737766755730508e+00 5.425687703539455953e+00 6.530911017243431260e+00 8.366836292828692123e+00 8.614145071210948856e+00 9.770707934906448955e+00 1.185410320774809279e+01 1.269337713403056966e+01 1.281636937349683514e+01 1.299141214641898401e+01 1.512169579385733087e+01 1.803659602473739199e+01
3.773423808134629187e+00 5.708840392447378065e+00 6.613044735853278233e+00 8.346303644797171017e+00 8.821318972304592165e+00 9.849081409606490922e+00 1.191401579049422921e+01 1.266699254274364783e+01 1.269366644002792910e+01 1.299519149010008690e+01 1.534962965256938894e+01 1.807479639801179871e+01
3.801470475618546452e+00 5.815124547955870860e+00 6.640791406749422698e+00 8.279758821929764423e+00 8.959690331786783091e+00 9.851539188631843302e+00 1.193910548412213757e+01 1.261280818352869915e+01 1.269360033665271636e+01 1.299642182443209038e+01 1.543502599383790752e+01 1.808157996631456044e+01
3.943102397932543468e+00 5.840957027735382390e+00 6.719904365609285612e+00 8.256416520987263752e+00 8.931901318941420698e+00 9.839998728990444476e+00 1.193827225149805571e+01 1.260704144254492043e+01 1.267881842754135491e+01 1.302096765514186671e+01 1.542383788951479673e+01 1.796025908720055853e+01
4.327741190266158000e+00 5.918218580858504829e+00 6.947716815989853245e+00 8.188594860766096772e+00 8.851938268597894677e+00 9.800464957327161386e+00 1.194081738504149115e+01 1.258879565080144580e+01 1.266038697763061727e+01 1.308771563643469094e+01 1.538157902225126961e+01 1.760660300621880481e+01
4.863787247644172140e+00 6.046462419872999483e+00 7.287553376107978487e+00 8.088617591168270948e+00 8.727809982001964784e+00 9.725731668829181942e+00 1.195796024062658347e+01 1.255554160668812358e+01 1.268501505787213546e+01 1.319499136807028172e+01 1.528978111518835448e+01 1.705220491237291824e+01
5.452086486078420613e+00 6.224924444497848874e+00 7.600879291600797671e+00 8.042323931576810025e+00 8.572327594538647233e+00 9.623562197115747452e+00 1.199700224039115071e+01 1.250431413134107217e+01 1.278821891533777233e+01 1.335462224619294247e+01 1.513481072506729674e+01 1.635186046970909146e+01
5.997803774403162258e+00 6.451535249650204307e+00 7.558494790785148076e+00 8.270094597752374099e+00 8.416740655870199816e+00 9.534860842374454748e+00 1.205742358625552058e+01 1.243242558671662046e+01 1.298282078851117838e+01 1.358386004939952940e+01 1.491790384358899324e+01 1.558653786290402365e+01
6.394728514646959461e+00 6.722025636828074191e+00 7.327522688838597809e+00 8.320731347333191863e+00 8.447984267300284955e+00 9.527058385380014371e+00 1.213745289060074128e+01 1.234089881226511665e+01 1.323644106122458020e+01 1.390416031602756242e+01 1.465990946542158113e+01 1.486964508163746679e+01
6.535999646159725174e+00 7.029446472036832816e+00 7.030297742898880209e+00 8.384138904709677931e+00 8.386113302338419118e+00 9.559953280281973775e+00 1.223562652829232889e+01 1.223704886781870194e+01 1.338709728044479341e+01 1.428771130386006405e+01 1.442431026453505005e+01 1.442747984181097998e+01
6.432993239128907526e+00 6.727261307529276202e+00 7.322518797425071391e+00 8.209254178731976381e+00 8.554440391267991828e+00 9.483000722228844381e+00 1.214323477861681688e+01 1.234064413914552638e+01 1.331309306314189733e+01 1.402280212963373884e+01 1.434136398222531739e+01 1.485522050490859414e+01
6.179592629415448179e+00 6.388732700829049094e+00 7.627129306533826814e+00 7.968971136903668651e+00 8.737418102954476851e+00 9.250431482044879417e+00 1.205293572741221020e+01 1.246573206789676824e+01 1.313182967555073688e+01 1.375099266853024105e+01 1.435631925546591958e+01 1.529125551894402335e+01
5.835337593399296807e+00 6.018321636913777972e+00 7.681224894899446376e+00 7.931414634614295522e+00 8.863725088098096450e+00 8.884147290376285255e+00 1.196634492868846067e+01 1.259814447696683537e+01 1.294493722107890576e+01 1.352263029118566529e+01 1.439813517972367585e+01 1.564567280437906049e+01
5.432349500112398921e+00 5.619361266891016449e+00 7.348595737908106607e+00 8.218707207073414622e+00 8.419667635060372746e+00 8.901236268342010760e+00 1.188332346785782967e+01 1.262300650267762059e+01 1.292527493591245324e+01 1.333591893851028232e+01 1.442171163447451221e+01 1.589071241203854612e+01
4.988568754997648291e+00 5.195007910662293504e+00 6.970230668414238551e+00 7.892861292561432762e+00 8.442609953316640770e+00 8.872681591900761333e+00 1.180428265547773670e+01 1.252181467393140224e+01 1.311422121339363578e+01 1.318453575796577049e+01 1.440896996899200744e+01 1.601218324706528762e+01
4.516251750073446480e+00 4.748136217614509214e+00 6.548358778972763972e+00 7.332653178552176243e+00 8.431983441438994475e+00 8.945180177366740537e+00 1.173025730727688654e+01 1.244089235528772974e+01 1.306200979883767310e+01 1.336269980370717292e+01 1.435619625161457158e+01 1.600601686090885778e+01
4.025570109199898106e+00 4.281448718082854654e+00 6.094216837948524201e+00 6.756088901529371249e+00 8.170912171343852393e+00 9.143411275964206553e+00 1.166256816756301973e+01 1.239848681403477748e+01 1.296329524696157875e+01 1.362836535428609430e+01 1.427312031398974845e+01 1.587624452682455178e+01
3.525923920777302101e+00 3.798109142852172049e+00 5.628170967631969113e+00 6.169481890995608175e+00 7.790489575364595964e+00 9.350445145073187803e+00 1.160244787139357214e+01 1.238892535676314033e+01 1.288476988497116160e+01 1.384318971198112358e+01 1.421764927541124557e+01 1.563380447631297265e+01
3.026242718403913123e+00 3.302859002825285994e+00 5.162823017698724648e+00 5.585569454626188701e+00 7.333864752757015104e+00 9.538807238784063003e+00 1.155077301193195005e+01 1.240449865312589317e+01 1.282370411795665355e+01 1.382934752302892001e+01 1.436241690041034857e+01 1.529589181856995772e+01
2.534808630017211684e+00 2.802710596881673233e+00 4.650612757481859205e+00 5.074809041104125562e+00 6.824281536728245889e+00 9.702603584638636036e+00 1.150794063945546242e+01 1.243833075926571574e+01 1.277778201083902765e+01 1.367389823161119722e+01 1.461827921646099604e+01 1.488565031578009012e+01
2.058815498289471080e+00 2.305845332170693762e+00 4.014578388463819536e+00 4.732359033114633462e+00 6.284468710409733205e+00 9.840448131683279698e+00 1.147388590920064289e+01 1.248438486992812102e+01 1.274486995133440992e+01 1.348900955245563971e+01 1.443204226306577809e+01 1.487349867730301867e+01
1.603742080873296505e+00 1.818747644879999958e+00 3.290147299237665912e+00 4.532685325372959539e+00 5.742652400980711391e+00 9.952343795997743214e+00 1.144819520154137749e+01 1.253738548695625887e+01 1.272306836293267907e+01 1.330400175653566031e+01 1.396964711352815058e+01 1.510094774852475297e+01
1.172589937306030894e+00 1.343601763045803921e+00 2.513438397847237216e+00 4.436918046985429243e+00 5.236111176785116506e+00 1.003873443172020608e+01 1.143022377149980784e+01 1.259330816162452571e+01 1.271112940699940275e+01 1.313408921674778185e+01 1.353779861783565863e+01 1.528823600408967387e+01
7.650788939347022977e-01 8.772322501573790454e-01 1.701757494505498514e+00 4.411293670532528743e+00 4.812554375143498042e+00 1.010010256845121468e+01 1.141909345352148009e+01 1.265041495366200230e+01 1.270969837505659328e+01 1.298916215600011448e+01 1.317761711891809639e+01 1.542734870600943609e+01
3.769798779797612909e-01 4.062404933964804399e-01 8.716994181237615047e-01 4.417865536925875247e+00 4.526238673846209259e+00 1.013679969822290516e+01 1.141352646740266685e+01 1.271031381326432097e+01 1.272503139495361957e+01 1.287385145580364743e+01 1.292379786937442709e+01 1.551291295282629434e+01
-1.551338663555548215e-04 -9.727891323174458386e-08 2.265634341958312658e-07 4.424334794773425727e+00 4.424339660740276514e+00 1.014901362032979648e+01 1.141194430409257343e+01 1.276592477156629535e+01 1.276595102461718412e+01 1.279928515605227801e+01 1.279929626083997540e+01 1.554178117925217073e+01
-4.108281944966684640e-01 5.080830371833011672e-01 5.080830970290403092e-01 4.397534170593082159e+00 4.397538927352459659e+00 9.915956536582294589e+00 1.204879615308581542e+01 1.276746813821194060e+01 1.276750156511820578e+01 1.279970547324738739e+01 1.279971709677378477e+01 1.569854285428720786e+01
9.842123869682091186e-01 1.008565724161604171e+00 1.008565779755974168e+00 4.317416228717010362e+00 4.317420682783022379e+00 9.534240355443484916e+00 1.277181497864195592e+01 1.277181671719941214e+01 1.280085865174599924e+01 1.280086876890515057e+01 1.339107124807914495e+01 1.614297232756444700e+01
1.494142564150190200e+00 1.494142803655522211e+00 2.312473499040705427e+00 4.184816256605963680e+00 4.184820255178589576e+00 9.100349640481127267e+00 1.277819039303264503e+01 1.277820141554214217e+01 1.280243433372835327e+01 1.280244562216731730e+01 1.487488977517055133e+01 1.682460511205738740e+01
1.958053575556238268e+00 1.958054017915588751e+00 3.591540706654658521e+00 4.001078924834553519e+00 4.001082330420054234e+00 8.604339508190824048e+00 1.278548848905053603e+01 1.278550124502000429e+01 1.280395815923998626e+01 1.280396997800779246e+01 1.611698282795057580e+01 1.769696154930368337e+01
2.394253794943512315e+00 2.394254538766698914e+00 3.768010526666024873e+00 3.768013385827774453e+00 4.741612442670832372e+00 8.040055225996143307e+00 1.279253812608260255e+01 1.279255127062127784e+01 1.280485577941363218e+01 1.280486803574966359e+01 1.694930296668259473e+01 1.860581405264253974e+01
2.797488185239620506e+00 2.797489334334688049e+00 3.487851239495844080e+00 3.487853470385529953e+00 5.734456149635863476e+00 7.402919416674015984e+00 1.279834232316826181e+01 1.279835540705527919e+01 1.280455071973139880e+01 1.280456338378757764e+01 1.742189303136255774e+01 1.927126529486017859e+01
3.162199583995717322e+00 3.162201222955472346e+00 3.164363189508229812e+00 3.164364853533997657e+00 6.419703064331537590e+00 6.836362174696009042e+00 1.280178533206021285e+01 1.280179798518736334e+01 1.280307022839639686e+01 1.280308342170226688e+01 1.757755482241540790e+01 1.951065835962602790e+01
3.199933063452434556e+00 3.202071634758615115e+00 3.236500068258392204e+00 3.248857081622801957e+00 6.417813302434679734e+00 6.834102303207640894e+00 1.280242318421085734e+01 1.280369720942561251e+01 1.283140481117227338e+01 1.284864921015455508e+01 1.754878978165936232e+01 1.944652548412909354e+01
3.308830024255143609e+00 3.310897867250151894e+00 3.461713813184179589e+00 3.483505868611173284e+00 6.416434754966788390e+00 6.829674804071058425e+00 1.280425612003314662e+01 1.280549442157514584e+01 1.291417248117797456e+01 1.297178993505462863e+01 1.746684308753043169e+01 1.925854970675788991e+01
3.477372782386987993e+00 3.479334772926074404e+00 3.813431604418241694e+00 3.839410294535571033e+00 6.429876779916470220e+00 6.831102692093021567e+00 1.280712956337113795e+01 1.280831145234748902e+01 1.302253169044278103e+01 1.314511633383266087e+01 1.734480206580006723e+01 1.896066207672875592e+01
3.690012645296903759e+00 3.691845158368234348e+00 4.233054017994361651e+00 4.274512311764659955e+00 6.488316140280842248e+00 6.856413512872962635e+00 1.281079429931038938e+01 1.281190349222535119e+01 1.311832447257379286e+01 1.332634445460205797e+01 1.720403513834842357e+01 1.857832569294132696e+01
3.930300366989007088e+00 3.931988572059649911e+00 4.622525097560290064e+00 4.723530863170469551e+00 6.647042842683851482e+00 6.944294958125837525e+00 1.281494439477236114e+01 1.281597033637852512e+01 1.316040870716476441e+01 1.346270361049440467e+01 1.707135550733042351e+01 1.815154433001393741e+01
4.182882887972001029e+00 4.184417249992171683e+00 4.883546680791977401e+00 5.074274350815841217e+00 6.970358346305301822e+00 7.161935343741061999e+00 1.281925341860317502e+01 1.282019252824543543e+01 1.311615461080639378e+01 1.349510090079649594e+01 1.697154315499104626e+01 1.773587586155392160e+01
4.434355263896233801e+00 4.435728907322951997e+00 4.979887434830883919e+00 5.228448440748516113e+00 7.460869832405567337e+00 7.558900942387674071e+00 1.282340768707472733e+01 1.282426884341236217e+01 1.297401692593037303e+01 1.337150437315412965e+01 1.691692156102444855e+01 1.739227644748561019e+01
4.673408897377579585e+00 4.674616185230410892e+00 4.949694145519458743e+00 5.180373436660460129e+00 8.047728225859090756e+00 8.092565159371481798e+00 1.274871296370626972e+01 1.282723715555177968e+01 1.282794660145955845e+01 1.307708659905990523e+01 1.690237236710200364e+01 1.715870355726249130e+01
4.840225716198340855e+00 4.890680244229129947e+00 4.891718349726599691e+00 4.975188122302114380e+00 8.653238826453357291e+00 8.673826131218763891e+00 1.247386922861967307e+01 1.265674051174975467e+01 1.283039646469553929e+01 1.283110284730464024e+01 1.691054104348542708e+01 1.702871906498019783e+01
4.640948486233539505e+00 4.695242399718328130e+00 5.078532723202993537e+00 5.079394989699538954e+00 9.217088107172733302e+00 9.232469283218316392e+00 1.216226182824743063e+01 1.222170802516009758e+01 1.283292211145658790e+01 1.283356118260011236e+01 1.691694579652789088e+01 1.697352669425467298e+01
4.237957737276104808e+00 4.521840558831582868e+00 5.230869509646407067e+00 5.231558246984839400e+00 9.697482042102455679e+00 9.714810958744314107e+00 1.174969568323778013e+01 1.195743356767973786e+01 1.283478281670425858e+01 1.283537833512298931e+01 1.690084750095005006e+01 1.696894299590575628e+01
3.814332098797247106e+00 4.366895167721669857e+00 5.343015741218531289e+00 5.343539716950521878e+00 1.006301777416480370e+01 1.007873047245046116e+01 1.141719897096610659e+01 1.177288784612608730e+01 1.283602808395123063e+01 1.283659400782161875e+01 1.688033142596616187e+01 1.697478571257838453e+01
3.477975716867378608e+00 4.257237904939888296e+00 5.411645230059818346e+00 5.412034221156148739e+00 1.028716541681387397e+01 1.030072386579303512e+01 1.121260411323162032e+01 1.166740711764687255e+01 1.283673256685238862e+01 1.283728133775009006e+01 1.686518804710199504e+01 1.697778795653996653e+01
3.347023980619880490e+00 4.217462054142168348e+00 5.434748744085045047e+00 5.435079861832884163e+00 1.036050459289594450e+01 1.037477551423656763e+01 1.114519523274642765e+01 1.163491247108404458e+01 1.283695928054102531e+01 1.283750243962535365e+01 1.685951414775926338e+01 1.697845524143304274e+01
3.364950632104620087e+00 4.185508159421954311e+00 5.548330614257850790e+00 5.556984050850263479e+00 1.034279659071588853e+01 1.035303631600381458e+01 1.118825265357174814e+01 1.164707524077024736e+01 1.286023147439304104e+01 1.286518105909293119e+01 1.681378205691562755e+01 1.692781761146175157e+01
3.427002203270282710e+00 4.123579762613513999e+00 5.857895754128391808e+00 5.875960048640695987e+00 1.028655565948328743e+01 1.029643481132618277e+01 1.130320824183651496e+01 1.168292912961292274e+01 1.293023525170224985e+01 1.294517059164554418e+01 1.668056942487478977e+01 1.678050558669144010e+01
3.537019020696447580e+00 4.073108697368068576e+00 6.297907312260506707e+00 6.316084468626526061e+00 1.019409735855723298e+01 1.020754719482179773e+01 1.146091602205146032e+01 1.173984825725341352e+01 1.304620466727760686e+01 1.307008343001086459e+01 1.647154626083425910e+01 1.655009526220842631e+01
3.676618647251875149e+00 4.044706414599346544e+00 6.804355804100470806e+00 6.818730087191380740e+00 1.006833215860771524e+01 1.008077629653029561e+01 1.163251674980696393e+01 1.181201174551618394e+01 1.320385416553357416e+01 1.323005842522803199e+01 1.620542074453743808e+01 1.625862281257096953e+01
3.816750555912401310e+00 4.033408270812957497e+00 7.320529821118621605e+00 7.332900574156397511e+00 9.909847769920762772e+00 9.918394928710066338e+00 1.179337903660486475e+01 1.188986250389765686e+01 1.339117598310850354e+01 1.341321800044536161e+01 1.590771670647094993e+01 1.593654295036612289e+01
3.932178995049518289e+00 4.031251956132759773e+00 7.788181168455990289e+00 7.799881079958218777e+00 9.732468017042460673e+00 9.737987606923194761e+00 1.192336327220237280e+01 1.196077607983979441e+01 1.358521208107392120e+01 1.360162631833742886e+01 1.561289351237370759e+01 1.562545179342394874e+01
4.006380250778779128e+00 4.031845230244219813e+00 8.132022242320259053e+00 8.140342254905693409e+00 9.579908983044804316e+00 9.584470030456877510e+00 1.200476300710038480e+01 1.201303518462565023e+01 1.374792487325461821e+01 1.375824484654260615e+01 1.537512922411338678e+01 1.538411741831784418e+01
4.031769205091064734e+00 4.031776751582758500e+00 8.261064789986107826e+00 8.262180377625517380e+00 9.522345258979679983e+00 9.524468564675412807e+00 1.202691596012955166e+01 1.203712469917840266e+01 1.381807108219941505e+01 1.382053104886535877e+01 1.528013405739854136e+01 1.528684988633130004e+01
4.050645826249430925e+00 4.064699328743297535e+00 8.149081260629300161e+00 8.149786852113445335e+00 9.549640755435047978e+00 9.556927386720360573e+00 1.203649274384511969e+01 1.205740811809247326e+01 1.375417987608795656e+01 1.375728492716807594e+01 1.535584077165206907e+01 1.536882177008355654e+01
4.108239865525729506e+00 4.160317425769542332e+00 7.877267840472800486e+00 7.880834560424894164e+00 9.570300525032070738e+00 9.583805042657921547e+00 1.206808208990413256e+01 1.211933438083172199e+01 1.360413535061593748e+01 1.361034100846696049e+01 1.554324363543929444e+01 1.557278233257308742e+01
4.200227926824856794e+00 4.308034116086479237e+00 7.516425096129074390e+00 7.523568420932190470e+00 9.521944566672646104e+00 9.540958510737977960e+00 1.212408274564960209e+01 1.222205237920432630e+01 1.343316018513553090e+01 1.344578755442425511e+01 1.577770999116316730e+01 1.583331207349338499e+01
4.319083605333306153e+00 4.489950842465134428e+00 7.100947972441208123e+00 7.112635349518388495e+00 9.384703189246769384e+00 9.408849676510541826e+00 1.220361855807601792e+01 1.235920413374743276e+01 1.327931403444089931e+01 1.330292130660879835e+01 1.601673490640643394e+01 1.611185052942403217e+01
4.455007595098540385e+00 4.685736861210222592e+00 6.650618926805445419e+00 6.668359022409477532e+00 9.160795332161926652e+00 9.189950290028408020e+00 1.230251918265272337e+01 1.251343310838298706e+01 1.315726436656650122e+01 1.320139378938315211e+01 1.623864612226736526e+01 1.639281665523863651e+01
4.596823793217894583e+00 4.875093756086530838e+00 6.181605274757373536e+00 6.208420252716479126e+00 8.861218750850367698e+00 8.895766245558144547e+00 1.241243789279310050e+01 1.265128790519649726e+01 1.306964598446211845e+01 1.315733857465915335e+01 1.643453397453595244e+01 1.667471376964775587e+01
4.730768294718377120e+00 5.032694941234099772e+00 5.711454958687556704e+00 5.757681816227010252e+00 8.499504680869488737e+00 8.541249479365072617e+00 1.252069908646468832e+01 1.273231634587717487e+01 1.301499378948427044e+01 1.318393292275432316e+01 1.660361878844604533e+01 1.696391732238864591e+01
4.825854864225633811e+00 5.062972595927727859e+00 5.273220049204660143e+00 5.412778387222845211e+00 8.090294819013676531e+00 8.144441771363421623e+00 1.261206842020030017e+01 1.275649452372738324e+01 1.299131183833612191e+01 1.325259939431109579e+01 1.675032021231717394e+01 1.726875275268981369e+01
4.697031918800060879e+00 4.757004588478292995e+00 5.058339663539010544e+00 5.370560711165780710e+00 7.652235029885546602e+00 7.730952928294253290e+00 1.267543432068638687e+01 1.275792962063728631e+01 1.299292718499820509e+01 1.330701038379431012e+01 1.688165351815073834e+01 1.759348365252709101e+01
4.342278438855298184e+00 4.374578049116371936e+00 5.056492965739732171e+00 5.352581607196471580e+00 7.215552508429579071e+00 7.342603288163410014e+00 1.271296234281711257e+01 1.275681712155862435e+01 1.300401971315254812e+01 1.331617658543487259e+01 1.700454319447917229e+01 1.793427753560279569e+01
4.002407201529313063e+00 4.030025063417210340e+00 4.989785950800620817e+00 5.212026577079459599e+00 6.832319806620678726e+00 7.040257281628023556e+00 1.273601851827894826e+01 1.275926632998494981e+01 1.300493589248949178e+01 1.327526107064596594e+01 1.712337416281170377e+01 1.827909649450433704e+01
3.717331670966453228e+00 3.741555924637373298e+00 4.777628437241663306e+00 4.908481451299271825e+00 6.567285472414663872e+00 6.867730635691054353e+00 1.275340651990090279e+01 1.276582961578730924e+01 1.298523974902548161e+01 1.319412186297300593e+01 1.723852065678536505e+01 1.861080380759264230e+01
3.496206351193941853e+00 3.515314422770186464e+00 4.416761881963548575e+00 4.481089340559670120e+00 6.439253266572710466e+00 6.804433043594412034e+00 1.276865880623557814e+01 1.277508290054611884e+01 1.294614751166510835e+01 1.308976076621845053e+01 1.734637817726430242e+01 1.891100801764746819e+01
3.338394031448630006e+00 3.350710512479111891e+00 3.982467076854600663e+00 4.011559930555761433e+00 6.402017477736749562e+00 6.799179739611900253e+00 1.278218396445890548e+01 1.278502348863202975e+01 1.289659776612075248e+01 1.298159694536206743e+01 1.744069260136105370e+01 1.916289723861353522e+01
3.236830796391190646e+00 3.242074570851987581e+00 3.570848571997992771e+00 3.583003975725092882e+00 6.403987939209132563e+00 6.814523264613318254e+00 1.279307169921340481e+01 1.279373362522857782e+01 1.284881204958615086e+01 1.288831069766409243e+01 1.751442235571684236e+01 1.935277177265221127e+01
3.181413512313168379e+00 3.181626694403527633e+00 3.272362493898727465e+00 3.276793530377493546e+00 6.414709876549859580e+00 6.830171227169390846e+00 1.279953954753620593e+01 1.280027462144612116e+01 1.281454808047681126e+01 1.282541548722631397e+01 1.756141300023157115e+01 1.947068783782849621e+01
3.162199583995717322e+00 3.162201222955472346e+00 3.164363189508229812e+00 3.164364853533997657e+00 6.419703064331537590e+00 6.836362174696009042e+00 1.280178533206021285e+01 1.280179798518736334e+01 1.280307022839639686e+01 1.280308342170226688e+01 1.757755482241540790e+01 1.951065835962602790e+01
3.347023980619880490e+00 4.217462054142168348e+00 5.434748744085045047e+00 5.435079861832884163e+00 1.036050459289594450e+01 1.037477551423656763e+01 1.114519523274642765e+01 1.163491247108404458e+01 1.283695928054102531e+01 1.283750243962535365e+01 1.685951414775926338e+01 1.697845524143304274e+01
3.262119344052050174e+00 4.681119931231926934e+00 5.120842258332536368e+00 5.729523455338262572e+00 1.023654190524878693e+01 1.044530538949611120e+01 1.094240643330010165e+01 1.188192185924771138e+01 1.280386123570852241e+01 1.287137322086494606e+01 1.665754702930204800e+01 1.716728714255723176e+01
3.486633365550026564e+00 4.801126730278872934e+00 5.509130592484157596e+00 5.993871825236105622e+00 1.003574634631761064e+01 1.047481761103153453e+01 1.072975934069599901e+01 1.224178045584112873e+01 1.277289851249034491e+01 1.290449986085600642e+01 1.640405372177819388e+01 1.738671780110739462e+01
4.077937328207411838e+00 4.492971322699388814e+00 6.219726987438930266e+00 6.333740687398295321e+00 9.769554934377389088e+00 1.043687223810832698e+01 1.072575560901912262e+01 1.252420657470840304e+01 1.274574683286360965e+01 1.293477962043487750e+01 1.615618954882637226e+01 1.759004246467864618e+01
4.216904454866100771e+00 4.770909345353161690e+00 6.400985863658293695e+00 7.044570892757394454e+00 9.484210288168688052e+00 1.032318843145680631e+01 1.095618835272754588e+01 1.268116089773633171e+01 1.272360271176016511e+01 1.296046285878835214e+01 1.591874522525371738e+01 1.777523606041144433e+01
3.995718863055551129e+00 5.346264317718072867e+00 6.533301463484651350e+00 7.630611421718421106e+00 9.225081593121988277e+00 1.014995988064828936e+01 1.134593493672490894e+01 1.270656025697205038e+01 1.271667593107680894e+01 1.298001864172181818e+01 1.569394759213884072e+01 1.793273364342378784e+01
3.851626148918383841e+00 5.699428967856426276e+00 6.613785354236425995e+00 8.084020727003698781e+00 9.034801483290253898e+00 9.953082147422888326e+00 1.174752420841376299e+01 1.266482660781577962e+01 1.269708670806957684e+01 1.299225643302784228e+01 1.551040331814633078e+01 1.804206894063968747e+01
3.801470475618546452e+00 5.815124547955870860e+00 6.640791406749422698e+00 8.279758821929764423e+00 8.959690331786783091e+00 9.851539188631843302e+00 1.193910548412213757e+01 1.261280818352869915e+01 1.269360033665271636e+01 1.299642182443209038e+01 1.543502599383790752e+01 1.808157996631456044e+01
6.535999646159725174e+00 7.029446472036832816e+00 7.030297742898880209e+00 8.384138904709677931e+00 8.386113302338419118e+00 9.559953280281973775e+00 1.223562652829232889e+01 1.223704886781870194e+01 1.338709728044479341e+01 1.428771130386006405e+01 1.442431026453505005e+01 1.442747984181097998e+01
6.575123775407643478e+00 6.844127691333264707e+00 6.845130630243227543e+00 8.507451734719060354e+00 8.509457861522143673e+00 9.537946641531796388e+00 1.222330189710174686e+01 1.222560975959686935e+01 1.339528673663565961e+01 1.427810674848076289e+01 1.446135049907461045e+01 1.446465337205104618e+01
6.417800532896654531e+00 6.419011584196961273e+00 6.689264750123927961e+00 8.754365076766021048e+00 8.756931379214135447e+00 9.472159872534522407e+00 1.219007750288108838e+01 1.219595199317613954e+01 1.341954706482979454e+01 1.424983283210747587e+01 1.456369859571840486e+01 1.456845506940161883e+01
5.897047910339702881e+00 5.898217896540529637e+00 6.869362759369295190e+00 8.998756103382699933e+00 9.001580630216402312e+00 9.363348090702595883e+00 1.214767036500258790e+01 1.215578009180911145e+01 1.345897527253889159e+01 1.420444166972617950e+01 1.471114905557972996e+01 1.471698118989143467e+01
5.355523741691762929e+00 5.356544452185663552e+00 7.102267151259019862e+00 9.199682449873666457e+00 9.201879262422188788e+00 9.212954937485969609e+00 1.210711322683046021e+01 1.211377693863388316e+01 1.351213241919969121e+01 1.414431851669147910e+01 1.487817451536273872e+01 1.488287680672151581e+01
4.845831563670254916e+00 4.846687802597870132e+00 7.372778446081945880e+00 9.023293988807505883e+00 9.348841352460201648e+00 9.349959032970005524e+00 1.207492241145894241e+01 1.207687323795167345e+01 1.357712801281299164e+01 1.407243130746341464e+01 1.503876502425013229e+01 1.504052449677290326e+01
4.420319289061406920e+00 4.420962177040858698e+00 7.665474142221484932e+00 8.797921148521469448e+00 9.448351661033440152e+00 9.449485490650253894e+00 1.204921158549227300e+01 1.205310752001540919e+01 1.365171143126269371e+01 1.399206461785878552e+01 1.516826972792035733e+01 1.517093841963475498e+01
4.133546646707175753e+00 4.133895822012369159e+00 7.965970189674523638e+00 8.541803584033123897e+00 9.504335169563098873e+00 9.506183858984776691e+00 1.203247314550435831e+01 1.204096501439799560e+01 1.373334981762919149e+01 1.390659262263277007e+01 1.525139316698069258e+01 1.525698427811717117e+01
4.031769205091064734e+00 4.031776751582758500e+00 8.261064789986107826e+00 8.262180377625517380e+00 9.522345258979679983e+00 9.524468564675412807e+00 1.202691596012955166e+01 1.203712469917840266e+01 1.381807108219941505e+01 1.382053104886535877e+01 1.528013405739854136e+01 1.528684988633130004e+01
