-7.556510870108282818e-01
-6.535514346413069386e-01
-5.514517822717854845e-01
-4.493521299022641413e-01
-3.472524775327427982e-01
-2.451528251632213717e-01
-1.430531727937000563e-01
-4.095352042417876176e-02
6.114613194534265772e-02
1.632457843148640841e-01
2.653454366843854828e-01
3.674450890539067149e-01
4.695447414234281136e-01
5.716443937929495123e-01
6.737440461624707444e-01
7.758436985319921986e-01
8.779433509015135417e-01
9.800430032710348849e-01
1.082142655640556228e+00
1.184242308010077682e+00
1.286341960379599136e+00
1.388441612749120146e+00
1.490541265118641601e+00
1.592640917488163055e+00
1.694740569857684287e+00
1.796840222227205741e+00
1.898939874596727195e+00
2.001039526966248427e+00
2.103139179335769438e+00
2.205238831705290892e+00
2.307338484074812346e+00
2.409438136444333800e+00
2.511537788813855254e+00
2.613637441183376708e+00
2.715737093552898163e+00
2.817836745922419617e+00
2.919936398291941071e+00
3.022036050661462081e+00
3.124135703030983979e+00
3.226235355400504545e+00
3.328335007770026444e+00
3.430434660139547454e+00
3.532534312509068464e+00
3.634633964878590362e+00
3.736733617248111372e+00
3.838833269617633270e+00
3.940932921987154280e+00
4.043032574356676179e+00
4.145132226726197189e+00
4.247231879095718199e+00
4.349331531465240097e+00
4.451431183834761107e+00
4.553530836204283005e+00
4.655630488573804016e+00
4.757730140943325914e+00
4.859829793312846924e+00
4.961929445682367934e+00
5.064029098051889832e+00
5.166128750421410842e+00
5.268228402790931852e+00
5.370328055160452863e+00
5.472427707529974761e+00
5.574527359899495771e+00
5.676627012269017669e+00
5.778726664638538679e+00
5.880826317008059689e+00
5.982925969377581588e+00
6.085025621747102598e+00
6.187125274116624496e+00
6.289224926486145506e+00
6.391324578855667404e+00
6.493424231225188414e+00
6.595523883594710313e+00
6.697623535964231323e+00
6.799723188333752333e+00
6.901822840703273343e+00
7.003922493072796129e+00
7.106022145442317139e+00
7.208121797811838150e+00
7.310221450181359160e+00
7.412321102550881946e+00
7.514420754920402956e+00
7.616520407289923966e+00
7.718620059659444976e+00
7.820719712028965986e+00
7.922819364398488773e+00
8.024919016768009783e+00
8.127018669137530793e+00
8.229118321507051803e+00
8.331217973876572813e+00
8.433317626246095600e+00
8.535417278615616610e+00
8.637516930985137620e+00
8.739616583354658630e+00
8.841716235724181416e+00
8.943815888093702426e+00
9.045915540463223437e+00
9.148015192832744447e+00
9.250114845202265457e+00
9.352214497571788243e+00
9.454314149941309253e+00
9.556413802310830263e+00
9.658513454680351273e+00
9.760613107049874060e+00
9.862712759419395070e+00
9.964812411788916080e+00
1.006691206415843709e+01
1.016901171652795810e+01
1.027111136889748089e+01
1.037321102126700190e+01
1.047531067363652291e+01
1.057741032600604392e+01
1.067950997837556493e+01
1.078160963074508771e+01
1.088370928311460872e+01
1.098580893548412973e+01
1.108790858785365074e+01
1.119000824022317353e+01
1.129210789259269454e+01
1.139420754496221555e+01
1.149630719733173478e+01
1.159840684970125579e+01
1.170050650207077858e+01
1.180260615444029959e+01
1.190470580680982060e+01
1.200680545917934161e+01
1.210890511154886440e+01
1.221100476391838541e+01
1.231310441628790642e+01
1.241520406865742743e+01
1.251730372102694844e+01
1.261940337339647122e+01
1.272150302576599223e+01
1.282360267813551324e+01
1.292570233050503425e+01
1.302780198287455704e+01
1.312990163524407805e+01
1.323200128761359906e+01
1.333410093998312007e+01
1.343620059235264108e+01
1.353830024472216387e+01
1.364039989709168488e+01
1.374249954946120589e+01
1.384459920183072690e+01
1.394669885420024968e+01
1.404879850656977069e+01
1.415089815893929170e+01
1.425299781130881271e+01
1.435509746367833372e+01
1.445719711604785651e+01
1.455929676841737574e+01
1.466139642078689853e+01
1.476349607315642132e+01
1.486559572552594055e+01
1.496769537789546334e+01
1.506979503026498257e+01
1.517189468263450536e+01
1.527399433500402814e+01
1.537609398737354738e+01
1.547819363974307016e+01
1.558029329211259295e+01
1.568239294448211218e+01
1.578449259685163497e+01
1.588659224922115420e+01
1.598869190159067699e+01
1.609079155396019800e+01
1.619289120632971901e+01
1.629499085869924002e+01
1.639709051106876103e+01
1.649919016343828204e+01
1.660128981580780660e+01
1.670338946817732406e+01
1.680548912054684862e+01
1.690758877291636608e+01
1.700968842528589065e+01
1.711178807765541166e+01
1.721388773002493267e+01
1.731598738239445368e+01
1.741808703476397469e+01
1.752018668713349570e+01
1.762228633950302026e+01
1.772438599187253772e+01
1.782648564424206228e+01
1.792858529661158329e+01
1.803068494898110430e+01
1.813278460135062531e+01
1.823488425372014632e+01
1.833698390608966733e+01
1.843908355845919189e+01
1.854118321082870935e+01
1.864328286319823391e+01
1.874538251556775137e+01
1.884748216793727593e+01
1.894958182030679694e+01
1.905168147267631795e+01
1.915378112504583896e+01
1.925588077741535997e+01
1.935798042978488098e+01
1.946008008215440199e+01
1.956217973452392300e+01
