0.000000000000000000e+00
7.316754337147322873e-02
1.463350867429464575e-01
2.195026301144196723e-01
2.926701734858929149e-01
3.658377168573661575e-01
4.390052602288393446e-01
5.121728036003125872e-01
5.853403469717858298e-01
6.585078903432590725e-01
7.316754337147323151e-01
8.048429770862055577e-01
8.780105204576786893e-01
9.511780638291519319e-01
1.024345607200625174e+00
1.097513150572098528e+00
1.170680693943571660e+00
1.247900256185235923e+00
1.325119818426899965e+00
1.402339380668564228e+00
1.479558942910228492e+00
1.556778505151892755e+00
1.633998067393556797e+00
1.711217629635221060e+00
1.788437191876885102e+00
1.865656754118549365e+00
1.865656754118549365e+00
1.939242458906542232e+00
2.012828163694535100e+00
2.086413868482527967e+00
2.159999573270520834e+00
2.233585278058514145e+00
2.307170982846507012e+00
2.380756687634499880e+00
2.454342392422492747e+00
2.527928097210485614e+00
2.601513801998478481e+00
2.675099506786471792e+00
2.748685211574464660e+00
2.822270916362457527e+00
2.895856621150450394e+00
2.969442325938443261e+00
3.043028030726436128e+00
3.116613735514428996e+00
3.190199440302421863e+00
3.268888577046856092e+00
3.347577713791289877e+00
3.426266850535723663e+00
3.504955987280157892e+00
3.576390061136311083e+00
3.647824134992464717e+00
3.719258208848617908e+00
3.790692282704771543e+00
3.862126356560924734e+00
3.933560430417077924e+00
4.004994504273231115e+00
4.076428578129385194e+00
4.147862651985538385e+00
4.219296725841691575e+00
4.290730799697844766e+00
4.362164873553998845e+00
4.433598947410152036e+00
4.505033021266305227e+00
4.576467095122458417e+00
4.647901168978611608e+00
4.719335242834764799e+00
4.790769316690918878e+00
4.862203390547072068e+00
4.862203390547072068e+00
4.935789095335064935e+00
5.009374800123057803e+00
5.082960504911050670e+00
5.156546209699043537e+00
5.230131914487036404e+00
5.303717619275029271e+00
5.377303324063023027e+00
5.450889028851015894e+00
5.524474733639008761e+00
5.524474733639008761e+00
5.588201823340792629e+00
5.651928913042576497e+00
5.715656002744361253e+00
5.779383092446145120e+00
5.843110182147928988e+00
5.906837271849712856e+00
5.970564361551496724e+00
6.034291451253281480e+00
6.098018540955065347e+00
6.161745630656849215e+00
6.225472720358633083e+00
6.289199810060416951e+00
6.352926899762201707e+00
6.416653989463985575e+00
6.480381079165769442e+00
6.544108168867553310e+00
6.607835258569338066e+00
6.671562348271121934e+00
6.671562348271121934e+00
6.776905113015001092e+00
6.882247877758881138e+00
