2.809737921122943891e-02
1.500784540197146744e-01
2.720595288281998925e-01
3.940406036366850828e-01
5.160216784451703287e-01
6.380027532536556301e-01
7.599838280621407094e-01
8.819649028706260108e-01
1.003945977679111090e+00
1.125927052487596391e+00
1.247908127296081693e+00
1.369889202104566772e+00
1.491870276913051852e+00
1.613851351721537153e+00
1.735832426530022454e+00
1.857813501338507534e+00
1.979794576146993057e+00
2.101775650955478358e+00
2.223756725763963438e+00
2.345737800572448961e+00
2.467718875380934040e+00
2.589699950189419120e+00
2.711681024997904643e+00
2.833662099806389723e+00
2.955643174614874802e+00
3.077624249423359881e+00
3.199605324231844961e+00
3.321586399040330484e+00
3.443567473848815563e+00
3.565548548657301087e+00
3.687529623465786166e+00
3.809510698274270801e+00
3.931491773082756325e+00
4.053472847891241848e+00
4.175453922699726483e+00
4.297434997508212007e+00
4.419416072316697530e+00
4.541397147125182165e+00
4.663378221933667689e+00
4.785359296742153212e+00
4.907340371550637848e+00
5.029321446359123371e+00
5.151302521167608894e+00
5.273283595976093530e+00
5.395264670784579053e+00
5.517245745593064576e+00
5.639226820401549212e+00
5.761207895210034735e+00
5.883188970018519370e+00
6.005170044827004894e+00
6.127151119635489529e+00
6.249132194443975052e+00
6.371113269252460576e+00
6.493094344060945211e+00
6.615075418869430735e+00
6.737056493677916258e+00
6.859037568486400893e+00
6.981018643294886417e+00
7.102999718103371940e+00
7.224980792911856575e+00
7.346961867720342099e+00
7.468942942528827622e+00
7.590924017337313146e+00
7.712905092145798669e+00
7.834886166954284192e+00
7.956867241762769716e+00
8.078848316571255239e+00
8.200829391379739874e+00
8.322810466188224510e+00
8.444791540996710921e+00
8.566772615805195557e+00
8.688753690613680192e+00
8.810734765422166603e+00
8.932715840230651239e+00
9.054696915039135874e+00
9.176677989847622285e+00
9.298659064656106921e+00
9.420640139464591556e+00
9.542621214273077968e+00
9.664602289081562603e+00
9.786583363890047238e+00
9.908564438698533650e+00
1.003054551350701828e+01
1.015252658831550292e+01
1.027450766312398933e+01
1.039648873793247397e+01
1.051846981274095860e+01
1.064045088754944501e+01
1.076243196235792965e+01
1.088441303716641606e+01
1.100639411197490070e+01
1.112837518678338533e+01
1.125035626159187174e+01
1.137233733640035638e+01
1.149431841120884101e+01
1.161629948601732742e+01
1.173828056082581028e+01
1.186026163563429492e+01
1.198224271044278133e+01
1.210422378525126597e+01
1.222620486005975060e+01
1.234818593486823701e+01
1.247016700967672165e+01
1.259214808448520628e+01
1.271412915929369269e+01
1.283611023410217733e+01
1.295809130891066197e+01
1.308007238371914838e+01
1.320205345852763301e+01
1.332403453333611765e+01
1.344601560814460406e+01
1.356799668295308869e+01
1.368997775776157333e+01
1.381195883257005974e+01
1.393393990737854438e+01
1.405592098218703079e+01
1.417790205699551542e+01
1.429988313180400006e+01
1.442186420661248647e+01
1.454384528142097111e+01
1.466582635622945574e+01
1.478780743103794215e+01
1.490978850584642679e+01
1.503176958065491142e+01
1.515375065546339606e+01
1.527573173027188069e+01
1.539771280508036533e+01
1.551969387988885174e+01
1.564167495469733637e+01
1.576365602950582101e+01
1.588563710431430742e+01
1.600761817912279383e+01
1.612959925393127847e+01
1.625158032873976310e+01
1.637356140354824774e+01
1.649554247835673237e+01
1.661752355316521701e+01
1.673950462797370520e+01
1.686148570278218983e+01
1.698346677759067447e+01
1.710544785239915910e+01
1.722742892720764374e+01
1.734941000201612837e+01
1.747139107682461656e+01
1.759337215163310120e+01
1.771535322644158583e+01
1.783733430125007047e+01
1.795931537605855510e+01
1.808129645086703974e+01
1.820327752567552793e+01
1.832525860048401256e+01
1.844723967529249720e+01
1.856922075010098183e+01
1.869120182490946647e+01
1.881318289971795110e+01
1.893516397452643929e+01
1.905714504933492393e+01
1.917912612414340856e+01
1.930110719895189320e+01
1.942308827376037783e+01
1.954506934856886602e+01
1.966705042337735065e+01
1.978903149818583529e+01
1.991101257299431992e+01
2.003299364780280456e+01
2.015497472261128920e+01
2.027695579741977738e+01
2.039893687222826202e+01
2.052091794703674665e+01
2.064289902184523129e+01
2.076488009665371592e+01
2.088686117146220056e+01
2.100884224627068875e+01
2.113082332107917338e+01
2.125280439588765802e+01
2.137478547069614265e+01
2.149676654550462729e+01
2.161874762031311192e+01
2.174072869512160011e+01
2.186270976993008475e+01
2.198469084473856938e+01
2.210667191954705402e+01
2.222865299435553865e+01
2.235063406916402329e+01
2.247261514397251148e+01
2.259459621878099611e+01
2.271657729358948075e+01
2.283855836839796538e+01
2.296053944320645002e+01
2.308252051801493465e+01
2.320450159282342284e+01
2.332648266763190747e+01
2.344846374244038856e+01
2.357044481724887319e+01
2.369242589205735783e+01
2.381440696686584602e+01
2.393638804167433065e+01
2.405836911648281529e+01
2.418035019129129992e+01
2.430233126609978811e+01
