0.000000000000000000e+00
5.980161402825481115e-02
1.196032280565096223e-01
1.794048420847644265e-01
2.392064561130192446e-01
2.990080701412740627e-01
3.588096841695288530e-01
4.186112981977836989e-01
4.784129122260384892e-01
5.382145262542933351e-01
5.980161402825481254e-01
6.562389980566434300e-01
7.144618558307386236e-01
7.726847136048339282e-01
8.309075713789292328e-01
8.891304291530244264e-01
9.473532869271197310e-01
1.005576144701215036e+00
1.063799002475310340e+00
1.122021860249405645e+00
1.190009313269326352e+00
1.257996766289247281e+00
1.313348470153130831e+00
1.368700174017014382e+00
1.424051877880897932e+00
1.479403581744781260e+00
1.534755285608664810e+00
1.590106989472548360e+00
1.645458693336431910e+00
1.700810397200315460e+00
1.756162101064199010e+00
1.811513804928082561e+00
1.866865508791966111e+00
1.934852961811886818e+00
2.002840414831807525e+00
2.058350936589139035e+00
2.113861458346470545e+00
2.169371980103802056e+00
2.224882501861133566e+00
2.280393023618465076e+00
2.335903545375796586e+00
2.391414067133127652e+00
2.446924588890459162e+00
2.502435110647790673e+00
2.557786814511674223e+00
2.613138518375557773e+00
2.668490222239441323e+00
2.723841926103324873e+00
2.779193629967208423e+00
2.834545333831091973e+00
2.889897037694975523e+00
2.945248741558859074e+00
3.000600445422742624e+00
3.055952149286626174e+00
3.111303853150509280e+00
3.166814374907840790e+00
3.222324896665172300e+00
3.277835418422503810e+00
3.333345940179835321e+00
3.388856461937166831e+00
3.444366983694498341e+00
3.499877505451829407e+00
3.555388027209160917e+00
3.610898548966492427e+00
3.610898548966492427e+00
3.663299120963178002e+00
3.715699692959864020e+00
3.768100264956549594e+00
3.820500836953235613e+00
3.872901408949921187e+00
3.925301980946606761e+00
3.977702552943292780e+00
4.030103124939978798e+00
4.082503696936663928e+00
4.134904268933349947e+00
4.184738947290228772e+00
4.234573625647107598e+00
4.284408304003987311e+00
4.334242982360866137e+00
4.384077660717744962e+00
4.433912339074623787e+00
4.483747017431502613e+00
4.533581695788382326e+00
4.583416374145261152e+00
4.633251052502139977e+00
4.683085730859018803e+00
4.732920409215898516e+00
4.732920409215898516e+00
4.783659471091125326e+00
4.834398532966351247e+00
4.885137594841578057e+00
4.935876656716804867e+00
4.986615718592031676e+00
5.037354780467257598e+00
5.088093842342484407e+00
5.138832904217711217e+00
5.189571966092938027e+00
5.240311027968163948e+00
5.291050089843390758e+00
5.341789151718617568e+00
