0.000000000000000000e+00
2.920177198999002535e-02
5.840354397998005070e-02
8.760531596997007953e-02
1.168070879599601014e-01
1.460088599499501372e-01
1.752106319399401591e-01
2.044124039299301809e-01
2.336141759199202028e-01
2.628159479099102525e-01
2.920177198999002743e-01
3.212194918898902962e-01
3.504212638798803181e-01
3.798218312418863429e-01
4.092223986038923123e-01
4.386229659658983371e-01
4.680235333279043619e-01
4.974241006899103867e-01
5.268246680519164116e-01
5.562252354139223254e-01
5.856258027759283502e-01
6.150263701379343750e-01
6.444269374999403999e-01
6.738275048619464247e-01
7.032280722239523385e-01
7.032280722239523385e-01
7.321159784069084520e-01
7.610038845898646764e-01
7.898917907728207899e-01
8.187796969557770144e-01
8.476676031387331278e-01
8.765555093216893523e-01
9.054434155046454658e-01
9.343313216876016902e-01
9.632192278705578037e-01
9.921071340535139171e-01
1.020995040236470253e+00
1.049882946419426366e+00
1.078770852602382480e+00
1.107658758785338593e+00
1.136546664968294706e+00
1.165434571151251042e+00
1.194322477334207155e+00
1.221745601855257712e+00
1.249168726376308269e+00
1.276591850897359048e+00
1.304014975418409605e+00
1.331438099939460162e+00
1.358861224460510719e+00
1.386284348981561276e+00
1.413707473502611833e+00
1.441130598023662390e+00
1.468553722544713169e+00
1.495976847065763726e+00
1.523399971586814283e+00
1.550823096107864840e+00
1.578246220628915619e+00
1.578246220628915619e+00
1.606527020373918813e+00
1.634807820118921784e+00
1.663088619863924977e+00
1.691369419608928171e+00
1.719650219353931142e+00
1.747931019098934335e+00
1.776211818843937529e+00
1.804492618588940722e+00
1.832773418333943694e+00
1.861054218078946887e+00
1.889335017823949858e+00
1.917615817568953052e+00
1.945896617313956245e+00
1.974177417058959438e+00
2.002458216803962632e+00
2.030739016548965381e+00
2.059019816293968574e+00
2.087300616038971768e+00
2.115434373364469600e+00
2.143568130689966988e+00
2.171701888015464821e+00
2.199835645340962209e+00
2.227969402666460041e+00
2.256103159991957874e+00
2.284236917317455262e+00
2.312370674642953094e+00
2.312370674642953094e+00
2.338727329011515366e+00
2.365083983380077637e+00
2.391440637748640352e+00
2.417797292117202623e+00
2.444153946485764894e+00
2.470510600854327166e+00
2.496867255222889437e+00
2.523223909591452152e+00
2.549580563960014423e+00
2.575937218328576694e+00
2.602293872697138966e+00
2.628650527065701237e+00
2.655007181434263508e+00
2.681363835802826223e+00
2.707720490171388494e+00
