-1.351549860183997232e-07 -8.895615246454778333e-08 1.753038870030381017e-07 8.352360030070716590e+00 8.352360030070860475e+00 8.352360030070915542e+00
-1.168755522147156833e+00 -7.134595865017536731e-01 7.776443210494260461e-01 8.364682182458981430e+00 8.590792904065974511e+00 8.735301774337424163e+00
-1.858163050391266724e+00 -8.252536716280485241e-01 1.546228799497955775e+00 8.401075991191939707e+00 9.165982451650652507e+00 9.660004993892053804e+00
-1.886674310040337144e+00 1.294066384934589697e+00 2.296799611958609599e+00 8.459868159273304045e+00 9.832060894357709913e+00 1.078605559628210209e+01
-8.812625241515796848e-01 2.765913850657234274e+00 3.020613655073869364e+00 8.538411276420752927e+00 1.041322074012096444e+01 1.190788032766662141e+01
2.134829893948038571e+00 3.709242781416089318e+00 4.140747366119719608e+00 8.633271259211324988e+00 1.081035455719251637e+01 1.291666038057376653e+01
3.404343321572233183e+00 4.354682420447076652e+00 5.409354811341414049e+00 8.740444470782772868e+00 1.097216002542478996e+01 1.375171239728124384e+01
4.402364743251894197e+00 4.949474233184350425e+00 6.532557164599489319e+00 8.855567719597134513e+00 1.087787571866185843e+01 1.438042482541565548e+01
5.209295540696857074e+00 5.486855560102877227e+00 7.481577191782829317e+00 8.974084855183042109e+00 1.052974679103420286e+01 1.479121605574044196e+01
5.856969237045261067e+00 5.960944760059303960e+00 8.241627385830172514e+00 9.091343565399144566e+00 9.951217364842777968e+00 1.499114785866159494e+01
6.366953479370843993e+00 6.366953479371029623e+00 8.798887739529542173e+00 9.202621059525251113e+00 9.202621059525403879e+00 1.500501340827472241e+01
6.701379592458962087e+00 6.737069881854445441e+00 8.300687015927529444e+00 9.238675981286922578e+00 9.303121122337209670e+00 1.487459568576592872e+01
6.780485927202526852e+00 6.962089859664235547e+00 7.629148780791210172e+00 9.388034968492435794e+00 9.494324434993352213e+00 1.465720274531078715e+01
6.159890664252603010e+00 7.148189352271405284e+00 7.608378442912596462e+00 9.452774008315230958e+00 9.643071602433305856e+00 1.442200738253100489e+01
5.543314482254110054e+00 7.259641571442684516e+00 7.728795579374714286e+00 9.493417812630905672e+00 9.715285858335940716e+00 1.424127134827969421e+01
5.302919403477058147e+00 7.296739355009305150e+00 7.778589925978255160e+00 9.507284865362315429e+00 9.736137407956304557e+00 1.417335809778969491e+01
5.594184817665642129e+00 7.332481299097455718e+00 7.854899845354874621e+00 9.459792577713537653e+00 9.804827331503922494e+00 1.412067505352905705e+01
6.292480960188782113e+00 7.429565622441415940e+00 8.109989185508535314e+00 9.410935311927811853e+00 9.921100895927555285e+00 1.396342095008007789e+01
7.031514935242869413e+00 7.572654527978054162e+00 8.588231831696688801e+00 9.439954244530118999e+00 1.003039237084466428e+01 1.370477343052563945e+01
7.538277895775975068e+00 7.779065942256708333e+00 9.099293985829536524e+00 9.685064192624475155e+00 1.015521509916232112e+01 1.335221648830356678e+01
7.750394935843134547e+00 8.097398208964891708e+00 9.248707426443081303e+00 1.014418490361001801e+01 1.048321148538310688e+01 1.291977202945144931e+01
7.806361367281797747e+00 8.410131217208176579e+00 9.198257490326996688e+00 1.039657647368671967e+01 1.107743554429485222e+01 1.243315018422792129e+01
7.754868801946972923e+00 8.641163300477126441e+00 9.067685957078760239e+00 1.054397857818614348e+01 1.151741839187450367e+01 1.202675249737235497e+01
7.694221778455232474e+00 8.722151298524094543e+00 9.023107915568608917e+00 1.078584313563536590e+01 1.111656201582806425e+01 1.208264380667118409e+01
7.503109912365959921e+00 8.682344484769796367e+00 9.098634966049663930e+00 1.015477830480804577e+01 1.133496758193154541e+01 1.237848939793292935e+01
7.249301320707549401e+00 8.653370454719008009e+00 9.078097894103695609e+00 9.632026334944089996e+00 1.159575829452604268e+01 1.261919265278116242e+01
7.033206060665767367e+00 8.646499314128117675e+00 8.851365823772837871e+00 9.497396012449941693e+00 1.176331090409365565e+01 1.277260032871241080e+01
6.947611445219643578e+00 8.655414259155071122e+00 8.723298540218349828e+00 9.490671890407529787e+00 1.182066023639407604e+01 1.282515084650361814e+01
6.872633899791923184e+00 8.789349040614167663e+00 9.135608305986538724e+00 9.375086520618106434e+00 1.211419622723349931e+01 1.277187167600497908e+01
6.699389128668152615e+00 8.679122401871165238e+00 9.083470122469277541e+00 9.544818619951858096e+00 1.158521657933765958e+01 1.364908231561344643e+01
6.431969239217774970e+00 8.471598552732768184e+00 8.713720526981623138e+00 9.714510851261868751e+00 1.111108932943026417e+01 1.458425050365975117e+01
6.000126451107589354e+00 8.209942434364350561e+00 8.340639207731744165e+00 9.701135232267741770e+00 1.082290124002913778e+01 1.541116430207820720e+01
5.366496606123400070e+00 7.605861333530397062e+00 8.419631557797963239e+00 9.572397557269711754e+00 1.070307238929001237e+01 1.601988511587011743e+01
4.629356884909467951e+00 6.960964547096931909e+00 8.685195574551350717e+00 9.347041321819839155e+00 1.069732558835504577e+01 1.634097816782171719e+01
3.919279965152009826e+00 6.318800452634964593e+00 8.966026488754835100e+00 9.046338535565011441e+00 1.077022975892625212e+01 1.634696407917958894e+01
3.278985927164076664e+00 5.689388622926788486e+00 8.384705739910479849e+00 9.424059202407896407e+00 1.084323673057097359e+01 1.604938896018930805e+01
2.607596487716904665e+00 5.051971259971128170e+00 7.585597891321372188e+00 9.760033935445308728e+00 1.081326178842237695e+01 1.549001843788796151e+01
1.635664655689011537e+00 4.359928004779216160e+00 6.563197841171362512e+00 1.000123100116136854e+01 1.060869117706368847e+01 1.472198428763715228e+01
-1.274996370485534714e+00 3.531159324690300583e+00 5.340630974393707930e+00 1.008990387442426950e+01 1.022498630892361149e+01 1.378353115746879709e+01
-2.265758252548049079e+00 2.368231494361256573e+00 4.037241108433646808e+00 9.725580550676154346e+00 9.974302577745961074e+00 1.268589897521642484e+01
-2.551406263989405065e+00 -8.526424049484898626e-01 2.869346153860472093e+00 9.206802168905166894e+00 9.635223287358590127e+00 1.143776071056080568e+01
-2.248902454923955574e+00 -1.882662191267979956e+00 1.858930763936889718e+00 8.760359132371686286e+00 9.120538937456627693e+00 1.010234683991121685e+01
-1.391285495559285490e+00 -1.351724188588105280e+00 9.167487051056462111e-01 8.458970066505459684e+00 8.593332810204794114e+00 8.898545876750720396e+00
-1.351549860183997232e-07 -8.895615246454778333e-08 1.753038870030381017e-07 8.352360030070716590e+00 8.352360030070860475e+00 8.352360030070915542e+00
-2.435793631385325231e+00 -6.835367661871462053e-01 9.575252369904769800e-01 8.620301233334526358e+00 8.714599831623663917e+00 8.940439096799655871e+00
-3.791845977942696067e+00 1.874526727918777447e-01 2.075038399360225494e+00 9.225838912100844169e+00 9.643863999911891582e+00 9.966040618111886573e+00
-4.112056961002612532e+00 1.803969555918447210e+00 3.337810652166327330e+00 9.805108895287693471e+00 1.072545738694754114e+01 1.092642856979640875e+01
-3.578118781401202320e+00 2.848506980111567444e+00 4.636874959164196675e+00 1.012483632042115289e+01 1.101042428530484329e+01 1.241914864306067123e+01
-2.129788275080067628e+00 3.560627088572975829e+00 5.866153709017316586e+00 1.010616034659143025e+01 1.081291015949348022e+01 1.398472566919368454e+01
2.238560383989362190e+00 4.008035105256285036e+00 6.973355455493010169e+00 9.776280489648820904e+00 1.022891001444884118e+01 1.546416994128633071e+01
3.735898152087798074e+00 4.340155353893685231e+00 7.948819197914295032e+00 9.242094591653568614e+00 9.429842511733346200e+00 1.670221094600787382e+01
4.619687195022211590e+00 4.706919764095135683e+00 8.576642056517098212e+00 8.657244660548089499e+00 8.897815713186295383e+00 1.758564682107007471e+01
5.111322244024789185e+00 5.128695688050459722e+00 8.192318388528892825e+00 8.203992002437992426e+00 9.634519117617436734e+00 1.806803379967082890e+01
5.298848385027796759e+00 5.460561265756429528e+00 8.102298866573841352e+00 8.211768930606641703e+00 1.034893035993632004e+01 1.818044665347831312e+01
5.416001654651895869e+00 5.605983822581168674e+00 8.336533674021067597e+00 8.462736670849796639e+00 1.097677627148478940e+01 1.803313461682535035e+01
5.556471347309510200e+00 5.647750752671017338e+00 8.631419178400818737e+00 8.690860509609192874e+00 1.143902873204263138e+01 1.780564144680090521e+01
5.625056872615579628e+00 5.657193991643218567e+00 8.755242451197876363e+00 8.776042765874580098e+00 1.161519963361180530e+01 1.769776244448383196e+01
5.681220491352378943e+00 5.745072357340809788e+00 8.748251941576882018e+00 8.831800154722383667e+00 1.158322423173547833e+01 1.759963274319930093e+01
5.795642496036771618e+00 6.037350877752657219e+00 8.724431227143512046e+00 9.000513606547217549e+00 1.148993360246210216e+01 1.730897518023008530e+01
5.959196788493350994e+00 6.477450706256096424e+00 8.692606935103166066e+00 9.266875872524334312e+00 1.134501365063732514e+01 1.683702291910113757e+01
6.149490609969850752e+00 7.003668280176019501e+00 8.665150387077897420e+00 9.596705522028999624e+00 1.117471157505417345e+01 1.620267149452404709e+01
6.345260380395006727e+00 7.550701474111059852e+00 8.659587300558756695e+00 9.896003312741045832e+00 1.106234148472054635e+01 1.543292938310516682e+01
6.532001551594174060e+00 8.041069900128572812e+00 8.707345208419935645e+00 9.954689622467027377e+00 1.120556499280444740e+01 1.456413675880635417e+01
6.701947182366352784e+00 8.366453414393875576e+00 8.865010272004461456e+00 9.737846275367873616e+00 1.162916705935793793e+01 1.364613724228576785e+01
6.850271213868984965e+00 8.520877442933668888e+00 9.012392571458274659e+00 9.481993809567285325e+00 1.211632676230392036e+01 1.278459061809437358e+01
6.969123552744593830e+00 8.595622527728728812e+00 8.775267859552032590e+00 9.500966818059037422e+00 1.178641416120404983e+01 1.284212322038396614e+01
7.062933911818574551e+00 8.589750783472357654e+00 8.941270458955390410e+00 9.469031614176092404e+00 1.171157745755439983e+01 1.280043635148110148e+01
7.297091671988119366e+00 8.585717533062034335e+00 9.287989262724877904e+00 9.475542436939791813e+00 1.153324631187764737e+01 1.266080977876107028e+01
7.598174917751893354e+00 8.551564162734768715e+00 9.267718037520289442e+00 1.002803442856329497e+01 1.128304093756586113e+01 1.243673341357429862e+01
7.805834244737543948e+00 8.561814029866772202e+00 9.153863344680130965e+00 1.062975434162767208e+01 1.112562041877199981e+01 1.215714045843852276e+01
7.754868801946972923e+00 8.641163300477126441e+00 9.067685957078760239e+00 1.054397857818614348e+01 1.151741839187450367e+01 1.202675249737235497e+01
7.792988254280555083e+00 8.730259784521651412e+00 9.054912597743076219e+00 1.086107039921547646e+01 1.139827373532708243e+01 1.166936180389241606e+01
7.630152544076418408e+00 8.755661127322243331e+00 9.166462555967324732e+00 1.036972385401143981e+01 1.144183236272280091e+01 1.209160641035499673e+01
7.370370619619018626e+00 8.634327314535457987e+00 9.378544088269135770e+00 9.842986154390288789e+00 1.129216975414085056e+01 1.287299871954122565e+01
7.081374255364176307e+00 8.400693733108598238e+00 9.322271622465967411e+00 9.687031483099813656e+00 1.112050588437763743e+01 1.369656826682570916e+01
6.793118219868364172e+00 8.065925342826314903e+00 9.033561722595697674e+00 9.804363473820803421e+00 1.099452645507616388e+01 1.450869533924681321e+01
6.521393631632403931e+00 7.648447723123001474e+00 8.851932568080471242e+00 9.771727100028305912e+00 1.099266236081722603e+01 1.527516284561961513e+01
6.275351671802105180e+00 7.188695815495798946e+00 8.760605903018060303e+00 9.591010386133525856e+00 1.110614962413577089e+01 1.596864527506732578e+01
6.060599936026320300e+00 6.727588490115985032e+00 8.728611859732138711e+00 9.350352945923667392e+00 1.126019566777048020e+01 1.656661022069913969e+01
5.881962467582121157e+00 6.304361051734636234e+00 8.730836977743694050e+00 9.115759030016048925e+00 1.140548557727274037e+01 1.705074128917370757e+01
5.745468196233995961e+00 5.959685945182965128e+00 8.747244206427097879e+00 8.925942784263936502e+00 1.151927330655600201e+01 1.740677870331301946e+01
5.657965834597490584e+00 5.733563026346587321e+00 8.761806222536112188e+00 8.805167129974840634e+00 1.159084573590756762e+01 1.762450292339797286e+01
5.625056872615579628e+00 5.657193991643218567e+00 8.755242451197876363e+00 8.776042765874580098e+00 1.161519963361180530e+01 1.769776244448383196e+01
5.653186306427411267e+00 5.747524954225581517e+00 8.766919976309463181e+00 8.802307651999781157e+00 1.158872569687576437e+01 1.761887254789000323e+01
5.735172130796645007e+00 6.005421321096957143e+00 8.740670058332547399e+00 8.940168298296242710e+00 1.151106848870648491e+01 1.738460324825272707e+01
5.863956903249301966e+00 6.396554335242480072e+00 8.700747872768770819e+00 9.158381252888066371e+00 1.138839811653557099e+01 1.700218309748358791e+01
6.028275335506284804e+00 6.875894566975104816e+00 8.653177325971043388e+00 9.436336743752768541e+00 1.123543524733077881e+01 1.648377065818585052e+01
6.213442038580044624e+00 7.396596609507828823e+00 8.606689142402116133e+00 9.728910310720136678e+00 1.109093688073869366e+01 1.584669862330933654e+01
6.402706574800723693e+00 7.914432347545020896e+00 8.572287691297111323e+00 9.921988478525943123e+00 1.106269947415892752e+01 1.511401812289207491e+01
6.579657031411652923e+00 8.388013617196042659e+00 8.561505187359001567e+00 9.871605442040166878e+00 1.128860594955058794e+01 1.431579327412845259e+01
6.731875715817070116e+00 8.582915357296446501e+00 8.768700103125881995e+00 9.644185143717072251e+00 1.170186346742973704e+01 1.349353370391020945e+01
6.854184838866958174e+00 8.638433671671414515e+00 8.920516959985571148e+00 9.449453429731889287e+00 1.212889075121525373e+01 1.274871462974256708e+01
6.947611445219643578e+00 8.655414259155071122e+00 8.723298540218349828e+00 9.490671890407529787e+00 1.182066023639407604e+01 1.282515084650361814e+01
6.969123552744593830e+00 8.595622527728728812e+00 8.775267859552032590e+00 9.500966818059037422e+00 1.178641416120404983e+01 1.284212322038396614e+01
6.970364681579170885e+00 8.242524664707525872e+00 8.446424712700933313e+00 9.539814610190276767e+00 1.118171457199086838e+01 1.327870588976889721e+01
6.820473086260729900e+00 7.920950865039730893e+00 8.095485496544522874e+00 9.510127297723037998e+00 1.069431115015306410e+01 1.363664405444053251e+01
6.437334132972088341e+00 7.675296118568400772e+00 7.861494214631570721e+00 9.453207902194312950e+00 1.032535944106868797e+01 1.389450265855740518e+01
5.915213590449978298e+00 7.479069818724179974e+00 7.785399640468369853e+00 9.427448589755849540e+00 1.004660156560341555e+01 1.405882296254561226e+01
5.474903914588293397e+00 7.345380612938162912e+00 7.776118802743590130e+00 9.461843602440083600e+00 9.837411758099078085e+00 1.414638010574327431e+01
5.302919403477058147e+00 7.296739355009305150e+00 7.778589925978255160e+00 9.507284865362315429e+00 9.736137407956304557e+00 1.417335809778969491e+01
