0.000000000000000000e+00
1.030935117254003358e-01
2.061870234508006716e-01
3.092805351762010213e-01
4.123740469016013432e-01
5.154675586270016652e-01
6.185610703524020426e-01
7.216545820778023090e-01
8.247480938032026865e-01
9.278416055286030639e-01
1.030935117254003330e+00
1.134028628979403708e+00
1.237122140704804085e+00
1.340215652430204463e+00
1.443309164155604618e+00
1.546402675881004996e+00
1.656860009872505479e+00
1.767317343864005741e+00
1.877774677855506225e+00
1.988232011847006486e+00
2.098689345838506970e+00
2.209146679830007454e+00
2.319604013821507493e+00
2.428951195677555575e+00
2.538298377533603656e+00
2.647645559389651737e+00
2.756992741245699818e+00
2.866339923101747900e+00
2.968852906091793198e+00
3.071365889081838052e+00
3.173878872071883350e+00
3.276391855061928648e+00
3.378904838051973947e+00
3.481417821042018801e+00
3.583930804032064099e+00
3.686443787022109397e+00
3.788956770012154252e+00
3.891469753002199550e+00
3.993982735992244848e+00
4.096495718982289702e+00
4.199008701972335444e+00
4.301521684962380299e+00
4.404034667952425153e+00
4.506547650942470895e+00
4.609564881849639306e+00
4.712582112756806829e+00
4.815599343663975240e+00
4.918616574571142763e+00
5.021633805478311174e+00
5.124651036385478697e+00
5.227668267292647108e+00
5.330685498199814631e+00
5.433702729106983043e+00
5.536719960014150566e+00
5.639737190921318977e+00
5.742754421828486500e+00
5.845771652735654911e+00
5.950991027535182276e+00
6.056210402334709642e+00
6.161429777134237007e+00
6.266649151933763484e+00
6.371868526733290850e+00
6.477087901532818215e+00
6.582307276332345580e+00
6.687526651131872946e+00
6.792746025931400311e+00
6.902093207787448392e+00
7.011440389643496474e+00
7.120787571499544555e+00
7.230134753355592636e+00
7.339481935211640717e+00
7.430604586758347452e+00
7.521727238305054186e+00
7.612849889851760921e+00
7.703972541398467655e+00
7.795095192945174389e+00
7.886217844491881124e+00
7.977340496038587858e+00
8.068463147585294593e+00
8.159585799132001327e+00
8.250708450678708061e+00
8.341831102225414796e+00
8.432953753772121530e+00
8.527651191091695893e+00
8.622348628411270255e+00
8.717046065730844617e+00
8.811743503050418980e+00
8.906440940369993342e+00
9.001138377689569481e+00
9.095835815009143843e+00
9.190533252328718206e+00
9.285230689648292568e+00
9.379928126967866930e+00
9.379928126967866930e+00
9.471050778514573665e+00
9.562173430061280399e+00
9.653296081607987134e+00
9.744418733154693868e+00
9.835541384701400602e+00
9.926664036248107337e+00
