-3.406114207604884925e+00
-3.285039861313129972e+00
-3.163965515021375907e+00
-3.042891168729620954e+00
-2.921816822437866445e+00
-2.800742476146111937e+00
-2.679668129854356984e+00
-2.558593783562602475e+00
-2.437519437270848410e+00
-2.316445090979093457e+00
-2.195370744687338505e+00
-2.074296398395584440e+00
-1.953222052103829487e+00
-1.832147705812074756e+00
-1.711073359520320247e+00
-1.589999013228565738e+00
-1.468924666936811008e+00
-1.347850320645056277e+00
-1.226775974353301990e+00
-1.105701628061547037e+00
-9.846272817697927504e-01
-8.635529354780379085e-01
-7.424785891862835108e-01
-6.214042428945287799e-01
-5.003298966027739381e-01
-3.792555503110195403e-01
-2.581812040192647539e-01
-1.371068577275103562e-01
-1.603251143575555593e-02
1.050418348559988280e-01
2.261161811477536143e-01
3.471905274395080121e-01
4.682648737312627985e-01
5.893392200230176403e-01
7.104135663147723712e-01
8.314879126065263248e-01
9.525622588982811667e-01
1.073636605190035898e+00
1.194710951481790850e+00
1.315785297773544693e+00
1.436859644065299646e+00
1.557933990357054377e+00
1.679008336648809108e+00
1.800082682940564061e+00
1.921157029232317903e+00
2.042231375524072856e+00
2.163305721815827365e+00
2.284380068107582318e+00
2.405454414399337271e+00
2.526528760691090891e+00
2.647603106982845844e+00
2.768677453274600797e+00
2.889751799566355306e+00
3.010826145858109371e+00
3.131900492149864323e+00
3.252974838441619276e+00
3.374049184733373785e+00
3.495123531025128738e+00
3.616197877316882803e+00
3.737272223608637312e+00
3.858346569900392264e+00
3.979420916192147217e+00
4.100495262483900838e+00
4.221569608775656235e+00
4.342643955067410744e+00
4.463718301359164364e+00
4.584792647650920649e+00
4.705866993942674270e+00
4.826941340234429667e+00
4.948015686526184176e+00
5.069090032817937796e+00
5.190164379109693193e+00
5.311238725401447702e+00
5.432313071693203099e+00
5.553387417984956720e+00
5.674461764276711229e+00
5.795536110568466626e+00
5.916610456860220246e+00
6.037684803151974755e+00
6.158759149443730152e+00
6.279833495735483773e+00
6.400907842027240058e+00
6.521982188318993678e+00
6.643056534610747299e+00
6.764130880902503584e+00
6.885205227194257205e+00
7.006279573486012602e+00
7.127353919777767111e+00
7.248428266069520731e+00
7.369502612361276128e+00
7.490576958653030637e+00
7.611651304944786922e+00
7.732725651236538766e+00
7.853799997528295052e+00
7.974874343820050449e+00
8.095948690111802293e+00
8.217023036403558578e+00
8.338097382695314863e+00
8.459171728987065819e+00
8.580246075278822104e+00
8.701320421570578389e+00
8.822394767862329346e+00
8.943469114154085631e+00
9.064543460445841916e+00
9.185617806737596425e+00
9.306692153029349157e+00
9.427766499321105442e+00
9.548840845612859951e+00
9.669915191904612684e+00
9.790989538196368969e+00
9.912063884488123477e+00
1.003313823077987621e+01
1.015421257707163250e+01
1.027528692336338700e+01
1.039636126965514329e+01
1.051743561594689602e+01
1.063850996223865053e+01
1.075958430853040682e+01
1.088065865482215955e+01
1.100173300111391406e+01
1.112280734740567034e+01
1.124388169369742307e+01
1.136495603998917758e+01
1.148603038628093387e+01
1.160710473257268660e+01
1.172817907886444111e+01
1.184925342515619739e+01
1.197032777144795013e+01
1.209140211773970464e+01
1.221247646403146092e+01
1.233355081032321365e+01
1.245462515661496816e+01
1.257569950290672445e+01
1.269677384919847718e+01
1.281784819549023169e+01
1.293892254178198797e+01
1.305999688807374426e+01
1.318107123436549522e+01
1.330214558065725150e+01
1.342321992694900779e+01
1.354429427324075874e+01
1.366536861953251503e+01
1.378644296582427131e+01
1.390751731211602404e+01
1.402859165840777855e+01
1.414966600469953484e+01
1.427074035099128935e+01
1.439181469728304208e+01
1.451288904357479836e+01
1.463396338986655287e+01
1.475503773615830561e+01
1.487611208245006189e+01
1.499718642874181640e+01
1.511826077503356913e+01
1.523933512132532542e+01
1.536040946761708170e+01
1.548148381390883266e+01
1.560255816020058894e+01
1.572363250649234523e+01
1.584470685278409974e+01
1.596578119907585247e+01
1.608685554536760876e+01
1.620792989165936504e+01
1.632900423795111422e+01
1.645007858424287051e+01
1.657115293053462679e+01
1.669222727682637952e+01
1.681330162311813581e+01
1.693437596940989209e+01
1.705545031570164483e+01
1.717652466199339756e+01
1.729759900828515384e+01
1.741867335457691013e+01
1.753974770086866286e+01
1.766082204716041915e+01
1.778189639345217188e+01
1.790297073974392461e+01
1.802404508603568090e+01
1.814511943232743718e+01
1.826619377861918991e+01
1.838726812491094620e+01
1.850834247120269893e+01
1.862941681749445522e+01
1.875049116378620795e+01
1.887156551007796423e+01
1.899263985636972052e+01
1.911371420266147325e+01
1.923478854895322954e+01
1.935586289524498227e+01
1.947693724153673500e+01
1.959801158782849129e+01
1.971908593412024757e+01
1.984016028041200386e+01
1.996123462670375659e+01
2.008230897299550932e+01
2.020338331928726561e+01
2.032445766557901834e+01
2.044553201187077462e+01
2.056660635816253091e+01
2.068768070445428364e+01
