0.000000000000000000e+00
3.801897527319150066e-02
7.603795054638300133e-02
1.140569258195744951e-01
1.520759010927660027e-01
1.900948763659575103e-01
2.244591823892133631e-01
2.588234884124692714e-01
2.931877944357251242e-01
3.275521004589809770e-01
3.619164064822368299e-01
3.962807125054926827e-01
4.306450185287485910e-01
4.650093245520044438e-01
4.993736305752602966e-01
5.337379365985162050e-01
5.681022426217721133e-01
6.024665486450279106e-01
6.368308546682837079e-01
6.711951606915396162e-01
7.055594667147955246e-01
7.399237727380514329e-01
7.742880787613073412e-01
8.086523847845630275e-01
8.430166908078189358e-01
8.430166908078189358e-01
8.779605389715936514e-01
9.129043871353683670e-01
9.478482352991430826e-01
9.827920834629179092e-01
1.017735931626692736e+00
1.052679779790467229e+00
1.087623627954242167e+00
1.122567476118016883e+00
1.157511324281791598e+00
1.192455172445566314e+00
1.227399020609341029e+00
1.262342868773115745e+00
1.297286716936890461e+00
1.332230565100665176e+00
1.367174413264439892e+00
1.402118261428214829e+00
1.437062109591989323e+00
1.472005957755764260e+00
1.506949805919538976e+00
1.546105719829610869e+00
1.585261633739682763e+00
1.624417547649754656e+00
1.663573461559826328e+00
1.702729375469898221e+00
1.741885289379970114e+00
1.741885289379970114e+00
1.777551019880182714e+00
1.813216750380395093e+00
1.848882480880607693e+00
1.884548211380820071e+00
1.920213941881032671e+00
1.955879672381245271e+00
1.991545402881457649e+00
2.024742058637043485e+00
2.057938714392629542e+00
2.091135370148215600e+00
2.124332025903801657e+00
2.157528681659387715e+00
2.190725337414973772e+00
2.223921993170559386e+00
2.257118648926145443e+00
2.290315304681731501e+00
2.323511960437317558e+00
2.356708616192903616e+00
2.389905271948489673e+00
2.423101927704075287e+00
2.456298583459661344e+00
2.489495239215247402e+00
2.522691894970833459e+00
2.555888550726419517e+00
2.589085206482005574e+00
2.622281862237591632e+00
2.655478517993177690e+00
2.655478517993177690e+00
2.688124608715270814e+00
2.720770699437363938e+00
2.753416790159457062e+00
2.786062880881550186e+00
2.818708971603642865e+00
2.851355062325735990e+00
2.884001153047829114e+00
2.916647243769922238e+00
2.949293334492015362e+00
2.981939425214108486e+00
3.014585515936201610e+00
3.047231606658294734e+00
3.079877697380387858e+00
3.112523788102480538e+00
3.145169878824573662e+00
3.177815969546666786e+00
3.210462060268759910e+00
3.243108150990853034e+00
3.275754241712946158e+00
3.308400332435039282e+00
