0.000000000000000000e+00
4.959119442409612444e-02
9.918238884819224888e-02
1.487735832722883733e-01
1.865246249872904438e-01
2.242756667022925421e-01
2.620267084172946404e-01
2.997777501322966831e-01
3.375287918472987814e-01
3.752798335623008796e-01
4.130308752773029779e-01
4.507819169923050762e-01
4.885329587073071744e-01
5.262840004223092727e-01
5.640350421373112599e-01
6.017860838523133582e-01
6.395371255673154565e-01
6.772881672823175547e-01
7.150392089973196530e-01
7.527902507123217513e-01
7.527902507123217513e-01
7.912232124153314450e-01
8.296561741183411387e-01
8.680891358213508324e-01
9.065220975243606372e-01
9.449550592273703309e-01
9.833880209303800246e-01
1.021820982633389718e+00
1.060253944336399412e+00
1.098686906039409106e+00
1.137119867742418799e+00
1.175552829445428493e+00
1.213985791148438187e+00
1.252418752851447881e+00
1.290851714554457796e+00
1.329284676257467268e+00
1.367717637960477184e+00
1.367717637960477184e+00
1.443737520927962814e+00
1.477900153552860418e+00
1.512062786177757800e+00
1.546225418802655405e+00
1.580388051427553009e+00
1.614550684052450391e+00
1.648713316677347995e+00
1.682875949302245377e+00
1.717038581927142982e+00
1.751201214552040586e+00
1.785363847176937968e+00
1.819526479801835572e+00
1.853689112426732954e+00
1.887851745051630559e+00
1.922014377676528163e+00
1.956177010301425767e+00
1.990339642926323149e+00
2.024502275551220531e+00
2.058664908176118136e+00
2.058664908176118136e+00
2.691079209803682204e+00
2.724635691328128662e+00
2.758192172852574675e+00
2.791748654377021133e+00
2.825305135901467590e+00
2.858861617425913604e+00
2.892418098950360061e+00
2.925974580474806075e+00
2.959531061999252533e+00
2.993087543523698990e+00
3.026644025048145004e+00
3.060200506572591461e+00
3.093756988097037919e+00
3.127313469621483932e+00
3.160869951145930390e+00
3.194426432670376848e+00
3.227982914194822861e+00
3.261539395719269319e+00
3.295095877243715776e+00
3.332289273061787682e+00
3.369482668879860032e+00
3.406676064697931938e+00
3.443869460516004288e+00
3.443869460516004288e+00
3.478032093140901893e+00
3.512194725765799497e+00
3.546357358390696657e+00
3.580519991015594261e+00
3.614682623640491865e+00
3.648845256265389470e+00
3.683007888890287074e+00
3.717170521515184234e+00
3.751333154140081838e+00
3.785495786764979442e+00
3.819658419389877047e+00
3.853821052014774651e+00
3.887983684639672255e+00
3.922146317264569415e+00
3.956308949889467019e+00
3.990471582514364624e+00
4.024634215139261784e+00
4.058796847764159388e+00
