-4.251911243150815700e+00 -4.251910943988815639e+00 -4.249738787176953636e+00 -2.140634670706171028e-01 -2.115311727346681492e-01 -2.068169686718928924e-01 3.137812495881789232e+00 3.138179299045024795e+00 3.138181281122414124e+00 3.138181647205890989e+00 3.138493509178845287e+00 3.138494084389227279e+00 7.588891392415454185e+00 7.589095911922892235e+00 7.589386257938145697e+00 7.678070308159879787e+00 7.678214902193155389e+00 7.678214903604328789e+00 8.806269386568196467e+00 8.806760798982852023e+00 8.806981067993852719e+00 8.807093076458423653e+00 8.807325580905022377e+00 8.808647909377869567e+00 1.660981053910153094e+01 1.661007232954098356e+01 1.661018487836380331e+01 1.661024616407827281e+01 1.661036899506679276e+01 1.661106762676355331e+01 1.736433566527510308e+01 1.736450563761492205e+01 1.736460489951345210e+01 2.034250878070442425e+01 2.034250881549267831e+01 2.034296255649409346e+01
-4.210586700530060789e+00 -4.174749180818047911e+00 -4.025791963730189771e+00 -1.166712478771901429e+00 -6.927032852451321387e-01 -2.635602621061198247e-01 2.920440404677895341e+00 2.945281709966043771e+00 3.147142152191205522e+00 3.245426882775853450e+00 3.383177487763000979e+00 3.447182251262611796e+00 7.235920037254643944e+00 7.494957404047968730e+00 7.566277300392185268e+00 7.653293962665728145e+00 7.676284201805412266e+00 8.152891918278850625e+00 8.676379960365956379e+00 8.760300133759690411e+00 8.836166355094416502e+00 8.867803334164115370e+00 8.934911075614687448e+00 8.964154541165710199e+00 1.649029765795689073e+01 1.657721771411885925e+01 1.659909020709290672e+01 1.665726411410427232e+01 1.666694059996996558e+01 1.674075171166546028e+01 1.735972895934709825e+01 1.736097031810102465e+01 1.739909336708866405e+01 2.031276496830407297e+01 2.033230487657846197e+01 2.035165751178095661e+01
-4.086623451343913693e+00 -3.940501258724632194e+00 -3.265875302600816266e+00 -1.959564684276468016e+00 -1.197280187380882488e+00 -3.772529227137031427e-01 2.749966256116864294e+00 2.843858272836223833e+00 3.173900242944215133e+00 3.500133663559729769e+00 3.639778485453769807e+00 3.765604990127145335e+00 6.984834637182277817e+00 7.239407416380862159e+00 7.498813345918848405e+00 7.580620996765324193e+00 7.671782217804333115e+00 8.537871924717842731e+00 8.678600320953597347e+00 8.687137051263901455e+00 8.848219235631949786e+00 9.046822642839776663e+00 9.052924797814910107e+00 9.446698826151745720e+00 1.639466001597677902e+01 1.648342216602906163e+01 1.661989479251915114e+01 1.673455567491506457e+01 1.683435666320816537e+01 1.686195636959263311e+01 1.733959799285451453e+01 1.735041816925120983e+01 1.751004383822161614e+01 2.022375205952407384e+01 2.030213676228988717e+01 2.037659596955051100e+01
-3.880077100989963501e+00 -3.524576265304000255e+00 -2.384905418386611853e+00 -1.553501260669785999e+00 -1.221463126680387923e+00 -4.913357668852251781e-01 2.643175426296440200e+00 2.803213048404832097e+00 3.220372607682086663e+00 3.808177604816496586e+00 3.894661833900788572e+00 4.038497275915718276e+00 6.834981448104502810e+00 6.871518879333367913e+00 7.390334900392492301e+00 7.463870106114324443e+00 7.665060369603265755e+00 8.386035172183836650e+00 8.589800131399725203e+00 8.835241892818858744e+00 9.146377675055699541e+00 9.176420470557085096e+00 9.352718270388226784e+00 1.014934660681302603e+01 1.633053403792373004e+01 1.634004206314463659e+01 1.666447321424227823e+01 1.682283863382009770e+01 1.696821093106038347e+01 1.709912683946446066e+01 1.729680624004506484e+01 1.733289056457659427e+01 1.770151272833649969e+01 2.007915449679818920e+01 2.025335201522453232e+01 2.041169476164364482e+01
-3.593150160542233351e+00 -2.885102754052456309e+00 -2.460689457255715862e+00 -1.652115292296692628e+00 -5.472480285328521488e-01 2.599391870054460707e+00 2.834181653158800884e+00 3.135402539597581750e+00 3.407184491691194861e+00 4.123090353277868658e+00 4.156782061570273079e+00 4.277825998879960068e+00 6.430823134126114837e+00 6.742268348394108379e+00 7.244310429536713336e+00 7.307040757771571471e+00 7.657435040345141886e+00 8.221084174658443544e+00 8.478922340489836174e+00 8.790342956482824377e+00 9.203970333756037903e+00 9.618666571001437404e+00 9.855208191198997270e+00 1.089872501501012358e+01 1.615717956077421746e+01 1.630132731767198706e+01 1.672366415683591967e+01 1.689437179270499456e+01 1.708000765753462957e+01 1.717285893683974152e+01 1.730866751406667703e+01 1.749175597295712237e+01 1.795531209412581575e+01 1.988476506773666941e+01 2.018822215430311573e+01 2.044848292467867878e+01
-3.236341965108354923e+00 -2.247551080316045446e+00 -2.121549765170687607e+00 -1.202829049576351395e+00 7.755566910386652024e-02 2.615842058920384350e+00 2.971716509915401705e+00 3.341474725346630148e+00 4.320789229474413240e+00 4.352131025905583428e+00 4.498319370842665421e+00 5.220336037020583575e+00 5.948351984383152491e+00 6.678496834973207008e+00 7.064340511645264442e+00 7.115395900086709524e+00 7.652667361160917281e+00 8.047561064178543333e+00 8.366034685103088009e+00 8.710931480290769358e+00 9.218497059259462389e+00 1.005482509358219545e+01 1.048974638721718122e+01 1.160169803692446600e+01 1.594137925852289506e+01 1.630837537950367988e+01 1.678910272012366178e+01 1.694117566086007542e+01 1.702065679077353266e+01 1.720554624083040096e+01 1.727922052018208632e+01 1.792494667597938474e+01 1.824167367972843934e+01 1.964937655680263262e+01 2.010997771019826885e+01 2.047739384637662852e+01
-2.840598765203440124e+00 -1.758284855820112069e+00 -1.627199450268623337e+00 -5.452053686541897815e-01 1.977648607226827560e+00 2.666635209306930321e+00 3.183527251237593170e+00 3.497408629895685461e+00 4.548377587508967146e+00 4.603331730182638637e+00 4.718629108739351707e+00 5.453356406245827515e+00 6.571773186330235994e+00 6.750242618223081692e+00 6.859674681108942629e+00 6.920767811270183145e+00 7.654875086418123864e+00 7.873301259799190710e+00 8.259416630426978045e+00 8.598577195084336822e+00 9.184169780560607066e+00 1.052603002261433751e+01 1.116993578428544254e+01 1.221929856259676050e+01 1.569604720435568446e+01 1.635159943392252302e+01 1.679394764273722984e+01 1.685412415247247608e+01 1.697378862159875013e+01 1.724004641068835753e+01 1.733919503391198802e+01 1.840406363723930738e+01 1.852858115908657410e+01 1.938802395360718833e+01 2.002283950390357603e+01 2.048969798983888069e+01
-2.439377630853837076e+00 -8.155573290643074458e-01 -7.015644800655090885e-01 4.995390464294661159e-01 2.620784732134195494e+00 2.884685464003978961e+00 3.411463698212472639e+00 3.917262516778087011e+00 4.757000909730711768e+00 4.788042087114583012e+00 4.933246910641424954e+00 5.031978667568469454e+00 6.552908330897041722e+00 6.626846881098090947e+00 6.648442533346547556e+00 7.650952581646255801e+00 7.723573392365628898e+00 8.128594058650657317e+00 8.163638019401675550e+00 8.459108610923683713e+00 9.095019282456723531e+00 1.102304932746119626e+01 1.185212633319798492e+01 1.273838233226812378e+01 1.542253981022799536e+01 1.642978556734104956e+01 1.648797296646522881e+01 1.691412243652283465e+01 1.699997665927553214e+01 1.720172086034236614e+01 1.746132821707860927e+01 1.875271789032936098e+01 1.888906298511365378e+01 1.915307566499058822e+01 1.993201918151834562e+01 2.047957139251238345e+01
-1.989432869379016200e+00 9.469058483207881682e-01 1.382483416281333755e+00 1.521598424462790700e+00 2.668273906522542482e+00 3.046068825673188929e+00 3.581251950513611781e+00 4.273820517294189436e+00 4.848411150969885952e+00 4.989549479504422180e+00 5.099718582889741114e+00 5.154026080029094459e+00 6.380365637590982075e+00 6.397965525225050243e+00 6.502925881449073131e+00 7.532626409329592931e+00 7.716288853922382174e+00 8.079597460716867019e+00 8.302753337005064793e+00 8.944871144898952409e+00 9.397729051135808476e+00 1.153145331833777831e+01 1.249614031390219360e+01 1.315772131737259620e+01 1.512131228470932243e+01 1.609651433757446526e+01 1.654061529993631652e+01 1.696635706948898559e+01 1.702254900389930015e+01 1.716221626674828826e+01 1.756946677593567685e+01 1.866843105452737106e+01 1.918481144066638677e+01 1.934231021968656705e+01 1.984363615342249787e+01 2.044609600174430852e+01
-1.348305423208216780e+00 1.366264326101293891e+00 2.109552841629710684e+00 2.242635777842609368e+00 2.655555669524164220e+00 3.026765764091885469e+00 3.653303998993696844e+00 3.942130795298506296e+00 5.169073219436542743e+00 5.182850429070570364e+00 5.397618824004696947e+00 5.634838076615034552e+00 6.147554381055461370e+00 6.160073036096573418e+00 6.426845872870758036e+00 7.403439842406486449e+00 7.753201082822283041e+00 8.008750226580438891e+00 8.144977722357731764e+00 8.728558624052547898e+00 1.056788228059108015e+01 1.203661570839353345e+01 1.306111303935846379e+01 1.348014614085781737e+01 1.479339269857635664e+01 1.561516935526472594e+01 1.668001199765877018e+01 1.700925709123929153e+01 1.704164910177490455e+01 1.712558743015324936e+01 1.765807115258883186e+01 1.839340092990908104e+01 1.936570733380881748e+01 1.973035956481603748e+01 1.976446549003914299e+01 2.039485315449039859e+01
7.315609633672579548e-01 1.727341252895079782e+00 2.575178075970328440e+00 2.620239313486739885e+00 2.664486910436035583e+00 2.971960443744057656e+00 3.588369397628942359e+00 3.625674198096641820e+00 5.324891242074720310e+00 5.333858861938727713e+00 5.651581007293824399e+00 5.933178835582332944e+00 5.934839632136960752e+00 6.321458426708317369e+00 6.334893790352102982e+00 7.304069711042285640e+00 7.795307183535210349e+00 7.950717460386175439e+00 8.006214319785339484e+00 8.444594764542237897e+00 1.163613165417405249e+01 1.252200709857921623e+01 1.350588860823147463e+01 1.370865700831657463e+01 1.444364751249755940e+01 1.504327310663950179e+01 1.683923063269251230e+01 1.704155951368756661e+01 1.705634239247428852e+01 1.709572450173757119e+01 1.772360722270908084e+01 1.811343869841545384e+01 1.951769385004167034e+01 1.970141030537821791e+01 2.002648158445859750e+01 2.033831995048374353e+01
1.726646494407088950e+00 2.036295004962704436e+00 2.467454516242501672e+00 2.607116084022456537e+00 3.008270609000373241e+00 3.095996857601169605e+00 3.299356867348874456e+00 3.506693809321002497e+00 5.458827929411648405e+00 5.465276722711691626e+00 5.742047662141810171e+00 5.750742949809512616e+00 5.888983218530672303e+00 6.219179349807555823e+00 6.903917710666803487e+00 7.242288475481952759e+00 7.835081844511858407e+00 7.900087130790688583e+00 7.913948845349890959e+00 8.108190820990770931e+00 1.258475513334788332e+01 1.295568216826651486e+01 1.379217140731538471e+01 1.384517819244296888e+01 1.409510320206192624e+01 1.439449996995668535e+01 1.699348787523368642e+01 1.706182994997321600e+01 1.706558836314961880e+01 1.707617296639387661e+01 1.776377940955856971e+01 1.788080252877791665e+01 1.961401929092438934e+01 1.966064512536827991e+01 2.021166111387135089e+01 2.029362409808175727e+01
2.283988999854779323e+00 2.284212043132131775e+00 2.286367246052547042e+00 2.286760340917696865e+00 3.173347759703509574e+00 3.175285976900672047e+00 3.301085188973447604e+00 3.301181216423255460e+00 5.595171659384702068e+00 5.595176830228838938e+00 5.595699124299830629e+00 5.595992718241845409e+00 6.071415181372134207e+00 6.072520088177745023e+00 7.221400965870172328e+00 7.222257139965302386e+00 7.870042430411209544e+00 7.870191471786694315e+00 7.872735547098552722e+00 7.873405066967912980e+00 1.318819700252807436e+01 1.318925682464980831e+01 1.389036970294766604e+01 1.389049584570268614e+01 1.389100433344571073e+01 1.389188748560158615e+01 1.706825854896067796e+01 1.706833641363008169e+01 1.706975614123603791e+01 1.707016358923708665e+01 1.777729845915352769e+01 1.777764372528554659e+01 1.964652786031475529e+01 1.964684106494994964e+01 2.027537307087287388e+01 2.027579937133749155e+01
1.992668645666027638e+00 2.052509698155891016e+00 2.219839661733050917e+00 2.305072156945102257e+00 3.212534690565617357e+00 3.349208523570797791e+00 3.397389299682415764e+00 3.453811157708709167e+00 5.488173593167715580e+00 5.540839801114742613e+00 5.582684729491663944e+00 5.594043333854730626e+00 6.104108470662866104e+00 6.116453189636933629e+00 7.166087082319788415e+00 7.206603484335253107e+00 7.881818212475169894e+00 7.898330108940121441e+00 8.047150093977156970e+00 8.103850731192387968e+00 1.309613482806839890e+01 1.311687759403546316e+01 1.389577066583398945e+01 1.391517065183247936e+01 1.398856260892765668e+01 1.399614586627401458e+01 1.702228220272331782e+01 1.703367419051785703e+01 1.708150169321144674e+01 1.708324642106505564e+01 1.779220322506972352e+01 1.779649601317909813e+01 1.962712765365127154e+01 1.963608449452192062e+01 2.022897060950849735e+01 2.024028373114584767e+01
1.490633022333793578e+00 1.550946985544021439e+00 2.072701516604828154e+00 2.359144119774375881e+00 3.198286981978908372e+00 3.461439076277534443e+00 3.649723073583533761e+00 3.913019834273215647e+00 5.270706424782469313e+00 5.421426316362579101e+00 5.549949214313916634e+00 5.595995281155920154e+00 6.147416049424982987e+00 6.201489340021610452e+00 7.144488427432889033e+00 7.226704515732320644e+00 7.917273117604315402e+00 7.975424060803780080e+00 8.465827820900749145e+00 8.607640160557263442e+00 1.291356735416537127e+01 1.297946863029969577e+01 1.390610728391733808e+01 1.398241396987506491e+01 1.420652216812759860e+01 1.422572167739989446e+01 1.689624159128189262e+01 1.694088579508646930e+01 1.711525366184896413e+01 1.712697667218527187e+01 1.782000823149888191e+01 1.784156618154802487e+01 1.955987914324407484e+01 1.959593076701102632e+01 2.009823837601823726e+01 2.014541404571476235e+01
7.044670485173032404e-01 1.178672899575772037e+00 1.870622136111876888e+00 2.442034295326689808e+00 3.220907055392604246e+00 3.547574428479309372e+00 3.942492735687930683e+00 4.331170360859009527e+00 5.043453695299690231e+00 5.285901756732613421e+00 5.510793956803064830e+00 5.628601285881784655e+00 6.168592444123587981e+00 6.292945756082004571e+00 7.229134041564510227e+00 7.317252453640423759e+00 7.984240022622786093e+00 8.112072495008497697e+00 8.988899647361551004e+00 9.216355680924969818e+00 1.273453147794417717e+01 1.286493321077437457e+01 1.391921123975387609e+01 1.407349501907514444e+01 1.447060859834333613e+01 1.450057090791093017e+01 1.672136131107503587e+01 1.680857966186368557e+01 1.716816174334224243e+01 1.719551831560232102e+01 1.783263338593496172e+01 1.789070413536560622e+01 1.942169933977907093e+01 1.948994920496782157e+01 1.992490469657166230e+01 2.002098386284154330e+01
-9.639685409098640578e-01 1.129912312788043938e+00 1.603200546024196926e+00 2.541347535737715102e+00 3.332741879851541800e+00 3.639178354679154292e+00 4.214099459370581613e+00 4.613389190544725516e+00 4.838499033031959051e+00 5.144822941740519795e+00 5.488321493958097541e+00 5.737179687690613150e+00 6.180298950138635838e+00 6.378734457510805811e+00 7.390405740844957272e+00 7.451980551871019820e+00 8.117936566214174476e+00 8.336428835655530278e+00 9.530864840319084763e+00 9.850943492553600578e+00 1.259986989770051835e+01 1.281391167098942852e+01 1.392993805867744683e+01 1.416306278418676712e+01 1.475744005162648698e+01 1.479764845372102755e+01 1.652070971737764538e+01 1.664715288311224484e+01 1.723392033482933883e+01 1.727888452783881235e+01 1.780830138087342718e+01 1.792463055402663130e+01 1.919818621707597828e+01 1.925548300865254348e+01 1.978446882866301948e+01 1.989855419101949963e+01
-1.379417442965722440e+00 1.203544502357750456e+00 1.465446352453116940e+00 2.650224591838143073e+00 3.507340567384861885e+00 3.772482748589774726e+00 4.406180158472264630e+00 4.665882635143015378e+00 4.728886505779636096e+00 4.998258866990980209e+00 5.517717360572055085e+00 5.922991364410236770e+00 6.192512424828087170e+00 6.449622509410797733e+00 7.538439593761101953e+00 7.580117455278355010e+00 8.410286156881909392e+00 8.696137340986416220e+00 1.004066189631915407e+01 1.046482334636482747e+01 1.253228570380957407e+01 1.284340152880520947e+01 1.393290391324552502e+01 1.422684425232776384e+01 1.506138566583715743e+01 1.510057225719130614e+01 1.631503341412356178e+01 1.645702385253438038e+01 1.730104089221027408e+01 1.734863003045424890e+01 1.773316459485091201e+01 1.791702032411748746e+01 1.891541381734025151e+01 1.892345000436629121e+01 1.968857540102531090e+01 1.978280558354952134e+01
-1.519381180389790531e+00 9.905280245210776879e-01 1.793836314478389760e+00 2.771790736723152460e+00 3.705978270026897281e+00 3.915099694410811182e+00 4.417717763640055750e+00 4.597122405609920470e+00 4.736223900330841730e+00 4.855876454491738770e+00 5.629764709430763681e+00 6.100652477670141849e+00 6.226019185395304412e+00 6.495124928017965260e+00 7.597448837158271573e+00 7.659308619287747533e+00 8.922167817754601771e+00 9.213673726338388548e+00 1.050146155867660269e+01 1.103273489010335062e+01 1.254516647627579573e+01 1.295016156679150754e+01 1.392356100059580548e+01 1.424725959142311638e+01 1.536320007045258862e+01 1.537796826155466867e+01 1.614432425757711798e+01 1.623168975050293739e+01 1.729695403573993318e+01 1.734594004343696128e+01 1.764965077493626211e+01 1.779866992119315938e+01 1.860533745951488171e+01 1.868023884449957706e+01 1.960076614042432652e+01 1.966197641500599147e+01
-1.421233140500919312e+00 9.819535776649368497e-01 2.166155785026614655e+00 2.909117033620243209e+00 3.884220320188919828e+00 3.984496518784271579e+00 4.300346619143216920e+00 4.553836728397647526e+00 4.704118246443545814e+00 4.816727103782131536e+00 5.803142963587626824e+00 6.159928390225343442e+00 6.354567524595316819e+00 6.507396727103317069e+00 7.584049299460291493e+00 7.677744504744535625e+00 9.593509304494194367e+00 9.858243537899900488e+00 1.093064316801704727e+01 1.154685582207631711e+01 1.264341487829411825e+01 1.311223182553650979e+01 1.389850661886863570e+01 1.421465669770959117e+01 1.544926331818174603e+01 1.567830027948929583e+01 1.597368481538735629e+01 1.612016514539931222e+01 1.699388350942132675e+01 1.725368368713004941e+01 1.756936246675786606e+01 1.763824869472281165e+01 1.847684162271043462e+01 1.854808784865756621e+01 1.950271336649647580e+01 1.952848332025544664e+01
-9.844209025760308762e-01 1.255248066350368674e+00 2.515805026577135450e+00 3.059198433106221415e+00 3.878861316418249494e+00 4.010041278407271648e+00 4.168240852228064064e+00 4.440878564462261480e+00 4.688984870949843398e+00 4.962880510105240006e+00 5.951228882292507016e+00 6.201668434042517219e+00 6.467209946967191314e+00 6.530528402826647927e+00 7.525730643670476283e+00 7.642078850318918981e+00 1.034103737043498761e+01 1.057023794516916304e+01 1.137012788984065459e+01 1.201316970918038862e+01 1.282335979996548936e+01 1.330016814522751467e+01 1.385453398203281061e+01 1.412626031458381703e+01 1.529094553618938335e+01 1.557341136379789859e+01 1.600438981683242545e+01 1.618164183625658126e+01 1.663622996811049148e+01 1.684949091470637228e+01 1.750879949716923534e+01 1.761743913031344633e+01 1.848990440236611832e+01 1.853479763987256845e+01 1.938241692056370624e+01 1.938978247333151117e+01
8.948037095239614880e-01 1.671325916435839831e+00 2.833584801074060522e+00 3.214291862355162621e+00 3.724095099434665546e+00 3.921419451154892322e+00 4.014280807479582158e+00 4.276734550693273462e+00 4.854648300360446811e+00 5.158351482127005561e+00 5.971266250994821334e+00 6.255058581802176221e+00 6.497746252773455744e+00 6.674003323261638698e+00 7.439326509999753867e+00 7.559645825931473162e+00 1.110302804649965935e+01 1.128043268852026415e+01 1.187210995642440281e+01 1.244480619462791893e+01 1.307413874560012701e+01 1.349161430375853143e+01 1.378604203072459633e+01 1.398515582967250559e+01 1.500840525049524210e+01 1.516176177841501094e+01 1.579596653783504223e+01 1.591145955667543888e+01 1.665438163053552501e+01 1.670513408140426748e+01 1.748769437664902782e+01 1.755765084877692672e+01 1.855952987317002467e+01 1.859484123016229518e+01 1.923312642518643401e+01 1.926143595618860616e+01
1.769227475202908906e+00 2.118143110056321277e+00 3.122799676764607568e+00 3.365345657497049725e+00 3.509171746059458030e+00 3.676916881456961939e+00 3.885529172484626592e+00 4.083035116821482013e+00 5.116805602335976033e+00 5.355384917576515136e+00 5.911580759226764847e+00 6.144347315065188830e+00 6.676206574807151739e+00 6.819582433538489141e+00 7.335077291707829517e+00 7.437085618287832212e+00 1.183652599725240506e+01 1.193124726118903389e+01 1.246740616344441577e+01 1.285114729266629752e+01 1.337154296565825362e+01 1.364966583240946107e+01 1.370871673707958216e+01 1.380856280282181103e+01 1.463500683755932030e+01 1.467498441391321329e+01 1.524736546840348339e+01 1.538383538702120923e+01 1.684845043641256979e+01 1.691435150302645951e+01 1.744736905284876727e+01 1.747164985610105248e+01 1.865080276749988997e+01 1.868218264820673014e+01 1.909095526535317333e+01 1.912497083002370246e+01
2.405404532344793012e+00 2.542145892203501401e+00 3.241227300337695461e+00 3.339422924096306033e+00 3.389653820176117716e+00 3.507843661589405304e+00 3.762633945778498301e+00 3.869109694194373894e+00 5.405238596506682036e+00 5.534075595640489453e+00 5.814031656094495126e+00 5.941614656427933738e+00 6.890662093234904084e+00 6.959750478517543471e+00 7.218784845019472485e+00 7.280614945616257216e+00 1.250508139920547634e+01 1.252357073680877519e+01 1.308794008538325926e+01 1.322685806047358170e+01 1.344904458370719880e+01 1.347670789456360474e+01 1.385437935042939550e+01 1.389927732860602738e+01 1.417786843371214900e+01 1.418117961386858639e+01 1.473161079301674903e+01 1.479200414380359163e+01 1.707321339997677967e+01 1.710172487780151585e+01 1.737020494865185682e+01 1.737330966428476842e+01 1.875235079747201539e+01 1.877257699090922216e+01 1.896694619327295683e+01 1.898960180559473798e+01
2.918389140688545602e+00 2.919804458438699069e+00 2.920009219688568969e+00 2.920385409092318252e+00 3.636120147716638940e+00 3.637565117294145445e+00 3.638075415331162965e+00 3.640338607715186914e+00 5.686997762376253540e+00 5.687719748089205218e+00 5.687938755452057293e+00 5.688146132922838660e+00 7.091998339569910215e+00 7.094014983335785729e+00 7.094531668757875664e+00 7.098266177368253160e+00 1.304932669843986304e+01 1.304990682338761410e+01 1.305033408179455279e+01 1.305076929350902937e+01 1.368287711701371023e+01 1.368331981923913432e+01 1.368406022526994192e+01 1.368409932019268815e+01 1.426948172227908529e+01 1.426992908842084873e+01 1.427059036227731426e+01 1.427065143331077302e+01 1.725056041639072291e+01 1.725072277951513300e+01 1.725156343863372754e+01 1.725227555738633356e+01 1.886313333673311732e+01 1.886423983816917271e+01 1.886438335158667812e+01 1.886458955189918285e+01
2.308929093348346839e+00 2.918053366589055120e+00 2.949980473865112085e+00 3.367183643841974217e+00 3.407588804249254810e+00 3.642733157912262598e+00 3.653584225523352824e+00 3.873080815450664627e+00 5.383116829485437016e+00 5.689890662934701027e+00 5.698541330362772328e+00 5.949941458215734613e+00 6.911475102042184737e+00 7.038638234159115825e+00 7.171061205558697083e+00 7.224847058992128090e+00 1.246447468509793488e+01 1.269951084938146302e+01 1.295652184374185900e+01 1.315077738571200783e+01 1.347342222139159773e+01 1.361147887413937951e+01 1.384752767320454403e+01 1.399185264170489873e+01 1.416126865340772767e+01 1.424960621982638820e+01 1.463267801968682136e+01 1.468845004888527583e+01 1.713585635279296326e+01 1.719351000683123942e+01 1.733260120151636130e+01 1.736344810616644452e+01 1.876888943256891906e+01 1.880736898235919341e+01 1.890964570360916497e+01 1.895914295587381204e+01
1.533004592926276777e+00 2.899108629233695389e+00 3.020106830332742742e+00 3.071709207052632173e+00 3.650135627245757686e+00 3.687261985713542689e+00 3.780860205584699596e+00 4.084683194470970946e+00 5.067553009697868482e+00 5.688328802593218825e+00 5.738996263148337995e+00 6.150900449035639816e+00 6.678901364843727428e+00 6.996853045432646745e+00 7.261064428463724241e+00 7.317146200102928155e+00 1.177126984568921664e+01 1.220679118283102227e+01 1.243895515468032187e+01 1.290124960592789272e+01 1.331787604827291638e+01 1.366628317770550183e+01 1.383097651517734761e+01 1.415275966506988148e+01 1.440842767782661227e+01 1.450115939358740036e+01 1.509715275778712495e+01 1.534482073670592328e+01 1.704688811450352759e+01 1.716203876769621672e+01 1.743049146007523831e+01 1.745560849451862850e+01 1.865655735250925318e+01 1.874564153022516066e+01 1.893813252991474982e+01 1.907600724440016648e+01
-4.360266036575067838e-01 2.630796070991351598e+00 2.871396799943774170e+00 3.183657503040976167e+00 3.654105542393452755e+00 3.732436623920599050e+00 4.016035011796231124e+00 4.285573004300877287e+00 4.798646401644014681e+00 5.669572584329467979e+00 5.815807224677179477e+00 6.259586700840348072e+00 6.442226568348390359e+00 6.953336706153852020e+00 7.326516707341834689e+00 7.418269688685771079e+00 1.111588086488392690e+01 1.167171861671198840e+01 1.187432342988113732e+01 1.238095791186716887e+01 1.329585543622258470e+01 1.352086188660745414e+01 1.402739897612087461e+01 1.418832074191082881e+01 1.458669750047210911e+01 1.482732113171463162e+01 1.548862548931906602e+01 1.608676192515700265e+01 1.701085156781767083e+01 1.717723811091143915e+01 1.746841317628457091e+01 1.758737271049983875e+01 1.853388542113119897e+01 1.868461077492240108e+01 1.894717006588201613e+01 1.922053716870636109e+01
-1.472157863417113965e+00 2.147265076877055812e+00 2.710435543309724249e+00 3.345011429967157390e+00 3.630162274384035381e+00 3.771477778686028959e+00 4.149951711509360486e+00 4.481370334600799588e+00 4.649907965065218640e+00 5.620363117366126815e+00 5.897640111587129752e+00 6.145167132556814238e+00 6.397460485406937458e+00 6.884823555187439048e+00 7.362046648704868801e+00 7.537908719485256981e+00 1.053043899590560706e+01 1.112112563162228795e+01 1.131029211468222506e+01 1.184734198944525829e+01 1.309489425360670722e+01 1.344965055459768521e+01 1.398334496007168859e+01 1.439889913194431870e+01 1.467719835407134887e+01 1.514258884335953859e+01 1.584736642088772030e+01 1.659057395524111200e+01 1.705999376713182158e+01 1.734969264007494516e+01 1.744741228430551416e+01 1.774897320532764056e+01 1.842600606562171706e+01 1.863216974573490248e+01 1.894380074618743848e+01 1.938195451972035244e+01
-1.888764562470102604e+00 1.512841294340359966e+00 2.397058053811100375e+00 3.413165989957488655e+00 3.664798674113090016e+00 3.798012597096530385e+00 4.260220827054212123e+00 4.589714376443006394e+00 4.690008574354705750e+00 5.531162626680813155e+00 5.834198605739112864e+00 6.150756091252977065e+00 6.394680145177710884e+00 6.762968639246195401e+00 7.389303653102695435e+00 7.652486914538383367e+00 1.002038737067004348e+01 1.054941336625759085e+01 1.078278623841664086e+01 1.134649361770372522e+01 1.274416781785089903e+01 1.331169990769157963e+01 1.379627771812939407e+01 1.466351552477976483e+01 1.478130070731862844e+01 1.540822216833839597e+01 1.614101512754092482e+01 1.673212138656349879e+01 1.712962567406195191e+01 1.736707676340315132e+01 1.775216066412650662e+01 1.796562864541407478e+01 1.835887728956867448e+01 1.859724580554756201e+01 1.896340014907913485e+01 1.954449061518788966e+01
-2.115091660676213792e+00 4.418262270177509277e-01 1.956458615870012130e+00 3.340922431246741375e+00 3.750283666391408310e+00 3.843252548370258648e+00 4.402450047786983234e+00 4.595462908071281660e+00 4.838563354240209335e+00 5.429474761065395505e+00 5.735856921606535153e+00 6.271180358808788213e+00 6.350148427752717595e+00 6.565937947047619794e+00 7.415369871804585955e+00 7.744993633207369221e+00 9.584861784176773369e+00 9.930869764555172452e+00 1.033480790746046374e+01 1.088584708088055031e+01 1.227196297716773188e+01 1.297388509477895369e+01 1.366894235558891957e+01 1.462423240133650459e+01 1.510021379118373908e+01 1.564093839423031085e+01 1.632708640291301805e+01 1.681888571238899033e+01 1.717275988195900283e+01 1.728511793667166785e+01 1.793263044119595406e+01 1.825326304629511398e+01 1.834723997044876853e+01 1.857303459661044798e+01 1.912985512523834331e+01 1.969579665347163910e+01
-2.240382972809650930e+00 -1.169151729991836142e+00 1.451233413011623563e+00 3.250300053586649085e+00 3.726102845455550927e+00 3.918526948766207774e+00 4.558807781441789331e+00 4.610454227195466714e+00 4.905977621685925882e+00 5.365074493703136937e+00 5.706035047440805918e+00 6.228565129940371037e+00 6.308908397322783301e+00 6.430437024544841229e+00 7.436494843289176870e+00 7.795223396921759473e+00 9.195276206542180475e+00 9.307714566405765666e+00 9.968765760309953095e+00 1.044260756928472844e+01 1.166913198665367801e+01 1.254075396047330671e+01 1.353947152387801012e+01 1.445770751771290819e+01 1.538076773346509363e+01 1.586419618777761009e+01 1.640801545682194629e+01 1.694327864514580284e+01 1.713634050524194308e+01 1.728875891755885519e+01 1.798131618592918457e+01 1.835954442534704611e+01 1.839653702776177013e+01 1.851519998417444057e+01 1.950365955403223239e+01 1.983009182252296299e+01
-2.294994632554771652e+00 -1.515004322371316103e+00 9.247236541034824509e-01 3.191939954363109067e+00 3.649644046128793562e+00 3.914403433295952528e+00 4.594747140945615982e+00 4.696682169172479604e+00 4.884031598256821205e+00 5.311284165647791156e+00 5.654144048905557440e+00 6.053516965879226497e+00 6.209012471263751998e+00 6.547398738501093440e+00 7.425792733051054029e+00 7.756914322768975190e+00 8.623997298913003817e+00 8.978377362773990455e+00 9.667467341074498677e+00 9.948420426982700349e+00 1.099455769237034808e+01 1.208770314881981101e+01 1.334620576317886709e+01 1.418474958848616119e+01 1.557810452441981752e+01 1.607565530207635618e+01 1.643436376611439798e+01 1.702430644106862445e+01 1.711681055820029229e+01 1.734114066194673498e+01 1.795187871396197110e+01 1.836830152640606428e+01 1.845831513000762314e+01 1.847116661323778786e+01 1.990357350190059194e+01 1.995130918010367083e+01
-2.272977940180060941e+00 -1.692427091199689482e+00 4.064705871417428340e-01 3.109018822655788217e+00 3.552878966164541019e+00 3.837685924660466430e+00 4.559093266989976634e+00 4.687728811803000717e+00 4.818697840120478304e+00 5.204261442404828131e+00 5.421017716661999053e+00 6.159311456533279383e+00 6.183257197648544867e+00 6.640398587375227812e+00 7.172268938246647352e+00 7.636777831345672674e+00 8.240126175273104536e+00 8.775721094262264543e+00 9.252489934920230752e+00 9.439587174399568070e+00 1.040231131496374850e+01 1.163022189001470075e+01 1.306676050905412900e+01 1.381844987135139391e+01 1.571642416159880185e+01 1.624446998455250579e+01 1.643177016092252529e+01 1.699695657765950330e+01 1.719991117426319960e+01 1.737512643115885780e+01 1.787395302125278462e+01 1.823819008031511046e+01 1.843962269449359326e+01 1.864158728601309534e+01 2.004631370373379795e+01 2.024700374514332069e+01
-2.180621083117775694e+00 -1.825813347837910383e+00 -2.541085461607840434e-01 2.794298986057486722e+00 3.366276492770195805e+00 3.835321188271062720e+00 4.403405697377537287e+00 4.588486644313910290e+00 4.627158864338001720e+00 5.051728346059127794e+00 5.369346647791304328e+00 6.133073277825690006e+00 6.348821326247424679e+00 6.453340215819792114e+00 6.828590958182135573e+00 7.610047520598018700e+00 8.046748083875833402e+00 8.396248958511487004e+00 8.675212390295630627e+00 9.231298630410424977e+00 9.970711653449553680e+00 1.117440700879939719e+01 1.269522477473532440e+01 1.336781531499998366e+01 1.582832611024353575e+01 1.634405943546051887e+01 1.642885655538076506e+01 1.698214428447469970e+01 1.725350886446811316e+01 1.735812969171801612e+01 1.776515447869969577e+01 1.808277890580794534e+01 1.838242828960805042e+01 1.888217415417203782e+01 2.013627125688120501e+01 2.048959242252999857e+01
-2.068396759062323120e+00 -1.925925314299012481e+00 -1.509476116073225627e-01 2.108415564149349386e+00 3.007736569257122738e+00 3.852534980488393490e+00 4.149305491541854352e+00 4.323923462792922834e+00 4.511925964074711359e+00 4.896556184550862056e+00 5.243675702907512282e+00 5.591643941219506253e+00 6.407012522939740329e+00 6.597586321110088470e+00 6.805953021268718039e+00 7.142543871832159219e+00 7.810763049965727234e+00 8.130240788364247351e+00 8.580034722520203161e+00 9.071247563608345388e+00 9.637929318838905246e+00 1.072955201944778381e+01 1.223527131298404846e+01 1.283440916863421677e+01 1.593251492304254668e+01 1.634038368057095170e+01 1.648807803036876507e+01 1.699486914120571157e+01 1.722970814760963520e+01 1.730667798943373015e+01 1.762409045460578128e+01 1.793695764824592942e+01 1.827635980717411712e+01 1.916335359562573259e+01 2.021388198246062373e+01 2.063649344334266544e+01
-2.153098305767720433e+00 -1.914244099755593398e+00 1.310054014124170940e-01 8.978400272130369064e-01 2.530148096467951468e+00 3.733428978800725773e+00 3.838366420215447050e+00 3.920194869875462729e+00 4.212001423821694956e+00 4.421050952059569994e+00 4.752953703006751240e+00 5.444236578393454096e+00 6.157869787873586631e+00 6.641762391435626078e+00 6.855677996582000944e+00 7.029695274892821644e+00 7.881578882677838571e+00 8.068482383995306151e+00 8.528911804850325851e+00 8.952352952327725433e+00 9.361645595672706932e+00 1.030695167336094009e+01 1.169670325934494315e+01 1.221725761558287182e+01 1.603722183676237378e+01 1.631847503273122157e+01 1.655504568377982721e+01 1.703092619267058794e+01 1.712281113969465096e+01 1.723851776664106694e+01 1.745278730494881714e+01 1.782076948415659956e+01 1.812773559323495931e+01 1.944830058947146867e+01 2.027698405802592418e+01 2.069576295460990778e+01
-2.627206098373208398e+00 -1.965067321451872573e+00 -1.326968306557781085e+00 8.524812220664096385e-01 1.956081822782209434e+00 2.455396006789422270e+00 3.504999190052587199e+00 3.601195633943528041e+00 3.993027540589868529e+00 4.132685656266861685e+00 4.231029690231860485e+00 4.573648834217578063e+00 6.477724424060054886e+00 6.806649255772908802e+00 7.040071185140048371e+00 7.168885239128613307e+00 7.918486361056124245e+00 8.081365381207071152e+00 8.503528988251066068e+00 8.875499935523817996e+00 9.133433811108755407e+00 9.917462317365339786e+00 1.109507859884269543e+01 1.152138554224221956e+01 1.614437065351072320e+01 1.631658351208507440e+01 1.661267195355929971e+01 1.697597050991603496e+01 1.709431591142170959e+01 1.712349746514880522e+01 1.727731782932685434e+01 1.772743787784101244e+01 1.795158090950257446e+01 1.971014158101315772e+01 2.032223058057196141e+01 2.068275955358008034e+01
-3.242630537973247407e+00 -2.540438427553007195e+00 -1.411714099190280125e+00 -7.708586489689653876e-01 9.567317808925935863e-01 1.484789240761795526e+00 2.316497025695105627e+00 3.430346263602033652e+00 3.474227950266871368e+00 3.833933109293740760e+00 3.970370099602527070e+00 4.334689631186657621e+00 6.767158010560669901e+00 6.947498952235715564e+00 7.216393695921724749e+00 7.439524095589555408e+00 7.873632853261145925e+00 8.162477994770018341e+00 8.493835918088066705e+00 8.843916066661050124e+00 8.958886026501220456e+00 9.570196493304052865e+00 1.045553887995986031e+01 1.076754885509038573e+01 1.625017675051648069e+01 1.634606938116121100e+01 1.665946178463681449e+01 1.684237208885532766e+01 1.696361848725094390e+01 1.710549575543222645e+01 1.717605161507856337e+01 1.764049417590641511e+01 1.776810856239573155e+01 1.993365429200753169e+01 2.034794019893527661e+01 2.061823513564518251e+01
-3.719287335797112348e+00 -3.391083253378798013e+00 -2.463195412122250350e+00 -1.230991132549963618e+00 -9.769536923813760820e-01 -2.585325441391464127e-02 2.155741490731849730e+00 3.294608756870353705e+00 3.314108798243147636e+00 3.607598071630862435e+00 3.708127189668081858e+00 4.083120456992339165e+00 6.960379552054889452e+00 7.055030988712425177e+00 7.370783207770964296e+00 7.724911379920438748e+00 7.876536912051386174e+00 8.200931199427383689e+00 8.489908907165716556e+00 8.841779624787116987e+00 8.859258573479909415e+00 9.272272863260822007e+00 9.821457485547529842e+00 1.000545523431040529e+01 1.634421760407881408e+01 1.641385721052611757e+01 1.667779792511061032e+01 1.673863350272543471e+01 1.681887277166451256e+01 1.694934403564192493e+01 1.724516720747060106e+01 1.755128333236089588e+01 1.759975771140187106e+01 2.011127774638451271e+01 2.035611952193526264e+01 2.052681323388312151e+01
-4.034942551563746704e+00 -3.912369105555705939e+00 -3.552974094875080091e+00 -9.622480441552766495e-01 -8.858434628536745459e-01 -5.911686090125228832e-01 2.455601642591491718e+00 3.202702729166702955e+00 3.216411371356818538e+00 3.383934644720038243e+00 3.444389774287034633e+00 3.799902414075836621e+00 7.131189473341801310e+00 7.183272845389018002e+00 7.485991687255347138e+00 7.726857485880656462e+00 8.053866282156738166e+00 8.149729960264567197e+00 8.518224376610376680e+00 8.794808878187367895e+00 8.871378680346955647e+00 9.032192359658949954e+00 9.270307378387125041e+00 9.343116710590816609e+00 1.642993751728179674e+01 1.650395720652087661e+01 1.662449614459758962e+01 1.669760762538528454e+01 1.672240913121023453e+01 1.680387415561057907e+01 1.730736011699397281e+01 1.746271813204807799e+01 1.746904402123586664e+01 2.023954179025761491e+01 2.035273135188012006e+01 2.043489947562171949e+01
-4.202585147125557974e+00 -4.172464904907916328e+00 -4.086091780396343687e+00 -5.831916057675845533e-01 -5.234552432799285393e-01 -4.386196222195100636e-01 2.791450601843330492e+00 3.153509687997348099e+00 3.157836754734599793e+00 3.207741149894621557e+00 3.227673064255646818e+00 3.481470498091302712e+00 7.336894112535002677e+00 7.370851237474998818e+00 7.560710032456754881e+00 7.693577405616362164e+00 7.919742470856900418e+00 7.977656957648722624e+00 8.655604170583581336e+00 8.777686131912611600e+00 8.827431670419148446e+00 8.900548920279407028e+00 8.916721285175157163e+00 8.956105385805125607e+00 1.652019498206758996e+01 1.657947006115696453e+01 1.659148223643219211e+01 1.663337519307271606e+01 1.667583356972084729e+01 1.669045636920998987e+01 1.734955610265099324e+01 1.738925099397463114e+01 1.739306908959570919e+01 2.031691867622980752e+01 2.034590694798611921e+01 2.036733108240609269e+01
-4.251911243150815700e+00 -4.251910943988815639e+00 -4.249738787176953636e+00 -2.140634670706171028e-01 -2.115311727346681492e-01 -2.068169686718928924e-01 3.137812495881789232e+00 3.138179299045024795e+00 3.138181281122414124e+00 3.138181647205890989e+00 3.138493509178845287e+00 3.138494084389227279e+00 7.588891392415454185e+00 7.589095911922892235e+00 7.589386257938145697e+00 7.678070308159879787e+00 7.678214902193155389e+00 7.678214903604328789e+00 8.806269386568196467e+00 8.806760798982852023e+00 8.806981067993852719e+00 8.807093076458423653e+00 8.807325580905022377e+00 8.808647909377869567e+00 1.660981053910153094e+01 1.661007232954098356e+01 1.661018487836380331e+01 1.661024616407827281e+01 1.661036899506679276e+01 1.661106762676355331e+01 1.736433566527510308e+01 1.736450563761492205e+01 1.736460489951345210e+01 2.034250878070442425e+01 2.034250881549267831e+01 2.034296255649409346e+01
-4.182421845256619086e+00 -4.162534142143315741e+00 -4.075567702506361911e+00 -5.209551515967736357e-01 -3.419342719244317652e-01 -2.288484959900855265e-01 2.860378814526388869e+00 3.144742895808820382e+00 3.156668650044195168e+00 3.166451548565099028e+00 3.208685383757136744e+00 3.430349639111315962e+00 7.379508712915606949e+00 7.420180008654417847e+00 7.535507157249407229e+00 7.848289250184492083e+00 7.887167109979398738e+00 7.903225736686795067e+00 8.752782028877758691e+00 8.772703389760089010e+00 8.795868784753311687e+00 8.835514073960817782e+00 8.902081468664102104e+00 8.921085189959356399e+00 1.656418874607635416e+01 1.658009747211264440e+01 1.660309340881676121e+01 1.661730061703016048e+01 1.662897418067714383e+01 1.667634148358582280e+01 1.734120689589836672e+01 1.739311593281329849e+01 1.740587308348403539e+01 2.033207621851009250e+01 2.036072981441937912e+01 2.036282285824945504e+01
-3.952808496833548624e+00 -3.886052333484992793e+00 -3.507777795981224855e+00 -8.747115062755193016e-01 -4.732433262607563806e-01 2.480669756454793873e-01 2.606449608976242338e+00 3.165414120254896435e+00 3.213559581808230980e+00 3.250373399342590730e+00 3.390389886199764113e+00 3.720091580519357066e+00 7.175618374713395475e+00 7.242213389796221534e+00 7.505245122362862453e+00 7.949036983144344148e+00 8.002803876514855475e+00 8.378294778817085842e+00 8.652297179450673781e+00 8.712569163774622538e+00 8.773463360776130315e+00 8.909307155174072790e+00 9.237310646191009056e+00 9.259456882794623311e+00 1.646834899236657535e+01 1.649680706386280704e+01 1.663804686808692779e+01 1.665180105308744984e+01 1.668609206533179190e+01 1.678731497489899738e+01 1.727390588898836654e+01 1.747079828919027378e+01 1.749456955471830710e+01 2.029535951409949490e+01 2.041121154409819027e+01 2.041935258365897710e+01
-3.504337529330780576e+00 -3.388549587593293833e+00 -2.352605824694976810e+00 -1.038215962666939385e+00 -3.975896780968087851e-01 7.687284682329804664e-01 2.392198798772650736e+00 3.201043121938446756e+00 3.310501996381475021e+00 3.388334042138211100e+00 3.627929292381627313e+00 3.991997834485698782e+00 6.985743044379578492e+00 7.077437576868364388e+00 7.478790680279821856e+00 7.852010192789144583e+00 7.975848550903991807e+00 8.541124345391043704e+00 8.639363298273721625e+00 8.752321754584032831e+00 9.030376921585306249e+00 9.086575197749400701e+00 9.740630125439865949e+00 9.840785989616030349e+00 1.635348139366172404e+01 1.639531358429958985e+01 1.667193455907403887e+01 1.675008129176758587e+01 1.678460206013885525e+01 1.692705526589771026e+01 1.716973979674605744e+01 1.755664541528676992e+01 1.759790848984384226e+01 2.022300758079950711e+01 2.048257283525716232e+01 2.050000756334004137e+01
-2.745590732908437470e+00 -2.570977608474980691e+00 -1.480593187174130243e+00 1.756266975932256613e-01 1.025550735039681305e+00 2.041075519124727400e+00 2.481862934735115545e+00 3.254586801517156847e+00 3.445448813637653096e+00 3.582014913958635027e+00 3.877695578179358282e+00 4.239317238978187241e+00 6.762764694312999758e+00 6.927820420025971870e+00 7.428259521909033047e+00 7.664298056047551100e+00 7.897451080412656310e+00 8.435039927329615495e+00 8.669367224455022836e+00 8.755961755895670606e+00 9.204818259471858610e+00 9.814630518542283966e+00 1.032968100589133442e+01 1.052712284238047147e+01 1.624044419226034108e+01 1.630026963089470016e+01 1.671458370835673080e+01 1.688446282053590863e+01 1.692340290748830611e+01 1.703959318573320658e+01 1.707812686190461093e+01 1.762157169261276835e+01 1.769334990994582313e+01 2.010568033444585367e+01 2.055882172580029632e+01 2.058779636294001492e+01
-1.835383438982627569e+00 -1.381752616776606102e+00 -4.792034019336365858e-01 8.282547283375283342e-01 1.514743313761084398e+00 2.286363664042263100e+00 3.310175764906865492e+00 3.602585477489149035e+00 3.774025113399728681e+00 4.102111314225272309e+00 4.184330893548277253e+00 4.477827711969355917e+00 6.499171213444781436e+00 6.810167482511886305e+00 7.311312803985769548e+00 7.538961198699491106e+00 7.862827462584849769e+00 8.326930589102563118e+00 8.693555899801481246e+00 8.809099139085608599e+00 9.425126658701955762e+00 1.054051168548083339e+01 1.093207551130761424e+01 1.122857554944593161e+01 1.613945571857929906e+01 1.622509154235346784e+01 1.675854984490174004e+01 1.689853776606193492e+01 1.703759460492685918e+01 1.709100034884408004e+01 1.722345964051399747e+01 1.765376637334627219e+01 1.776542893677411783e+01 1.994233095264239353e+01 2.062217251261295559e+01 2.066399434967784288e+01
-1.843042523837575830e+00 -8.528803587892882510e-01 1.130351477703463114e+00 2.293737428292502045e+00 2.645062419462128389e+00 2.779518137626079355e+00 3.434324134253685656e+00 3.796767841926520504e+00 4.087211011890692802e+00 4.321032171955333290e+00 4.667435146139084168e+00 5.544311444953276435e+00 6.260603304277235104e+00 6.731532170464920029e+00 7.158854309239562674e+00 7.497750440190924515e+00 7.933835138890935390e+00 8.221173570836750599e+00 8.697740154093503762e+00 8.908216615478506739e+00 9.691163625139028071e+00 1.118593800428870288e+01 1.151424364876891637e+01 1.188976035964921074e+01 1.605525224191493550e+01 1.617487461745162847e+01 1.673994246078002490e+01 1.681837618009839019e+01 1.718629452716819372e+01 1.725416889291031808e+01 1.734480291044104305e+01 1.766342105216797975e+01 1.780532641038708164e+01 1.974834394160207296e+01 2.065526918946544299e+01 2.071087331086458150e+01
-2.000628192151334250e+00 -1.048594639848053456e+00 1.348255519110378664e+00 2.634264006740703490e+00 3.416086496965033970e+00 3.630671128233511791e+00 3.862540874146027647e+00 4.025415588051281190e+00 4.400164902468955752e+00 4.582194636691762746e+00 4.939706323135756527e+00 6.083004290186120322e+00 6.566402247687030069e+00 6.786711259255962858e+00 7.034780032954445872e+00 7.517157257426465122e+00 8.087239769179722870e+00 8.194105689263448511e+00 8.711494478844388212e+00 9.033301847570053056e+00 9.999884360218645796e+00 1.170958552743927683e+01 1.206189933809343984e+01 1.247315502290507183e+01 1.598950863399750943e+01 1.614782528184457178e+01 1.662218356130384933e+01 1.684048979692337511e+01 1.727820088413558253e+01 1.735120846167043496e+01 1.742974760925865851e+01 1.770052315349700223e+01 1.781237584565334586e+01 1.956146316748054659e+01 2.064275405830398213e+01 2.071369060494225778e+01
-2.182513249328056570e+00 -1.254345229163438269e+00 1.550664013438757038e+00 2.796642026818816795e+00 3.715883204244410987e+00 3.931805425947710653e+00 4.252858841073670959e+00 4.449630103020415284e+00 4.782127559346373680e+00 4.918567372672546512e+00 5.405169818443613217e+00 6.042001365451572958e+00 6.631113977673276594e+00 6.962756603767184416e+00 7.384727773919554039e+00 7.646763320332113700e+00 8.164318467722692318e+00 8.505355157121432086e+00 8.845375532051329870e+00 9.195244286844296511e+00 1.034701677744027037e+01 1.211908372630841946e+01 1.254817435298254047e+01 1.295269109933737006e+01 1.594162975055557752e+01 1.613632173976134609e+01 1.652857741803999403e+01 1.683574590649775971e+01 1.723546811593572770e+01 1.733101851296462925e+01 1.750945322209081212e+01 1.776231727543988725e+01 1.782527360509269698e+01 1.943149273953747525e+01 2.057238757005792351e+01 2.066190101076585606e+01
-2.345722092238092138e+00 -1.385085114000175865e+00 1.758077505243065275e+00 2.905402909546082935e+00 3.939428329787276084e+00 4.130099159367954798e+00 4.421639485903769540e+00 4.541428400564978318e+00 4.983111602391661954e+00 5.505557247830582313e+00 5.698543930560397541e+00 6.209050431616278232e+00 6.625023844012595475e+00 7.107010170966242768e+00 7.461967031497454883e+00 7.911924918337508217e+00 8.334810475357537385e+00 8.874514245111837951e+00 9.339324615671136698e+00 9.485611589980818437e+00 1.072726603865980088e+01 1.243969322947108758e+01 1.294874058193584609e+01 1.331226501634956350e+01 1.590773891676415808e+01 1.612959033926602004e+01 1.647116827384525450e+01 1.675778623096650222e+01 1.712610849590511464e+01 1.719133160298796881e+01 1.756933667645246189e+01 1.773009967424880173e+01 1.793115403936789320e+01 1.937539363802011749e+01 2.043591312363328072e+01 2.054966400520371650e+01
-2.459718489872384950e+00 -1.458998754313629131e+00 1.969080172166970399e+00 2.998911809381652027e+00 4.096610001748318908e+00 4.279554812248324680e+00 4.465824108229013767e+00 4.615879335806467587e+00 5.090154133291089344e+00 5.531149327702962637e+00 5.942968619381270301e+00 6.440532870264812360e+00 6.741100678833308990e+00 7.266801502455339623e+00 7.620687579585127658e+00 8.219919027078375962e+00 8.577576323412444026e+00 9.183837187828018500e+00 9.822125477364995305e+00 1.016251049673431517e+01 1.113496791804074171e+01 1.268942385661457628e+01 1.324603190781872541e+01 1.355270364374139191e+01 1.587605564344578113e+01 1.611638669276108971e+01 1.643607601327037671e+01 1.659185079979850741e+01 1.689699056081082063e+01 1.713091705152248778e+01 1.756513453733430907e+01 1.770077803284837614e+01 1.803346864794971438e+01 1.934886304872749818e+01 2.022974681603969316e+01 2.037582601264301019e+01
-2.506008889305114007e+00 -1.491741335097506616e+00 2.171954316913045080e+00 3.098397186750223575e+00 4.161361681785592737e+00 4.356170620322455278e+00 4.429758339247848120e+00 4.661369298749262313e+00 5.141699575659567145e+00 5.477979390794080139e+00 5.895250126491796472e+00 6.433920453052561328e+00 7.035792094901788474e+00 7.353559270628315048e+00 8.023987644890961946e+00 8.496390726423889816e+00 9.004401258750084125e+00 9.609823817656231171e+00 1.032413992509709821e+01 1.088207384734522876e+01 1.156552171813190633e+01 1.287681741625908494e+01 1.340047306390890824e+01 1.371839105850806995e+01 1.582149033583070619e+01 1.605825072652719498e+01 1.637036260693119871e+01 1.642274070855457424e+01 1.670035413709429051e+01 1.712506327406596895e+01 1.749510636592230739e+01 1.769217636083744338e+01 1.810704425009965135e+01 1.928746728122595755e+01 1.995549360209238188e+01 2.014358980815892508e+01
-2.471551139700193467e+00 -1.477707816538400110e+00 2.344502225649241822e+00 3.226160327023509300e+00 4.116348610054330059e+00 4.293446638213007205e+00 4.413523940852972061e+00 4.641165641595877744e+00 5.140436199265280059e+00 5.460679393673552262e+00 5.811546449430885275e+00 6.360376505290799898e+00 6.997565518260321582e+00 7.884536542561933814e+00 8.170754008029613047e+00 9.042970165080330247e+00 9.293412879505106972e+00 1.031792352047904338e+01 1.082069084003907555e+01 1.151337904746780794e+01 1.201623052787551416e+01 1.299780088539475997e+01 1.338504695739132799e+01 1.387587719819572563e+01 1.571510782078704338e+01 1.589360860551896337e+01 1.622091488363575351e+01 1.637796384795701243e+01 1.665841082914538163e+01 1.713167357031361604e+01 1.741006546057780469e+01 1.766763554818397708e+01 1.814354891515345258e+01 1.914724251476338779e+01 1.962036867117966921e+01 1.985985132383187590e+01
-2.344443998942605134e+00 -1.389624704662601573e+00 2.465880596280325410e+00 3.385456651565927899e+00 3.979873084364464741e+00 4.203305703388717340e+00 4.328157165151935715e+00 4.581413340760222219e+00 5.092183686543198640e+00 5.434039936573089591e+00 5.795104369776824527e+00 6.289030533852982607e+00 7.075549440402672197e+00 8.254382753952459240e+00 8.431048316095600015e+00 9.541108416624645372e+00 9.665219137705129526e+00 1.109124693902677450e+01 1.128916344079727807e+01 1.203577939845371958e+01 1.247585505923274773e+01 1.302030315551687600e+01 1.330160334319310600e+01 1.403821514970342577e+01 1.555075407826080180e+01 1.570938236455394055e+01 1.607130718341445785e+01 1.638158693995201176e+01 1.669855111450463880e+01 1.713655978373384769e+01 1.734684202284501353e+01 1.761388681287715130e+01 1.813947324848563269e+01 1.891429784918752688e+01 1.923744441019319140e+01 1.953417811998616216e+01
-2.111353481904539642e+00 -1.178758562407305366e+00 2.536049742565190002e+00 3.477121856191192073e+00 3.875241670515473746e+00 4.088840939814652131e+00 4.216800693272636735e+00 4.493712981311736243e+00 4.968638780940730193e+00 5.431938475910559561e+00 5.813567339729205585e+00 6.233663172088732551e+00 7.357851375348753997e+00 8.415385958003945177e+00 8.886936107917968286e+00 9.861737479589727684e+00 1.025675865291372624e+01 1.160776351190002487e+01 1.183607901613265057e+01 1.247564067514150388e+01 1.286970210684659044e+01 1.299862260380687573e+01 1.329247680169534540e+01 1.421901448684425162e+01 1.536187804919743272e+01 1.557280975050845484e+01 1.593557544745431187e+01 1.631706190723192051e+01 1.674937106753266391e+01 1.715240659322138228e+01 1.732379521618961959e+01 1.753199448076416544e+01 1.808955896465184310e+01 1.861056643107805542e+01 1.882519738938613330e+01 1.917912767494859239e+01
-1.750008734725248649e+00 -7.302572337490781385e-01 2.572275176101649574e+00 3.352342283975434434e+00 3.865208433013695544e+00 3.950171579934040444e+00 4.147058121626042926e+00 4.422727419599975285e+00 4.810385179169706760e+00 5.457761914566088279e+00 5.823491318165921804e+00 6.187817415031179991e+00 7.861842764008590834e+00 8.645378301950721323e+00 9.296590852124587911e+00 1.024100281388876788e+01 1.082205359426565927e+01 1.193223407757814591e+01 1.212790451251418844e+01 1.286619300683059564e+01 1.305673096234615649e+01 1.329567531273178460e+01 1.340434123405292510e+01 1.443507711749162681e+01 1.518570175103313957e+01 1.546558265743002458e+01 1.578440014638704625e+01 1.616898784318404836e+01 1.673386602280173108e+01 1.717939252731666500e+01 1.731175945178008035e+01 1.743823457926168174e+01 1.798164374084717565e+01 1.830176566107394720e+01 1.841757971687460937e+01 1.881650717833033326e+01
-1.192408702877949311e+00 7.652406858050581073e-01 2.591419409859505141e+00 3.143460042677484800e+00 3.765976544889634070e+00 3.816661578461314708e+00 4.036885105260244799e+00 4.373839487115501079e+00 4.770315208632458059e+00 5.495290314085517380e+00 5.817335309358052875e+00 6.139984982098992461e+00 8.521859289182524222e+00 8.990911304903820067e+00 9.688749137204020201e+00 1.064940808658851523e+01 1.133783337659812140e+01 1.208258170900454687e+01 1.226609253703199620e+01 1.310931725985716412e+01 1.333312686419297677e+01 1.355243668560934900e+01 1.375780326584567703e+01 1.468174709302953040e+01 1.503570441218986176e+01 1.533629416836557802e+01 1.560156526374208852e+01 1.598275294131178725e+01 1.665100067725254007e+01 1.709111956693340062e+01 1.723185561476985228e+01 1.732113006393965549e+01 1.788716646882535954e+01 1.796936324739113289e+01 1.815364888359421158e+01 1.849392263788930180e+01
5.800675575868332601e-01 1.365141111015641284e+00 2.603055929549862313e+00 2.942799168309998326e+00 3.623771332261584099e+00 3.682440681523082571e+00 3.864059074891906143e+00 4.180331767139723098e+00 4.944234689456195930e+00 5.539383006762686357e+00 5.800560594842041340e+00 6.083338447852002062e+00 9.129929180644969833e+00 9.570591966094236014e+00 1.010706983740977982e+01 1.104584312805307178e+01 1.176240009353364968e+01 1.216205049458191034e+01 1.251418098546580815e+01 1.326251886852445949e+01 1.358083586287794375e+01 1.379654808763447171e+01 1.410666327025899136e+01 1.489422158320209988e+01 1.494551985204381772e+01 1.512418015199906307e+01 1.539913384779639749e+01 1.583587327975736159e+01 1.650392504322977416e+01 1.689088096786213100e+01 1.699141388870159020e+01 1.713724799638131202e+01 1.757479474226465399e+01 1.794009476568982819e+01 1.804074568530894496e+01 1.827706374271985368e+01
1.446574344470811013e+00 1.785447523575748985e+00 2.610556469329087026e+00 2.787101583844378894e+00 3.480137692152360351e+00 3.541191799081714109e+00 3.677225660203910174e+00 3.930787874691669348e+00 5.162277366968767822e+00 5.587381656287185194e+00 5.781191978393493081e+00 6.017388857733480201e+00 9.631586018233358359e+00 1.026168079248095211e+01 1.062588112637963889e+01 1.141003339177181175e+01 1.208193093351217406e+01 1.235599990796245962e+01 1.279378825843621037e+01 1.340197222938250476e+01 1.383254265522280768e+01 1.399300788777689064e+01 1.426328771673553319e+01 1.478711801983997631e+01 1.485239900072786590e+01 1.508799646207875789e+01 1.527119378179246745e+01 1.576463327479449461e+01 1.625300940551647599e+01 1.664520913955169235e+01 1.677592590507991943e+01 1.690603778241349886e+01 1.718775213064672158e+01 1.788385926427965344e+01 1.809687628660145009e+01 1.816449816485252455e+01
1.935904009588789165e+00 2.112688314015167990e+00 2.614441448976213334e+00 2.699244114982022325e+00 3.342190844295575225e+00 3.398451067328870590e+00 3.495621404534545285e+00 3.673419295072653856e+00 5.360160291850372793e+00 5.635491051568655152e+00 5.766014125438231552e+00 5.947072407627420176e+00 1.014957041360481860e+01 1.079538152599393719e+01 1.122530271853933392e+01 1.176223049591836300e+01 1.240761473255292202e+01 1.252749941160168135e+01 1.307842319822215948e+01 1.356451507209727758e+01 1.402119123476910545e+01 1.417320207187577807e+01 1.426458518489856253e+01 1.451958570665343373e+01 1.464670066415983563e+01 1.521243499292868684e+01 1.524054817576656795e+01 1.569083222060630689e+01 1.599231483006668064e+01 1.638706649327826170e+01 1.658657995945399222e+01 1.673289143762465514e+01 1.683917659762994745e+01 1.783105489359108020e+01 1.802654460790628121e+01 1.819228081829067278e+01
2.285817020505422459e+00 2.371706809174289887e+00 2.624866248050813144e+00 2.682198107839958379e+00 3.214157738903885786e+00 3.259357336356921042e+00 3.325165822505648627e+00 3.428117128101422662e+00 5.520923595334676470e+00 5.679430268443625529e+00 5.758119141685768660e+00 5.880347153400557580e+00 1.070220843432128000e+01 1.126339050489275628e+01 1.165140414501180111e+01 1.210767703882225632e+01 1.253352725006542201e+01 1.280457279925623126e+01 1.318509389099093632e+01 1.381323694537814362e+01 1.401548717656707232e+01 1.416201341100901523e+01 1.434439329026701948e+01 1.448501722581244167e+01 1.461179405535304454e+01 1.518258209167082207e+01 1.534085355704120701e+01 1.548109970734045504e+01 1.586638095386027381e+01 1.611168322387171159e+01 1.630349545983080972e+01 1.637734431999467333e+01 1.691704328442087046e+01 1.777545364518967830e+01 1.792664810882945048e+01 1.818002900343012129e+01
2.543641824063971768e+00 2.576902321117617856e+00 2.670830607108438670e+00 2.710963256758391005e+00 3.097907642071575651e+00 3.127449774582775621e+00 3.165303449342848463e+00 3.208535744141727708e+00 5.639001511373323616e+00 5.715549323561527117e+00 5.756454941230043865e+00 5.824848109553092179e+00 1.128139182451905143e+01 1.170724639989001226e+01 1.194095105530410272e+01 1.234225012396651167e+01 1.252602876492028372e+01 1.288872887578143889e+01 1.304236203793486304e+01 1.359226361096050084e+01 1.418439665672162953e+01 1.439395405255296900e+01 1.457918843666155340e+01 1.468832695706874070e+01 1.479848980566738348e+01 1.513115704525839966e+01 1.527737787607489395e+01 1.542428161036819745e+01 1.571138905838166977e+01 1.581747703115060588e+01 1.596667515443090402e+01 1.602609010813351276e+01 1.714431866186035336e+01 1.771733771321947870e+01 1.782561583138330619e+01 1.808579862676016248e+01
2.732392308344339327e+00 2.741132907528223139e+00 2.759063950752471239e+00 2.775339591303875864e+00 2.989306420985154755e+00 3.002091363998647289e+00 3.014612600989071023e+00 3.024278355809102425e+00 5.713872077746925626e+00 5.741264930545512790e+00 5.757118263198110597e+00 5.784465080714810803e+00 1.187520441766539747e+01 1.211599606396076290e+01 1.220068488952185781e+01 1.244205160903377561e+01 1.249383678356814542e+01 1.273209293760415584e+01 1.277230972290408850e+01 1.305137970047655571e+01 1.464135784267551621e+01 1.478660939518969997e+01 1.488926081620967246e+01 1.491519147997357209e+01 1.504523629232129345e+01 1.510797332883633537e+01 1.518425883319491554e+01 1.538814749153193517e+01 1.546694603849539362e+01 1.555569504271269388e+01 1.561602489664091209e+01 1.565363635606561843e+01 1.741539647966376236e+01 1.767804027765306429e+01 1.773664745112498764e+01 1.791415404854330262e+01
2.875692841446327197e+00 2.875692859181140371e+00 2.877132653711009791e+00 2.877171719270900763e+00 2.877178189893812021e+00 2.877182460287273091e+00 2.877904603702187369e+00 2.877912478554580211e+00 5.753743566522522279e+00 5.754330897698149094e+00 5.754755291048448740e+00 5.754777338128465480e+00 1.247011252000792858e+01 1.247035087799823039e+01 1.247053743852982954e+01 1.247061925352944556e+01 1.247077264854187639e+01 1.247109261604426678e+01 1.247133070943587896e+01 1.247176170555127506e+01 1.502135454291631333e+01 1.502150108309398924e+01 1.502182129583608905e+01 1.502239559150235593e+01 1.528602444591749432e+01 1.528617726219173001e+01 1.528633262282887806e+01 1.528644778665212911e+01 1.528654311183422720e+01 1.528677581241245775e+01 1.528694082854629599e+01 1.528732802673343727e+01 1.768195513501857974e+01 1.768208546009688575e+01 1.768230445906856474e+01 1.768279773724313841e+01
2.693388542419167475e+00 2.704368488965865680e+00 2.806753479562329456e+00 2.818233286778444313e+00 2.941256480479518487e+00 2.951673928080620346e+00 3.054558514029503069e+00 3.062635695367597055e+00 5.715612497189323626e+00 5.743720415350984432e+00 5.755047975547333827e+00 5.780599303684873291e+00 1.204498012570178744e+01 1.209966146719574098e+01 1.218554706046103853e+01 1.220637824478668421e+01 1.272349185445914976e+01 1.274196589382885314e+01 1.282273950005806640e+01 1.284941155823933023e+01 1.472062784665593682e+01 1.481407708113927235e+01 1.491380738431930730e+01 1.498088635471999552e+01 1.503719508855904152e+01 1.510141406258702723e+01 1.520285839452993848e+01 1.537887623418408722e+01 1.545080749994740543e+01 1.550902926610701549e+01 1.555522682834919834e+01 1.561826700931600165e+01 1.743405203934741010e+01 1.768802513565594126e+01 1.773675519204638817e+01 1.789455679330962212e+01
2.505433401504491897e+00 2.528649961231194787e+00 2.742856395526426017e+00 2.768274144722943308e+00 3.009910283328310676e+00 3.035652884160589426e+00 3.237621654990779252e+00 3.252860773282836515e+00 5.653444280381564546e+00 5.714638708759050445e+00 5.752897457939170067e+00 5.807532385569220246e+00 1.157016451506026478e+01 1.174787783713891187e+01 1.190269048546230657e+01 1.193988823100551855e+01 1.293735630771172040e+01 1.298740049225273907e+01 1.307869754230592285e+01 1.319049705737425349e+01 1.432736077450332424e+01 1.446946127997326670e+01 1.454517995201614688e+01 1.474681198180807939e+01 1.487332423429857187e+01 1.508743784385772813e+01 1.531253907781706580e+01 1.560831676462092865e+01 1.565286677622311728e+01 1.567733837273232744e+01 1.578673529983746349e+01 1.596656683478241412e+01 1.715321841477192066e+01 1.773785698686439360e+01 1.784046428346359647e+01 1.807897990726445059e+01
2.300675827143907615e+00 2.343061078511258000e+00 2.687282635708082346e+00 2.729917643003256345e+00 3.081108989811726317e+00 3.133609701007566528e+00 3.424180160204798096e+00 3.451333877153558216e+00 5.563768411291287741e+00 5.663710896150406349e+00 5.753647217000546377e+00 5.840787948075385039e+00 1.106951651278050974e+01 1.141230384333741732e+01 1.164089253314972794e+01 1.167189399755308798e+01 1.303320283778853650e+01 1.311896710371863506e+01 1.321949722107323488e+01 1.341081875339584606e+01 1.397464207758696553e+01 1.410997126593575679e+01 1.428388435328043649e+01 1.451489756117375762e+01 1.468760142218805598e+01 1.513877254215137391e+01 1.546558157272404976e+01 1.570716841988181756e+01 1.578635255755882483e+01 1.592350245211691906e+01 1.607281647637983468e+01 1.629403386901211093e+01 1.685676108596323530e+01 1.780574408274965137e+01 1.795526402195165971e+01 1.825447760723607971e+01
2.052315932635326412e+00 2.144416568030711012e+00 2.642078585443610184e+00 2.706249207288103698e+00 3.157538698883911810e+00 3.248474828009000337e+00 3.611054443861141827e+00 3.657701431583265883e+00 5.447137210580709876e+00 5.590050121572179620e+00 5.763561106225117747e+00 5.879147203710409109e+00 1.056211344594697721e+01 1.108347867766560135e+01 1.136990142945603388e+01 1.143336974368735248e+01 1.263243857783382751e+01 1.315426427634930207e+01 1.331013128993359373e+01 1.347377579595875474e+01 1.369025231609614579e+01 1.380014944536405608e+01 1.426535172258434159e+01 1.437979634717758159e+01 1.456698957656769444e+01 1.522069838673294662e+01 1.563035184171295988e+01 1.573790522176718376e+01 1.593100756661981166e+01 1.607043440064957807e+01 1.639516592191177580e+01 1.659526932678313571e+01 1.663888333678541542e+01 1.785900722712051802e+01 1.805923378489742959e+01 1.843336900667906875e+01
1.722376320984271958e+00 1.927121377720267370e+00 2.606626527506429092e+00 2.697448602271690365e+00 3.244941930418838716e+00 3.381076845559778832e+00 3.795774262200247939e+00 3.866972857812270181e+00 5.306697890381795624e+00 5.493604546498003671e+00 5.787780497476597397e+00 5.918714311782387050e+00 1.006136507552452386e+01 1.075672033450964626e+01 1.102039752805375983e+01 1.125339411110132026e+01 1.202765325228175897e+01 1.297027796590988657e+01 1.311053243830481385e+01 1.339712051993189768e+01 1.352238001816456325e+01 1.376953187647412946e+01 1.408822575277166322e+01 1.433417668699616598e+01 1.474368176824578036e+01 1.532426641451258575e+01 1.573008893413996034e+01 1.580620565542711908e+01 1.596111159862731554e+01 1.621133161332280892e+01 1.640769642235214221e+01 1.675466319533423487e+01 1.699838765118848372e+01 1.787548594770485266e+01 1.815858684741143136e+01 1.861045879989998753e+01
1.243263513283070498e+00 1.680315172734838658e+00 2.577282640078386144e+00 2.699814000719205076e+00 3.349237899437159882e+00 3.530450463693559193e+00 3.975505682915064121e+00 4.071563149446841834e+00 5.147158816426959937e+00 5.375274546366719086e+00 5.827307836568591526e+00 5.956093959619115807e+00 9.575421066685697369e+00 1.042629912918291346e+01 1.053657648831956095e+01 1.109757966776839488e+01 1.145949230950993503e+01 1.259476939804134155e+01 1.271605916602751840e+01 1.327145469749217987e+01 1.350562571709346571e+01 1.370048513227953002e+01 1.399793524161273162e+01 1.426991044687243892e+01 1.498070668284275442e+01 1.544991637656640115e+01 1.568420759940801545e+01 1.581849176078274866e+01 1.601228613381568522e+01 1.637890894646903206e+01 1.650042311092404290e+01 1.698598231707190465e+01 1.736162893076591729e+01 1.787964707416115573e+01 1.825452360457207845e+01 1.877732007221517918e+01
-5.198826258358386909e-02 1.391101158089682377e+00 2.549388784297381250e+00 2.707575229364302505e+00 3.472518785129937058e+00 3.693851740718604226e+00 4.146479732459323664e+00 4.262756425333666499e+00 4.974095143186966439e+00 5.238488612088266549e+00 5.874792110867554484e+00 5.992476187224393236e+00 9.105159948313579221e+00 9.868551493203270297e+00 1.012058863764143268e+01 1.086004869361670799e+01 1.107580803685296367e+01 1.213668834157710741e+01 1.236523683615071256e+01 1.295338029966989524e+01 1.350959281573372373e+01 1.364032619795549728e+01 1.395670623572733682e+01 1.419187465498655953e+01 1.512295164051364793e+01 1.553233772994688344e+01 1.570468615942130164e+01 1.574622658187563218e+01 1.620437601262482374e+01 1.653907746433936410e+01 1.667163244948570977e+01 1.720222578527173241e+01 1.757297008387171289e+01 1.799252332639802887e+01 1.834464421037616333e+01 1.893130355626200867e+01
-1.251055583823399431e+00 1.043934402831577790e+00 2.519793107111692354e+00 2.715011127091066179e+00 3.610432149210538455e+00 3.866805137265630687e+00 4.301935009018458267e+00 4.428862646365394617e+00 4.795787186600298568e+00 5.093407588761951210e+00 5.911465907196376435e+00 6.037186367526024000e+00 8.631919637218375740e+00 9.172172343822332152e+00 9.788702244024214849e+00 1.042518237861670194e+01 1.090504276018677032e+01 1.166404229202111864e+01 1.204690000741143585e+01 1.254752868077663308e+01 1.335480182219345302e+01 1.370596416828885644e+01 1.391532544322663512e+01 1.409911595324700073e+01 1.514842629206529878e+01 1.542870475488319570e+01 1.584125183961007899e+01 1.590463745492377079e+01 1.638496468993499988e+01 1.667548004996375965e+01 1.686597972776025145e+01 1.734626398128110125e+01 1.766049407835304663e+01 1.822683112719705534e+01 1.845212961488115511e+01 1.907438239694902649e+01
-1.723236789560733673e+00 6.017444878854317780e-01 2.487633335363366616e+00 2.717285207606811692e+00 3.751882658298824058e+00 4.042883612221883638e+00 4.416719933502689877e+00 4.516300680483551488e+00 4.666067655016311377e+00 4.971236877189687320e+00 5.923572262760332663e+00 6.092497815033574682e+00 8.093797168437754763e+00 8.582508602398668529e+00 9.428110110301307856e+00 9.935598458418398948e+00 1.074510449658955658e+01 1.119037668543204944e+01 1.174675395571119907e+01 1.208297645295691858e+01 1.323543626449569999e+01 1.353626532775922620e+01 1.400428335333168306e+01 1.406405567439548676e+01 1.513041687846045491e+01 1.524907214818382073e+01 1.603918761922239611e+01 1.613595387910469370e+01 1.656289664558162755e+01 1.678107546232300606e+01 1.705487103123682147e+01 1.733551790844988361e+01 1.786631818399665406e+01 1.836030296030473252e+01 1.865308782826714662e+01 1.920993777152859394e+01
-2.003901405889971343e+00 -3.915734056992163370e-01 2.453548776569861367e+00 2.710569926284148501e+00 3.874504016830209174e+00 4.207585687401734553e+00 4.343378844860981580e+00 4.484842082677229058e+00 4.724558070583610103e+00 4.946572434279878472e+00 5.916925670356951272e+00 6.140208841126847616e+00 7.498329803350819667e+00 8.158778660888740930e+00 8.994318294801709968e+00 9.443682018298712677e+00 1.053444469580958298e+01 1.073572655509359031e+01 1.142270003786486932e+01 1.160822836555363047e+01 1.314635109217892150e+01 1.330923867726974841e+01 1.394234076994311877e+01 1.421900702858921228e+01 1.505394142818074954e+01 1.510201649802926482e+01 1.623660445382141759e+01 1.635147623441273623e+01 1.674342789377166341e+01 1.686592313766452733e+01 1.721268283046406822e+01 1.731932383730032043e+01 1.811762060061132118e+01 1.841999593239908251e+01 1.888894069939148324e+01 1.933984779405364307e+01
-2.127118306276255311e+00 -6.055120561487533637e-01 2.418550922822768179e+00 2.692289709964259536e+00 3.911547975448142367e+00 4.143821972419321042e+00 4.355587741007908242e+00 4.467565051501254381e+00 4.836230988360457950e+00 5.025002008244984886e+00 5.900493750551289551e+00 6.156463244789193823e+00 6.974784790167226411e+00 7.825671184147647175e+00 8.464775012451006830e+00 8.962278854313613152e+00 1.018203952831736459e+01 1.038771612049487914e+01 1.100639539345475626e+01 1.121157343651823801e+01 1.299259808126985050e+01 1.318673786187870078e+01 1.387428620756194597e+01 1.433124906760949457e+01 1.488695529807509743e+01 1.506067982114642589e+01 1.637743767260570493e+01 1.654026274588398593e+01 1.680258773863858224e+01 1.700308458008937151e+01 1.734332421347703601e+01 1.744687797900041204e+01 1.827757358054583392e+01 1.854682647233261861e+01 1.909656692222250030e+01 1.946249210595007995e+01
-2.096265954464979764e+00 -4.678870568767239946e-01 2.382774779620038696e+00 2.661718154454900009e+00 3.766279055322030000e+00 3.983061802890092817e+00 4.423893606726644556e+00 4.578548378134263963e+00 4.960746476192650078e+00 5.128478506007127180e+00 5.880226772627501930e+00 6.112409571534097807e+00 6.617056655394113918e+00 7.534051892455234878e+00 7.877653762365322443e+00 8.450908511870739659e+00 9.753349350662650963e+00 1.009225691747719722e+01 1.056533835304604807e+01 1.085363849531581160e+01 1.280435103661672969e+01 1.313611064717241206e+01 1.381613940419439857e+01 1.436392463864775237e+01 1.476030494470111698e+01 1.501202616619856478e+01 1.646757214524495083e+01 1.668139425247174756e+01 1.676741413450765350e+01 1.712948925287950885e+01 1.751178444144860435e+01 1.771572098509778570e+01 1.829197477459785404e+01 1.879293036514071247e+01 1.926807245064953733e+01 1.957303886326846154e+01
-1.907474916804551279e+00 5.462194469030724475e-01 2.344093021835974788e+00 2.619784971227757886e+00 3.540475942741075688e+00 3.806035280080616978e+00 4.535617260817583762e+00 4.708582663733909435e+00 5.084499026460592930e+00 5.220216600787908057e+00 5.858027642202030094e+00 6.009464720680723460e+00 6.444301039756789251e+00 7.209297863892471625e+00 7.316232592219526154e+00 7.910251125821867291e+00 9.346642036529978270e+00 9.775994469424604816e+00 1.015723839040624910e+01 1.048056252642394526e+01 1.266246284759826324e+01 1.307068740068872259e+01 1.378469004622588656e+01 1.434184655068484204e+01 1.464897905061011407e+01 1.494577500390932379e+01 1.653044851559737793e+01 1.673417452255696247e+01 1.678906661961961433e+01 1.718390464464308920e+01 1.768725337035371226e+01 1.807521094656449989e+01 1.826439979098919508e+01 1.906209949547301363e+01 1.940654560269914342e+01 1.966701788098009018e+01
-1.545367631462071678e+00 1.063999745742451042e+00 2.298374668965477152e+00 2.564928444820969933e+00 3.338062615734362470e+00 3.627473432976385137e+00 4.655591334695857064e+00 4.813672430790616907e+00 5.188545520279378209e+00 5.282437904396632078e+00 5.828041130215628307e+00 5.923176223224996484e+00 6.353689437326612399e+00 6.714518219572775060e+00 6.895996982754512672e+00 7.468016019677536477e+00 8.980095601926297633e+00 9.447287737590452039e+00 9.763562928838382504e+00 1.008646913138183798e+01 1.258863100601953455e+01 1.299115058053522276e+01 1.378508548791481481e+01 1.430207913117764029e+01 1.452545924113118581e+01 1.484317476312505768e+01 1.658396078250759587e+01 1.675071648469537422e+01 1.686267938424488122e+01 1.719080752742005913e+01 1.782581199673396100e+01 1.818675790819764160e+01 1.850053512526680066e+01 1.932434899427836683e+01 1.951663945945817602e+01 1.974529953256515213e+01
-9.184510203377045379e-01 1.470255148402709322e+00 2.244075718259812557e+00 2.490964900005445681e+00 3.216172412780188949e+00 3.471078329966607701e+00 4.697661654572729439e+00 4.868116567862831978e+00 5.221387698255548493e+00 5.326719916756626816e+00 5.765676350368562630e+00 5.849869975967254554e+00 6.190257142212766794e+00 6.407321900842301687e+00 6.497229037748474489e+00 7.228640626230255606e+00 8.659132676650644456e+00 9.113528029941573294e+00 9.363580740900719235e+00 9.674610231275288186e+00 1.259085275240487078e+01 1.293018878312015296e+01 1.380548207498629054e+01 1.425260789018344454e+01 1.438997348541474253e+01 1.469742592748567844e+01 1.664629132204785122e+01 1.679805384024100334e+01 1.692439684978403847e+01 1.717352917265607104e+01 1.790449716246442335e+01 1.812446192316290450e+01 1.888496036306070280e+01 1.954291471834375926e+01 1.962409140223526194e+01 1.981800196964214678e+01
8.945201641811879600e-01 1.788652975408786538e+00 2.190090811135575688e+00 2.408129866298515331e+00 3.187182133053696909e+00 3.355523945140483910e+00 4.469824163543981044e+00 4.768982553984852046e+00 5.226798296086222706e+00 5.368852523497111839e+00 5.662663959701778715e+00 5.724781705504925711e+00 6.072698149621298391e+00 6.202099634196371447e+00 6.500241610124311897e+00 7.110750027100292137e+00 8.387047497080022396e+00 8.777819601840437969e+00 8.959252775386117307e+00 9.250903406481626234e+00 1.266661801790649200e+01 1.291579328291596873e+01 1.383226936579432298e+01 1.418286654372806588e+01 1.425796054614416875e+01 1.451747592197460435e+01 1.672750875787577129e+01 1.686324912567693346e+01 1.697551247484444303e+01 1.714595296142541869e+01 1.792010836063027668e+01 1.805439608654721084e+01 1.921297427884843501e+01 1.961863183700372915e+01 1.981523009163992199e+01 1.990599504652999130e+01
1.546247718698140039e+00 1.999925865703110706e+00 2.170778040831385702e+00 2.344241276951957165e+00 3.212873891851861341e+00 3.295046155194432114e+00 4.036016912308216575e+00 4.345323316294371629e+00 5.326112608649760105e+00 5.433052839571085535e+00 5.614115832390824679e+00 5.647255443325896351e+00 6.057812128234214555e+00 6.154651934861818496e+00 6.634565715468982106e+00 7.072407623186505177e+00 8.167431683599588155e+00 8.450418445426937097e+00 8.572266654909864059e+00 8.825208659917880283e+00 1.280145318330783688e+01 1.295673383310645299e+01 1.385711872229957642e+01 1.408324028039526787e+01 1.414611355855652519e+01 1.431936193890897080e+01 1.682697271315009857e+01 1.693480290075822126e+01 1.701604403815935029e+01 1.711673520775415369e+01 1.788791007319343862e+01 1.797827223581365175e+01 1.944366168660499028e+01 1.964214582657200125e+01 1.998914306999581925e+01 2.003163661168476395e+01
1.946226238687293275e+00 2.106145299833862339e+00 2.222143394019759022e+00 2.307998334594469902e+00 3.251313249546234907e+00 3.285643640138586896e+00 3.602717765795302896e+00 3.820359428087928499e+00 5.453637422083613018e+00 5.510945980228211916e+00 5.602213555563761993e+00 5.614545156334214582e+00 6.065144398415962534e+00 6.122997196160234523e+00 6.843580100636334151e+00 7.102274687463171254e+00 8.004924214318576148e+00 8.158208459138714730e+00 8.233224804939423436e+00 8.414710627848627666e+00 1.296772324515914754e+01 1.304231058545459732e+01 1.387608384160560249e+01 1.398363748373395055e+01 1.403945207890829927e+01 1.412314349255151313e+01 1.693502253923231393e+01 1.700168746563399580e+01 1.704543193742639318e+01 1.709172024768534115e+01 1.783713918666659382e+01 1.789277662924444812e+01 1.957165524089235475e+01 1.964798503007289199e+01 2.013250753327357856e+01 2.016099753542186690e+01
2.191189572530422236e+00 2.215281499781168506e+00 2.270200703666136022e+00 2.291287376736041104e+00 3.275410217085432674e+00 3.285805364638209269e+00 3.310088098854245153e+00 3.374302016684064487e+00 5.555200031030802954e+00 5.572354528016654207e+00 5.597348670381955493e+00 5.599741694071211029e+00 6.070373734121872644e+00 6.089048420333390332e+00 7.081204876469095133e+00 7.175304880810296382e+00 7.904633114260271043e+00 7.949141174146307165e+00 7.976826003579216007e+00 8.055136525135321079e+00 1.312048865627612493e+01 1.314047759754375910e+01 1.388768098435074094e+01 1.391499809680836819e+01 1.393853006627105273e+01 1.396047973236399642e+01 1.702871500931179227e+01 1.705106633744927436e+01 1.706319339165319704e+01 1.707502435264437324e+01 1.779418151643304924e+01 1.781296176863862968e+01 1.963012658148276657e+01 1.964739383192592115e+01 2.023731419330828984e+01 2.024636299320877697e+01
2.283988999854779323e+00 2.284212043132131775e+00 2.286367246052547042e+00 2.286760340917696865e+00 3.173347759703509574e+00 3.175285976900672047e+00 3.301085188973447604e+00 3.301181216423255460e+00 5.595171659384702068e+00 5.595176830228838938e+00 5.595699124299830629e+00 5.595992718241845409e+00 6.071415181372134207e+00 6.072520088177745023e+00 7.221400965870172328e+00 7.222257139965302386e+00 7.870042430411209544e+00 7.870191471786694315e+00 7.872735547098552722e+00 7.873405066967912980e+00 1.318819700252807436e+01 1.318925682464980831e+01 1.389036970294766604e+01 1.389049584570268614e+01 1.389100433344571073e+01 1.389188748560158615e+01 1.706825854896067796e+01 1.706833641363008169e+01 1.706975614123603791e+01 1.707016358923708665e+01 1.777729845915352769e+01 1.777764372528554659e+01 1.964652786031475529e+01 1.964684106494994964e+01 2.027537307087287388e+01 2.027579937133749155e+01
2.918389140688545602e+00 2.919804458438699069e+00 2.920009219688568969e+00 2.920385409092318252e+00 3.636120147716638940e+00 3.637565117294145445e+00 3.638075415331162965e+00 3.640338607715186914e+00 5.686997762376253540e+00 5.687719748089205218e+00 5.687938755452057293e+00 5.688146132922838660e+00 7.091998339569910215e+00 7.094014983335785729e+00 7.094531668757875664e+00 7.098266177368253160e+00 1.304932669843986304e+01 1.304990682338761410e+01 1.305033408179455279e+01 1.305076929350902937e+01 1.368287711701371023e+01 1.368331981923913432e+01 1.368406022526994192e+01 1.368409932019268815e+01 1.426948172227908529e+01 1.426992908842084873e+01 1.427059036227731426e+01 1.427065143331077302e+01 1.725056041639072291e+01 1.725072277951513300e+01 1.725156343863372754e+01 1.725227555738633356e+01 1.886313333673311732e+01 1.886423983816917271e+01 1.886438335158667812e+01 1.886458955189918285e+01
2.915858089558434951e+00 2.916181235009020600e+00 2.916554392110785265e+00 2.917301999318696826e+00 3.628620160095517466e+00 3.629546470932137225e+00 3.655660664371538360e+00 3.656374625667020428e+00 5.665727274910489442e+00 5.666463576742192032e+00 5.685193484313000312e+00 5.687106975125943542e+00 7.148100974913774941e+00 7.148962407593310253e+00 7.213006875401827500e+00 7.214893667467107363e+00 1.304021923057507415e+01 1.304051452710804959e+01 1.305075321435764124e+01 1.305122657916328599e+01 1.355580826969759300e+01 1.355652307410801960e+01 1.369558666955934179e+01 1.369565869682466008e+01 1.428092594698389739e+01 1.428096098342134290e+01 1.442084072587931765e+01 1.442131243976222343e+01 1.723563681971960193e+01 1.724003213823519687e+01 1.724801002861519805e+01 1.724886467213928753e+01 1.882284181927434830e+01 1.882625729455821073e+01 1.886180230173504313e+01 1.886217113377795940e+01
2.905207404847055308e+00 2.905596566433084504e+00 2.908223926866216225e+00 2.909547060276771013e+00 3.598966594993696866e+00 3.599458548771509392e+00 3.693454226207224078e+00 3.694670458492907095e+00 5.611094915900618041e+00 5.614247819705735942e+00 5.681939816696911727e+00 5.687881637746762920e+00 7.301177811690289232e+00 7.304604300609483403e+00 7.560037089376071329e+00 7.561298649025743224e+00 1.299319454689297970e+01 1.299379670698556666e+01 1.301974724813048745e+01 1.302018764571039355e+01 1.340004158980222293e+01 1.340110740731086203e+01 1.373093921372871584e+01 1.373100736051692650e+01 1.431360654416690004e+01 1.431364394424270436e+01 1.469698668491535187e+01 1.469741261050163494e+01 1.718964878794528062e+01 1.720432305356073144e+01 1.723899154326307581e+01 1.723994311417500569e+01 1.870122257902080420e+01 1.871274639351534219e+01 1.885541753622407057e+01 1.885576508131373785e+01
2.887951064559583614e+00 2.888817991593593426e+00 2.895264166175368636e+00 2.896278369329655877e+00 3.546527282064729114e+00 3.549334302344235414e+00 3.715711445476966635e+00 3.717848295996381225e+00 5.547344916471522502e+00 5.556845562517757742e+00 5.681928326410186081e+00 5.693685320385869275e+00 7.535854471654169551e+00 7.545102732041667259e+00 8.105798268238846305e+00 8.106767564041019725e+00 1.281348512922152949e+01 1.281358161893695247e+01 1.297790425613369081e+01 1.297801946147721530e+01 1.341089624283556425e+01 1.341108793793991616e+01 1.378564428495377392e+01 1.378570097347295587e+01 1.436705099720876433e+01 1.436709202688484233e+01 1.497870545722855340e+01 1.497911267059979679e+01 1.711350547551675660e+01 1.714372580007538360e+01 1.722154263232727445e+01 1.722281393992754417e+01 1.850271981508556252e+01 1.852738181273905127e+01 1.884387621459606166e+01 1.884418535262231487e+01
2.864778742919928511e+00 2.867626603032742860e+00 2.877312608140105255e+00 2.877718646407337211e+00 3.474579323371652873e+00 3.480426426331996836e+00 3.700004103201373074e+00 3.703090301150102626e+00 5.494638806529331454e+00 5.515203575980468287e+00 5.686531494900925132e+00 5.704899272797223198e+00 7.838939525390501650e+00 7.857291307219794518e+00 8.802922589559134536e+00 8.804887653941156245e+00 1.259421659312389785e+01 1.259458882396411994e+01 1.292689839896294579e+01 1.292703061483168980e+01 1.352039010970728228e+01 1.352354532485863103e+01 1.385493477411210250e+01 1.385553140975032882e+01 1.443973914495930799e+01 1.443978947967219106e+01 1.523187419211239835e+01 1.523209178557998733e+01 1.700808088903217907e+01 1.705678344523713008e+01 1.719357824116739053e+01 1.719541617915014342e+01 1.823453761620895719e+01 1.827657416173326510e+01 1.882512642621398768e+01 1.882539196170407081e+01
2.835993398113946018e+00 2.843078523843472816e+00 2.854477129040649430e+00 2.856509279414855662e+00 3.390395408415803224e+00 3.399493899411992093e+00 3.643452851526069569e+00 3.646712182906173716e+00 5.464378094307650535e+00 5.498867774363222161e+00 5.694996868631357678e+00 5.719719017911256920e+00 8.202690640530022392e+00 8.231828558600900791e+00 9.597690534433303000e+00 9.600603201864828407e+00 1.240623013441003764e+01 1.240764250736472896e+01 1.286805306804153659e+01 1.286826284849847646e+01 1.366527133201118360e+01 1.367572997382071875e+01 1.393479645432939762e+01 1.393763756119758490e+01 1.452952725255055277e+01 1.452960257379738351e+01 1.543754433772364543e+01 1.543844583328244902e+01 1.687449957754115104e+01 1.694131780759250816e+01 1.715419659806091346e+01 1.715642682363603200e+01 1.790964651641871086e+01 1.797149595653717569e+01 1.879541002524345927e+01 1.879562682390164241e+01
2.803258027748010139e+00 2.815871449088267475e+00 2.830086101697988354e+00 2.835072693455360504e+00 3.303901069841059801e+00 3.315599164902249374e+00 3.554863987358865884e+00 3.557564091918578697e+00 5.459940188275939299e+00 5.507250615381736658e+00 5.706316236943742126e+00 5.735854668751002805e+00 8.621581150807854144e+00 8.660654171494998721e+00 1.043889866537363886e+01 1.044225806889504504e+01 1.227366690036062735e+01 1.227717468789074573e+01 1.280434470250949275e+01 1.280463040264229058e+01 1.381194314475143514e+01 1.383628405591894861e+01 1.402591643088373807e+01 1.403523483974149855e+01 1.463358331209615137e+01 1.463371625784100161e+01 1.557984799393775255e+01 1.558360586872611364e+01 1.671334165911320824e+01 1.679294642820870465e+01 1.709992810781560379e+01 1.710110277789884137e+01 1.755672136541257444e+01 1.763438756930059981e+01 1.874923593233240382e+01 1.874939649200400638e+01
2.771516899060809003e+00 2.788177857977734320e+00 2.808585426673429364e+00 2.816011228536698940e+00 3.223276009492411109e+00 3.236100570158283674e+00 3.446419268858680329e+00 3.449368432881846136e+00 5.479530517975922166e+00 5.534291638937020252e+00 5.719720752235232020e+00 5.751316513005575004e+00 9.089919163568167093e+00 9.135403809909172779e+00 1.127870146867591572e+01 1.128164935387472489e+01 1.221081685422168484e+01 1.221765123338780512e+01 1.273917323301197158e+01 1.273951361146395378e+01 1.392231338606384128e+01 1.396284712976170717e+01 1.414491915538572719e+01 1.416125893728741048e+01 1.474826013377702516e+01 1.474849071759166641e+01 1.564490598913718067e+01 1.565433793431860465e+01 1.652199143049403673e+01 1.659937986887522854e+01 1.696928886908848710e+01 1.700203213734909014e+01 1.727430079603647428e+01 1.733107498298224414e+01 1.868008537198749153e+01 1.868019169251192224e+01
2.748350034194795288e+00 2.765810597224175993e+00 2.793275050964041828e+00 2.801792109545947707e+00 3.151934113604035748e+00 3.164035387179226166e+00 3.330144310614395309e+00 3.334534338350459315e+00 5.518628618406279607e+00 5.572656193333343388e+00 5.734350840135080674e+00 5.764559654858198989e+00 9.601016766444407935e+00 9.647331677305871267e+00 1.199519890086769713e+01 1.199626532403874002e+01 1.230372170847953228e+01 1.231508463553217858e+01 1.267783031436469088e+01 1.267818880764068723e+01 1.396892754883170085e+01 1.401676503524389261e+01 1.430005509514320039e+01 1.431438514352462477e+01 1.486880796827476381e+01 1.486914274500679234e+01 1.562632099373409922e+01 1.564276433857422610e+01 1.629106737349350453e+01 1.633493106743776124e+01 1.670383071158156696e+01 1.676334369868811081e+01 1.718972592165533797e+01 1.720317348899340359e+01 1.858176208821467057e+01 1.858185683322402681e+01
2.740611055867911094e+00 2.755591830395301756e+00 2.786736615299096442e+00 2.794780441521818926e+00 3.088882839464742514e+00 3.098647969956986437e+00 3.216299940595491957e+00 3.221716619489777500e+00 5.570932924536450948e+00 5.615832937031989935e+00 5.748837758697950662e+00 5.774329646722319076e+00 1.014714547011813117e+01 1.018792912408104989e+01 1.217483762292699012e+01 1.218155219869354333e+01 1.260740405780311768e+01 1.260844250808722578e+01 1.294469894655106756e+01 1.295031185701623144e+01 1.393754026297490967e+01 1.398660270447151177e+01 1.446255860453191033e+01 1.447260353295359359e+01 1.498881434560506420e+01 1.498916389400172555e+01 1.553742724020155386e+01 1.555532658252041855e+01 1.601327980856994060e+01 1.601700350759364611e+01 1.644258244234008970e+01 1.647550559961169725e+01 1.720012505042898709e+01 1.720290982905064681e+01 1.845017240312571616e+01 1.845030731843435134e+01
2.751387388385987176e+00 2.761912232494511787e+00 2.791132198707225509e+00 2.797256360635127947e+00 3.031283483207208196e+00 3.037766405406170378e+00 3.111669884193672964e+00 3.116853926217320048e+00 5.628560445202300144e+00 5.658716370942691753e+00 5.761116410413920086e+00 5.779426715299257999e+00 1.071947920679026645e+01 1.074936393961618997e+01 1.226344446631313900e+01 1.227036249311575311e+01 1.256087380288317945e+01 1.256150857426616518e+01 1.356285313193939679e+01 1.356722421768732545e+01 1.385421203952659397e+01 1.388672511949532229e+01 1.461557516550106151e+01 1.462217072435571197e+01 1.509943704806548226e+01 1.509958722340765291e+01 1.541958553468626469e+01 1.542830378836954708e+01 1.571423693191804638e+01 1.573309655019016340e+01 1.619502466442618527e+01 1.620633918493519943e+01 1.725865426187788643e+01 1.725926394541668785e+01 1.828525215488343747e+01 1.828543232658306650e+01
2.779671846326515983e+00 2.785519176574009936e+00 2.807873565979781105e+00 2.811187766518284725e+00 2.976816229899065913e+00 2.979865910884582636e+00 3.019873319806043899e+00 3.023585328686458240e+00 5.682825928334086285e+00 5.697595952960636367e+00 5.768435139877059470e+00 5.778586453660943256e+00 1.130751963791866466e+01 1.132403372452704637e+01 1.235469841671788593e+01 1.235917337625654433e+01 1.252176060369161092e+01 1.252229262392246767e+01 1.342782212529405328e+01 1.344827200693964819e+01 1.429441430487406350e+01 1.429476601979100003e+01 1.475954358477120110e+01 1.476308150000337882e+01 1.518755235753988053e+01 1.518812129120655641e+01 1.532428113879753617e+01 1.532467524024831285e+01 1.547362080611699575e+01 1.548276629230293544e+01 1.593147580631983473e+01 1.593409342492582326e+01 1.735950132609891128e+01 1.735981983086848857e+01 1.809277676505362109e+01 1.809299426804665956e+01
2.822283715799904780e+00 2.824662050006661485e+00 2.837114371750602437e+00 2.837803363209748575e+00 2.924854236070387969e+00 2.925325121713241217e+00 2.941900680745803687e+00 2.943688881313559769e+00 5.726139311751174077e+00 5.729997731570327879e+00 5.767410365810909489e+00 5.770590052817309967e+00 1.189768671513219545e+01 1.190272565773165958e+01 1.242883417393516687e+01 1.243039452732390870e+01 1.249394431187131183e+01 1.249433503158479297e+01 1.299681162350718289e+01 1.300264083080618427e+01 1.478689659868848238e+01 1.478789713190417920e+01 1.491584526423603307e+01 1.491648597463596815e+01 1.520185267992977707e+01 1.520458540053375707e+01 1.527669423531694370e+01 1.527703120935870551e+01 1.531652117562912352e+01 1.531687309266940566e+01 1.563146574779814024e+01 1.563170144184201149e+01 1.750226909267631470e+01 1.750256826453723136e+01 1.788551849255076931e+01 1.788576954408257080e+01
2.875692841446327197e+00 2.875692859181140371e+00 2.877132653711009791e+00 2.877171719270900763e+00 2.877178189893812021e+00 2.877182460287273091e+00 2.877904603702187369e+00 2.877912478554580211e+00 5.753743566522522279e+00 5.754330897698149094e+00 5.754755291048448740e+00 5.754777338128465480e+00 1.247011252000792858e+01 1.247035087799823039e+01 1.247053743852982954e+01 1.247061925352944556e+01 1.247077264854187639e+01 1.247109261604426678e+01 1.247133070943587896e+01 1.247176170555127506e+01 1.502135454291631333e+01 1.502150108309398924e+01 1.502182129583608905e+01 1.502239559150235593e+01 1.528602444591749432e+01 1.528617726219173001e+01 1.528633262282887806e+01 1.528644778665212911e+01 1.528654311183422720e+01 1.528677581241245775e+01 1.528694082854629599e+01 1.528732802673343727e+01 1.768195513501857974e+01 1.768208546009688575e+01 1.768230445906856474e+01 1.768279773724313841e+01
