0.000000000000000000e+00
6.344023594221065432e-02
1.268804718844213086e-01
1.903207078266319630e-01
2.537609437688426173e-01
3.172011797110532716e-01
3.806414156532639259e-01
4.440816515954745802e-01
5.075218875376852345e-01
5.709621234798958334e-01
6.344023594221065432e-01
6.978425953643172530e-01
7.612828313065278518e-01
8.247230672487384506e-01
8.881633031909491605e-01
9.516035391331598703e-01
1.015043775075370469e+00
1.078484011017581068e+00
1.143838153417402914e+00
1.209192295817224982e+00
1.274546438217046829e+00
1.339900580616868897e+00
1.405254723016690743e+00
1.405254723016690743e+00
1.466501800291819979e+00
1.527748877566949215e+00
1.588995954842078451e+00
1.650243032117207687e+00
1.711490109392336922e+00
1.772737186667465936e+00
1.833984263942595172e+00
1.895231341217724408e+00
1.956478418492853644e+00
2.017725495767982657e+00
2.078972573043111893e+00
2.140219650318241129e+00
2.201466727593370365e+00
2.262713804868499601e+00
2.323960882143628837e+00
2.385207959418758072e+00
2.446455036693887308e+00
2.507702113969016544e+00
2.571884915489439205e+00
2.636067717009861866e+00
2.700250518530284971e+00
2.764433320050707632e+00
2.828616121571130293e+00
2.892798923091552954e+00
2.956981724611975615e+00
3.021164526132398720e+00
3.085347327652821381e+00
3.085347327652821381e+00
3.143628696092201746e+00
3.201910064531582556e+00
3.260191432970962921e+00
3.318472801410343287e+00
3.376754169849723652e+00
3.435035538289104462e+00
3.493316906728484827e+00
3.551598275167865637e+00
3.609879643607246003e+00
3.668161012046626368e+00
3.726442380486006734e+00
3.784723748925387543e+00
3.843005117364767909e+00
3.901286485804148718e+00
3.959567854243529084e+00
4.017849222682909449e+00
4.076130591122289815e+00
4.134411959561670180e+00
4.192693328001050546e+00
4.256547780067275966e+00
4.320402232133501386e+00
4.384256684199726806e+00
4.448111136265952226e+00
4.511965588332176758e+00
4.575820040398402178e+00
4.639674492464627598e+00
4.703528944530853018e+00
4.767383396597078438e+00
4.767383396597078438e+00
4.824271614640175621e+00
4.881159832683271915e+00
4.938048050726369098e+00
4.994936268769466281e+00
5.051824486812562576e+00
5.108712704855659759e+00
5.165600922898756941e+00
5.222489140941853236e+00
5.279377358984950419e+00
5.336265577028047602e+00
5.393153795071143897e+00
5.450042013114241080e+00
5.506930231157337374e+00
5.563818449200434557e+00
5.620706667243531740e+00
5.677594885286628923e+00
5.734483103329725218e+00
5.791371321372822401e+00
5.848259539415918695e+00
