-1.491602563117987723e-01
-1.318520706883139493e-01
-1.145438850648291401e-01
-9.723569944134431708e-02
-7.992751381785950793e-02
-6.261932819437469877e-02
-4.531114257088987574e-02
-2.800295694740507699e-02
-1.069477132392025048e-02
6.613414299564577756e-03
2.392159992304937824e-02
4.122978554653417699e-02
5.853797117001900696e-02
7.584615679350383000e-02
9.315434241698861140e-02
1.104625280404734344e-01
1.277707136639582575e-01
1.450788992874430805e-01
1.623870849109279313e-01
1.796952705344126988e-01
1.970034561578975218e-01
2.143116417813823449e-01
2.316198274048671124e-01
2.489280130283519632e-01
2.662361986518367862e-01
2.835443842753215815e-01
3.008525698988064323e-01
3.181607555222912276e-01
3.354689411457759673e-01
3.527771267692608181e-01
3.700853123927456134e-01
3.873934980162304642e-01
4.047016836397153150e-01
4.220098692632001103e-01
4.393180548866849611e-01
4.566262405101697563e-01
4.739344261336546071e-01
4.912426117571393469e-01
5.085507973806241422e-01
5.258589830041089375e-01
5.431671686275938438e-01
5.604753542510786390e-01
5.777835398745634343e-01
5.950917254980483406e-01
6.123999111215330249e-01
6.297080967450178202e-01
6.470162823685026154e-01
6.643244679919875217e-01
6.816326536154723170e-01
6.989408392389571123e-01
7.162490248624420186e-01
7.335572104859268139e-01
7.508653961094116092e-01
7.681735817328964044e-01
7.854817673563811997e-01
8.027899529798659950e-01
8.200981386033506793e-01
8.374063242268356966e-01
8.547145098503203808e-01
8.720226954738052871e-01
8.893308810972900824e-01
9.066390667207749887e-01
9.239472523442596730e-01
9.412554379677445793e-01
9.585636235912294856e-01
9.758718092147141698e-01
9.931799948381988541e-01
1.010488180461683649e+00
1.027796366085168778e+00
1.045104551708653462e+00
1.062412737332138146e+00
1.079720922955622830e+00
1.097029108579108181e+00
1.114337294202592865e+00
1.131645479826077549e+00
1.148953665449562234e+00
1.166261851073046918e+00
1.183570036696532046e+00
1.200878222320016731e+00
1.218186407943501637e+00
1.235494593566986321e+00
1.252802779190471005e+00
1.270110964813956134e+00
1.287419150437440818e+00
1.304727336060925502e+00
1.322035521684410408e+00
1.339343707307895537e+00
1.356651892931380221e+00
1.373960078554864905e+00
1.391268264178349590e+00
1.408576449801834274e+00
1.425884635425319402e+00
1.443192821048804309e+00
1.460501006672288993e+00
1.477809192295773677e+00
1.495117377919258805e+00
1.512425563542743490e+00
1.529733749166228174e+00
1.547041934789712858e+00
1.564350120413197764e+00
1.581658306036682893e+00
1.598966491660167577e+00
1.616274677283652261e+00
1.633582862907136946e+00
1.650891048530622074e+00
1.668199234154106758e+00
1.685507419777591664e+00
1.702815605401076349e+00
1.720123791024561033e+00
1.737431976648046161e+00
1.754740162271530846e+00
1.772048347895015530e+00
1.789356533518500436e+00
1.806664719141985564e+00
1.823972904765470249e+00
1.841281090388954933e+00
1.858589276012439617e+00
1.875897461635924746e+00
1.893205647259409430e+00
1.910513832882894336e+00
1.927822018506379020e+00
1.945130204129863705e+00
1.962438389753348833e+00
1.979746575376833517e+00
1.997054761000318202e+00
2.014362946623803108e+00
2.031671132247288014e+00
2.048979317870772920e+00
2.066287503494257383e+00
2.083595689117742289e+00
2.100903874741227195e+00
2.118212060364712102e+00
2.135520245988197008e+00
2.152828431611681470e+00
2.170136617235166376e+00
2.187444802858651283e+00
2.204752988482136189e+00
2.222061174105621095e+00
2.239369359729105557e+00
2.256677545352590464e+00
2.273985730976075370e+00
2.291293916599560276e+00
2.308602102223044739e+00
2.325910287846529645e+00
2.343218473470014995e+00
2.360526659093499457e+00
2.377834844716984364e+00
2.395143030340468826e+00
2.412451215963953732e+00
2.429759401587438639e+00
2.447067587210923545e+00
2.464375772834408451e+00
2.481683958457892913e+00
2.498992144081377820e+00
2.516300329704862726e+00
2.533608515328347632e+00
2.550916700951832539e+00
2.568224886575317001e+00
2.585533072198802351e+00
2.602841257822286813e+00
2.620149443445771720e+00
2.637457629069256182e+00
2.654765814692741088e+00
2.672074000316226439e+00
2.689382185939710901e+00
2.706690371563195807e+00
2.723998557186680269e+00
2.741306742810165620e+00
2.758614928433650082e+00
2.775923114057134988e+00
2.793231299680619895e+00
2.810539485304104357e+00
2.827847670927589707e+00
2.845155856551074169e+00
2.862464042174559076e+00
2.879772227798043538e+00
2.897080413421528444e+00
2.914388599045013795e+00
2.931696784668498257e+00
2.949004970291983163e+00
2.966313155915467625e+00
2.983621341538952976e+00
3.000929527162437438e+00
3.018237712785922344e+00
3.035545898409407251e+00
3.052854084032891713e+00
3.070162269656377063e+00
3.087470455279861525e+00
3.104778640903346432e+00
3.122086826526830894e+00
3.139395012150316244e+00
3.156703197773801151e+00
3.174011383397285613e+00
3.191319569020770519e+00
3.208627754644254981e+00
3.225935940267740332e+00
3.243244125891224794e+00
3.260552311514709700e+00
3.277860497138194606e+00
3.295168682761679069e+00
