0.000000000000000000e+00
2.919355480735766339e-02
5.838710961471532679e-02
8.758066442207299018e-02
1.167742192294306536e-01
1.459677740367883170e-01
1.751613288441459804e-01
2.043548836515036438e-01
2.335484384588613072e-01
2.627419932662189428e-01
2.919355480735766339e-01
3.197640699185071433e-01
3.475925917634376527e-01
3.754211136083681621e-01
4.032496354532987271e-01
4.310781572982291809e-01
4.589066791431597458e-01
4.867352009880902552e-01
5.145637228330207646e-01
5.423922446779512185e-01
5.702207665228817834e-01
5.980492883678123484e-01
6.258778102127429133e-01
6.537063320576733672e-01
6.815348539026038210e-01
6.815348539026038210e-01
7.083911479415109236e-01
7.352474419804181371e-01
7.621037360193252397e-01
7.889600300582324532e-01
8.158163240971395558e-01
8.426726181360466583e-01
8.695289121749538719e-01
8.963852062138609744e-01
9.232415002527680770e-01
9.500977942916752905e-01
9.769540883305823931e-01
1.003810382369489496e+00
1.030666676408396709e+00
1.057522970447303923e+00
1.084379264486210914e+00
1.111235558525118128e+00
1.139495769833785310e+00
1.167755981142452493e+00
1.196016192451119675e+00
1.224276403759786858e+00
1.252536615068454040e+00
1.280796826377121445e+00
1.309057037685788627e+00
1.337317248994455809e+00
1.365577460303122992e+00
1.393837671611790174e+00
1.422097882920457357e+00
1.422097882920457357e+00
1.448314052561132437e+00
1.474530222201807295e+00
1.500746391842482375e+00
1.526962561483157454e+00
1.553178731123832534e+00
1.579394900764507392e+00
1.605611070405182472e+00
1.631827240045857330e+00
1.658043409686532410e+00
1.684259579327207490e+00
1.710475748967882570e+00
1.736691918608557428e+00
1.762908088249232508e+00
1.788184600285851023e+00
1.813461112322469537e+00
1.838737624359088052e+00
1.864014136395706345e+00
1.889290648432324859e+00
1.914567160468943374e+00
1.939843672505561889e+00
1.965120184542180404e+00
1.990396696578798919e+00
2.015673208615417433e+00
2.040949720652035726e+00
2.066226232688654463e+00
2.091502744725272755e+00
2.116779256761891492e+00
2.142055768798509785e+00
2.167332280835128522e+00
2.192608792871746815e+00
2.192608792871746815e+00
2.218582079927015283e+00
2.244555366982283751e+00
2.270528654037552219e+00
2.296501941092820687e+00
2.322475228148089155e+00
2.348448515203357623e+00
2.374421802258626091e+00
2.400395089313894559e+00
2.426368376369163027e+00
2.452341663424431495e+00
2.478314950479699963e+00
2.504288237534968431e+00
2.530261524590236899e+00
2.556234811645505367e+00
2.582208098700774279e+00
