0.000000000000000000e+00
2.404741675509466589e-02
4.809483351018933178e-02
7.214225026528399420e-02
9.618966702037866356e-02
1.202370837754733329e-01
1.442845005305679884e-01
1.683319172856626578e-01
1.923793340407573271e-01
2.164267507958519965e-01
2.404741675509466659e-01
2.645215843060413352e-01
2.885690010611359768e-01
3.126164178162306739e-01
3.382744498422111668e-01
3.639324818681916596e-01
3.895905138941721524e-01
4.152485459201526452e-01
4.409065779461330825e-01
4.665646099721135753e-01
4.922226419980940681e-01
5.178806740240745610e-01
5.435387060500550538e-01
5.691967380760355466e-01
5.948547701020160394e-01
5.948547701020160394e-01
6.188386060566033464e-01
6.428224420111907644e-01
6.668062779657780714e-01
6.907901139203654894e-01
7.147739498749527964e-01
7.387577858295402145e-01
7.627416217841275214e-01
7.867254577387149395e-01
8.107092936933022465e-01
8.346931296478896645e-01
8.586769656024769715e-01
8.826608015570642785e-01
9.066446375116516965e-01
9.306284734662391145e-01
9.546123094208264215e-01
9.785961453754137285e-01
1.002738820220453242e+00
1.026881495065492755e+00
1.051024169910532269e+00
1.075166844755571782e+00
1.099309519600611074e+00
1.123452194445650587e+00
1.147594869290690101e+00
1.171737544135729614e+00
1.195880218980769127e+00
1.220022893825808641e+00
1.244165568670848154e+00
1.268308243515887668e+00
1.268308243515887668e+00
1.291607291688807946e+00
1.314906339861728002e+00
1.338205388034648280e+00
1.361504436207568336e+00
1.384803484380488614e+00
1.408102532553408892e+00
1.431401580726328948e+00
1.454700628899249226e+00
1.477999677072169282e+00
1.501298725245089560e+00
1.524597773418009616e+00
1.547896821590929894e+00
1.571195869763850173e+00
1.594494917936770229e+00
1.617793966109690507e+00
1.641093014282610785e+00
1.664392062455530841e+00
1.687691110628451119e+00
1.711274038681414256e+00
1.734856966734377615e+00
1.758439894787340751e+00
1.782022822840303888e+00
1.805605750893267025e+00
1.829188678946230384e+00
1.852771606999193521e+00
1.876354535052156658e+00
1.899937463105119795e+00
1.923520391158083154e+00
1.947103319211046291e+00
1.947103319211046291e+00
1.971058231886298806e+00
1.995013144561551544e+00
2.018968057236803837e+00
2.042922969912056796e+00
2.066877882587309312e+00
2.090832795262561827e+00
2.114787707937814343e+00
2.138742620613066858e+00
2.162697533288319374e+00
2.186652445963572333e+00
2.210607358638824849e+00
2.234562271314077364e+00
2.258517183989329880e+00
2.282472096664582395e+00
2.306427009339834910e+00
