0.000000000000000000e+00
9.866909979919259721e-02
1.973381995983851944e-01
2.960072993975778055e-01
3.946763991967703888e-01
4.933454989959629722e-01
5.920145987951556110e-01
6.906836985943481944e-01
7.893527983935407777e-01
8.880218981927333610e-01
9.866909979919259444e-01
1.085360097791118639e+00
1.184029197590311222e+00
1.282698297389503805e+00
1.388493469859061635e+00
1.494288642328619465e+00
1.600083814798177295e+00
1.705878987267735125e+00
1.811674159737293177e+00
1.917469332206851007e+00
2.023264504676408837e+00
2.115835280587271772e+00
2.208406056498135150e+00
2.300976832408998085e+00
2.393547608319861020e+00
2.486118384230723954e+00
2.578689160141587333e+00
2.671259936052450268e+00
2.763830711963313647e+00
2.856401487874176581e+00
2.948972263785039516e+00
3.041543039695902451e+00
3.134113815606765829e+00
3.226684591517628764e+00
3.319255367428492143e+00
3.411826143339355077e+00
3.504396919250218012e+00
3.596548086520692689e+00
3.688699253791167365e+00
3.780850421061641597e+00
3.873001588332116274e+00
3.965152755602590950e+00
4.057303922873066071e+00
4.149455090143540303e+00
4.241076397099933004e+00
4.332697704056326593e+00
4.424319011012719294e+00
4.515940317969112883e+00
4.607561624925505583e+00
4.699182931881899172e+00
4.790804238838291873e+00
4.882425545794685462e+00
4.974046852751078163e+00
5.065668159707471752e+00
5.157289466663864452e+00
5.248910773620258041e+00
5.340532080576650742e+00
5.432153387533044331e+00
5.524724163443907266e+00
5.617294939354770200e+00
5.709865715265634023e+00
5.802436491176496958e+00
5.895007267087359892e+00
5.987578042998222827e+00
6.080148818909085762e+00
6.172719594819949585e+00
6.255004728962939353e+00
6.337289863105928234e+00
6.419574997248918002e+00
6.501860131391906883e+00
6.584145265534896652e+00
6.666430399677885532e+00
6.748715533820875301e+00
6.831000667963865070e+00
6.913285802106853950e+00
6.995570936249843719e+00
7.077856070392832599e+00
7.160141204535822368e+00
7.242426338678811248e+00
7.324711472821801017e+00
7.406996606964790786e+00
7.489281741107779666e+00
7.571566875250769435e+00
7.653852009393759204e+00
7.653852009393759204e+00
7.746003176664233436e+00
7.838154343934708557e+00
7.930305511205182789e+00
8.022456678475657910e+00
8.114607845746132142e+00
8.206759013016606374e+00
8.298910180287080607e+00
8.298910180287080607e+00
8.391061347557554839e+00
8.483212514828029072e+00
8.575363682098505080e+00
8.667514849368979313e+00
8.759666016639453545e+00
8.851817183909927778e+00
8.943968351180402010e+00
