-1.018045809200364893e-03 -7.926891886390540973e-04 1.561988146111528482e-07 2.979208522219640276e+00 3.108257463225781780e+00 3.602195324410869759e+00 4.389375082576909115e+00 4.513983880700277673e+00 4.757097222483086085e+00 4.897372184438022025e+00 5.307274133192996679e+00 5.981164936664880472e+00 6.291731023543191803e+00 7.395552480189974354e+00 7.845049868784184532e+00 7.922909552622988016e+00 8.494403781435321932e+00 9.185474826538687410e+00 9.809668373290769239e+00 9.884718198476887707e+00 1.119298316433354756e+01 1.225221123893684627e+01 1.256737274248355973e+01 1.281267819198453140e+01 1.299557244591808036e+01 1.317978825621110417e+01 1.410128911318550138e+01 1.459231915152146719e+01 1.560463151207597043e+01 1.585745480502585458e+01 1.699617211038129483e+01 1.766644263028050332e+01 1.833515096721232851e+01 1.919303160877953829e+01 2.008550084438755690e+01 2.282643655586443288e+01
-1.010696591791908627e+00 4.185954286956820591e-01 4.201286559208220472e-01 2.987763048482714900e+00 3.110990974865510683e+00 3.638840236790811034e+00 4.394961800868222745e+00 4.513214127238908802e+00 4.680598260944665689e+00 4.864154933503949785e+00 5.314195439605355453e+00 6.262899736782442162e+00 6.366164308412974648e+00 7.426300089571945762e+00 7.837634874144628228e+00 7.903691570359797858e+00 8.432268674753341742e+00 9.179712417275988301e+00 9.807394874590963596e+00 9.893509650017193735e+00 1.114472462896166149e+01 1.224597400762537625e+01 1.253055435742482437e+01 1.284831071427523419e+01 1.322491657766307860e+01 1.328916472853055630e+01 1.434626585454538095e+01 1.464169194181350164e+01 1.561176087618653874e+01 1.585402294677380119e+01 1.698982881731724959e+01 1.761768666543415662e+01 1.813780439919441534e+01 1.933918342419062242e+01 2.011073497485113037e+01 2.281243610688312273e+01
-1.244706343997111553e+00 8.263138550849931097e-01 8.342964860822981166e-01 3.010998980057530527e+00 3.115746880883524472e+00 3.741737926358617461e+00 4.412644670316980822e+00 4.513973082494260325e+00 4.647290809039220427e+00 4.774073727183647975e+00 5.329740449681467318e+00 6.194126722143294295e+00 6.903796821065766309e+00 7.575185569041519074e+00 7.798549625241374628e+00 7.848586277266384137e+00 8.256375969398044745e+00 9.179393494448031987e+00 9.801403045018652449e+00 9.926524117700285643e+00 1.107106658733789750e+01 1.224612746750623415e+01 1.243594502765036225e+01 1.294707039894459655e+01 1.333983286566138204e+01 1.362706035139072291e+01 1.448902835041648274e+01 1.559736466744238292e+01 1.568725604606521351e+01 1.584005091482870320e+01 1.701357442762909855e+01 1.748297031256035439e+01 1.772664454842225368e+01 1.960282530088437980e+01 2.017752219073607023e+01 2.277191857870842639e+01
7.476677426963779238e-01 1.220481672521936511e+00 1.235059059937576809e+00 3.041681724619201610e+00 3.114021346707087634e+00 3.888926028263899326e+00 4.447024495967210278e+00 4.527938626009754053e+00 4.645928166753781063e+00 4.691528043046558238e+00 5.348239253356073419e+00 6.081860473735647865e+00 7.137157564461405812e+00 7.692616656098524963e+00 7.755246365817891174e+00 7.938884364021358664e+00 7.993428375898401050e+00 9.219695979761381111e+00 9.793379209973046784e+00 9.971532935477867454e+00 1.103409919716668419e+01 1.228871225184156657e+01 1.230651722296504680e+01 1.308944185554831918e+01 1.348483972154924260e+01 1.381491255305999211e+01 1.445699655168799858e+01 1.565358418686232689e+01 1.580051591443482017e+01 1.662775560050048185e+01 1.725154964274774372e+01 1.728985340080854272e+01 1.790417375927804500e+01 1.985636239317210183e+01 2.026585550062562291e+01 2.270951337811942139e+01
1.568279630250982493e+00 1.613725604244088396e+00 2.223375245206662409e+00 3.067697352817326362e+00 3.094491065300320809e+00 4.037600846311056202e+00 4.499326497879943432e+00 4.505859774747180246e+00 4.584696766182771555e+00 4.769315670291833342e+00 5.371368199507286612e+00 5.936885052195429502e+00 7.204017765812262830e+00 7.505017979830722830e+00 7.647210873693590649e+00 7.676789005107460540e+00 8.348550645482118782e+00 9.314686246252012580e+00 9.784716412490421789e+00 9.985147259454334900e+00 1.106384951728098898e+01 1.216112415281172510e+01 1.240464936270053364e+01 1.325344232725165661e+01 1.362596573749091711e+01 1.396234137933439179e+01 1.441915329007961155e+01 1.568696712796356607e+01 1.569119970949510900e+01 1.661414548599155694e+01 1.679733792133475845e+01 1.706971858240329709e+01 1.990768875570480390e+01 2.007163096665250634e+01 2.035574535342896851e+01 2.263372245378715775e+01
1.898800086982499025e+00 1.962089628369434013e+00 3.036176266996792439e+00 3.071721296429648529e+00 3.215863537995246269e+00 4.130339486571964258e+00 4.356727807443712130e+00 4.595462768119260133e+00 4.726753751883280508e+00 4.848142381587046579e+00 5.403471258351020268e+00 5.768193350689453602e+00 7.225939405416992756e+00 7.259884374102650639e+00 7.341016661864230741e+00 7.526005052029654863e+00 8.725571339205714594e+00 9.440702223189392228e+00 9.775759759915814584e+00 9.938040291046251085e+00 1.116571434946484409e+01 1.201207052441863787e+01 1.261627102679547008e+01 1.341986361453696652e+01 1.373923712280176623e+01 1.409096306266672727e+01 1.439217126874269859e+01 1.541939340194857699e+01 1.573049447402307166e+01 1.648052976150879090e+01 1.649257499557767659e+01 1.685081217581823410e+01 2.024296922519338082e+01 2.043238401992798359e+01 2.179118547689839147e+01 2.256451645047003396e+01
2.190950285891526850e+00 2.273848813088923837e+00 2.953995738712901886e+00 3.032459765887884018e+00 3.933391631259909538e+00 4.156900020335719148e+00 4.242258606221748884e+00 4.719896552506808618e+00 4.901604159407530581e+00 4.947567603501095590e+00 5.440265940180231574e+00 5.582760931878804733e+00 7.002073538191972091e+00 7.026805426278158961e+00 7.229841783869817462e+00 7.410280827662524494e+00 9.050199509118719732e+00 9.561525719640810550e+00 9.764860989570612659e+00 9.842612166124588668e+00 1.130751914251871959e+01 1.186658900819800344e+01 1.293508491603781074e+01 1.357293153022652987e+01 1.380868806455432996e+01 1.419847320188147499e+01 1.437912435027005742e+01 1.495885326597021958e+01 1.579395556732453798e+01 1.633959771644881087e+01 1.635193605034952569e+01 1.665575922451399293e+01 2.037040211105254528e+01 2.048608715800200031e+01 2.245817201654466544e+01 2.332138559757525442e+01
2.443611419911566163e+00 2.544053291907788505e+00 2.825754533505858035e+00 2.932084337745421543e+00 4.152567491988923720e+00 4.173979524185241985e+00 4.398141530137748667e+00 4.869086213609381097e+00 4.934071760182309418e+00 5.186874637472608462e+00 5.381458457315881461e+00 5.450940225403319239e+00 6.777449980423415177e+00 6.802576576341672343e+00 7.227000424465592765e+00 7.322499837077265816e+00 9.305973846199393051e+00 9.653539594772055921e+00 9.724794892924673917e+00 9.747379715792737542e+00 1.145364623569872364e+01 1.172788302908129587e+01 1.335648598992704095e+01 1.369891849133043138e+01 1.382561719309824255e+01 1.427557185454907440e+01 1.437319647240312470e+01 1.441174795102250350e+01 1.588802178872003701e+01 1.617637342953180379e+01 1.633913761134635578e+01 1.650031442607554766e+01 2.045570864307935111e+01 2.051065510022447924e+01 2.241603443055766576e+01 2.426342804067702019e+01
2.654153883458855834e+00 2.656794834552461460e+00 2.763462582867366901e+00 2.769705420569075205e+00 4.146722875974781175e+00 4.153268519286248406e+00 4.563480443574666978e+00 4.879194371213322334e+00 5.093285892979555918e+00 5.199503377178413821e+00 5.364442966553879977e+00 5.382886261894721969e+00 6.685647390467958751e+00 6.716397689584050035e+00 7.225777598539741220e+00 7.288172136562328873e+00 9.438250200969109827e+00 9.639241522704848464e+00 9.705121286293287852e+00 9.721726598966663246e+00 1.157887284088333324e+01 1.160603941563243957e+01 1.377986079344950987e+01 1.378266361149242236e+01 1.386374262115128175e+01 1.386878584943309711e+01 1.430674090092928807e+01 1.436896289510041669e+01 1.599855089387293461e+01 1.603987146175400369e+01 1.639227969634067250e+01 1.639392561880460519e+01 2.049900705372007081e+01 2.050414337704480516e+01 2.239900982994108247e+01 2.458755864386919399e+01
2.573608213070371686e+00 2.634310516197984064e+00 2.785141472364528692e+00 2.790731752281903066e+00 4.104543863852886609e+00 4.117419876730636474e+00 4.470347534468666062e+00 4.750117049801406921e+00 5.201535643150729804e+00 5.325705347269384049e+00 5.388424122740752331e+00 5.412343464825986494e+00 6.712177610625222890e+00 6.735384689208943065e+00 7.224149600752534539e+00 7.365553637578057256e+00 9.473440508293816009e+00 9.658843937569505655e+00 9.671851694714568737e+00 9.686569594211286827e+00 1.149291305473059666e+01 1.158476593329362281e+01 1.376495863442965550e+01 1.377276189712149623e+01 1.385540498703927881e+01 1.386188314788606668e+01 1.431807442605606440e+01 1.437888953732071684e+01 1.597517045331439789e+01 1.599598282611520617e+01 1.637121997160812725e+01 1.642322090777393129e+01 2.050690027797960724e+01 2.052454680098538731e+01 2.236185896065111578e+01 2.442862572738700422e+01
2.344689784794463883e+00 2.567660865984897178e+00 2.825435497908535432e+00 2.835616696050904828e+00 3.984004089194347120e+00 4.013485188882817134e+00 4.311126972583262607e+00 4.558635236408406399e+00 5.396332744424116257e+00 5.473408738121007922e+00 5.501730553584478933e+00 5.543816844526618048e+00 6.778903022115816412e+00 6.793296048562313949e+00 7.247330282535159540e+00 7.472280072813413554e+00 9.545379810814926813e+00 9.562428633182197046e+00 9.582820527637537111e+00 9.761036035488688256e+00 1.126512576650603670e+01 1.150997612507888057e+01 1.369387338863387527e+01 1.370605237636878471e+01 1.387672998032600624e+01 1.389005465895822944e+01 1.435091023300761215e+01 1.440771532258704823e+01 1.584409564090690381e+01 1.596027611687833314e+01 1.632438067798673842e+01 1.642621684212380373e+01 2.053834527597981463e+01 2.057231197563917391e+01 2.226431276830936667e+01 2.400246148576975713e+01
1.998964674469986491e+00 2.454252205584424029e+00 2.839228732739383254e+00 2.855820818537504469e+00 3.841443275455067141e+00 3.871212325619225680e+00 4.187172300185627805e+00 4.393185609357666443e+00 5.589894831665511710e+00 5.626585288605634894e+00 5.648004727241770162e+00 5.749372405541070208e+00 6.862623093131359653e+00 6.875182965532001589e+00 7.245251994353773206e+00 7.502276094945169227e+00 9.411276932798044115e+00 9.447419647091546580e+00 9.642199135358552553e+00 9.863028318276461093e+00 1.099160367263493221e+01 1.137704187511636356e+01 1.356527006944551950e+01 1.357323695386146412e+01 1.395456730258295686e+01 1.398012016400568847e+01 1.440187784973450746e+01 1.444289306326879974e+01 1.568723528128420597e+01 1.589498036588509144e+01 1.620857825234815763e+01 1.632701395190222371e+01 2.060097843786027738e+01 2.064430329586072688e+01 2.213766094904934434e+01 2.344474611723799740e+01
1.634201325385777670e+00 2.310879126179705256e+00 2.755919409431912825e+00 2.771525684667527578e+00 3.757879341109492621e+00 3.777576619557042825e+00 4.113314312263004702e+00 4.256213546350295474e+00 5.765655226438275882e+00 5.794407919843906463e+00 5.810790596896374005e+00 5.925542795437443111e+00 6.936449693359054258e+00 6.959580830487151815e+00 7.191361583745440988e+00 7.431416813795344467e+00 9.303989990083218586e+00 9.325082922223081994e+00 9.612269701659087673e+00 9.894268659295711643e+00 1.083863003384232826e+01 1.126211953338543914e+01 1.335637514839230811e+01 1.336508211419369552e+01 1.408133015545110389e+01 1.410723821115763243e+01 1.444630400965973571e+01 1.448540567133115431e+01 1.553716459568263808e+01 1.580121888415938436e+01 1.601400628362443257e+01 1.607302468188888156e+01 2.072367484339424593e+01 2.076234370043588129e+01 2.200192073663210124e+01 2.291026429840724177e+01
1.421793382250623461e+00 2.176033461289589521e+00 2.526729395985596760e+00 2.566507636477665777e+00 3.762583507302801777e+00 3.785264452132555579e+00 4.063136298320189077e+00 4.134188099784548598e+00 5.908549506200111878e+00 5.933814111073887787e+00 5.956636705560397260e+00 6.060621459605602723e+00 6.980977262415025031e+00 7.027746333737121986e+00 7.110887827823459517e+00 7.301063237911788129e+00 9.230571325822632289e+00 9.264074938132555559e+00 9.449539565504004202e+00 9.770999676054751504e+00 1.093653678393746453e+01 1.132055830165481147e+01 1.300500687774192698e+01 1.304913108894565177e+01 1.419956642905815869e+01 1.424625417349251499e+01 1.445324384087041558e+01 1.454403092529356734e+01 1.540928202633118893e+01 1.565197094595287552e+01 1.576354782829575463e+01 1.580842846373432842e+01 2.090660383263538691e+01 2.098574721226913908e+01 2.184659260833017669e+01 2.247404005950770767e+01
1.484110433503224247e+00 2.087437773834140309e+00 2.205654854830141787e+00 2.334671375090250134e+00 3.815255542126526400e+00 3.849386846930838324e+00 4.004074107449723030e+00 4.027497208790272509e+00 5.991398507802065510e+00 6.033042013517668778e+00 6.066471341420568208e+00 6.142808843448646527e+00 6.983679337044130797e+00 7.052284017736676347e+00 7.070205694327116319e+00 7.184788594741390533e+00 9.154414195365728091e+00 9.241847223208161211e+00 9.333591727550071937e+00 9.571684259506673342e+00 1.126596083055445696e+01 1.158725082298269093e+01 1.250306406294226846e+01 1.262057834055485195e+01 1.427396661254918264e+01 1.434682716277196590e+01 1.446202309806348296e+01 1.456818999798412406e+01 1.530060291497009395e+01 1.542944049109024540e+01 1.563269739291940752e+01 1.568212016948311494e+01 2.113839704457931390e+01 2.129552023798742511e+01 2.165202125653025078e+01 2.211705317845742513e+01
1.650264560880169151e+00 1.971116116986277200e+00 2.061347668466100735e+00 2.222899649665941890e+00 3.856491092557510658e+00 3.911639322074900615e+00 3.950511681960579224e+00 3.963997431852316122e+00 6.017239693714195425e+00 6.071017518799253665e+00 6.115027569493474147e+00 6.163099846336867138e+00 6.967739662358702013e+00 7.039865297599179783e+00 7.085152064549929740e+00 7.140120030925445782e+00 9.098864919641435733e+00 9.215669999409760393e+00 9.367126878975176041e+00 9.453694414262033163e+00 1.162599200775928843e+01 1.180358148879071400e+01 1.218429928837332277e+01 1.223283834140374360e+01 1.430917058823301069e+01 1.435325774379441022e+01 1.451314162276553610e+01 1.454085139772406343e+01 1.524018954823175953e+01 1.536764909754367103e+01 1.558241391333318582e+01 1.565135914097484182e+01 2.136252935556560928e+01 2.142212204198702352e+01 2.154610040708421081e+01 2.189138586774988227e+01
1.780270658749280699e+00 1.993045339389384552e+00 2.133860160938059192e+00 2.245475063934431859e+00 3.610433958307001312e+00 3.695379541672836776e+00 4.153013810142659246e+00 4.197768741596979325e+00 5.908733166019253247e+00 5.972655501881011908e+00 6.193577898555898464e+00 6.242415241500063772e+00 6.843810142718480094e+00 6.930172518801881232e+00 7.244166629785838474e+00 7.290556439180885029e+00 8.820319569308052721e+00 9.084820232045840882e+00 9.593294193713486351e+00 9.673149146289910405e+00 1.169020589603457516e+01 1.184594386963775570e+01 1.218160065839834161e+01 1.228815857781780707e+01 1.426583877866375971e+01 1.437552164005248834e+01 1.449158845949234831e+01 1.453932329290504377e+01 1.511270356893668065e+01 1.530268432211607887e+01 1.577089702751546341e+01 1.583065575532554625e+01 2.130422744529071011e+01 2.147325818982520218e+01 2.152814478151801580e+01 2.184768806597741886e+01
1.926361589661696572e+00 2.098747046175405639e+00 2.298135535645963401e+00 2.361838386250142197e+00 3.342275698871901124e+00 3.441759691539927335e+00 4.385345636204441178e+00 4.412428558672111478e+00 5.766463708089621498e+00 5.807767167320269763e+00 6.249210751974335842e+00 6.311966749437433855e+00 6.767847921389077648e+00 6.855219981912551219e+00 7.463419004663540690e+00 7.476763534709832015e+00 8.526297930951329818e+00 8.844278887380308873e+00 9.883377028184874291e+00 9.965349174740568472e+00 1.187158842020959426e+01 1.196581621537601592e+01 1.223653766254746245e+01 1.240004867580447900e+01 1.418141129318422067e+01 1.440174415385311768e+01 1.444485189241138201e+01 1.455300759082225071e+01 1.499378037000373176e+01 1.521750525862980297e+01 1.613584957796172858e+01 1.614361791878655339e+01 2.118651050448112372e+01 2.148948505230490724e+01 2.155693451231310220e+01 2.174567194339003606e+01
1.987946620186829216e+00 2.137698028985013377e+00 2.500480052242240792e+00 2.567284810642183057e+00 3.108895244710254691e+00 3.209623413573268635e+00 4.568862987128460951e+00 4.588157012551169700e+00 5.592722575681289499e+00 5.649239207525345918e+00 6.239039470417786504e+00 6.350416746729280248e+00 6.770427612268885120e+00 6.899575864894598176e+00 7.648052421452641525e+00 7.658631381146841832e+00 8.282297856218542975e+00 8.595806562297992670e+00 1.010772974586289763e+01 1.018214554033345998e+01 1.204739543688635273e+01 1.220005188778648098e+01 1.237710933115753953e+01 1.253841860694399202e+01 1.409448397540503350e+01 1.438137491032817827e+01 1.441361841631774432e+01 1.463090460231717849e+01 1.492925274902718691e+01 1.520113879651081490e+01 1.649257357234651167e+01 1.651664576390977146e+01 2.102214526064133082e+01 2.148313102146344633e+01 2.156071151287303778e+01 2.172212679549252812e+01
2.022723656738217635e+00 2.154693887371397665e+00 2.601517402568993553e+00 2.694277049348887676e+00 2.965895990145682948e+00 3.059211092810010690e+00 4.676758469215335445e+00 4.734341404336048775e+00 5.403473819135972356e+00 5.489434124695784512e+00 6.255702798320906588e+00 6.396745146771738888e+00 6.808482549111491977e+00 6.991307789079109547e+00 7.793298128889215803e+00 7.805277799146496776e+00 8.072717745219856411e+00 8.330529052317416472e+00 1.027154942732257759e+01 1.030809531448404037e+01 1.219840747476354359e+01 1.242134308713800372e+01 1.255812901836118733e+01 1.271100993620912512e+01 1.400251340966387126e+01 1.431055993611122190e+01 1.444865062804687206e+01 1.472205697414577763e+01 1.491432457860556937e+01 1.526603046582887835e+01 1.681110752516204343e+01 1.685758359090817748e+01 2.085728088393483404e+01 2.147744106777813400e+01 2.154403637810903405e+01 2.182351477424207431e+01
2.042139715962168367e+00 2.193548564565556802e+00 2.546021734033431461e+00 2.628442624388008131e+00 2.990876192305597314e+00 3.066382496530289270e+00 4.744469001396783625e+00 4.827121514254741008e+00 5.224060398699463370e+00 5.329640199669501754e+00 6.337796884632253658e+00 6.467439835404319659e+00 6.853327716554439064e+00 7.053995159191380537e+00 7.812101052936911039e+00 7.902389830341258303e+00 7.974375421575186529e+00 8.065464193763540734e+00 1.037891984268721757e+01 1.038447164084064767e+01 1.234866155845604929e+01 1.252448286932892785e+01 1.269710528173435193e+01 1.294805521084849431e+01 1.386752856977325088e+01 1.421222708336819629e+01 1.453326312786741958e+01 1.474409581728602703e+01 1.499637270528141464e+01 1.537030324935440539e+01 1.704311962871249975e+01 1.712876514565682484e+01 2.073184665093086920e+01 2.150586378765607165e+01 2.159367900810902796e+01 2.196570244516945891e+01
2.093032065975395373e+00 2.228287005818827549e+00 2.438153633434442469e+00 2.524191848875072974e+00 3.070320429537835238e+00 3.132338375235176553e+00 4.798941103352648341e+00 4.860588711916253857e+00 5.084042972059328314e+00 5.185051191421341521e+00 6.456523593330852684e+00 6.547467153241738558e+00 6.888236280838768266e+00 7.047857732591789492e+00 7.654162319392831648e+00 7.811279992890743706e+00 7.996676097281155471e+00 8.040499321843531888e+00 1.042372026896623183e+01 1.045533916734535396e+01 1.245087371236436624e+01 1.255664942921899829e+01 1.284966182890149611e+01 1.317359421909313077e+01 1.369038624505517276e+01 1.409475546663215439e+01 1.458106118988735389e+01 1.471570669137084408e+01 1.518119580872855501e+01 1.543426629511099968e+01 1.719795366055923580e+01 1.730746510124532023e+01 2.065544688726186351e+01 2.156627401882500905e+01 2.165400938247428897e+01 2.215008658297441713e+01
2.182519273617799627e+00 2.236724888016682122e+00 2.361001923880734488e+00 2.453434815691237780e+00 3.135349808183952369e+00 3.187487441087085038e+00 4.817724247970051721e+00 4.871001581685034942e+00 5.013432372924355285e+00 5.074023950048882625e+00 6.564789029446809643e+00 6.609105899095220948e+00 6.910083976238776238e+00 6.978277632967691879e+00 7.514968221740383925e+00 7.691326705014578380e+00 8.040604232827107012e+00 8.083245382035286752e+00 1.044927603853302145e+01 1.049556650938020930e+01 1.249396969355521847e+01 1.255614309490987957e+01 1.304460968653997277e+01 1.334259771862447330e+01 1.349527698700020117e+01 1.398258938735695267e+01 1.459008521120968993e+01 1.467927636898088295e+01 1.534355621651316781e+01 1.545828282153951072e+01 1.729920004045590431e+01 1.739856555905920388e+01 2.061925024047269872e+01 2.161784907779498255e+01 2.168585518636542986e+01 2.232566179393504058e+01
2.229485132346181508e+00 2.238407144977778707e+00 2.365869357738578316e+00 2.392547992542023660e+00 3.184478877785358986e+00 3.187068186490948474e+00 4.801295973954990970e+00 4.895989252468917030e+00 4.993630368281262832e+00 5.027256713104008234e+00 6.619628301661388825e+00 6.623549676282688203e+00 6.919410349305147534e+00 6.931423817985057134e+00 7.459705803312001393e+00 7.658239653737998864e+00 8.055913274776187905e+00 8.097880446812295574e+00 1.045790416618529939e+01 1.050855463522424849e+01 1.250629534369839924e+01 1.255088263878669252e+01 1.319789782909461273e+01 1.334288586041382629e+01 1.341543641800340225e+01 1.392963873079321857e+01 1.458985453285699307e+01 1.466291150874618410e+01 1.538603342889230063e+01 1.548110907761906141e+01 1.733835246512141737e+01 1.742368718698163477e+01 2.060935589487417730e+01 2.164090530496296694e+01 2.169018975265929328e+01 2.239823074599479469e+01
2.050750468344055388e+00 2.220728227698125501e+00 2.367012716941862660e+00 2.529241978114345368e+00 3.194798332081215886e+00 3.243834226774449547e+00 4.606691950307006955e+00 4.697038422156446735e+00 4.994439833847577503e+00 5.246353413843526603e+00 6.526794394453506953e+00 6.632523531967211561e+00 6.748856176955551511e+00 7.180922341720143542e+00 7.414998406870052960e+00 7.730738674252050302e+00 7.963993337958751972e+00 8.199602379263122742e+00 1.045734246881251117e+01 1.049716070658750944e+01 1.248356289081951687e+01 1.255321868848215594e+01 1.318959074791846220e+01 1.336021762431553839e+01 1.344926667199440473e+01 1.385504761351737457e+01 1.460111923383576560e+01 1.466254444724656913e+01 1.511439298689697530e+01 1.576276412547576200e+01 1.725748907901201790e+01 1.751787089726429514e+01 2.058923122371251679e+01 2.138374172607139201e+01 2.191248370291993197e+01 2.214770854838431546e+01
1.822437541411254358e+00 2.017785498212475215e+00 2.439268922134042672e+00 2.710546572749614747e+00 3.294416885254684235e+00 3.332799631866187440e+00 4.251732766564266797e+00 4.366622076337345781e+00 5.021607360452134294e+00 5.400616428444710237e+00 6.381324386200801335e+00 6.491407520956928856e+00 6.715253592340002520e+00 7.388355659450409618e+00 7.484206332338959378e+00 7.783356951388051392e+00 7.943884844768610343e+00 8.302705098457270338e+00 1.043319956242718050e+01 1.049783037037662581e+01 1.243329798867700475e+01 1.254869168436569282e+01 1.311028439110535615e+01 1.338507684665156816e+01 1.353000081959967638e+01 1.368665942613655595e+01 1.464464180474348609e+01 1.466908180438023734e+01 1.482465260190652323e+01 1.608810457521310866e+01 1.716577633374189205e+01 1.764461481262937070e+01 2.052815131533568760e+01 2.106883831374153715e+01 2.142826648102592202e+01 2.212665296065250331e+01
1.552827857917104870e+00 1.759207147063955645e+00 2.423088567808003635e+00 2.941720986443527863e+00 3.429450983353761639e+00 3.475228935780024564e+00 3.809827047307376979e+00 4.026105186923883750e+00 4.974739894250033601e+00 5.468842218196836136e+00 6.189595329091550191e+00 6.342471167209648542e+00 6.677875659500028149e+00 7.417237838206387046e+00 7.751298539532560206e+00 7.826312864992013729e+00 8.031314600551077376e+00 8.375422051494032516e+00 1.034954654937866181e+01 1.057147852599414506e+01 1.237489597492941051e+01 1.250694817838804873e+01 1.284485431139461475e+01 1.338585849188179466e+01 1.356786193955207409e+01 1.357607652712021640e+01 1.452007826390982714e+01 1.470523247946629652e+01 1.480017518482482508e+01 1.640707535905300318e+01 1.709457709910283185e+01 1.775362797038255280e+01 2.024379558869808093e+01 2.052550897677803121e+01 2.072349600853183915e+01 2.231521165605486345e+01
1.248327731025644205e+00 1.453393773813695056e+00 2.250861421567475595e+00 3.209901514345682383e+00 3.391064421783776872e+00 3.531842583995807416e+00 3.677244410370434924e+00 3.706755369135986466e+00 4.897589333090763830e+00 5.460618740361368850e+00 5.956233436337941889e+00 6.217168176677485114e+00 6.607588264376253129e+00 7.459154217220859806e+00 7.747537968831971433e+00 8.115658707172606512e+00 8.188745138015116609e+00 8.411692996431764158e+00 1.023533563557365333e+01 1.070361229284359794e+01 1.216915711055136917e+01 1.233256813753312464e+01 1.264222001842815146e+01 1.334175644691149643e+01 1.349623169638923947e+01 1.353205278913710430e+01 1.430386988916712099e+01 1.471098995946226928e+01 1.505243769106934693e+01 1.671373856535777946e+01 1.704034336886598666e+01 1.777037839680843234e+01 1.903970753314827746e+01 2.035681569377486255e+01 2.037220161533386786e+01 2.248074993380732067e+01
9.243385217600080805e-01 1.113482683363935077e+00 1.854431980813129099e+00 3.104660897481214210e+00 3.369083592062025900e+00 3.441952417773807227e+00 3.693062891793922553e+00 3.952357129419675985e+00 4.824415123177134390e+00 5.405160486009922494e+00 5.688512375568645751e+00 6.117035888657300191e+00 6.511725256472680634e+00 7.470966827533215060e+00 7.775894980826609348e+00 8.181196921523856247e+00 8.415225675595417343e+00 8.543526537567343482e+00 1.010609933346489520e+01 1.087053088137678714e+01 1.153326123710885831e+01 1.229082157113277063e+01 1.261173440559250025e+01 1.324734116178952092e+01 1.336854879519165884e+01 1.342502706268557944e+01 1.415843603425724417e+01 1.470128335679324572e+01 1.535326941202968243e+01 1.696121620565843813e+01 1.701063295614293125e+01 1.727142672274144530e+01 1.833862499913917787e+01 1.998162805173517498e+01 2.026455863353211839e+01 2.262155141453271412e+01
6.094613660456712489e-01 7.519195297021341595e-01 1.300782929001915056e+00 2.955638353698738729e+00 3.176207326589621349e+00 3.546912320482436431e+00 3.981801805991889154e+00 4.173797332866072907e+00 4.773551909370368662e+00 5.344039789783542105e+00 5.396013776273105300e+00 6.042881967133745924e+00 6.408170455796743603e+00 7.447939979007000666e+00 7.809690212962649980e+00 8.176544992978882931e+00 8.422709299567342711e+00 8.857369580214127680e+00 9.975340876028797155e+00 1.079403891655242553e+01 1.103326659376794261e+01 1.226646762282033265e+01 1.259994136858144920e+01 1.312861345048537665e+01 1.314100191082513724e+01 1.330479051976901594e+01 1.409702466424316469e+01 1.466492588341235859e+01 1.562066850899576664e+01 1.628420860133250159e+01 1.702180799140426970e+01 1.730042369859832974e+01 1.829159932677779921e+01 1.961978020560008673e+01 2.017214711936457050e+01 2.273140931901342654e+01
3.099762718275156925e-01 3.784765672006593640e-01 6.736295865774756253e-01 2.953106830922838100e+00 3.104073152712752304e+00 3.589527085083086266e+00 4.305180652178989043e+00 4.331585537144321485e+00 4.755331722630914193e+00 5.095821359390936500e+00 5.311366602726245389e+00 5.996818050893914176e+00 6.324559438179388593e+00 7.412665058512317273e+00 7.834781487475797945e+00 8.036475920419990260e+00 8.468313648626422108e+00 9.091275034856577619e+00 9.861775847654993044e+00 1.014392497484157829e+01 1.115052379134563765e+01 1.225496908888814929e+01 1.258302250421329127e+01 1.290440459571858334e+01 1.303222129621383552e+01 1.321350805181185351e+01 1.409341487429456841e+01 1.461651989302871080e+01 1.575995744931380749e+01 1.579703374064551724e+01 1.700121961789668035e+01 1.755329500579226831e+01 1.832098194985795914e+01 1.932101425983399068e+01 2.010839391511016672e+01 2.280201259445055229e+01
-1.018045809200364893e-03 -7.926891886390540973e-04 1.561988146111528482e-07 2.979208522219640276e+00 3.108257463225781780e+00 3.602195324410869759e+00 4.389375082576909115e+00 4.513983880700277673e+00 4.757097222483086085e+00 4.897372184438022025e+00 5.307274133192996679e+00 5.981164936664880472e+00 6.291731023543191803e+00 7.395552480189974354e+00 7.845049868784184532e+00 7.922909552622988016e+00 8.494403781435321932e+00 9.185474826538687410e+00 9.809668373290769239e+00 9.884718198476887707e+00 1.119298316433354756e+01 1.225221123893684627e+01 1.256737274248355973e+01 1.281267819198453140e+01 1.299557244591808036e+01 1.317978825621110417e+01 1.410128911318550138e+01 1.459231915152146719e+01 1.560463151207597043e+01 1.585745480502585458e+01 1.699617211038129483e+01 1.766644263028050332e+01 1.833515096721232851e+01 1.919303160877953829e+01 2.008550084438755690e+01 2.282643655586443288e+01
3.272299491226478008e-01 4.060289126028600593e-01 6.350321054298501133e-01 2.974351885993698819e+00 3.082294591334812317e+00 3.569008822206094056e+00 4.320763586511545462e+00 4.652450786799404270e+00 4.755588675075733462e+00 4.874708576123142123e+00 5.368767752503700308e+00 5.996059614529849036e+00 6.206799003233923528e+00 7.378663680947918024e+00 7.944524294731935221e+00 8.394237284948641076e+00 8.489520238745907221e+00 9.178655784740566759e+00 9.770975580709384545e+00 9.926773416553443141e+00 1.119479852809353559e+01 1.242616421411426231e+01 1.277570770628135044e+01 1.280172094217905965e+01 1.297259017649906809e+01 1.314784846248248762e+01 1.411390574364005346e+01 1.465008572821989219e+01 1.558184914470701088e+01 1.587812540518980775e+01 1.699129897312952764e+01 1.767873572130456949e+01 1.832973760117265627e+01 1.918516418367364196e+01 2.011686291353025169e+01 2.280215029824352868e+01
6.514132523545167475e-01 7.973546831991936701e-01 1.261972251435234504e+00 2.958554393147473149e+00 3.152071009178807337e+00 3.467754119586418771e+00 4.304358312839402956e+00 4.762514352281613128e+00 4.806693581784954539e+00 4.873077536360071349e+00 5.522806380498058942e+00 6.040703181755507245e+00 6.086192675543896868e+00 7.327273022177423378e+00 8.084753059650779505e+00 8.479178230790139992e+00 9.157544041439624749e+00 9.235334494936179084e+00 9.665880758049095078e+00 1.005227680161342363e+01 1.120037566407854968e+01 1.259270226950419769e+01 1.277050352045390547e+01 1.291063418527538964e+01 1.304735034129686788e+01 1.359924738518896348e+01 1.415467983968547649e+01 1.502588129933848471e+01 1.551574637781160959e+01 1.594279030896884386e+01 1.698280284588801692e+01 1.771380418037633930e+01 1.831294424160426715e+01 1.916230989860681788e+01 2.021814846271109545e+01 2.273358402252740973e+01
9.677335913969181691e-01 1.159249522573025049e+00 1.869609526480028761e+00 2.929050202045448525e+00 3.313762424048575461e+00 3.394234804143075657e+00 4.368632211454587022e+00 4.694069670488526747e+00 4.786030844532072948e+00 5.112639828193463742e+00 5.710887273403356446e+00 5.954487061831346573e+00 6.114623954891774460e+00 7.240722612037020056e+00 8.261976150350410109e+00 8.475649220337679424e+00 9.120182098357652478e+00 9.513966385044357210e+00 9.825697935146360251e+00 1.025757351915068405e+01 1.120122231409298053e+01 1.272399846799977574e+01 1.277375255321754821e+01 1.282359695247031439e+01 1.287502032305904365e+01 1.406926679989774343e+01 1.422761865399071723e+01 1.541223981365758533e+01 1.595426075052660941e+01 1.635871809872583071e+01 1.706570334255270893e+01 1.776696903013462503e+01 1.828367315189963449e+01 1.912709731814511471e+01 2.042625174676478750e+01 2.263547340225586524e+01
1.268778833489194069e+00 1.476378656952705537e+00 2.441944982485587889e+00 2.883746581322146785e+00 3.134858011243399911e+00 3.737919904470972998e+00 4.478221113301000145e+00 4.537531050063438265e+00 4.816097138063303973e+00 5.352641003170766076e+00 5.780940974239189067e+00 5.877152748712615171e+00 6.216183840832502305e+00 7.121265939541277845e+00 8.432810907654035404e+00 8.495969745446474874e+00 9.063552833135304354e+00 9.345134624878109975e+00 1.022425556199480567e+01 1.053319066973568852e+01 1.118571106199732590e+01 1.262461208882432118e+01 1.267041547233932874e+01 1.273913728866292772e+01 1.300406675012649416e+01 1.414866629319582358e+01 1.433241389135482358e+01 1.527915368340843294e+01 1.610656615409120107e+01 1.676594352767826379e+01 1.783238103994903057e+01 1.815781802326943151e+01 1.824146549856533994e+01 1.908608795129484648e+01 2.086046855840001157e+01 2.254115498594536149e+01
1.543170424018587727e+00 1.729815371616260755e+00 2.824551246057047660e+00 2.955701015969736112e+00 2.959726878101698766e+00 4.121602357628811220e+00 4.336368528450972093e+00 4.599491820317210156e+00 4.835482432024832633e+00 5.548511908948263738e+00 5.577940770697787265e+00 5.977899343186523495e+00 6.342139490411754288e+00 6.975515525067588207e+00 8.553866016413950391e+00 8.582101581980834837e+00 8.984704003716766252e+00 9.172892393530105437e+00 1.052908102043430461e+01 1.086329860515970758e+01 1.114709493605172597e+01 1.232272764703047052e+01 1.262051383356678791e+01 1.265859251168606825e+01 1.327042691463810620e+01 1.411880172690654867e+01 1.446488618673583737e+01 1.512479327503024429e+01 1.623722376113853372e+01 1.672023637194284618e+01 1.790458494280506230e+01 1.818732222175282587e+01 1.897545552298301885e+01 1.912110884762638818e+01 2.157510138841469427e+01 2.254734700323924912e+01
1.769679448378216113e+00 1.888046232693318505e+00 2.764420822013513579e+00 2.808660200433627185e+00 3.407066923963358640e+00 4.086397766137322307e+00 4.515349247035550739e+00 4.707663148950991250e+00 4.828780984457173631e+00 5.254006862884867957e+00 5.772321199837043615e+00 5.990705599661360736e+00 6.487869533632598440e+00 6.813753746929468669e+00 8.649293205938896278e+00 8.719194645722517123e+00 8.883462057573431991e+00 9.009071844229712411e+00 1.075415812712586039e+01 1.108403201385580594e+01 1.122793983911408588e+01 1.197723805543344611e+01 1.258628232666710289e+01 1.260258598598959523e+01 1.353329011322797193e+01 1.402589403888645947e+01 1.461861791564964363e+01 1.495750977942841686e+01 1.637146994464239214e+01 1.662973175237207712e+01 1.797926257458597377e+01 1.812362489749622441e+01 1.898632074089779209e+01 1.941084416980520189e+01 2.197578096737345987e+01 2.287704407094894421e+01
1.903113080062754037e+00 1.903869620044089661e+00 2.739510487270490735e+00 2.744191054112603556e+00 3.768194425470574593e+00 3.792280116548392588e+00 4.784499902883653455e+00 4.788695895299078131e+00 4.857850512457619452e+00 4.945654146412359786e+00 5.916749679790372696e+00 5.916799020930707975e+00 6.644376775339603469e+00 6.650989896737552698e+00 8.764129939899124366e+00 8.768589084468583650e+00 8.856892475834294842e+00 8.860088489601212203e+00 1.086285218108834982e+01 1.102970769092430103e+01 1.160331646616894474e+01 1.160872920498754191e+01 1.257823665122349333e+01 1.257830349784041246e+01 1.368608414517085237e+01 1.393657619752062260e+01 1.478154366570571909e+01 1.479002906109980131e+01 1.647549021733266628e+01 1.654072183076673141e+01 1.805027072089724527e+01 1.805624241405039498e+01 1.897464234196478117e+01 1.949013752172794511e+01 2.202476484490573938e+01 2.311489649340266084e+01
1.889044127458514799e+00 1.896746791311163083e+00 2.727802534179140537e+00 2.744005907926434062e+00 3.784891781673314970e+00 3.806557243816409919e+00 4.779472145672849059e+00 4.793025734678691308e+00 4.856738011254979170e+00 4.945529922913905807e+00 5.924367471169550647e+00 5.925464290442342907e+00 6.668703629875861516e+00 6.678313170559309064e+00 8.543454517332095932e+00 8.543969758045564689e+00 9.027172925411347748e+00 9.031090194612714228e+00 1.085663351699722057e+01 1.101555594764878876e+01 1.163480067430489129e+01 1.164506783635507503e+01 1.259249864080567249e+01 1.262906964775827667e+01 1.368048900965437120e+01 1.391777966743961592e+01 1.472254700609499878e+01 1.474245575365010019e+01 1.649347909757305075e+01 1.655236746342348653e+01 1.794279869085005785e+01 1.798540136570780845e+01 1.906649574311259343e+01 1.948885120962181006e+01 2.201968165645042319e+01 2.309993339075906604e+01
1.868490961664299954e+00 1.876893576398960262e+00 2.727998631874527291e+00 2.750112374421921135e+00 3.764617743441192488e+00 3.867111706770917312e+00 4.756641853716724988e+00 4.808090082748361915e+00 4.856274253455814538e+00 4.954399092201637878e+00 5.940683831775684709e+00 5.949199101918873467e+00 6.737745274392239914e+00 6.760059884644902262e+00 8.241140436760467480e+00 8.251957972505904237e+00 9.157253623345807725e+00 9.183516952813446821e+00 1.085359955300068613e+01 1.099006433946474459e+01 1.171831804303315927e+01 1.173909031940658743e+01 1.263063010149165954e+01 1.275614568502939150e+01 1.366222017408506417e+01 1.385842817560148887e+01 1.454250802224191830e+01 1.460278678100029914e+01 1.653998647664484878e+01 1.658330967501156294e+01 1.771904625909112951e+01 1.781121047620134945e+01 1.924955199714543497e+01 1.947766510005813601e+01 2.201441732536181561e+01 2.305534665965385344e+01
1.849359596792719218e+00 1.884188460271309706e+00 2.771846953288199522e+00 2.773791456810128508e+00 3.733574606715532873e+00 3.872988528066317215e+00 4.730923989494543846e+00 4.811846527127318751e+00 4.864018489130934597e+00 4.981015254075776610e+00 5.954132928836708416e+00 5.981658978183787667e+00 6.837899224227813377e+00 6.890839605612901764e+00 7.922960395032169423e+00 7.943334283843391574e+00 9.202368159214325161e+00 9.257839295878126151e+00 1.087653337461268599e+01 1.098123073082816248e+01 1.183462591662666519e+01 1.186335531187521930e+01 1.267845459836332189e+01 1.289608587590394606e+01 1.362372690742387960e+01 1.374960574050483508e+01 1.424627772941665071e+01 1.439023295974536154e+01 1.659334270116917054e+01 1.662004476748395732e+01 1.750169395832242003e+01 1.761886636056640043e+01 1.941709156142311343e+01 1.945277844811156598e+01 2.203402498741478865e+01 2.298308198662354584e+01
1.819082695709153263e+00 1.941278419576895953e+00 2.818572493938158896e+00 2.845192997145021607e+00 3.686313956195956365e+00 3.802708721602658049e+00 4.714247042564649881e+00 4.798608543051999575e+00 4.889492054571791257e+00 5.013844602868938516e+00 5.957692468929521645e+00 6.012606870440937890e+00 6.939505883371647421e+00 7.049012251078598190e+00 7.628198466170675651e+00 7.646712034880144060e+00 9.167247903222083494e+00 9.241017824436635664e+00 1.092512448978555106e+01 1.099933521313572804e+01 1.196764713922648937e+01 1.199427020248044151e+01 1.270811448294148960e+01 1.297010666876307816e+01 1.352784568623224715e+01 1.358844603340802060e+01 1.390294355577170116e+01 1.415625075135151789e+01 1.662331466298638460e+01 1.664094003896540741e+01 1.735835771653884763e+01 1.748414155325911779e+01 1.943211950574041325e+01 1.952074602575942208e+01 2.210303933147475774e+01 2.288862578466308761e+01
1.786640965404229675e+00 1.978340135765645158e+00 2.878290064084802591e+00 2.913668984276307938e+00 3.609528578467340321e+00 3.681553895631552553e+00 4.714502863680993805e+00 4.770940198394338694e+00 4.940322148399416413e+00 5.040736175780993200e+00 5.947540302137873880e+00 6.029234503400298983e+00 6.967245431234814212e+00 7.144150928508614662e+00 7.448299603108816669e+00 7.456763444806413510e+00 9.069746392014348402e+00 9.136771792889700095e+00 1.097238506441019190e+01 1.103140041758971890e+01 1.209807947653290405e+01 1.210212839413332908e+01 1.266301155080203955e+01 1.291618494509479831e+01 1.330368649756382915e+01 1.341996810847996180e+01 1.370484637150359752e+01 1.395307142387393284e+01 1.661298117143930497e+01 1.663499000388088334e+01 1.730802047146313072e+01 1.742462799550835584e+01 1.944603579333344712e+01 1.955034169346365047e+01 2.222491615404155496e+01 2.278174637355711951e+01
1.753535614522115482e+00 1.872514767993484597e+00 2.940730109792772495e+00 2.958106574518081899e+00 3.497556156821045814e+00 3.558596775539165868e+00 4.730321014967048932e+00 4.748571579385877151e+00 5.012763530017064539e+00 5.051720554628160720e+00 5.919803190772842783e+00 6.021335672230566871e+00 6.856493446046728835e+00 7.008981713379509593e+00 7.473816334920552862e+00 7.552139312953705108e+00 8.928412371020169047e+00 8.964493980343682722e+00 1.097115267367619573e+01 1.105646175804028530e+01 1.206571328935354614e+01 1.221738789745031006e+01 1.256769165091465013e+01 1.278451166501846359e+01 1.314768084903398560e+01 1.328417899991497819e+01 1.362748161232065591e+01 1.378662759074249244e+01 1.657844870511222624e+01 1.661530216160374707e+01 1.732014570832559386e+01 1.740248945715202566e+01 1.951057428538496197e+01 1.952489068935065575e+01 2.237558922247330173e+01 2.267553407920349784e+01
1.494984425357335223e+00 1.726644920433119346e+00 2.994022835139319216e+00 3.012740008420697890e+00 3.366154943945296463e+00 3.458993511938107890e+00 4.754930054502948700e+00 4.760188544221994000e+00 5.036645369820005769e+00 5.085239588534694377e+00 5.877117381902727367e+00 5.990331214647199864e+00 6.730896910091400009e+00 6.851007679151411622e+00 7.601896545497792701e+00 7.741651896593292115e+00 8.752802372438067025e+00 8.758138861464994207e+00 1.087248519190876728e+01 1.106649969549651580e+01 1.188194235374389862e+01 1.228675357141016988e+01 1.261178824735919690e+01 1.270421816717808206e+01 1.309271709961632624e+01 1.316490152093987298e+01 1.358182858857166408e+01 1.364840019523348147e+01 1.654402034524893494e+01 1.659745207304137082e+01 1.735295151745332376e+01 1.738464477311341128e+01 1.947641252143531787e+01 1.960697846643327935e+01 2.251765417125852053e+01 2.258456092416824390e+01
8.584442395286285832e-01 1.711982108763747013e+00 3.033705076411746138e+00 3.098805619192076310e+00 3.250075831030684981e+00 3.364955989406563486e+00 4.778669828121220320e+00 4.810645239480128232e+00 4.993760097603411552e+00 5.133674812449662284e+00 5.837605827560559568e+00 5.954962876823222118e+00 6.657693922948074494e+00 6.755646006166139195e+00 7.748109875594950680e+00 7.938016796592970437e+00 8.537413773232344738e+00 8.586358234162238645e+00 1.071905772626852027e+01 1.106865838826213277e+01 1.177024770099906981e+01 1.231007752408978817e+01 1.269216215856094898e+01 1.270351730253627665e+01 1.305302631813191816e+01 1.308267836374792559e+01 1.354535653142018248e+01 1.355560257839580807e+01 1.652136550374667934e+01 1.658677178501071126e+01 1.736791614546563878e+01 1.738063803751505532e+01 1.943435628445327978e+01 1.969174252724807062e+01 2.252277878572848735e+01 2.261737148941797315e+01
2.830359412508153261e-01 1.708081087902470374e+00 3.053214816174040003e+00 3.163381379149853956e+00 3.198100077470708680e+00 3.300946505209884307e+00 4.788840005277883449e+00 4.854256566304251841e+00 4.955357027441793960e+00 5.149558833773952848e+00 5.822007035678719689e+00 5.939641026258365208e+00 6.635121048498397123e+00 6.725113355327406062e+00 7.824811690575661949e+00 8.055800754002232722e+00 8.411961744295217258e+00 8.499464319122374434e+00 1.064693555817689408e+01 1.106915490710980166e+01 1.174215145993657394e+01 1.231485858129897437e+01 1.269268579144669395e+01 1.274954886036220536e+01 1.302996326551955875e+01 1.305824771354822467e+01 1.350431105660313591e+01 1.354723991721434651e+01 1.651365588830346809e+01 1.658335000680259697e+01 1.736090491367326294e+01 1.739105963167521907e+01 1.941810532598980998e+01 1.972512471756241936e+01 2.250082140519516827e+01 2.265305568149853954e+01
5.618636159872780755e-01 1.741254908023961878e+00 3.001481482693990621e+00 3.093509762206753333e+00 3.213902176748204553e+00 3.325992275655057284e+00 4.751376025652845669e+00 4.761630047406926636e+00 5.050593544900088716e+00 5.159943924705337359e+00 5.858261865447609296e+00 5.968757324666537301e+00 6.660369596084411370e+00 6.740193061931609719e+00 7.890379822350475969e+00 8.112522956617894465e+00 8.426039951869967126e+00 8.493317579170415854e+00 1.069709045597042874e+01 1.103966670636768832e+01 1.174397331280258783e+01 1.229569037202270643e+01 1.268620143133061440e+01 1.272049421932683799e+01 1.304427374677751494e+01 1.307608259061997913e+01 1.355163842214591874e+01 1.357314077386791240e+01 1.650799279829722366e+01 1.657823353713155612e+01 1.725595287187417526e+01 1.727731367998618595e+01 1.949139095992820714e+01 1.977317093558930949e+01 2.246052216302120286e+01 2.260498108420590313e+01
9.901934109255556837e-01 1.830611931281504789e+00 2.884975590187254912e+00 2.951626437968255967e+00 3.233680463310015796e+00 3.345848639605028652e+00 4.570266862467968316e+00 4.635048229801205011e+00 5.214450170175711108e+00 5.242539449687602549e+00 5.951764875093268792e+00 6.045707139620302151e+00 6.729687932870294986e+00 6.786445009101133685e+00 8.040050285015695408e+00 8.204257399008023199e+00 8.491242804793621701e+00 8.513883893672300474e+00 1.076664998714982779e+01 1.095060954930966091e+01 1.180526754326021788e+01 1.223422762091704641e+01 1.257794586664490666e+01 1.276698571960208994e+01 1.308832829571979239e+01 1.316964196506441098e+01 1.363515685134983713e+01 1.364762095093634464e+01 1.647657428978609317e+01 1.654416306762023936e+01 1.698243701088889779e+01 1.699419562896448710e+01 1.966932780207118370e+01 1.989613400913504293e+01 2.234834745520375421e+01 2.247303124454514034e+01
1.402496106170128432e+00 1.954395700762381782e+00 2.753308336350983598e+00 2.795143585360265082e+00 3.241429355125108103e+00 3.338254679624910626e+00 4.334379465156808386e+00 4.407417012906205578e+00 5.411331262379907692e+00 5.419850557933484581e+00 6.071256716672089659e+00 6.145979657908313243e+00 6.827489360596755041e+00 6.861063138021690655e+00 8.131447413233503951e+00 8.202954746748124748e+00 8.586275535926613856e+00 8.710969068295469242e+00 1.072320362002716188e+01 1.080794313482623359e+01 1.197288682418867189e+01 1.214199635389650922e+01 1.251505000923237532e+01 1.287485278813072576e+01 1.320937687698191887e+01 1.328316557757118055e+01 1.371380261877489559e+01 1.374268684715721456e+01 1.637518097335923883e+01 1.640635912589305079e+01 1.663972749582631394e+01 1.666772940586733753e+01 1.989242908416760969e+01 2.006271606659509743e+01 2.218701506631331455e+01 2.228943595607157491e+01
1.771511773378129817e+00 2.091980220777751143e+00 2.656108025332611255e+00 2.670542112614286534e+00 3.233051769996346358e+00 3.305264382975216186e+00 4.060623622150693279e+00 4.120403990978046771e+00 5.624456045415787031e+00 5.640167241152743927e+00 6.186420839659091619e+00 6.242430020146732872e+00 6.936837526741309823e+00 6.954707283942155094e+00 8.080663745554177879e+00 8.119056282541105674e+00 8.797350190906275458e+00 8.941156822702144069e+00 1.057416610426314030e+01 1.062406061212284492e+01 1.207764654301993446e+01 1.211811106950098882e+01 1.263237966502457610e+01 1.303355826455864808e+01 1.335510623546900710e+01 1.340315315768466675e+01 1.379149255442903765e+01 1.382125236053208894e+01 1.609623416635842474e+01 1.611962728736798312e+01 1.633825881378781375e+01 1.641703582350037394e+01 2.013790132607275751e+01 2.026427530831656654e+01 2.200333189690696756e+01 2.209207103999665733e+01
2.087126480950763252e+00 2.231915918689737044e+00 2.615308273298425412e+00 2.637254302608174950e+00 3.204151688829419253e+00 3.250081721298463844e+00 3.769004539842320423e+00 3.808002684530378712e+00 5.840068465869865832e+00 5.852297792575270385e+00 6.274613029639911410e+00 6.313743563009073689e+00 7.046189990516064761e+00 7.058337044517291048e+00 7.952243109748747152e+00 7.976184216161248841e+00 9.033629017687854201e+00 9.150865308639120954e+00 1.038037017810103002e+01 1.041193494716994472e+01 1.214028097645785031e+01 1.220598506826529217e+01 1.287855725109321448e+01 1.318918059147004485e+01 1.348696962315032977e+01 1.351324726560542722e+01 1.384247692991847423e+01 1.386808118023006564e+01 1.576148440212739743e+01 1.577522052649273121e+01 1.607472643551545843e+01 1.613274646334144080e+01 2.040148143581159701e+01 2.050484031903494397e+01 2.181571752830736344e+01 2.190505736873682707e+01
2.348019782481991502e+00 2.383735499976844530e+00 2.650541398210539690e+00 2.694884958798365648e+00 3.151448893153852460e+00 3.175206044395088689e+00 3.476179738131616848e+00 3.497706830266097633e+00 6.031297313128148652e+00 6.036071659084115026e+00 6.323307846617904460e+00 6.348802653826470355e+00 7.153641919418136652e+00 7.170624792563666361e+00 7.788121027955419606e+00 7.796842425493421658e+00 9.260013071047620059e+00 9.341502257270953180e+00 1.016981575653490744e+01 1.018381879383962385e+01 1.233055168087485498e+01 1.237763452637129014e+01 1.310643227849817016e+01 1.328455819743082600e+01 1.357324877926737194e+01 1.358356254497339499e+01 1.383991339928098441e+01 1.386497574375432151e+01 1.546757835127149150e+01 1.550215454813263349e+01 1.580308828443349256e+01 1.582360475325369009e+01 2.067317282864092576e+01 2.077549202910730131e+01 2.162754060032050774e+01 2.172909529259548478e+01
2.556995873400767394e+00 2.576526917987159493e+00 2.738139271528150065e+00 2.789460229788681467e+00 3.080332963016199521e+00 3.084607925760136649e+00 3.199784780469665524e+00 3.226385727323416663e+00 6.173897818487495748e+00 6.180342928641701761e+00 6.329650341379460698e+00 6.345342886196995380e+00 7.268045742582470936e+00 7.296269600272074385e+00 7.607893074011422563e+00 7.618199581237154128e+00 9.480875361141453794e+00 9.530373545266856539e+00 9.946686073860478317e+00 9.957666676651202309e+00 1.262184491817238907e+01 1.264311719079960916e+01 1.320067170968406423e+01 1.323602857100716612e+01 1.356859873956034868e+01 1.365178888307579719e+01 1.380383739367156615e+01 1.382625232894428358e+01 1.526066815167732393e+01 1.531691690873795864e+01 1.558858062271831635e+01 1.561184108394296288e+01 2.093485136694935633e+01 2.104315097902401277e+01 2.143283729631218293e+01 2.155140055959922307e+01
2.695623241020848049e+00 2.722358372364018564e+00 2.777200703275312765e+00 2.827496866132620301e+00 3.021896097396884695e+00 3.040288954639642327e+00 3.042906724610905389e+00 3.085790809053648331e+00 6.240803318165120572e+00 6.255171223622721932e+00 6.312756465945379425e+00 6.319493884185329868e+00 7.362442817420968844e+00 7.421563499213407411e+00 7.463958633834092637e+00 7.493904221545420796e+00 9.672477842519336733e+00 9.702708273420533658e+00 9.737267251127518009e+00 9.785042133565617917e+00 1.285194021739346404e+01 1.288206227697702566e+01 1.308048622241034842e+01 1.308866063891731635e+01 1.363152197381098674e+01 1.364096714552491285e+01 1.378550757606496013e+01 1.380197509648044196e+01 1.518383568212747647e+01 1.524187027067752354e+01 1.551399201706520437e+01 1.554373274290755269e+01 2.111588549915878588e+01 2.121858462267202938e+01 2.127450144681156274e+01 2.141557711921421614e+01
2.679604663402265441e+00 2.748043326166508926e+00 2.769914324710891051e+00 2.830416117002785281e+00 3.023926736091284262e+00 3.057019055210146607e+00 3.108914489668447967e+00 3.139039483075766412e+00 6.210703715783150614e+00 6.254172693358138524e+00 6.292497714763144678e+00 6.303975423045137916e+00 7.158347092932394240e+00 7.201197441839752855e+00 7.706382468194133750e+00 7.733974168643675817e+00 9.522040889452089374e+00 9.593464092432967050e+00 9.846634787531522548e+00 9.903785110169932793e+00 1.277040180347884402e+01 1.280347529216929559e+01 1.312957833598054513e+01 1.314837540113355097e+01 1.361418559338200751e+01 1.370997344221251701e+01 1.376149707301935088e+01 1.383408898386167429e+01 1.517599907117845959e+01 1.521511096588581857e+01 1.558273538890523469e+01 1.560473115148225709e+01 2.112242170137452035e+01 2.119438015265707520e+01 2.130298976539101119e+01 2.141147746775905958e+01
2.678306273780238556e+00 2.711996679117720799e+00 2.794095933822116073e+00 2.813359539022280753e+00 3.112788404913972684e+00 3.147910512651380888e+00 3.232039491116552199e+00 3.264337797493911175e+00 6.156998521304850591e+00 6.220779626873267354e+00 6.245239493538483622e+00 6.256336947105707758e+00 6.951768433909918166e+00 6.984566485101132649e+00 7.997156495911690754e+00 8.016608082834229876e+00 9.350035401445140337e+00 9.409824829356882248e+00 9.988453763490193538e+00 1.002195383158653286e+01 1.263104805243488116e+01 1.267024872677320424e+01 1.317173687989367004e+01 1.318847190786043377e+01 1.368138172386396079e+01 1.375828133179127910e+01 1.379981122775315505e+01 1.385876228175507840e+01 1.518431536226814949e+01 1.520143562201557508e+01 1.574191657519370580e+01 1.574937941171636879e+01 2.113726068811416781e+01 2.115636284878368656e+01 2.136813799113827983e+01 2.139922025194394095e+01
2.669469803650033946e+00 2.681113415417572643e+00 2.769315104370117631e+00 2.791961759751028449e+00 3.289193656939448207e+00 3.296893295545641589e+00 3.395975224579975915e+00 3.435615414278337276e+00 6.102327577447541174e+00 6.153656282614998752e+00 6.177101542612557061e+00 6.195173558822554050e+00 6.781318402333088358e+00 6.803451745886530233e+00 8.257209995840192107e+00 8.275148870227395648e+00 9.175743703047098521e+00 9.229471016581713982e+00 1.010193021171179595e+01 1.012078293638455229e+01 1.249231918987027434e+01 1.253772322919399862e+01 1.315318862749391116e+01 1.316315204288294183e+01 1.375252416408847012e+01 1.379065179162299870e+01 1.386516382461526931e+01 1.388244898098925084e+01 1.522458258545510112e+01 1.530377367081422690e+01 1.591991060866765118e+01 1.595337572401313686e+01 2.110688312798831490e+01 2.118947281763362867e+01 2.138488747258001510e+01 2.145716944048924191e+01
2.634255837445444115e+00 2.660591806731388953e+00 2.722587051701782279e+00 2.778582305408524800e+00 3.478167117733277802e+00 3.509678546999615012e+00 3.577712950483803223e+00 3.632040265010930913e+00 6.051437225471879344e+00 6.058471160537266975e+00 6.092301834814907835e+00 6.146086677307248891e+00 6.632716350851788789e+00 6.675767951022727686e+00 8.392304793472362689e+00 8.433613414220706872e+00 9.064342021764389301e+00 9.123787911488307145e+00 1.017499088992757272e+01 1.019681895215097178e+01 1.236758185716883318e+01 1.242291098587017473e+01 1.307949677896293750e+01 1.312290552718124204e+01 1.372954807397233523e+01 1.380424214703828234e+01 1.386020978612354781e+01 1.394779028918108388e+01 1.535914460712318252e+01 1.550096907541296432e+01 1.610793044058754475e+01 1.616114604500269536e+01 2.110242599356506332e+01 2.124467501291211136e+01 2.138471754171295203e+01 2.155919901584778486e+01
2.595783034055442862e+00 2.625461784098276574e+00 2.679249014347163449e+00 2.768944134915956923e+00 3.686519839921949426e+00 3.730527140004290754e+00 3.759777270880753530e+00 3.829519380830239683e+00 5.934622935090230200e+00 5.969223960393574835e+00 6.033923481757048179e+00 6.090215759529820971e+00 6.537399906221076584e+00 6.619304190632598228e+00 8.280206236220056581e+00 8.378766619902032531e+00 9.131933065528192728e+00 9.198848335648259322e+00 1.020867431294783323e+01 1.023367316823647499e+01 1.226667884800668951e+01 1.233824545231447267e+01 1.298924927391819040e+01 1.307268519095170589e+01 1.366990540887230843e+01 1.376165133119417128e+01 1.382866816780918029e+01 1.395448633247137771e+01 1.557419077639659122e+01 1.575008596122697746e+01 1.628567999333199623e+01 1.633663730048140295e+01 2.114414524570542042e+01 2.130695363902126260e+01 2.141499911426162228e+01 2.166300396984225429e+01
2.555402629177658813e+00 2.581425166441225993e+00 2.650002711791879406e+00 2.762248318476808961e+00 3.899188686354851718e+00 3.928067517718425883e+00 3.937355930390466163e+00 4.009736193212050104e+00 5.810422332598351502e+00 5.855738034962444161e+00 5.962725429700199697e+00 5.991204788078452914e+00 6.547578443506671952e+00 6.664763886650967528e+00 8.019710283299328779e+00 8.160122496472679288e+00 9.306529511178487368e+00 9.383950237370063618e+00 1.019958478310701366e+01 1.022356920474144815e+01 1.219941277961312309e+01 1.229015560799608586e+01 1.289640938790631708e+01 1.302310138755473190e+01 1.359913789161113584e+01 1.369046176132742687e+01 1.378017375227191188e+01 1.390281841559684040e+01 1.582142067472892499e+01 1.599220226254670685e+01 1.643043182777615385e+01 1.646134690215917473e+01 2.122220230705650934e+01 2.137325125914581747e+01 2.147485585625578963e+01 2.175740465149270619e+01
2.519237718795454661e+00 2.538789819995053598e+00 2.633214853241026887e+00 2.759012932299619969e+00 4.076012244969572151e+00 4.092731214525485051e+00 4.106424167173696738e+00 4.159911402755306575e+00 5.700887621560852381e+00 5.750897019328262694e+00 5.845270320317230706e+00 5.871221483953982023e+00 6.669140152487947226e+00 6.808098615498465733e+00 7.718378300125240621e+00 7.879487223466172807e+00 9.499069039284249172e+00 9.577263636000648006e+00 1.014356070019839962e+01 1.017060384400359574e+01 1.217015571175389255e+01 1.227287878123091325e+01 1.281598345077775924e+01 1.297884831568910080e+01 1.353872440350368933e+01 1.361413547718774097e+01 1.373242107624486330e+01 1.382072047497478628e+01 1.605163668647179520e+01 1.618711555010503389e+01 1.651775141256636914e+01 1.654071061297959844e+01 2.130868969755431053e+01 2.143840814965123087e+01 2.154601508807460775e+01 2.183244320178824083e+01
2.495804623149989965e+00 2.507039468789869829e+00 2.623568729244292186e+00 2.758953944073270659e+00 4.187080104261387881e+00 4.212863582726362743e+00 4.238618335165539541e+00 4.263922435263726385e+00 5.631162318814076251e+00 5.680102967429519367e+00 5.730641804638326953e+00 5.762378747427244541e+00 6.868378415558471062e+00 7.019877265025979973e+00 7.417748428701888663e+00 7.582024307491741055e+00 9.679016980068682940e+00 9.741334771103653978e+00 1.004683164701744857e+01 1.008958194124472030e+01 1.216996693854125766e+01 1.227002102114342641e+01 1.276106289200889066e+01 1.294716816407485283e+01 1.350161418000721980e+01 1.355686233439805477e+01 1.369798492274654045e+01 1.374476640757688095e+01 1.622112464702454915e+01 1.631770713858733401e+01 1.655122539410841398e+01 1.657647303650900739e+01 2.137420407320847104e+01 2.148569418392538921e+01 2.160558415534471521e+01 2.188046648631229729e+01
2.489603167628615665e+00 2.493483772406479559e+00 2.620168500358662556e+00 2.759484446596825791e+00 4.232428234499183262e+00 4.249120048131545424e+00 4.296201495656760905e+00 4.297613862760622183e+00 5.614815968205358665e+00 5.651881158383092796e+00 5.693584432123036443e+00 5.702206313488670020e+00 7.086056787759321018e+00 7.142096852247525440e+00 7.281903521917608479e+00 7.316104846957419916e+00 9.802566842020668858e+00 9.806186822415190463e+00 9.973358678302471247e+00 1.002903762808657895e+01 1.217531043385042544e+01 1.226939612887154141e+01 1.274125918503987620e+01 1.293588925856136562e+01 1.348990637925727398e+01 1.353552116857262710e+01 1.368663968044012158e+01 1.371220595064999692e+01 1.628571906338830644e+01 1.636745035740018750e+01 1.656287440937230926e+01 1.657538411303045578e+01 2.139848482760947945e+01 2.150258551534492923e+01 2.162917895113092115e+01 2.189694356050559065e+01
2.365682229359447053e+00 2.454948607409515926e+00 2.752920727998053874e+00 2.821293044181321985e+00 4.106784717647347982e+00 4.154661143302056381e+00 4.377707125900550444e+00 4.412142448861272825e+00 5.569194123048891498e+00 5.602636962082847560e+00 5.721050171237647142e+00 5.753880346963451409e+00 6.993345162936562609e+00 7.043983950423332807e+00 7.389654163789033170e+00 7.464537512654440654e+00 9.772647874062499795e+00 9.825536140930129392e+00 9.932934535405289367e+00 1.000302196060484228e+01 1.201772923583637898e+01 1.244070377838147756e+01 1.275514493960522344e+01 1.313779504211987614e+01 1.343184847208761923e+01 1.351233411701226750e+01 1.368878122282398024e+01 1.374280753533923161e+01 1.630745286887861667e+01 1.638846136811564236e+01 1.654278295007573973e+01 1.662104142931969264e+01 2.124089299862484026e+01 2.140894032265344293e+01 2.168551684427445281e+01 2.198385755594884117e+01
2.221586154315666306e+00 2.366687128758433012e+00 2.902750714831285439e+00 2.941980766424150850e+00 3.985236401454530952e+00 4.027886857881361138e+00 4.482903013949635529e+00 4.509554662429209770e+00 5.500348636363360022e+00 5.522906104944512506e+00 5.760604167259010033e+00 5.803966717427878841e+00 6.856737816687154208e+00 6.959031872558566256e+00 7.580420253875927550e+00 7.693096538621345459e+00 9.707297221479054272e+00 9.766079246132315816e+00 9.896079008606857741e+00 9.996539609672009163e+00 1.196789435453722561e+01 1.233531717031588215e+01 1.316020115364942278e+01 1.325583048179640144e+01 1.338624368195785763e+01 1.356895653712399863e+01 1.373147184561667800e+01 1.378000777544457556e+01 1.634706617423085717e+01 1.638327174395124075e+01 1.662175218475440985e+01 1.669420314758651713e+01 2.099903979923954012e+01 2.113198756444591098e+01 2.177518684855302666e+01 2.211729144350791643e+01
2.104399796954330881e+00 2.257178161804324734e+00 2.985703437808445937e+00 3.011193290382541132e+00 3.912141356417874860e+00 3.936814904727215847e+00 4.566113665884548922e+00 4.590815654224977393e+00 5.417131546141276566e+00 5.422252842569332820e+00 5.788611340196020194e+00 5.831876843868177396e+00 6.772228107934524566e+00 6.907574738185421559e+00 7.804972038939914647e+00 7.921943640532201236e+00 9.580179178464133471e+00 9.624654029004085842e+00 9.928254064286067049e+00 1.009458553226802024e+01 1.195927764436931362e+01 1.227720255441563069e+01 1.310673949901064539e+01 1.313493096883744649e+01 1.364889304732869668e+01 1.375243081898884157e+01 1.384890550884746574e+01 1.400816188686508390e+01 1.634062088637740118e+01 1.635193099423475260e+01 1.678936246124434817e+01 1.683093039457109796e+01 2.073894436855979251e+01 2.080234771860112275e+01 2.182319521952858921e+01 2.224863010806340213e+01
2.015843600903577837e+00 2.152476764708805668e+00 2.960066682202429522e+00 2.997889351039765060e+00 3.889242342801026542e+00 3.894206710297695828e+00 4.635010314313451119e+00 4.668662107786261117e+00 5.295597053952297628e+00 5.311096534268973102e+00 5.800017768825844300e+00 5.851070141079091513e+00 6.735173401595345055e+00 6.887154765633865416e+00 8.036010108206639302e+00 8.129075054991151461e+00 9.426973737602354575e+00 9.469240955097035339e+00 1.004331375004804094e+01 1.026010968680850333e+01 1.193218447962876283e+01 1.223143292694581064e+01 1.293326235544386726e+01 1.297552154495030585e+01 1.372694466307938121e+01 1.383289554529783238e+01 1.410189266382421636e+01 1.445258209043840303e+01 1.628655588011486444e+01 1.633910978093316402e+01 1.697610677975340465e+01 1.704084571783453228e+01 2.041794460294315883e+01 2.051547998020746277e+01 2.185060512877671002e+01 2.239064756876945239e+01
1.956669393001690960e+00 2.076312168128226610e+00 2.863206984838436053e+00 2.932195881411987948e+00 3.865566156047212765e+00 3.884718578383262066e+00 4.693631279314970151e+00 4.746582882696728234e+00 5.164129092997330694e+00 5.180666534744521101e+00 5.807441068799963801e+00 5.867856836796550901e+00 6.716852646383109082e+00 6.876317476049981892e+00 8.247405013626162074e+00 8.305600833723477905e+00 9.279105090313358062e+00 9.312331099282490143e+00 1.023408772582398285e+01 1.046241749435044355e+01 1.188599716399945017e+01 1.210594436109102823e+01 1.279350000559553635e+01 1.282122486146068496e+01 1.372332786649228176e+01 1.393421337615257904e+01 1.438024219479907906e+01 1.474198780160322464e+01 1.620921855801164924e+01 1.640351085000898834e+01 1.718747588824041372e+01 1.726534315088635552e+01 2.007977729057562399e+01 2.025087489143309227e+01 2.188191219456055947e+01 2.255878890788084945e+01
1.925234066713557457e+00 2.026089396899204864e+00 2.770335530935369661e+00 2.854323845901184598e+00 3.832451403908160525e+00 3.864014134586694738e+00 4.741568404051931473e+00 4.807626698096956197e+00 5.039618246576420546e+00 5.057618857895218589e+00 5.826376516673215988e+00 5.883284935219297296e+00 6.695891719018039367e+00 6.843358879642188697e+00 8.426920698246712860e+00 8.455595163054592689e+00 9.143780539682554220e+00 9.166271654741661834e+00 1.045650320028084579e+01 1.067208859045376990e+01 1.179764591790183914e+01 1.194152756651704905e+01 1.268641033198813162e+01 1.271901492315875792e+01 1.368673807736572989e+01 1.400505093899285924e+01 1.461915602827511940e+01 1.483877166514542800e+01 1.617596985050967362e+01 1.652146287226835852e+01 1.741441523463941721e+01 1.749859487527065482e+01 1.975844309301961133e+01 1.998451517237032959e+01 2.192519477519196158e+01 2.274936829209135070e+01
1.911716012752986193e+00 1.977079404281289365e+00 2.725855515920542427e+00 2.795484090517615705e+00 3.796185124728657989e+00 3.832389687632763664e+00 4.773359166434330447e+00 4.827989360633989868e+00 4.936420793228331050e+00 4.976972393124143856e+00 5.859461773788200212e+00 5.899759036590010552e+00 6.666894867255110491e+00 6.776848587150054115e+00 8.573877449367781622e+00 8.586893546742306427e+00 9.024251843507476778e+00 9.037778429197937058e+00 1.065949986218546286e+01 1.085615832303958506e+01 1.167789605052730373e+01 1.180246353165602891e+01 1.259590441125482485e+01 1.267975261075563509e+01 1.364972029128366238e+01 1.401611606842882018e+01 1.473567850104809018e+01 1.484617955832233882e+01 1.623705395929488660e+01 1.660405149049283935e+01 1.765592330681637279e+01 1.775002800175767348e+01 1.943567722661232722e+01 1.974436079660042154e+01 2.197295784675046448e+01 2.293260680398710605e+01
1.903227050521879349e+00 1.928780775796361535e+00 2.725989110554794426e+00 2.761894577197786305e+00 3.773830862784417484e+00 3.803870427935531318e+00 4.784168919509833806e+00 4.806407072187426799e+00 4.874369332683286871e+00 4.949985407485718802e+00 5.895717654358281656e+00 5.914707800389898296e+00 6.642135104402907331e+00 6.698978997460622864e+00 8.691387939035926991e+00 8.700845638613628807e+00 8.922594982579758138e+00 8.927653863864478012e+00 1.080649802550742145e+01 1.098333790868879767e+01 1.160374282455686590e+01 1.168249132963482673e+01 1.255662149061964605e+01 1.263519039247031905e+01 1.365847113694858628e+01 1.397410858596661498e+01 1.475973710022242713e+01 1.482492356875098771e+01 1.636847527639324440e+01 1.659926886027430015e+01 1.790959685793764322e+01 1.796753202796762494e+01 1.912932633618968481e+01 1.956330173049260779e+01 2.201052825336429564e+01 2.306604541736514946e+01
1.903113080062754037e+00 1.903869620044089661e+00 2.739510487270490735e+00 2.744191054112603556e+00 3.768194425470574593e+00 3.792280116548392588e+00 4.784499902883653455e+00 4.788695895299078131e+00 4.857850512457619452e+00 4.945654146412359786e+00 5.916749679790372696e+00 5.916799020930707975e+00 6.644376775339603469e+00 6.650989896737552698e+00 8.764129939899124366e+00 8.768589084468583650e+00 8.856892475834294842e+00 8.860088489601212203e+00 1.086285218108834982e+01 1.102970769092430103e+01 1.160331646616894474e+01 1.160872920498754191e+01 1.257823665122349333e+01 1.257830349784041246e+01 1.368608414517085237e+01 1.393657619752062260e+01 1.478154366570571909e+01 1.479002906109980131e+01 1.647549021733266628e+01 1.654072183076673141e+01 1.805027072089724527e+01 1.805624241405039498e+01 1.897464234196478117e+01 1.949013752172794511e+01 2.202476484490573938e+01 2.311489649340266084e+01
2.229485132346181508e+00 2.238407144977778707e+00 2.365869357738578316e+00 2.392547992542023660e+00 3.184478877785358986e+00 3.187068186490948474e+00 4.801295973954990970e+00 4.895989252468917030e+00 4.993630368281262832e+00 5.027256713104008234e+00 6.619628301661388825e+00 6.623549676282688203e+00 6.919410349305147534e+00 6.931423817985057134e+00 7.459705803312001393e+00 7.658239653737998864e+00 8.055913274776187905e+00 8.097880446812295574e+00 1.045790416618529939e+01 1.050855463522424849e+01 1.250629534369839924e+01 1.255088263878669252e+01 1.319789782909461273e+01 1.334288586041382629e+01 1.341543641800340225e+01 1.392963873079321857e+01 1.458985453285699307e+01 1.466291150874618410e+01 1.538603342889230063e+01 1.548110907761906141e+01 1.733835246512141737e+01 1.742368718698163477e+01 2.060935589487417730e+01 2.164090530496296694e+01 2.169018975265929328e+01 2.239823074599479469e+01
2.250557744424605211e+00 2.274006283261787331e+00 2.377108476401075254e+00 2.409942620485664655e+00 3.208813213960897581e+00 3.218943826191554169e+00 4.799326439985692971e+00 4.886276316100284234e+00 5.004456921576664108e+00 5.029335803174590502e+00 6.598203954339124877e+00 6.605689458144924586e+00 6.927913878625039601e+00 6.947365992260134071e+00 7.454376868112135845e+00 7.643237748859960767e+00 8.070950615292700192e+00 8.188849454845962939e+00 1.045536845440075879e+01 1.050536583574709759e+01 1.248374564925919472e+01 1.257474077704567783e+01 1.320184646455198951e+01 1.331445764181779090e+01 1.341745515932127475e+01 1.391214225371524549e+01 1.455062169546673978e+01 1.462205669884129122e+01 1.543649874542956724e+01 1.552703085636539981e+01 1.732924559902519945e+01 1.738462941457438760e+01 2.064682068433972617e+01 2.162569252485648974e+01 2.167328627643482264e+01 2.235355183652025346e+01
2.314908558593572696e+00 2.366975668190136162e+00 2.411658478165568553e+00 2.456835837738582384e+00 3.285629577578017990e+00 3.302165438937750608e+00 4.791519477658613191e+00 4.845459849519354378e+00 5.031440742231847452e+00 5.047816366220561513e+00 6.534598127360889741e+00 6.548577537329297371e+00 6.961471105276003435e+00 6.990254482259465441e+00 7.430326201772550654e+00 7.606848910602412417e+00 8.165713400591020132e+00 8.393163801536227098e+00 1.044588940647738440e+01 1.049418373143869410e+01 1.239653025527486818e+01 1.265528276206132041e+01 1.320525077762681754e+01 1.325404999130987171e+01 1.340521289644221170e+01 1.386605423933944436e+01 1.445316872383959605e+01 1.451864595931334279e+01 1.555734793933701710e+01 1.564005830215310766e+01 1.727777194170427677e+01 1.730277048498683357e+01 2.075004626977148092e+01 2.158395693839491969e+01 2.162798705050894199e+01 2.223930167778195965e+01
2.403064757381964789e+00 2.455200218650762434e+00 2.484233897092227306e+00 2.534053470289741039e+00 3.407898708968015722e+00 3.424230279170938029e+00 4.768957556484862081e+00 4.785004778105728995e+00 5.064121766857360818e+00 5.087621698095039058e+00 6.433966291238192525e+00 6.451303018253020660e+00 7.021016830776541262e+00 7.050824496361434157e+00 7.374825513205356842e+00 7.559810033702822452e+00 8.341837341965604224e+00 8.667984819607990943e+00 1.042423315786322213e+01 1.047049529256663902e+01 1.226729616629914865e+01 1.274150022852058406e+01 1.316761231359203954e+01 1.321358999431967973e+01 1.337111431670230921e+01 1.380654373216520092e+01 1.432247100767754588e+01 1.437903246662981971e+01 1.569661047288533950e+01 1.578119848571283335e+01 1.713463649356435070e+01 1.725006181201912980e+01 2.089773764084563723e+01 2.152708513734713947e+01 2.157395994625054669e+01 2.210156010375240854e+01
2.474085477941486921e+00 2.508181841227474340e+00 2.556295107565858427e+00 2.641913684970716769e+00 3.564034546291071415e+00 3.574212822046344495e+00 4.706154310100828297e+00 4.741465458321181714e+00 5.109633189532745590e+00 5.148974474205401997e+00 6.303874425195723497e+00 6.322130557212247481e+00 7.094127879743837184e+00 7.115310425064240718e+00 7.294063916077230481e+00 7.498300464137297894e+00 8.587662371636961112e+00 8.976155374598684844e+00 1.038253325716005371e+01 1.042815188515146296e+01 1.212820370571296458e+01 1.277851628750954127e+01 1.307560375074379522e+01 1.321840841778398001e+01 1.331516724967099030e+01 1.374887492369018993e+01 1.416516731853659472e+01 1.421657111532335982e+01 1.582325190163476414e+01 1.592786790930641949e+01 1.697498205554638417e+01 1.716806058400989343e+01 2.106535852654891983e+01 2.147756615837396410e+01 2.153999724179782405e+01 2.198136808985771751e+01
2.496012557890547434e+00 2.546766345277183152e+00 2.606632460446021149e+00 2.718656152562235029e+00 3.737534657219440337e+00 3.745038432809808526e+00 4.632742386678342150e+00 4.670232172334142895e+00 5.195630939282108507e+00 5.239246177056692488e+00 6.149928830528206269e+00 6.174380063953075926e+00 7.165238909164163950e+00 7.169095869346699956e+00 7.210566003895029219e+00 7.418609752279884617e+00 8.884749742387995752e+00 9.284073656442982880e+00 1.031054167221643070e+01 1.036221948167791673e+01 1.202008882787681010e+01 1.275643458613561521e+01 1.294145156136428199e+01 1.322840750568123447e+01 1.325466322189097035e+01 1.370313281040965947e+01 1.398583383349404130e+01 1.404613498155493545e+01 1.593679447284866590e+01 1.607456503802160697e+01 1.681100300103076961e+01 1.705277688125833535e+01 2.122566095798658736e+01 2.145138365214618048e+01 2.155037881610069661e+01 2.189873944476124734e+01
2.482577593634777369e+00 2.555714241656124930e+00 2.633671217540427101e+00 2.746462483294782597e+00 3.914605787002547466e+00 3.927574892421100028e+00 4.538985914099620267e+00 4.562581985524052364e+00 5.324764686164920491e+00 5.367291400817328473e+00 5.980469454833780674e+00 6.018536771498895988e+00 7.144192948423037315e+00 7.187512288625170775e+00 7.226125397084476099e+00 7.345300308625564156e+00 9.207546032986678952e+00 9.565439767749847277e+00 1.019685782990933198e+01 1.027103345380887411e+01 1.198339574176678468e+01 1.271165269232145612e+01 1.274962651133294145e+01 1.311423345369527205e+01 1.331777008596553991e+01 1.367420414366240244e+01 1.380621517101393181e+01 1.389023599598610303e+01 1.605185188600786717e+01 1.622765571220721270e+01 1.664729304723936210e+01 1.690839247088355535e+01 2.134489691759336338e+01 2.145037964030539257e+01 2.159378616332828926e+01 2.186588003221213583e+01
2.473597055989537274e+00 2.529747974326876481e+00 2.629005503037294744e+00 2.755199800892270900e+00 4.090380239936243001e+00 4.105975088104528936e+00 4.417549798693251262e+00 4.428159838144330784e+00 5.475337801647911284e+00 5.524840915327679625e+00 5.808467055110124733e+00 5.858403029282912122e+00 7.102167552290381103e+00 7.160512434051583774e+00 7.266663604763748729e+00 7.318876406856368533e+00 9.524869061414246829e+00 9.802720228173367190e+00 1.003232963260374078e+01 1.015354749748157381e+01 1.204569144064229924e+01 1.247594324058167636e+01 1.272604953279107498e+01 1.299690223735191275e+01 1.340250689670256179e+01 1.364340857045571376e+01 1.367364940637944493e+01 1.377203706574078979e+01 1.617798564003697592e+01 1.639156877934388135e+01 1.648964511077049977e+01 1.674380398549895332e+01 2.139142411074076833e+01 2.148250725972719977e+01 2.162257116728165585e+01 2.188111284331273509e+01
2.489603167628615665e+00 2.493483772406479559e+00 2.620168500358662556e+00 2.759484446596825791e+00 4.232428234499183262e+00 4.249120048131545424e+00 4.296201495656760905e+00 4.297613862760622183e+00 5.614815968205358665e+00 5.651881158383092796e+00 5.693584432123036443e+00 5.702206313488670020e+00 7.086056787759321018e+00 7.142096852247525440e+00 7.281903521917608479e+00 7.316104846957419916e+00 9.802566842020668858e+00 9.806186822415190463e+00 9.973358678302471247e+00 1.002903762808657895e+01 1.217531043385042544e+01 1.226939612887154141e+01 1.274125918503987620e+01 1.293588925856136562e+01 1.348990637925727398e+01 1.353552116857262710e+01 1.368663968044012158e+01 1.371220595064999692e+01 1.628571906338830644e+01 1.636745035740018750e+01 1.656287440937230926e+01 1.657538411303045578e+01 2.139848482760947945e+01 2.150258551534492923e+01 2.162917895113092115e+01 2.189694356050559065e+01
2.830359412508153261e-01 1.708081087902470374e+00 3.053214816174040003e+00 3.163381379149853956e+00 3.198100077470708680e+00 3.300946505209884307e+00 4.788840005277883449e+00 4.854256566304251841e+00 4.955357027441793960e+00 5.149558833773952848e+00 5.822007035678719689e+00 5.939641026258365208e+00 6.635121048498397123e+00 6.725113355327406062e+00 7.824811690575661949e+00 8.055800754002232722e+00 8.411961744295217258e+00 8.499464319122374434e+00 1.064693555817689408e+01 1.106915490710980166e+01 1.174215145993657394e+01 1.231485858129897437e+01 1.269268579144669395e+01 1.274954886036220536e+01 1.302996326551955875e+01 1.305824771354822467e+01 1.350431105660313591e+01 1.354723991721434651e+01 1.651365588830346809e+01 1.658335000680259697e+01 1.736090491367326294e+01 1.739105963167521907e+01 1.941810532598980998e+01 1.972512471756241936e+01 2.250082140519516827e+01 2.265305568149853954e+01
5.791067014892221643e-01 1.772907268942882641e+00 2.999432391772875128e+00 3.109713789388296235e+00 3.330851849880921645e+00 3.403797920007427980e+00 4.780888491709386123e+00 4.840038879142443129e+00 4.938517673347821990e+00 5.141281865541482254e+00 5.822357632317403997e+00 5.881370849799595568e+00 6.641741333085569465e+00 6.714752876949052762e+00 7.861231940166106824e+00 8.024019718699197057e+00 8.408686491895100090e+00 8.546971083023525040e+00 1.063857475034206423e+01 1.101269461256747562e+01 1.181350313969388566e+01 1.232976679329539316e+01 1.261680928638238974e+01 1.279731817768190716e+01 1.286995793432206092e+01 1.316359264376006344e+01 1.360314224914439585e+01 1.366822758143065819e+01 1.650898791139534794e+01 1.657221670259013280e+01 1.728811146333632820e+01 1.731795520622626938e+01 1.947042974497441037e+01 1.977178845048820932e+01 2.249576932695366338e+01 2.275543027041978661e+01
1.087997797118858800e+00 1.932243131251234702e+00 2.930896167728481938e+00 3.035283439090961988e+00 3.560744133128623368e+00 3.642167518429662021e+00 4.756205634762277867e+00 4.788639280068326620e+00 4.900711997128149200e+00 5.123544444737770043e+00 5.726612898271457475e+00 5.836972913006457375e+00 6.664634633394748597e+00 6.694456375858039543e+00 7.899524235874170408e+00 7.933706829231880420e+00 8.447208346061293227e+00 8.672170949266442719e+00 1.056499218768529325e+01 1.085191971280925038e+01 1.203714525949204628e+01 1.230429242890235209e+01 1.243255562953105198e+01 1.270606400405615233e+01 1.302289013904188408e+01 1.329332642872414105e+01 1.382800113992756863e+01 1.388507241243483392e+01 1.649249903844155085e+01 1.653883682233647434e+01 1.709913158525187882e+01 1.712618645923038230e+01 1.961033171404330488e+01 1.989448736623396741e+01 2.248271820632665197e+01 2.303670903513404511e+01
1.618748127177593643e+00 2.128432332826446949e+00 2.867333134317064047e+00 2.970276374799447616e+00 3.810382899983722815e+00 3.913214386474934692e+00 4.700341934393572174e+00 4.736586867902386366e+00 4.858640135867704934e+00 5.110453454173845778e+00 5.582481299473203151e+00 5.798729696264971700e+00 6.657820100840591948e+00 6.724711456343672289e+00 7.784537084913000449e+00 7.840698883645350392e+00 8.594255379371569248e+00 8.846846125261652816e+00 1.041392302147967364e+01 1.062181474260080272e+01 1.209060366611014281e+01 1.211476905130473547e+01 1.251266632200989015e+01 1.283653488548086052e+01 1.325736709239181543e+01 1.344070785157013326e+01 1.408346347626559236e+01 1.409457036867934576e+01 1.645563865556778893e+01 1.648188504928106823e+01 1.685503968804774644e+01 1.687586538062220498e+01 1.980701073432241444e+01 2.005761433549356454e+01 2.246472547997937141e+01 2.343270195837633096e+01
2.072056513624336294e+00 2.322564009759933601e+00 2.815870401058885086e+00 2.913356720567882974e+00 4.029199818704419123e+00 4.105033242054836329e+00 4.667611529429418482e+00 4.695971198335833208e+00 4.861911880765608984e+00 5.103854884029325412e+00 5.468792003879246799e+00 5.709378985331500012e+00 6.644627109539595011e+00 6.764613984163609928e+00 7.585781104709369060e+00 7.699677080095185921e+00 8.817544769325918352e+00 9.047334227145036323e+00 1.022587667820077684e+01 1.037036336418283966e+01 1.188688218734905533e+01 1.190542011180227533e+01 1.289996212113882024e+01 1.311475140933994510e+01 1.347206240731220106e+01 1.357921251626945391e+01 1.425623251698518423e+01 1.430581400204285281e+01 1.637621773027314731e+01 1.639001333575358288e+01 1.662317569299117181e+01 1.663687842745579815e+01 2.003415742304890657e+01 2.022658129688499073e+01 2.244491100722219201e+01 2.386093957105070018e+01
2.392347650663703806e+00 2.490450000576053924e+00 2.782806216795607579e+00 2.860291988018777154e+00 4.118043359566910588e+00 4.179755312490308405e+00 4.633516597434524265e+00 4.763892756221315139e+00 4.942546809975675082e+00 5.107928001162977516e+00 5.400374199219932336e+00 5.582025259635366332e+00 6.653438410602173114e+00 6.759915552184137866e+00 7.389977876848236704e+00 7.523921027559069330e+00 9.064314280298797044e+00 9.256188078698446731e+00 1.002687284888482111e+01 1.012778008277922304e+01 1.171814035081665040e+01 1.174005735656887772e+01 1.330216016769368892e+01 1.344024956005267768e+01 1.363967854585617978e+01 1.368938463792157201e+01 1.435840475562800300e+01 1.441817902859038902e+01 1.622067846774215738e+01 1.624139057979894929e+01 1.647990142575567774e+01 1.648489969007465561e+01 2.025945403576268689e+01 2.037185563290317702e+01 2.242472976790053707e+01 2.423865550083973019e+01
2.580500411106061431e+00 2.610587540832842279e+00 2.767674955933231651e+00 2.806773851028659283e+00 4.141388136186556324e+00 4.166110752050911081e+00 4.582864197820737395e+00 4.860086831708549937e+00 5.042902977566256162e+00 5.156381484978154184e+00 5.371763700836027944e+00 5.450043490306945237e+00 6.684182352636002022e+00 6.718904100351569930e+00 7.265213955816744118e+00 7.361187722042508597e+00 9.298408873499447225e+00 9.464702795088903997e+00 9.830888375545452362e+00 9.901541537279550553e+00 1.161380343869970488e+01 1.163935462092551099e+01 1.366794903846600739e+01 1.372692053752797570e+01 1.374611598915235788e+01 1.376410482735699858e+01 1.437563332754905332e+01 1.439600854857187784e+01 1.606170093986128222e+01 1.609680337449039200e+01 1.641416054931033486e+01 1.641468289198314423e+01 2.043280575884958949e+01 2.046964172882156419e+01 2.240681449908379008e+01 2.449627955772837140e+01
2.654153883458855834e+00 2.656794834552461460e+00 2.763462582867366901e+00 2.769705420569075205e+00 4.146722875974781175e+00 4.153268519286248406e+00 4.563480443574666978e+00 4.879194371213322334e+00 5.093285892979555918e+00 5.199503377178413821e+00 5.364442966553879977e+00 5.382886261894721969e+00 6.685647390467958751e+00 6.716397689584050035e+00 7.225777598539741220e+00 7.288172136562328873e+00 9.438250200969109827e+00 9.639241522704848464e+00 9.705121286293287852e+00 9.721726598966663246e+00 1.157887284088333324e+01 1.160603941563243957e+01 1.377986079344950987e+01 1.378266361149242236e+01 1.386374262115128175e+01 1.386878584943309711e+01 1.430674090092928807e+01 1.436896289510041669e+01 1.599855089387293461e+01 1.603987146175400369e+01 1.639227969634067250e+01 1.639392561880460519e+01 2.049900705372007081e+01 2.050414337704480516e+01 2.239900982994108247e+01 2.458755864386919399e+01
1.650264560880169151e+00 1.971116116986277200e+00 2.061347668466100735e+00 2.222899649665941890e+00 3.856491092557510658e+00 3.911639322074900615e+00 3.950511681960579224e+00 3.963997431852316122e+00 6.017239693714195425e+00 6.071017518799253665e+00 6.115027569493474147e+00 6.163099846336867138e+00 6.967739662358702013e+00 7.039865297599179783e+00 7.085152064549929740e+00 7.140120030925445782e+00 9.098864919641435733e+00 9.215669999409760393e+00 9.367126878975176041e+00 9.453694414262033163e+00 1.162599200775928843e+01 1.180358148879071400e+01 1.218429928837332277e+01 1.223283834140374360e+01 1.430917058823301069e+01 1.435325774379441022e+01 1.451314162276553610e+01 1.454085139772406343e+01 1.524018954823175953e+01 1.536764909754367103e+01 1.558241391333318582e+01 1.565135914097484182e+01 2.136252935556560928e+01 2.142212204198702352e+01 2.154610040708421081e+01 2.189138586774988227e+01
1.689436570223459944e+00 1.992519462278039999e+00 2.080652563023340118e+00 2.236466949723551423e+00 3.839157950487688264e+00 3.893548979442123859e+00 3.930311739943729510e+00 3.942884913238716926e+00 6.019522182462027970e+00 6.072417521208913094e+00 6.117976436549653840e+00 6.165092966565409505e+00 6.987527385682945180e+00 7.065175721896341798e+00 7.109803576596770647e+00 7.162789189528827372e+00 9.123940522195448821e+00 9.231275850528902538e+00 9.376559661884684260e+00 9.457932969301321435e+00 1.166187476423101366e+01 1.183602045682292747e+01 1.220941219570869940e+01 1.225934967858980684e+01 1.429584607902225635e+01 1.433992390817925688e+01 1.449308140375748266e+01 1.451835476282579940e+01 1.523698353851039577e+01 1.536965901008016466e+01 1.558489653572540767e+01 1.564699020585209155e+01 2.134692274904503151e+01 2.141333629833690466e+01 2.153251360822531879e+01 2.187278106083394036e+01
1.797091287774697621e+00 2.053947991385217442e+00 2.136227454869700004e+00 2.276137450353263869e+00 3.785801672238914950e+00 3.837248078670894902e+00 3.868893148479285671e+00 3.880161163909115807e+00 6.031178916831645864e+00 6.081815699727640023e+00 6.129785956598366781e+00 6.171846240765543889e+00 7.044693191515283281e+00 7.129310068079298013e+00 7.172050152124969102e+00 7.222687269199924209e+00 9.193805493228266457e+00 9.278256301192955746e+00 9.405430489203180144e+00 9.473099286626140980e+00 1.176613125806365545e+01 1.192999729658567176e+01 1.228254132062303761e+01 1.233600973989356042e+01 1.425514830198472360e+01 1.429736695397493840e+01 1.443154568115772562e+01 1.445673745769272145e+01 1.522770890977761304e+01 1.537328934454541240e+01 1.559023702024732216e+01 1.563463865551554122e+01 2.130626605053584655e+01 2.138834534411256172e+01 2.149438611069615135e+01 2.181999768327376188e+01
1.950203354133659639e+00 2.148013280142443193e+00 2.221648804803888488e+00 2.339247011378090324e+00 3.695038188071610552e+00 3.741425373883604966e+00 3.763865154421541348e+00 3.779613526664695300e+00 6.059344961227979276e+00 6.106357497853910132e+00 6.154676752062166578e+00 6.186468059704658629e+00 7.125003573611334851e+00 7.212877316118843751e+00 7.246243698380840925e+00 7.300406900343675787e+00 9.293433329260023967e+00 9.355830027274638638e+00 9.453844837683799796e+00 9.504760735943685646e+00 1.192882857280191544e+01 1.207604225792714736e+01 1.239766281238460977e+01 1.245451331618096091e+01 1.418517062875953272e+01 1.422106759366103468e+01 1.433240279785563231e+01 1.436443299200315948e+01 1.521455100142759065e+01 1.537187728948574694e+01 1.559114822001846967e+01 1.561804331710362526e+01 2.125372404440670238e+01 2.135352067137252874e+01 2.143881589383206432e+01 2.174155562634189920e+01
2.124558225651095089e+00 2.264827774801496663e+00 2.328504773939746642e+00 2.422556470786919824e+00 3.570091319157226550e+00 3.609658348865365962e+00 3.620754434939392752e+00 3.646224394449794293e+00 6.103876067762930901e+00 6.144821134185346700e+00 6.192013577072972730e+00 6.210660550635434873e+00 7.209634204901801624e+00 7.289891175411016278e+00 7.319812543958549078e+00 7.373588276714336587e+00 9.403438732859676463e+00 9.456336321744188922e+00 9.518552413356056618e+00 9.557199143948743369e+00 1.213429222659416418e+01 1.225960731330289910e+01 1.254571268397357997e+01 1.260209665639783161e+01 1.408477156897520288e+01 1.411057945809263359e+01 1.420893540468032867e+01 1.424585390461405865e+01 1.520153242708901686e+01 1.535753276384643407e+01 1.557661522325025238e+01 1.560516075212416531e+01 2.120246830495900880e+01 2.131902526992399061e+01 2.137551720978779102e+01 2.164988942828054519e+01
2.301896888771908678e+00 2.394112865922562783e+00 2.449497488149174451e+00 2.523118045367416240e+00 3.420218715884582927e+00 3.443931379434344908e+00 3.460908339192850569e+00 3.488711750359244856e+00 6.156393865414205635e+00 6.187091818624691264e+00 6.235090538302162422e+00 6.242951665640234182e+00 7.283829729523613850e+00 7.341679713036999289e+00 7.388531797995849359e+00 7.428231503583884177e+00 9.509129325746998873e+00 9.555372498883121679e+00 9.594901655170785304e+00 9.627739623964185256e+00 1.236224815902262364e+01 1.246173764520931115e+01 1.271403057010025606e+01 1.276269615455383466e+01 1.395716590606202345e+01 1.397407413054822456e+01 1.407368855245238670e+01 1.410953003403305495e+01 1.519200212664691563e+01 1.532720054131366538e+01 1.555343958045588160e+01 1.559051599389046316e+01 2.116163880629394001e+01 2.129227050323708426e+01 2.131560862694557912e+01 2.155918800359694032e+01
2.470549494093853049e+00 2.526956392337065704e+00 2.579234478141442466e+00 2.637626612640461943e+00 3.257526627242557815e+00 3.266520434013983287e+00 3.295892849092641352e+00 3.321616875666862256e+00 6.204060008972578366e+00 6.221266832683484793e+00 6.273675911246795245e+00 6.280017598640341703e+00 7.334507117589227576e+00 7.379108265435393221e+00 7.436739899171807444e+00 7.463619363392261619e+00 9.597139987126325877e+00 9.630724172098174662e+00 9.670083789648126427e+00 9.703932726150304333e+00 1.258755801652141137e+01 1.265854606020434048e+01 1.288375937841012586e+01 1.291695510641521594e+01 1.381402604289423941e+01 1.382874864139120419e+01 1.394007419259091485e+01 1.396982048076077376e+01 1.518680520613328078e+01 1.528785403670188892e+01 1.553269811112884469e+01 1.557022604860292425e+01 2.113466472183374378e+01 2.126039103236904992e+01 2.128329487280934273e+01 2.148316071162259533e+01
2.618632441465401417e+00 2.652781423315214937e+00 2.706324562601841954e+00 2.756941882879910821e+00 3.097622444136299613e+00 3.114736983169091200e+00 3.139276211805538619e+00 3.166777647115731842e+00 6.232993515533733486e+00 6.245027986775069984e+00 6.302044110362377438e+00 6.308875344382490979e+00 7.356874941874808727e+00 7.409297462342893326e+00 7.458914869000967229e+00 7.485825909221738961e+00 9.653521313968235873e+00 9.682890035670968842e+00 9.720144200132310175e+00 9.763148158728430559e+00 1.277303762355864336e+01 1.281629024440859688e+01 1.302339952874529061e+01 1.303843522259399101e+01 1.368584923987164714e+01 1.370065062458126448e+01 1.383107937073877025e+01 1.385204323765523426e+01 1.518456463536043444e+01 1.525465994779724710e+01 1.551884774114110854e+01 1.555144151762279492e+01 2.112029697013719698e+01 2.122943915901068834e+01 2.127614132400863767e+01 2.143299657997523155e+01
2.695623241020848049e+00 2.722358372364018564e+00 2.777200703275312765e+00 2.827496866132620301e+00 3.021896097396884695e+00 3.040288954639642327e+00 3.042906724610905389e+00 3.085790809053648331e+00 6.240803318165120572e+00 6.255171223622721932e+00 6.312756465945379425e+00 6.319493884185329868e+00 7.362442817420968844e+00 7.421563499213407411e+00 7.463958633834092637e+00 7.493904221545420796e+00 9.672477842519336733e+00 9.702708273420533658e+00 9.737267251127518009e+00 9.785042133565617917e+00 1.285194021739346404e+01 1.288206227697702566e+01 1.308048622241034842e+01 1.308866063891731635e+01 1.363152197381098674e+01 1.364096714552491285e+01 1.378550757606496013e+01 1.380197509648044196e+01 1.518383568212747647e+01 1.524187027067752354e+01 1.551399201706520437e+01 1.554373274290755269e+01 2.111588549915878588e+01 2.121858462267202938e+01 2.127450144681156274e+01 2.141557711921421614e+01
