0.000000000000000000e+00
3.632340296144399155e-02
7.264680592288798311e-02
1.089702088843319816e-01
1.452936118457759662e-01
1.816170148072199508e-01
2.179404177686639632e-01
2.542638207301079478e-01
2.905872236915519324e-01
3.269106266529959171e-01
3.632340296144399017e-01
3.995574325758839418e-01
4.338642320492019921e-01
4.681710315225200425e-01
5.024778309958380929e-01
5.367846304691561432e-01
5.710914299424741936e-01
6.053982294157922439e-01
6.397050288891102943e-01
6.740118283624283446e-01
7.083186278357463950e-01
7.426254273090644453e-01
7.769322267823824957e-01
8.112390262557005460e-01
8.112390262557005460e-01
8.452834858038501542e-01
8.793279453519998734e-01
9.133724049001494816e-01
9.474168644482990898e-01
9.814613239964486979e-01
1.015505783544598417e+00
1.049550243092748136e+00
1.083594702640897633e+00
1.117639162189047353e+00
1.151683621737197072e+00
1.185728081285346569e+00
1.219772540833496288e+00
1.253817000381646007e+00
1.287861459929795505e+00
1.321905919477945224e+00
1.355950379026094943e+00
1.391310437211376927e+00
1.426670495396658911e+00
1.462030553581941117e+00
1.497390611767223101e+00
1.532750669952505085e+00
1.568110728137787291e+00
1.603470786323069275e+00
1.638830844508351259e+00
1.674190902693633243e+00
1.709550960878915227e+00
1.744911019064197433e+00
1.780271077249479417e+00
1.780271077249479417e+00
1.814538456781986886e+00
1.848805836314494577e+00
1.883073215847002047e+00
1.917340595379509738e+00
1.951607974912017207e+00
1.985875354444524898e+00
2.020142733977032368e+00
2.054410113509539837e+00
2.088677493042047306e+00
2.122944872574555220e+00
2.157212252107062689e+00
2.191479631639570158e+00
2.225747011172077627e+00
2.260014390704585097e+00
2.294281770237092566e+00
2.328549149769600479e+00
2.361211966956313635e+00
2.393874784143026790e+00
2.426537601329739502e+00
2.459200418516452658e+00
2.491863235703165813e+00
2.524526052889878969e+00
2.557188870076592124e+00
2.589851687263304836e+00
2.622514504450017991e+00
2.655177321636731147e+00
2.687840138823444303e+00
2.720502956010157014e+00
2.753165773196870170e+00
2.753165773196870170e+00
2.785547930229859137e+00
2.817930087262847660e+00
2.850312244295836628e+00
2.882694401328825595e+00
2.915076558361814119e+00
2.947458715394803086e+00
2.979840872427792053e+00
3.012223029460780577e+00
3.044605186493769544e+00
3.076987343526758067e+00
3.109369500559747035e+00
3.141751657592736002e+00
3.174133814625724526e+00
3.206515971658713493e+00
3.238898128691702460e+00
3.271280285724690984e+00
