-1.662607579937209201e-01
-1.457943968412205582e-01
-1.253280356887202240e-01
-1.048616745362198621e-01
-8.439531338371950020e-02
-6.392895223121913828e-02
-4.346259107871880412e-02
-2.299622992621844220e-02
-2.529868773718078976e-03
1.793649237878228164e-02
3.840285353128264356e-02
5.886921468378297773e-02
7.933557583628331189e-02
9.980193698878367381e-02
1.202682981412840357e-01
1.407346592937843976e-01
1.612010204462847596e-01
1.816673815987851215e-01
2.021337427512854834e-01
2.226001039037858453e-01
2.430664650562862350e-01
2.635328262087865414e-01
2.839991873612868756e-01
3.044655485137872653e-01
3.249319096662875994e-01
3.453982708187879891e-01
3.658646319712883233e-01
3.863309931237887129e-01
4.067973542762890471e-01
4.272637154287894368e-01
4.477300765812897709e-01
4.681964377337901606e-01
4.886627988862904948e-01
5.091291600387908289e-01
5.295955211912911631e-01
5.500618823437914973e-01
5.705282434962919424e-01
5.909946046487922766e-01
6.114609658012926108e-01
6.319273269537929449e-01
6.523936881062933901e-01
6.728600492587937243e-01
6.933264104112939474e-01
7.137927715637943926e-01
7.342591327162947268e-01
7.547254938687951720e-01
7.751918550212953951e-01
7.956582161737957293e-01
8.161245773262960634e-01
8.365909384787966196e-01
8.570572996312968428e-01
8.775236607837971770e-01
8.979900219362975111e-01
9.184563830887980673e-01
9.389227442412982905e-01
9.593891053937986246e-01
9.798554665462989588e-01
1.000321827698799293e+00
1.020788188851299738e+00
1.041254550003800183e+00
1.061720911156300406e+00
1.082187272308800630e+00
1.102653633461301297e+00
1.123119994613801520e+00
1.143586355766301743e+00
1.164052716918802188e+00
1.184519078071302411e+00
1.204985439223803079e+00
1.225451800376303302e+00
1.245918161528803525e+00
1.266384522681303970e+00
1.286850883833804415e+00
1.307317244986304638e+00
1.327783606138805084e+00
1.348249967291305307e+00
1.368716328443805752e+00
1.389182689596306197e+00
1.409649050748806420e+00
1.430115411901306866e+00
1.450581773053807089e+00
1.471048134206307534e+00
1.491514495358807979e+00
1.511980856511308202e+00
1.532447217663808647e+00
1.552913578816308871e+00
1.573379939968809316e+00
1.593846301121309761e+00
1.614312662273809984e+00
1.634779023426310207e+00
1.655245384578810652e+00
1.675711745731311098e+00
1.696178106883811543e+00
1.716644468036311766e+00
1.737110829188811989e+00
1.757577190341312434e+00
1.778043551493812657e+00
1.798509912646312880e+00
1.818976273798813770e+00
1.839442634951313993e+00
1.859908996103814438e+00
1.880375357256314661e+00
1.900841718408814884e+00
1.921308079561315330e+00
1.941774440713815553e+00
1.962240801866315776e+00
1.982707163018816221e+00
2.003173524171316888e+00
2.023639885323817111e+00
2.044106246476317335e+00
2.064572607628818002e+00
2.085038968781318225e+00
2.105505329933818448e+00
2.125971691086318671e+00
2.146438052238818894e+00
2.166904413391319562e+00
2.187370774543820229e+00
2.207837135696320452e+00
2.228303496848820675e+00
2.248769858001320898e+00
2.269236219153821565e+00
2.289702580306321789e+00
2.310168941458822012e+00
2.330635302611322235e+00
2.351101663763822458e+00
2.371568024916323125e+00
2.392034386068823792e+00
2.412500747221324016e+00
2.432967108373824239e+00
2.453433469526324462e+00
2.473899830678824685e+00
2.494366191831325352e+00
2.514832552983825575e+00
2.535298914136325799e+00
2.555765275288826466e+00
2.576231636441326689e+00
2.596697997593827356e+00
2.617164358746327579e+00
2.637630719898827802e+00
2.658097081051328026e+00
2.678563442203828249e+00
2.699029803356328472e+00
2.719496164508829139e+00
2.739962525661329806e+00
2.760428886813830029e+00
2.780895247966330253e+00
2.801361609118830476e+00
2.821827970271331143e+00
2.842294331423831366e+00
2.862760692576331589e+00
2.883227053728831812e+00
2.903693414881332036e+00
2.924159776033833147e+00
2.944626137186333370e+00
2.965092498338833593e+00
2.985558859491333816e+00
3.006025220643834039e+00
3.026491581796334263e+00
3.046957942948834930e+00
3.067424304101335153e+00
3.087890665253835376e+00
3.108357026406336043e+00
3.128823387558836266e+00
3.149289748711336934e+00
3.169756109863837157e+00
3.190222471016337380e+00
3.210688832168837603e+00
3.231155193321337826e+00
3.251621554473838493e+00
3.272087915626338717e+00
3.292554276778838940e+00
3.313020637931339607e+00
3.333486999083839830e+00
3.353953360236340053e+00
3.374419721388840721e+00
3.394886082541340944e+00
3.415352443693841167e+00
3.435818804846341390e+00
3.456285165998841613e+00
3.476751527151342280e+00
3.497217888303842948e+00
3.517684249456343171e+00
3.538150610608843394e+00
3.558616971761343617e+00
3.579083332913844284e+00
3.599549694066344507e+00
3.620016055218845175e+00
3.640482416371344954e+00
3.660948777523845621e+00
3.681415138676345844e+00
3.701881499828846511e+00
3.722347860981346290e+00
3.742814222133846958e+00
3.763280583286346737e+00
3.783746944438846960e+00
3.804213305591348071e+00
3.824679666743847850e+00
3.845146027896348517e+00
3.865612389048848296e+00
3.886078750201348964e+00
3.906545111353849187e+00
