0.000000000000000000e+00
3.024337501348752302e-02
6.048675002697504605e-02
9.073012504046257254e-02
1.209735000539500921e-01
1.512168750674376116e-01
1.814602500809251451e-01
2.117036250944126508e-01
2.419470001079001842e-01
2.721903751213877176e-01
3.014392272601648104e-01
3.306880793989419587e-01
3.599369315377190515e-01
3.891857836764961442e-01
4.184346358152732925e-01
4.476834879540503853e-01
4.769323400928274781e-01
5.061811922316046264e-01
5.354300443703816637e-01
5.646788965091589230e-01
5.646788965091589230e-01
5.918299833415516797e-01
6.189810701739445475e-01
6.461321570063373043e-01
6.732832438387300611e-01
7.004343306711229289e-01
7.275854175035156857e-01
7.547365043359084424e-01
7.818875911683011992e-01
8.090386780006940670e-01
8.361897648330868238e-01
8.633408516654796916e-01
8.904919384978724484e-01
9.176430253302652051e-01
9.447941121626579619e-01
9.721298270416505183e-01
9.994655419206430746e-01
1.026801256799635631e+00
1.054136971678628187e+00
1.081472686557620744e+00
1.108808401436613078e+00
1.136144116315605634e+00
1.163479831194598191e+00
1.190815546073590747e+00
1.218151260952583304e+00
1.245486975831575860e+00
1.272822690710568416e+00
1.300158405589560973e+00
1.327494120468553529e+00
1.354829835347545863e+00
1.382165550226538642e+00
1.382165550226538642e+00
1.408985404865516156e+00
1.435805259504493669e+00
1.462625114143471405e+00
1.489444968782448919e+00
1.516264823421426433e+00
1.543084678060403947e+00
1.569904532699381683e+00
1.596724387338359197e+00
1.623544241977336711e+00
1.650364096616314225e+00
1.677183951255291738e+00
1.704003805894269474e+00
1.730823660533246988e+00
1.757643515172224502e+00
1.784463369811202238e+00
1.811283224450179752e+00
1.838103079089157266e+00
1.864802409143168749e+00
1.891501739197180010e+00
1.918201069251191493e+00
1.944900399305202754e+00
1.971599729359214237e+00
1.998299059413225720e+00
2.024998389467237203e+00
2.051697719521248242e+00
2.078397049575259725e+00
2.105096379629271208e+00
2.131795709683282691e+00
2.158495039737293730e+00
2.185194369791305213e+00
2.211893699845316696e+00
2.238593029899328180e+00
2.238593029899328180e+00
2.265411588797573650e+00
2.292230147695818676e+00
2.319048706594064146e+00
2.345867265492309617e+00
2.372685824390554643e+00
2.399504383288800113e+00
2.426322942187045584e+00
2.453141501085290610e+00
2.479960059983536080e+00
2.506778618881781551e+00
2.533597177780026577e+00
2.560415736678272047e+00
2.587234295576517518e+00
2.614052854474762544e+00
2.640871413373008014e+00
