-6.272624816052014239e-04 -6.235433008904381650e-04 1.236001106266027047e-07 2.802614544366627491e+00 3.616329245435938144e+00 3.688596693796542425e+00 3.769787031567316316e+00 4.165859465506336790e+00 4.676847338069270776e+00 5.326294152029004358e+00 6.104656348330202320e+00 7.132282625772314866e+00 7.224742882907188246e+00 7.286696621565337928e+00 7.594712123169643725e+00 8.815414765936013808e+00 9.030669659966777729e+00 9.099732896690609252e+00 9.439356773875026363e+00 9.452966006365864260e+00 1.070957848527972267e+01 1.076793649431897926e+01 1.145672931946785411e+01 1.175056011764067776e+01 1.440877719051843542e+01 1.473819765811873417e+01 1.498831956689913625e+01 1.500781460784187793e+01 1.568697514015079797e+01 1.643873075847377763e+01 1.717927252388114212e+01 1.825049521777209449e+01 1.901445594245219795e+01 1.922313611061417404e+01 2.106174379004024999e+01 2.233491251650549358e+01
2.796008244541693943e-01 2.825966478725778219e-01 5.258712934699977248e-01 2.863912748895206750e+00 3.608297762704361311e+00 3.678837449037182239e+00 3.772024148300429314e+00 4.177246789080922618e+00 4.697737842904828653e+00 5.331852802883746634e+00 6.123455278951400516e+00 7.014675946597948908e+00 7.217397126039921673e+00 7.302564243189609172e+00 7.533725751648674418e+00 8.593846815670181272e+00 9.105734880405648823e+00 9.310084877967621964e+00 9.495599858072269583e+00 9.567339061581513704e+00 1.071888165015116812e+01 1.104687793608903235e+01 1.144672287545822975e+01 1.176720453318450055e+01 1.442578402455542275e+01 1.472556582715555429e+01 1.497195604336744523e+01 1.501280632098830381e+01 1.571926330119974047e+01 1.644857343922438986e+01 1.717870734399600963e+01 1.825888014032869222e+01 1.901124132567774083e+01 1.921767306426918509e+01 2.106726234280691301e+01 2.232598362951543791e+01
5.582755738833661274e-01 5.630619100977156677e-01 1.051827176875242076e+00 3.028791238683012921e+00 3.582813104988992414e+00 3.651924061917141362e+00 3.780669543765080576e+00 4.210883435499116700e+00 4.759328410662334363e+00 5.348373940595963383e+00 6.178351027944022356e+00 6.824954721600973606e+00 7.194939740276630857e+00 7.290293539474556717e+00 7.506292052921271107e+00 8.632000645255121896e+00 9.135256828294807008e+00 9.163982142469722092e+00 9.630167911760784349e+00 9.853459391189529626e+00 1.075037101539418316e+01 1.141801027480530450e+01 1.180121471929104082e+01 1.191589242177968444e+01 1.447165511105389690e+01 1.469956446037428144e+01 1.493039814437565660e+01 1.501021838348825099e+01 1.584631504246817357e+01 1.647723033587170249e+01 1.717789432412527262e+01 1.828302131337017045e+01 1.900386221004270482e+01 1.920146469582524418e+01 2.108412831727445180e+01 2.229957709340749616e+01
8.339136022369503243e-01 8.392753197182974967e-01 1.583954388659037482e+00 3.243016153023172699e+00 3.538161525272240038e+00 3.618391090019731582e+00 3.798700834400616344e+00 4.270616644587080124e+00 4.858161399368666089e+00 5.375380021519711171e+00 6.268042484876444220e+00 6.731472580946569195e+00 7.160380456637106761e+00 7.258655219739841513e+00 7.519554075719500297e+00 8.897383837689101682e+00 9.007131538822990890e+00 9.198227467945676139e+00 9.683470952711063617e+00 1.002157951683339121e+01 1.079959668596345956e+01 1.138590553789342685e+01 1.185836250318383911e+01 1.294734591172066196e+01 1.451917079644096553e+01 1.469860666904401825e+01 1.486858074879237535e+01 1.497835002523319403e+01 1.617033139527816843e+01 1.652234395550264168e+01 1.718103866610868025e+01 1.832044053665097749e+01 1.899889315041939497e+01 1.917518701882149301e+01 2.111343496147417653e+01 2.225693159686656131e+01
1.103221688603313266e+00 1.108959120687931899e+00 2.127505082914308066e+00 3.393798944624598857e+00 3.474514423855095124e+00 3.635372197611566936e+00 3.825990670055809506e+00 4.372481877578795917e+00 4.987291690157143798e+00 5.411568713989828971e+00 6.375363012724146294e+00 6.688455957699456889e+00 7.119368677144732871e+00 7.226181177110401421e+00 7.522333529828397758e+00 8.845384706777606354e+00 9.101393007765350873e+00 9.526827801300782994e+00 9.724364263146686227e+00 1.018433591471668720e+01 1.086509466961777726e+01 1.134884985274882752e+01 1.190974856200780074e+01 1.369989782501926534e+01 1.452659022025359015e+01 1.474494390821879364e+01 1.481551684194350926e+01 1.490483846340801755e+01 1.657774476985667533e+01 1.679919260721447927e+01 1.722884163058759910e+01 1.836908545569606588e+01 1.900623081302118322e+01 1.914086733052797484e+01 2.115772146773477758e+01 2.220046466773187177e+01
1.362418362555761986e+00 1.369041410424847172e+00 2.677600091081543177e+00 3.374608762840564768e+00 3.393277360864649150e+00 3.762755113227697290e+00 3.859141514477830714e+00 4.533686808044787853e+00 5.136923035180491759e+00 5.454508109474102362e+00 6.465150373179317178e+00 6.618809083113184499e+00 7.077749470274405930e+00 7.191085578765179953e+00 7.520665222972240826e+00 8.688049819916892957e+00 9.132501057394110333e+00 9.680453230197882064e+00 1.015635433256736242e+01 1.045329900336379225e+01 1.095186017563576364e+01 1.130622291158328885e+01 1.195237623914572644e+01 1.405438209687277329e+01 1.453128765380071741e+01 1.467731507373802735e+01 1.478658467737429305e+01 1.489273634987055672e+01 1.664361820892362687e+01 1.709549635425576142e+01 1.788104132626294174e+01 1.843672863711789489e+01 1.903222246254775740e+01 1.911206427940811281e+01 2.122277639453687570e+01 2.213445972452986155e+01
1.607290441648444590e+00 1.615055384485314161e+00 3.213800476936749639e+00 3.293924859324162124e+00 3.296894968076382604e+00 3.886742505830612426e+00 3.895203217146537167e+00 4.743650737744069978e+00 5.294506788841787603e+00 5.502326009465425827e+00 6.488512543591505199e+00 6.509243883296437438e+00 7.039613941783875894e+00 7.148364483958027371e+00 7.541068428152613023e+00 8.534479704057767790e+00 9.149581233329968200e+00 9.654978641953078977e+00 1.046738080334524668e+01 1.100607092178628221e+01 1.114406201970677124e+01 1.125659735466928879e+01 1.197911166973598007e+01 1.416652117987279169e+01 1.456194112121440298e+01 1.458424011101639550e+01 1.463227422032038483e+01 1.496925352596120717e+01 1.671242662648501209e+01 1.709994606621345170e+01 1.843663282753820098e+01 1.881537496841095702e+01 1.901838745735535952e+01 1.925262155425568977e+01 2.132156546683933485e+01 2.206676778308552755e+01
1.832129705772856054e+00 1.840633122739461891e+00 3.186756530362258921e+00 3.189434397577199043e+00 3.687280853864568275e+00 3.924120553004154299e+00 4.033958082575824555e+00 4.965022494614996340e+00 5.431044887154680367e+00 5.566216635288777859e+00 6.301723823185384710e+00 6.483101985321972016e+00 7.008633892220164974e+00 7.100642796401307244e+00 7.600041310502855474e+00 8.384661857496080728e+00 9.179472610174512326e+00 9.605431124486793593e+00 1.065264752245323976e+01 1.119701798677415461e+01 1.120040519652580890e+01 1.181565217685191271e+01 1.198257146995551636e+01 1.418318921959498446e+01 1.442009308300948334e+01 1.448115183789443350e+01 1.463664836076920039e+01 1.501295009101831290e+01 1.678112215999233925e+01 1.708025841381831711e+01 1.852128090881574352e+01 1.896063448172104771e+01 1.907698479814185077e+01 1.986801565287862914e+01 2.147463030619720215e+01 2.201485763345456803e+01
2.027219713041673810e+00 2.035444651339482380e+00 3.079145968854737792e+00 3.080721336168480207e+00 3.893742015369014098e+00 3.948362967301241699e+00 4.388219144679793793e+00 5.164095805135797690e+00 5.487881137009356536e+00 5.669364249789534682e+00 6.073252132439467488e+00 6.395669352503091432e+00 6.987952446073210311e+00 7.056922038775796935e+00 7.695166443721583427e+00 8.237439036578473761e+00 9.229544642544686539e+00 9.539081276219652850e+00 1.078878816798871654e+01 1.113091167738448917e+01 1.139099878427723667e+01 1.195010090039591866e+01 1.245516416808277604e+01 1.415053629908149802e+01 1.421326102139614278e+01 1.438187345126408800e+01 1.469149137288493812e+01 1.502714785958057675e+01 1.684679809605517775e+01 1.704913569394654260e+01 1.859504995521813697e+01 1.889442898835200779e+01 1.917518197236226030e+01 2.035924407603139841e+01 2.165300567495251371e+01 2.203135606283272807e+01
2.172644611080124744e+00 2.179159838170389385e+00 2.986058640208621551e+00 2.989700553143330275e+00 3.946990851403342049e+00 3.962714172889930886e+00 4.838004497253210801e+00 5.321510221138988861e+00 5.472822891254620181e+00 5.614822096609582758e+00 5.982018805664434780e+00 6.263791274563050848e+00 6.978732183102398068e+00 7.024450004981572349e+00 7.815372774340223039e+00 8.092176987552514689e+00 9.298033539968189487e+00 9.461250163025660243e+00 1.089249752540146510e+01 1.105854337147464861e+01 1.158491462964881791e+01 1.187622563751196658e+01 1.298600617091934595e+01 1.388792600622656259e+01 1.420316994339844996e+01 1.429877102619180285e+01 1.473145804689881722e+01 1.502383453637223987e+01 1.690737547447215761e+01 1.700920540146471183e+01 1.867059782827423575e+01 1.882242033675349191e+01 1.924065301869852007e+01 2.058972732774363124e+01 2.172504936677956522e+01 2.216455476034354177e+01
2.230504401489710631e+00 2.235279889287988375e+00 2.946264977909661908e+00 2.950703230258604481e+00 3.962969136568565087e+00 3.965008097381922170e+00 5.242804264308331241e+00 5.259418484361584767e+00 5.436277311730489004e+00 5.441919207142667858e+00 6.108087984387263525e+00 6.114309663511027892e+00 6.977629216156823411e+00 7.011105931094414601e+00 7.949565166637496461e+00 7.950717910732620020e+00 9.374267726434029058e+00 9.382115916610013429e+00 1.097241529423935091e+01 1.098719381892823144e+01 1.174166267956923626e+01 1.176406862656614649e+01 1.329626782363787285e+01 1.366175880369327444e+01 1.423377195538305884e+01 1.424125629848675523e+01 1.474670702177398773e+01 1.501967808658887549e+01 1.696034692760875373e+01 1.696309181009013756e+01 1.874441036950064188e+01 1.874977452959654300e+01 1.926476266889632427e+01 2.065275585131318792e+01 2.173131282551506160e+01 2.224330058826115675e+01
2.205306726923836891e+00 2.274705775723519174e+00 2.930661158694269020e+00 3.000834844431830906e+00 3.853959773075064099e+00 4.068678811457575151e+00 5.233730582500423445e+00 5.255800161807212767e+00 5.395323293460042358e+00 5.496802327800971000e+00 6.088689754281880973e+00 6.118566251137024459e+00 6.946269387985265276e+00 7.041837231151697019e+00 7.909897701940820092e+00 8.015251552055390860e+00 9.328333652355437877e+00 9.427803272132596391e+00 1.078449769604235264e+01 1.118710037435072913e+01 1.161387042801660563e+01 1.195780477608010806e+01 1.326132443808452521e+01 1.371807492922955340e+01 1.412821701300886446e+01 1.429233734950937418e+01 1.475432108067058756e+01 1.504868062200918466e+01 1.688666620241178862e+01 1.699278526108109233e+01 1.866598335555071841e+01 1.874920368765633683e+01 1.920942305206127187e+01 2.064736613492959449e+01 2.165418820088924790e+01 2.234054441278708225e+01
2.202024398129410532e+00 2.318039147697955382e+00 2.956696673437551937e+00 3.071061314855399793e+00 3.777660341237051522e+00 4.141031972200666544e+00 5.205267802853726700e+00 5.236574330977377123e+00 5.389243480795054886e+00 5.560147276091343294e+00 6.047988393293189269e+00 6.118840418994096808e+00 6.906959364367155629e+00 7.072422574918494576e+00 7.907320959552379236e+00 8.083013813431451311e+00 9.296527266735553852e+00 9.464574017611003143e+00 1.062934398799425217e+01 1.133055973206119482e+01 1.153661567066911608e+01 1.223677687865220420e+01 1.321651372711145633e+01 1.381434392028888247e+01 1.401945103775219792e+01 1.428920965685890465e+01 1.472245891324347333e+01 1.515181097887010608e+01 1.677157036794610789e+01 1.697934463399397842e+01 1.853624588767046077e+01 1.860963611439781573e+01 1.916177111970884539e+01 2.051353166552762630e+01 2.161285651322004142e+01 2.250748479845699634e+01
2.224026713756036777e+00 2.364016317872808859e+00 3.028308013250970543e+00 3.146458776364301713e+00 3.759215800916441808e+00 4.168722216313597961e+00 5.156608239858835319e+00 5.213402973466945589e+00 5.419056096158625380e+00 5.631767038549374327e+00 5.993046656803022287e+00 6.118580021164557792e+00 6.861239806074964420e+00 7.087851557861196028e+00 7.943852848994271909e+00 8.134970583666735422e+00 9.293801109564377327e+00 9.483164030886547025e+00 1.049944442853710314e+01 1.136892181309478822e+01 1.151278327606355312e+01 1.255954233339235238e+01 1.318801898856418120e+01 1.384113372913733464e+01 1.401107283717277596e+01 1.425509598670012679e+01 1.462415114713503073e+01 1.529508485177442267e+01 1.662849403462006492e+01 1.692262592840496893e+01 1.830242913613227529e+01 1.847336408833733046e+01 1.916696039947655095e+01 2.019250475305640791e+01 2.170614818194693285e+01 2.265963443959471135e+01
2.270612539787832507e+00 2.432519324695330720e+00 3.140440701171301807e+00 3.224028295117328025e+00 3.783851213050402951e+00 4.147921002241694133e+00 5.080617372972845658e+00 5.222486923120236213e+00 5.461548301155775498e+00 5.707554564529878860e+00 5.934227306047256789e+00 6.119621827181386919e+00 6.795479230018361072e+00 7.093827332400445052e+00 7.995901220355619898e+00 8.186201316521632521e+00 9.314033218624025778e+00 9.481010778299403086e+00 1.037638649013818082e+01 1.134402347418229873e+01 1.151381010881756950e+01 1.285971327121107244e+01 1.311974983565691666e+01 1.384000439633221902e+01 1.404027252784563196e+01 1.424089673400152378e+01 1.448005399138909333e+01 1.542308531871977806e+01 1.647823726211725059e+01 1.682516317068205325e+01 1.807540221903005673e+01 1.835880117022167823e+01 1.917369976926226727e+01 1.980807155451635637e+01 2.186161032872208310e+01 2.278770629500635891e+01
2.344298252467809540e+00 2.539976770259404049e+00 3.279922348680494704e+00 3.288074455509268468e+00 3.829437597373901436e+00 4.079926907558216520e+00 4.978729687635368606e+00 5.277304089839172541e+00 5.490003610642941290e+00 5.769034389235201843e+00 5.889182821167707971e+00 6.128415989877463055e+00 6.702765968500728810e+00 7.095826036790517044e+00 8.014038590953633800e+00 8.288674405322641547e+00 9.340520435820971912e+00 9.458090193206343699e+00 1.026711020293318022e+01 1.130716799501718661e+01 1.151951042276742143e+01 1.298921558278762234e+01 1.309485281220358388e+01 1.380691481003593779e+01 1.400041120143413487e+01 1.422671359203468455e+01 1.437850821550812874e+01 1.551174740237349425e+01 1.633476574696008399e+01 1.669124990132198150e+01 1.791229859449751771e+01 1.825239898603697952e+01 1.916229732861443580e+01 1.947809434940430151e+01 2.205173682461017748e+01 2.289614576013134695e+01
2.441584235285406468e+00 2.680981070742301853e+00 3.294530663990702823e+00 3.429473659222960435e+00 3.902357586400835743e+00 3.975587401192989478e+00 4.859411936474591798e+00 5.359973784228929006e+00 5.476598479424589883e+00 5.789952619848989457e+00 5.880403976394806165e+00 6.162609936379281450e+00 6.584168547029263685e+00 7.084928588366801172e+00 8.018039694529019101e+00 8.440069016056135354e+00 9.356976105584250192e+00 9.421270942841259100e+00 1.020712421902419642e+01 1.129499163990554678e+01 1.151650980467740304e+01 1.283186507534894361e+01 1.323839335955837804e+01 1.354937971378374506e+01 1.394782820483348651e+01 1.417559778375107626e+01 1.440978179399535009e+01 1.556538363299000061e+01 1.619304950700758283e+01 1.653112373413611635e+01 1.780569694092684330e+01 1.816400880786329708e+01 1.912163198729521341e+01 1.927498659744207998e+01 2.228818854263273153e+01 2.298603623771316151e+01
2.548914640283353350e+00 2.834153712814312165e+00 3.212828768314487604e+00 3.543226645025794319e+00 3.879628467325037633e+00 4.011577496320454017e+00 4.730879657689880169e+00 5.375601065286124580e+00 5.483220799081436780e+00 5.769624598738092303e+00 5.904521568498521944e+00 6.227307419554789725e+00 6.446134746569041063e+00 7.040493334739643672e+00 8.078699174582558484e+00 8.600650780100909998e+00 9.337483033267242050e+00 9.396982094355429638e+00 1.023584759114664067e+01 1.132200205811024141e+01 1.149684289512476276e+01 1.267297182008771905e+01 1.298534387180086469e+01 1.334972002030237448e+01 1.392123697717988051e+01 1.417570693523341596e+01 1.446020293536983381e+01 1.559345285100812184e+01 1.604729456155614287e+01 1.636512724649698924e+01 1.773445440745255652e+01 1.810148930626552044e+01 1.904860432946194848e+01 1.920601945651915443e+01 2.257734961323086154e+01 2.305159580027208577e+01
2.650340720404612771e+00 2.974304064436441575e+00 3.042406766663420026e+00 3.529431494368910016e+00 3.901375072034717117e+00 4.138456850156146949e+00 4.601428677186779836e+00 5.286001678311034624e+00 5.548755597887826241e+00 5.738791867835087324e+00 5.930501869216298516e+00 6.276034670645636027e+00 6.332172953115605019e+00 6.964652283577950520e+00 8.234177588802602088e+00 8.732562473205884856e+00 9.279069232637086273e+00 9.390128878765150233e+00 1.037255671995503548e+01 1.135678218343863755e+01 1.146276710344732308e+01 1.234325662138011914e+01 1.256244858369683115e+01 1.334670342319227210e+01 1.389787851066263613e+01 1.418404443993622088e+01 1.453326246694138213e+01 1.557549463855120209e+01 1.592657689641509045e+01 1.621665397441995893e+01 1.768201345768739330e+01 1.805890858117023967e+01 1.899230473064227809e+01 1.919517207171386275e+01 2.289869026227429671e+01 2.308263097106253170e+01
2.740403473469608553e+00 2.794668484197538216e+00 3.100380879763960262e+00 3.432065612394501919e+00 3.998787299348204094e+00 4.255694185130328933e+00 4.490429399508406583e+00 5.187874139916313965e+00 5.573926078146852703e+00 5.730921291290949959e+00 5.923166541615402458e+00 6.179680731069655764e+00 6.397583095746510295e+00 6.887151390538277518e+00 8.462011610496571024e+00 8.798630403899018404e+00 9.210772505644323260e+00 9.377274243312580637e+00 1.060221737266408226e+01 1.121755614352445818e+01 1.148555126094032097e+01 1.186103404394985894e+01 1.243059007469799226e+01 1.333398916157506164e+01 1.386561641993844241e+01 1.419979634972720461e+01 1.463318129849196936e+01 1.547028401107883333e+01 1.588891476149028925e+01 1.610215720941693718e+01 1.764069210025040135e+01 1.802905949041487332e+01 1.896291847782310924e+01 1.920510514573290450e+01 2.306660315467087941e+01 2.321188899024402374e+01
2.620918702162020164e+00 2.694866099463891551e+00 3.174801529561579461e+00 3.346667753335617945e+00 4.111058998810460885e+00 4.221976705682475739e+00 4.604623281584682815e+00 5.011586858409672551e+00 5.614742192600671977e+00 5.749252489878087680e+00 5.959005039696795514e+00 6.215962407007961765e+00 6.362326584405431085e+00 6.672143572512877263e+00 8.636960533674217899e+00 8.854171360333213059e+00 9.286513724004327841e+00 9.369992384663921925e+00 1.058174598553508261e+01 1.114370179390526872e+01 1.146586509499680417e+01 1.162810776598131746e+01 1.264747474808891248e+01 1.339761153092653778e+01 1.357534178820794324e+01 1.404811957006232426e+01 1.487116177130397787e+01 1.529725848856982395e+01 1.587508187266201354e+01 1.599533215706025047e+01 1.770887168976499026e+01 1.791366546174278440e+01 1.905053085204379215e+01 1.916401748376236469e+01 2.318663470056260678e+01 2.327076343608651143e+01
2.547586533523274799e+00 2.669033753831141720e+00 3.224474407294666722e+00 3.290093084464769113e+00 4.146503057160618511e+00 4.205182368750431721e+00 4.796593860584333235e+00 4.805656390246602960e+00 5.579465470523586212e+00 5.755439783215814842e+00 6.110641890773942819e+00 6.163940763085360430e+00 6.346473697879600806e+00 6.560971612394435049e+00 8.753059204972643670e+00 8.834014694676051604e+00 9.311582717434538026e+00 9.369699297736495680e+00 1.053030871238041755e+01 1.117176423332393220e+01 1.145284020336278985e+01 1.151046065885033443e+01 1.284410139716206345e+01 1.320411148886590880e+01 1.362431969774186058e+01 1.395285807059191363e+01 1.508755736321978347e+01 1.510818165158902104e+01 1.588299490533682956e+01 1.594100607066098796e+01 1.777453066182807007e+01 1.783452433205393817e+01 1.911322285958475220e+01 1.911628409792552930e+01 2.324591186704321544e+01 2.327480112799917933e+01
2.560402902138236403e+00 2.686506628430354482e+00 3.213191661732920146e+00 3.281395943092277889e+00 4.146372021700525323e+00 4.215328072888198108e+00 4.753063899553636951e+00 4.771671661497594918e+00 5.603593822012677528e+00 5.772640782877142662e+00 6.072224094335227029e+00 6.196178285378039163e+00 6.372191945078912845e+00 6.578361569411489640e+00 8.778663336672693163e+00 8.859241780380358477e+00 9.281166971207152727e+00 9.404181756684739213e+00 1.058583111655389075e+01 1.118803104096456913e+01 1.145708592957744898e+01 1.152100847223754343e+01 1.284755531886734303e+01 1.320172091638723622e+01 1.365580551292470446e+01 1.397341800458148775e+01 1.507808340091548871e+01 1.510572361067896452e+01 1.586804472601651206e+01 1.592916625517419327e+01 1.772779220711399617e+01 1.780051074073582384e+01 1.913197579287657391e+01 1.914525930285856603e+01 2.320806186080475442e+01 2.324592326054957780e+01
2.596637554066544951e+00 2.734119357898078029e+00 3.182310425959387512e+00 3.255871163322832551e+00 4.143195966485628823e+00 4.234137121355178834e+00 4.651503186058156381e+00 4.673479878094930484e+00 5.655819656536167805e+00 5.800885969741188752e+00 6.046986857781229574e+00 6.238779493643414220e+00 6.443557667108557929e+00 6.626956373910537934e+00 8.830904447313551842e+00 8.905948472643641978e+00 9.259479964853730038e+00 9.478692438148556221e+00 1.074138751285060245e+01 1.122714573893110312e+01 1.146137547483456132e+01 1.157178349744189916e+01 1.286096558138961932e+01 1.319956076028756087e+01 1.374071765941350698e+01 1.403195208941865602e+01 1.505105072227779139e+01 1.509353871553295789e+01 1.582579011370241417e+01 1.589482138878558359e+01 1.760362418101925996e+01 1.769364298538192415e+01 1.919523096184864386e+01 1.921788037754168244e+01 2.310129925180574517e+01 2.315813521151858723e+01
2.649622475141985678e+00 2.799288727530420129e+00 3.139072903176368445e+00 3.215255243414030240e+00 4.125691332894317220e+00 4.233514194292967048e+00 4.522435514060212824e+00 4.543882451963462188e+00 5.706698956050195726e+00 5.801266299004657512e+00 6.096589905216573513e+00 6.299963194664455202e+00 6.544909308431006600e+00 6.698485579352484010e+00 8.829789131226027266e+00 8.931960602026567386e+00 9.312791288694324265e+00 9.614082787008795705e+00 1.096108779082201501e+01 1.127975653453318827e+01 1.145943087920454673e+01 1.168910549175198632e+01 1.289102793394551760e+01 1.320627350942723410e+01 1.385944340551109022e+01 1.411999857310848405e+01 1.500471863607129741e+01 1.506378824485890888e+01 1.576377809925529938e+01 1.584145630913876879e+01 1.742414673455921914e+01 1.751843391721022414e+01 1.929491139905428909e+01 1.932706268211748579e+01 2.293764850109026199e+01 2.301548453358645219e+01
2.708698775942658177e+00 2.864399537742636337e+00 3.092588964934283702e+00 3.163589340491006929e+00 4.077794697821031100e+00 4.181179015584513436e+00 4.376212371777539190e+00 4.426360688247443775e+00 5.753551050519710941e+00 5.795812862788858766e+00 6.205950142031881889e+00 6.388996779850580232e+00 6.663867653746562425e+00 6.784103476225215701e+00 8.762364881304501196e+00 8.892100700553235981e+00 9.460648647913327380e+00 9.802750799650210567e+00 1.114142065483095756e+01 1.138339501530874109e+01 1.148680670919392810e+01 1.186949900286318282e+01 1.294405530538436011e+01 1.322854559570522781e+01 1.399257753085216649e+01 1.422567792487195604e+01 1.493524346290882221e+01 1.500773534461956515e+01 1.569336197121632814e+01 1.577451083951018873e+01 1.720464927311277847e+01 1.729106717007254090e+01 1.942308927836624832e+01 1.946737016484924609e+01 2.273152566493958204e+01 2.282769648383582961e+01
2.759568090337223722e+00 2.905358824527515260e+00 3.053333645207254143e+00 3.113102019218263905e+00 3.988182892389843914e+00 4.070563531778706334e+00 4.239354386259457819e+00 4.316385605428648020e+00 5.807011060969794691e+00 5.823025890752469458e+00 6.339728712576639502e+00 6.498616626738629165e+00 6.791106777142490003e+00 6.876954281313406803e+00 8.663429686787647910e+00 8.793910511267336361e+00 9.655586650529823345e+00 1.000574433970779076e+01 1.119989042836797211e+01 1.140780821539201462e+01 1.173696462070888202e+01 1.209119716103130493e+01 1.302399094899458554e+01 1.327164209690592145e+01 1.412238646758759764e+01 1.433424501165588083e+01 1.484227183730478394e+01 1.491939417160783954e+01 1.562625998397133387e+01 1.570044314409361341e+01 1.695691115157602979e+01 1.703258702761333154e+01 1.957648003334031728e+01 1.963210933678471903e+01 2.249956938338895185e+01 2.260682487529632922e+01
2.785067922714345556e+00 2.890696012607223420e+00 3.034622511265875122e+00 3.087701220401644520e+00 3.862236839347338524e+00 3.920065622737965771e+00 4.131789597764324640e+00 4.193935915438319562e+00 5.870889278067024541e+00 5.891684568625617402e+00 6.480360598294635288e+00 6.617510946923855109e+00 6.918045610932128220e+00 6.973432718077369863e+00 8.546682968981301087e+00 8.661747038030686241e+00 9.856323149821394125e+00 1.019286278982616345e+01 1.121793995987336956e+01 1.139315496178923581e+01 1.206794607757946913e+01 1.232858804038806255e+01 1.313093394792255353e+01 1.333958756463691486e+01 1.422825747390250406e+01 1.442182036261896272e+01 1.473485525295270548e+01 1.481226428243581239e+01 1.556906311726983461e+01 1.562561570835381630e+01 1.669423589586456202e+01 1.676408830606991884e+01 1.975257963669662331e+01 1.981375644416216630e+01 2.225886004172046029e+01 2.236515054548388903e+01
2.776032622884736067e+00 2.825234695653426442e+00 3.043972018379546896e+00 3.081383229480986863e+00 3.719062289272882627e+00 3.745220124075118395e+00 4.052512177812329419e+00 4.070124896559953243e+00 5.951408693591369925e+00 5.977973416901934733e+00 6.618198731513458277e+00 6.734210942983829717e+00 7.038388794194672116e+00 7.073454345386358533e+00 8.415551287355521382e+00 8.510614647322441328e+00 1.004018651762280889e+01 1.034843845443196741e+01 1.122622756446733838e+01 1.137467945519130019e+01 1.239389733044611042e+01 1.255967902923025648e+01 1.325613095333714675e+01 1.343252286820534991e+01 1.427302128195926123e+01 1.442437864252026714e+01 1.465036475704524044e+01 1.475317229097590399e+01 1.552133249879765309e+01 1.555604648110304922e+01 1.643585040723858270e+01 1.650123809788746243e+01 1.994548751212636617e+01 2.000487949664874421e+01 2.202519962519493291e+01 2.211383925172140863e+01
2.732267304001147146e+00 2.757538106073289086e+00 3.059311762959289194e+00 3.077513872573829357e+00 3.543472490759143501e+00 3.595695077225158798e+00 3.963523980383850898e+00 4.001861769436407812e+00 6.034826274726939666e+00 6.066193709673563639e+00 6.744478577261631358e+00 6.836537423937261160e+00 7.151847387894323838e+00 7.177749956829283740e+00 8.272286652741087210e+00 8.352205386855974467e+00 1.019334033531468720e+01 1.046693493518572815e+01 1.123041440310620764e+01 1.135674075454217480e+01 1.269127543863770491e+01 1.277349134005511999e+01 1.337436351262927126e+01 1.353718563878254599e+01 1.422621261967312023e+01 1.429421311334386147e+01 1.465541335444531512e+01 1.478355105560554250e+01 1.548039925231236857e+01 1.549859733410850282e+01 1.620213784907734578e+01 1.625688937167214831e+01 2.013963438405833273e+01 2.020247807322276401e+01 2.181258356927808251e+01 2.186280072825532272e+01
2.665372126339254688e+00 2.714997995324042179e+00 3.045988192458818133e+00 3.095445747147887783e+00 3.361965032338674941e+00 3.489047349033544965e+00 3.890764744123278440e+00 3.969957123494741502e+00 6.105362881481697812e+00 6.142766935723567912e+00 6.847808795554282568e+00 6.913619839860663419e+00 7.259982675481704284e+00 7.285545319483913929e+00 8.125117594680272504e+00 8.199435744735179554e+00 1.030691658697625179e+01 1.054878496771972607e+01 1.123195762553200616e+01 1.134195129135410340e+01 1.295318196260737942e+01 1.297103508549604101e+01 1.344668899877729551e+01 1.360106521793642997e+01 1.411951706635258041e+01 1.417550279204524522e+01 1.469403590485110378e+01 1.484708655276333999e+01 1.543930788099638463e+01 1.547019670550774606e+01 1.600393603486633154e+01 1.605221991066005671e+01 2.030713491490746136e+01 2.040743558256164647e+01 2.162326719463747082e+01 2.163492449225117298e+01
2.617800553746812309e+00 2.682934544217918216e+00 3.032493420989785804e+00 3.109930515236468018e+00 3.228342887640091252e+00 3.421113632980548491e+00 3.848546045648029601e+00 3.954323249137582597e+00 6.151732347680769486e+00 6.195098567033004322e+00 6.915351375866372052e+00 6.960079845575545043e+00 7.349882340336779230e+00 7.387763364501279462e+00 7.996992567954384512e+00 8.074730464187972245e+00 1.037601070067342057e+01 1.059667582783883155e+01 1.123199288137784357e+01 1.133228005951971795e+01 1.315237280092913075e+01 1.318373670556193034e+01 1.343404723721211269e+01 1.354868386966295013e+01 1.400894229240081756e+01 1.417476663198672782e+01 1.470965766626257754e+01 1.490858373881299670e+01 1.540287234956444706e+01 1.547922547109748592e+01 1.584369603023818307e+01 1.592202686968463254e+01 2.042484171152209171e+01 2.059492914209410230e+01 2.141935599216060027e+01 2.151046225662311429e+01
2.601073509852858123e+00 2.670468147857294028e+00 3.028382499290502849e+00 3.114057495504390705e+00 3.179086015201285864e+00 3.397706236143914094e+00 3.834768800818431522e+00 3.949779377790274548e+00 6.167798705434361040e+00 6.213743846745851229e+00 6.938631061014493895e+00 6.975433746275997215e+00 7.388867966234816009e+00 7.437116116277085354e+00 7.939348411752486179e+00 8.022173318417582522e+00 1.039906164389925358e+01 1.061249345234112695e+01 1.123180052014919461e+01 1.132892369464251026e+01 1.328410180028134135e+01 1.334118694927682824e+01 1.336677800906122116e+01 1.342768548675525686e+01 1.397331977614263998e+01 1.419474471206410904e+01 1.470826437727765779e+01 1.493570600089720379e+01 1.538782834443306946e+01 1.549679108137055472e+01 1.577116583401639005e+01 1.587842691755151847e+01 2.046890664218888745e+01 2.068497296679344899e+01 2.132457417423380264e+01 2.146413250015901042e+01
2.612395037917359275e+00 2.679764043487916858e+00 3.041837521147391143e+00 3.123835122602534931e+00 3.196824746817903407e+00 3.409174878877637038e+00 3.859736896237319748e+00 3.962716450684027780e+00 6.156053839212612289e+00 6.198590240527979134e+00 6.928090667804493563e+00 6.950723941333210476e+00 7.372049483972985762e+00 7.414627240155413190e+00 7.962213415075861001e+00 8.034620783346332118e+00 1.035838399845786739e+01 1.054015963294247449e+01 1.131351209979912653e+01 1.138509120191231894e+01 1.318325267260708777e+01 1.328470069222153604e+01 1.335830905802358615e+01 1.339936792765753637e+01 1.397404773030310032e+01 1.418619757920556879e+01 1.474387164662252481e+01 1.494962471828328354e+01 1.541107500680467268e+01 1.550902663451762642e+01 1.581656721697307155e+01 1.591143725925263830e+01 2.047447902569253841e+01 2.068476092784746712e+01 2.132296396174450948e+01 2.146032015110045066e+01
2.643506103205201629e+00 2.703680519988285180e+00 3.081308921185601957e+00 3.159636311580434231e+00 3.239188795271938481e+00 3.439467065800143164e+00 3.935210337541123593e+00 4.005317220368931785e+00 6.122443662658443309e+00 6.154806465132264925e+00 6.878975082298174115e+00 6.887029554936936471e+00 7.328309411130357276e+00 7.361894025249366535e+00 8.017651531056667835e+00 8.069732688045300861e+00 1.026744202235483350e+01 1.038710250948389202e+01 1.147287130626274276e+01 1.151130499930588158e+01 1.300381729591033775e+01 1.314987211257339261e+01 1.326618475792959728e+01 1.328884625248020157e+01 1.398332088602500711e+01 1.415639162218268510e+01 1.483031047670474578e+01 1.498770098348225588e+01 1.547696342140172376e+01 1.555415907463861025e+01 1.593205401195894666e+01 1.600069616029108133e+01 2.049380743731549614e+01 2.069269998174939573e+01 2.132044163177764062e+01 2.145103431007754580e+01
2.609887297918247473e+00 2.650191849332739658e+00 3.115426046907415980e+00 3.165278091403264327e+00 3.326448167895790231e+00 3.472059030660573420e+00 4.012977066309656671e+00 4.052477352832458024e+00 6.090700331737007645e+00 6.111507185272313514e+00 6.824438522987030353e+00 6.861776474821442484e+00 7.273978842453978189e+00 7.309813100326977953e+00 8.085182898023953513e+00 8.103767090833407849e+00 1.029097767003372432e+01 1.034014636347371940e+01 1.140782916174716988e+01 1.145376269644620315e+01 1.278162742280727215e+01 1.293648844372029139e+01 1.312765138580467017e+01 1.321267548240405176e+01 1.411599168154575779e+01 1.424987586074771428e+01 1.487838102049512834e+01 1.501651375033705627e+01 1.557818592369833333e+01 1.561493299912986465e+01 1.594967501818199374e+01 1.601498207440818788e+01 2.056238824057628989e+01 2.074944510549470778e+01 2.129938547356789158e+01 2.142857192019983614e+01
2.494031954543888041e+00 2.614613114595979226e+00 3.137647475485718207e+00 3.190436538153607504e+00 3.406663057089488245e+00 3.537496187344799647e+00 4.112059698704771726e+00 4.121348645583670312e+00 6.040958876931328270e+00 6.049196790341277108e+00 6.752741783778108520e+00 6.814734216632247765e+00 7.217712909983333702e+00 7.265878973533711260e+00 8.129919243342518698e+00 8.156003504095096446e+00 1.025217571383373460e+01 1.030560134433107677e+01 1.128037069319873176e+01 1.132839334023176647e+01 1.254699992287804200e+01 1.268662454519219729e+01 1.301035178126915604e+01 1.314722589703844946e+01 1.422431173019933581e+01 1.430218145229397031e+01 1.494162452299982036e+01 1.505412321595352765e+01 1.568585988461679115e+01 1.569392369188911296e+01 1.598763133550271576e+01 1.605473285410667117e+01 2.064172516628002896e+01 2.081009193486521980e+01 2.129497759477553132e+01 2.143741606160153879e+01
2.348295145566404951e+00 2.563783902215390764e+00 3.157232012278846867e+00 3.211533806230111310e+00 3.481966191821932455e+00 3.599321570260084258e+00 4.198464471888838645e+00 4.239569140262520186e+00 5.965568897307244711e+00 5.992073089674563313e+00 6.666607999413368013e+00 6.738955909916439779e+00 7.165417820759653722e+00 7.237142866370579242e+00 8.149815538281464100e+00 8.212411660007225223e+00 1.012287011843841178e+01 1.028271118752211599e+01 1.108441832136862004e+01 1.114795686168040589e+01 1.235354750489234910e+01 1.246661698480330216e+01 1.290998906609179109e+01 1.308040226313130638e+01 1.429638140239789834e+01 1.431058779690181204e+01 1.499666529205260446e+01 1.508714367356317076e+01 1.577633277845210991e+01 1.580696378089184329e+01 1.604525992667804246e+01 1.610896179062363487e+01 2.072374027383240502e+01 2.088042262245542702e+01 2.131356674363157566e+01 2.147841302728392066e+01
2.191974329347547989e+00 2.494988189379017562e+00 3.169828019411253361e+00 3.224570428435593161e+00 3.541681826282354173e+00 3.643552330734667777e+00 4.300350120760803030e+00 4.371078656731071099e+00 5.882996189556385147e+00 5.939406968747359628e+00 6.573728317614158101e+00 6.638453867523065099e+00 7.119558819149261808e+00 7.221001086734815111e+00 8.160924376529401059e+00 8.250038075410868643e+00 9.950534002765333952e+00 1.017995776423701848e+01 1.084378421382265323e+01 1.097179197969205156e+01 1.219489515930469814e+01 1.227821514582237405e+01 1.284596400242898184e+01 1.302352140359817767e+01 1.428993600248617568e+01 1.434383082871411119e+01 1.502922808917543307e+01 1.511619901738825078e+01 1.586834085619138079e+01 1.590231676114129655e+01 1.611321119962001447e+01 1.617645146621424956e+01 2.079948645589454514e+01 2.095303204676394770e+01 2.136078139314183488e+01 2.155205055900695044e+01
2.036411538989250758e+00 2.413906893212274252e+00 3.171688083441534634e+00 3.228826865395079793e+00 3.569857129011235308e+00 3.675588979727039796e+00 4.421920999987139389e+00 4.500887616176122208e+00 5.809136512107645700e+00 5.895715878831957468e+00 6.481537569497745288e+00 6.518700433329160937e+00 7.084766990934546982e+00 7.213110622407819861e+00 8.165507858046829881e+00 8.267434935969264487e+00 9.737884771210330470e+00 9.963677445669063104e+00 1.063544398482111575e+01 1.083701178622201589e+01 1.203779326041314235e+01 1.213306830487277388e+01 1.282101579990425222e+01 1.298127170061548519e+01 1.426524156251347186e+01 1.436803265837149368e+01 1.503327678083076080e+01 1.515632417013941513e+01 1.593272628984133021e+01 1.597454028419331884e+01 1.618325586075316025e+01 1.625608766098175195e+01 2.086367052547559098e+01 2.101307236403624756e+01 2.143239646663095144e+01 2.165599943345258893e+01
1.892762996427344691e+00 2.329753192403105189e+00 3.162319807610837863e+00 3.223182410213565330e+00 3.571318963888457265e+00 3.697181568288267606e+00 4.552870517251278670e+00 4.620428984020628960e+00 5.760233658609029028e+00 5.867744777091359332e+00 6.381898466474347664e+00 6.394762950540803459e+00 7.066689443722702357e+00 7.212351720927809851e+00 8.165767328548021453e+00 8.268036090803100535e+00 9.506146620576080508e+00 9.669614493451987869e+00 1.050599154950505287e+01 1.073629084322336347e+01 1.188055952011536220e+01 1.203083980458801072e+01 1.282322382967729446e+01 1.295201567181027436e+01 1.425044958403180573e+01 1.437311880259919228e+01 1.502464980000821271e+01 1.519874236430108638e+01 1.596438012106557203e+01 1.602581973637598267e+01 1.624957034412133439e+01 1.633365522681497950e+01 2.091762909030074624e+01 2.105163628340931936e+01 2.151277977304268418e+01 2.177576355505850714e+01
1.773816024459777374e+00 2.254681056278915463e+00 3.145584581397832924e+00 3.209299595318187759e+00 3.562706403025946322e+00 3.708373916432761153e+00 4.666739379111423780e+00 4.726276379181293841e+00 5.752644822536248093e+00 5.859562761985976920e+00 6.233419805764262911e+00 6.315523866048250667e+00 7.066260774151192692e+00 7.218897378291704747e+00 8.163731904567930187e+00 8.257166935782198181e+00 9.294752876405254938e+00 9.383899493867218666e+00 1.044856141653283288e+01 1.064927031906470489e+01 1.175067577921691253e+01 1.195740605924148348e+01 1.283812221498533646e+01 1.293180575290706358e+01 1.425343007063065137e+01 1.436112889458838282e+01 1.501560467400751797e+01 1.523152885094101805e+01 1.597785905649615756e+01 1.605888386033891635e+01 1.630480201366440340e+01 1.639356521198383021e+01 2.096513850391567146e+01 2.106758561921695261e+01 2.158450609336900072e+01 2.188586907371531254e+01
1.693856479089814515e+00 2.202128049696992829e+00 3.129487468289442464e+00 3.194438988281520064e+00 3.554815678544281266e+00 3.713051522573787455e+00 4.738016222253556897e+00 4.807393726181692806e+00 5.795452728533076581e+00 5.865991706525217175e+00 6.086480348636916560e+00 6.253680096537624244e+00 7.075453904147938289e+00 7.229251104386071880e+00 8.161775310890185153e+00 8.241652506408978951e+00 9.145886568637989100e+00 9.181268998201126408e+00 1.044472369124125954e+01 1.057147909630593219e+01 1.166607442013422791e+01 1.191162288143863357e+01 1.285400753639726545e+01 1.291810280146069090e+01 1.427349687446867676e+01 1.433600525911589685e+01 1.500996373952084362e+01 1.525030506335296288e+01 1.598415309388030359e+01 1.607676207236102783e+01 1.634207251336984257e+01 1.642908009581965700e+01 2.100699876597131421e+01 2.106330100344118605e+01 2.163362070343726984e+01 2.196215467525238907e+01
1.665462838688922309e+00 2.183158407972609627e+00 3.122815597616956040e+00 3.188042713148968144e+00 3.551868268291486164e+00 3.714310764508961249e+00 4.761911485328762517e+00 4.838082562123579677e+00 5.857602332483244467e+00 5.860774895395580053e+00 5.999164894071412846e+00 6.228591575897357124e+00 7.080848509064954222e+00 7.234565632235835153e+00 8.161325880074137729e+00 8.233458972429286149e+00 9.092289812192079879e+00 9.108386761763615169e+00 1.046229769757252193e+01 1.052717828423061697e+01 1.163677761337334005e+01 1.189596014648283528e+01 1.286120248050129078e+01 1.291248270018219735e+01 1.430381740589972495e+01 1.430420562659421435e+01 1.500814374984237176e+01 1.525611931766127150e+01 1.598626110721437499e+01 1.608230979612661571e+01 1.635541537642144760e+01 1.644048654547418664e+01 2.103613029169969195e+01 2.104671268312063503e+01 2.165104711575135710e+01 2.198928050909423249e+01
1.763101106312465527e+00 2.221009714515984612e+00 3.116457035058717739e+00 3.191933671060951827e+00 3.510015249854855135e+00 3.753151188712126718e+00 4.669221646242636581e+00 4.909706728558751010e+00 5.761820898105838751e+00 5.946510506433142496e+00 6.000057775184378883e+00 6.227500384644552689e+00 7.074637521986804067e+00 7.241869625224709672e+00 7.932703246002189346e+00 8.452832544169680773e+00 9.026360248466362535e+00 9.173084335143052215e+00 1.045749894889052811e+01 1.051879601553598143e+01 1.164301974316521004e+01 1.192026764106940639e+01 1.283354205263421832e+01 1.296141380123342124e+01 1.400186329981831435e+01 1.457620614166873096e+01 1.494135334490866640e+01 1.534681455162041175e+01 1.596548406465665337e+01 1.611565782571586780e+01 1.637532778624038698e+01 1.646041521779096328e+01 2.081404220712367703e+01 2.123658934854034541e+01 2.149610700670488583e+01 2.216176465470698176e+01
1.993707500415999645e+00 2.335542122381953689e+00 3.086771698983161727e+00 3.210554688691199754e+00 3.449942904266018573e+00 3.797111273461805769e+00 4.563476780294128510e+00 4.943208513942959570e+00 5.700379325975250211e+00 5.969507582820669178e+00 6.030589267598414516e+00 6.224748769801070836e+00 7.051430857931177520e+00 7.261605780193374216e+00 7.686429579305410265e+00 8.665622844795278112e+00 8.976370477199280273e+00 9.229003029243598277e+00 1.044198402948535076e+01 1.049498461441801922e+01 1.166316320345515045e+01 1.196438545755663974e+01 1.281028548226434793e+01 1.303994756315334769e+01 1.375074781361597687e+01 1.461145571194800752e+01 1.502039539086139008e+01 1.547878444013444543e+01 1.593951422291465292e+01 1.616239518987363155e+01 1.646075666640457058e+01 1.652091418429106540e+01 2.056969354590338384e+01 2.114331121110993195e+01 2.151367312235192131e+01 2.244349418173877808e+01
2.227732277651828241e+00 2.534030867416858790e+00 3.031101618546177434e+00 3.243563576156259565e+00 3.415247899449203484e+00 3.780897904321491865e+00 4.511869214150526552e+00 4.872493479228914737e+00 5.720503657374337081e+00 5.921510972420779950e+00 6.081879739211070834e+00 6.218068317135307943e+00 7.013418694871927705e+00 7.276628454661103973e+00 7.473753091631161638e+00 8.789011640483913368e+00 9.002028551678874280e+00 9.256693631231669883e+00 1.041679792012488193e+01 1.045414385369793919e+01 1.169663544467555027e+01 1.194976446556163197e+01 1.280543958410740046e+01 1.311730937231242677e+01 1.363783217860150643e+01 1.445519487995276720e+01 1.523745516384329513e+01 1.557365465521958470e+01 1.593301313165293287e+01 1.619332723577971578e+01 1.654402613634017527e+01 1.670785740972585032e+01 2.030793653520971276e+01 2.085712972126646747e+01 2.170501428146477352e+01 2.275334647394081244e+01
2.387145893733972457e+00 2.779815205960622038e+00 2.969070588397744626e+00 3.280534453801172479e+00 3.413153239496395930e+00 3.690753093018549702e+00 4.535925223427038411e+00 4.719341064772767602e+00 5.803932517125481638e+00 5.840029917665620296e+00 6.107260636627223960e+00 6.212011342629197408e+00 6.972465609895722949e+00 7.262848889070667724e+00 7.307375045848425898e+00 8.825266258554554710e+00 9.104355908860377156e+00 9.243882123201540679e+00 1.038408921158162812e+01 1.039146324530957521e+01 1.173864832443437933e+01 1.180639273706051817e+01 1.280866717403577759e+01 1.321962229559315283e+01 1.369811903441141077e+01 1.427332939667373957e+01 1.541197048417349791e+01 1.562239079467264347e+01 1.596691319459080205e+01 1.622548041896740401e+01 1.660605400966770873e+01 1.700122602362969459e+01 2.002745095190741154e+01 2.057199397962157761e+01 2.189887038873129654e+01 2.308964011008147921e+01
2.472524114786601945e+00 2.884283511546755552e+00 3.020295039489506284e+00 3.305467878564137596e+00 3.445960736616068054e+00 3.571214946653336941e+00 4.530633262048419319e+00 4.620339166949071874e+00 5.737311937791610639e+00 5.902381647217050720e+00 6.095589856442831689e+00 6.220258269410007479e+00 6.939623899639260074e+00 7.188577130572872065e+00 7.209766724527061577e+00 8.853565414679920309e+00 9.178102748228601726e+00 9.202288621865985618e+00 1.027959622949549612e+01 1.036798135963844736e+01 1.155562070563002486e+01 1.179038428564160057e+01 1.280583061528928113e+01 1.337307773469778027e+01 1.386715989961435369e+01 1.409974709108290547e+01 1.550161388897953074e+01 1.563642522629815090e+01 1.605944418085382708e+01 1.627198030532357365e+01 1.666215301474480270e+01 1.733172704927595120e+01 1.972903082848056044e+01 2.031689215202493415e+01 2.208236933009071379e+01 2.345198436154169741e+01
2.487539692825817106e+00 2.854335342585351931e+00 3.134279905809068456e+00 3.269311693411765418e+00 3.462888157754396623e+00 3.566177013406459206e+00 4.334956097018313415e+00 4.745428994002595324e+00 5.629547549017167363e+00 5.980761599738450229e+00 6.065561321024126151e+00 6.235651740485598005e+00 6.925183476116088421e+00 7.106226617444358240e+00 7.127691065981803575e+00 8.880606301374061928e+00 9.050273600441780530e+00 9.276939755521121711e+00 1.013187014989606638e+01 1.035695871859797101e+01 1.127840513680841461e+01 1.184318141580953032e+01 1.279788292355869395e+01 1.353135839479266700e+01 1.390150282926462744e+01 1.414506656328211598e+01 1.551662530740963852e+01 1.563103928684664012e+01 1.619008797727671478e+01 1.634198884842592037e+01 1.670880414044534135e+01 1.765369235587346353e+01 1.942129740159341011e+01 2.010585667798730114e+01 2.224891437093203805e+01 2.383043349489546614e+01
2.449998953012745950e+00 2.843122280376578992e+00 3.141466028016047574e+00 3.178769417594045521e+00 3.489739797872611682e+00 3.667981326510591611e+00 4.148648043787257045e+00 4.897335276530515813e+00 5.534796983918027102e+00 6.018430629630907802e+00 6.033399674161744386e+00 6.248763074477345469e+00 6.939056252816840242e+00 7.008185180862123609e+00 7.076723009259452191e+00 8.856275743564975045e+00 8.885176486723997513e+00 9.334236377838216470e+00 9.957553590778454478e+00 1.035785693220357473e+01 1.102583812456506074e+01 1.189649994848606696e+01 1.278814249632492483e+01 1.365448139734419009e+01 1.377231275607071126e+01 1.441492028278916138e+01 1.549506748084467667e+01 1.560965951086543413e+01 1.632293553974988498e+01 1.644553258448502220e+01 1.674292131784124393e+01 1.792839824898598877e+01 1.912491054604382512e+01 1.994044865797112465e+01 2.239297134073123274e+01 2.420330277377989248e+01
2.390131597972179556e+00 2.853701488903638506e+00 3.023371569437576678e+00 3.158255481578315038e+00 3.545637190332243893e+00 3.753494021682216797e+00 3.989622199422087512e+00 5.057011678208331418e+00 5.472694458436280662e+00 5.991455765036917569e+00 6.020773812302220307e+00 6.253255149611571362e+00 6.894065109173482142e+00 6.980158956749638044e+00 7.076295639554402328e+00 8.620935689241962407e+00 8.831424270919777442e+00 9.381354581999053366e+00 9.792911083343467382e+00 1.036994731840283279e+01 1.082252527787285246e+01 1.194568952108007132e+01 1.277839853828377414e+01 1.366336746406293301e+01 1.374570730292782095e+01 1.467786153076078470e+01 1.546412092948257566e+01 1.557433929694934527e+01 1.643830784817194868e+01 1.658898352107521745e+01 1.676440610223871275e+01 1.810808686498880604e+01 1.888313306642985268e+01 1.981427976863566087e+01 2.250995259659885406e+01 2.454045043372127566e+01
2.332232091398478424e+00 2.880796914833229305e+00 2.929423539169687452e+00 3.116699019254728587e+00 3.608870207923147166e+00 3.767578722225926935e+00 3.906830480572651698e+00 5.182049923825686299e+00 5.478309109044568359e+00 5.937086833486413084e+00 5.995740277503010418e+00 6.245408232773457691e+00 6.796641962615968424e+00 7.000689177787454476e+00 7.148301907937084643e+00 8.367958501699982676e+00 8.728994622145325621e+00 9.419973674770556471e+00 9.675235392172575999e+00 1.039287026716969109e+01 1.067116445955845982e+01 1.198564173229538277e+01 1.276995223974313198e+01 1.359902527352302748e+01 1.379407571160351687e+01 1.488686087542437697e+01 1.543632693706634740e+01 1.553492888828046326e+01 1.652665771867428646e+01 1.675797775157632685e+01 1.678519729379413405e+01 1.811540205236306988e+01 1.877817294779679003e+01 1.972007844042755309e+01 2.259621282876171122e+01 2.480972451581899563e+01
2.291714987122407621e+00 2.857820700090207389e+00 2.934332894358206989e+00 3.065939200809128629e+00 3.661671467529084900e+00 3.709298572943811045e+00 3.913355516584809290e+00 5.227553895404718709e+00 5.582284839781965324e+00 5.851451364777205733e+00 5.968748813541416176e+00 6.232313522677294770e+00 6.729264890040414393e+00 7.006938846056547376e+00 7.256624151577566018e+00 8.150731429570116759e+00 8.624359939390707552e+00 9.446589361249461803e+00 9.612516764097881250e+00 1.042744726554779433e+01 1.056405172358333644e+01 1.201175815084520337e+01 1.276409620740642481e+01 1.356365667653460427e+01 1.381944408168084415e+01 1.501731306383697628e+01 1.541713885605177126e+01 1.550478302544525810e+01 1.658196887634800376e+01 1.677669997884525799e+01 1.695030550022041282e+01 1.798351883873952062e+01 1.879778721555448939e+01 1.965710869294865759e+01 2.264907035137107627e+01 2.498352777218365972e+01
2.277261787643204638e+00 2.837969332614741269e+00 2.964094584032946678e+00 3.032841300730072742e+00 3.681735600244087081e+00 3.682972809396235725e+00 3.921107294241717334e+00 5.233396101983126769e+00 5.708751515183148939e+00 5.743660711593888024e+00 5.957554575916542916e+00 6.226224942997419021e+00 6.705250311612378944e+00 7.008975896404476380e+00 7.314602787902606984e+00 8.055462839772873807e+00 8.580440374273640813e+00 9.456315502892440605e+00 9.593492242590066610e+00 1.046264318260303305e+01 1.050551491793045500e+01 1.202084692610076111e+01 1.276198199974886016e+01 1.355272416069062480e+01 1.382707380275664732e+01 1.506118493747523424e+01 1.541000379026849387e+01 1.549377982395151321e+01 1.660082901224707896e+01 1.677779408696103403e+01 1.703727188253226998e+01 1.790189937800671771e+01 1.881960405857546093e+01 1.963391122333855776e+01 2.266687527601632368e+01 2.504358147104600008e+01
2.316054151925703852e+00 2.821738576507820451e+00 2.966012416694061571e+00 3.051256026673172972e+00 3.689951547110280838e+00 3.714437805446488827e+00 3.925530900148472835e+00 5.237780793243957511e+00 5.701933076465385497e+00 5.720659394297292977e+00 5.912808993766546450e+00 6.165302500792413376e+00 6.742547540069768530e+00 7.005993709947505366e+00 7.305855473132632838e+00 8.114553824988689712e+00 8.592533396551852221e+00 9.445191573156334286e+00 9.590710553793492466e+00 1.051893199773111576e+01 1.059515490756538725e+01 1.201796782735633151e+01 1.275288544458579310e+01 1.352200580259763640e+01 1.384141329425767708e+01 1.506119602510388056e+01 1.537914902026299124e+01 1.550921333406806291e+01 1.659391149154142298e+01 1.674569286648747024e+01 1.706561381255712462e+01 1.790831094746550889e+01 1.881128115605726236e+01 1.962252082641018092e+01 2.266085549153043743e+01 2.498973007237840704e+01
2.422154363290648593e+00 2.792585098217105877e+00 2.976028375166944073e+00 3.099834962750662282e+00 3.711858317451016909e+00 3.779473774850164780e+00 3.938331299006124997e+00 5.255511976321328049e+00 5.634030636629228539e+00 5.680373365257612051e+00 5.800205770525344029e+00 6.119275730084155818e+00 6.834013944375226579e+00 6.994124106129908647e+00 7.288399342010540849e+00 8.226891342564051968e+00 8.620267649491058393e+00 9.463965612433371533e+00 9.581087216542872653e+00 1.055811858486251964e+01 1.090949239827210882e+01 1.201029221628900068e+01 1.272513918403777389e+01 1.343421620357634794e+01 1.388225506580800328e+01 1.506018078209316435e+01 1.531291678603052375e+01 1.552438072817281700e+01 1.656857659997438148e+01 1.667113308637560820e+01 1.713000808073775971e+01 1.793066446587713259e+01 1.878776654551356273e+01 1.958988589258395407e+01 2.264546215871233059e+01 2.483651620363894352e+01
2.563190091870434451e+00 2.782486381731504643e+00 2.996717239226527774e+00 3.167642087644050086e+00 3.749349409866789884e+00 3.830937804071151920e+00 3.960056449506146770e+00 5.276923391279403575e+00 5.513024828948328349e+00 5.634723689316989415e+00 5.778193907735689194e+00 6.116032754797603666e+00 6.951990770526037977e+00 6.998814137729708840e+00 7.273536906388132550e+00 8.328805713742752914e+00 8.639828877452604416e+00 9.512510035393242802e+00 9.616701614348063032e+00 1.061651465756956902e+01 1.127057474344722188e+01 1.200085601212935060e+01 1.267585432118768907e+01 1.330650112389513318e+01 1.394522675427307057e+01 1.505351133320419521e+01 1.522149955677440580e+01 1.551602982993160396e+01 1.651780198596352989e+01 1.657504119880465865e+01 1.720942777081332409e+01 1.797469307732075094e+01 1.875269295163415606e+01 1.954077766880542200e+01 2.262811000025287100e+01 2.460767169459201043e+01
2.674107980904482318e+00 2.823805950492883188e+00 3.022480126505584952e+00 3.241687643870484692e+00 3.793229679608593141e+00 3.890114282635500409e+00 3.998367688812290766e+00 5.254055784639280802e+00 5.419172904686751835e+00 5.676403721855488804e+00 5.803422472412830935e+00 6.117169420611484831e+00 6.903152764033281485e+00 7.206166245865347264e+00 7.303057152913106975e+00 8.422085808458163569e+00 8.636389128621825506e+00 9.492585162198272641e+00 9.792807073567786347e+00 1.068482753289013409e+01 1.157167655700455811e+01 1.199509602714170242e+01 1.259488420699862488e+01 1.317980769245708572e+01 1.402659827079337873e+01 1.502835638273936070e+01 1.509776331755034207e+01 1.547929871238993549e+01 1.644010041338594874e+01 1.646576042981688204e+01 1.729289303810863032e+01 1.804149409049334807e+01 1.871129355180661946e+01 1.948272428251695487e+01 2.261950719564232060e+01 2.433773134927063353e+01
2.706683729291425866e+00 2.925897299071859692e+00 3.038221357229550446e+00 3.308374201026494710e+00 3.824349438628388498e+00 3.980969635486275582e+00 4.097003037732497077e+00 5.187949062646911358e+00 5.365215069864655462e+00 5.763429044327186723e+00 5.845516363014348293e+00 6.107583397226604482e+00 6.823777526504875901e+00 7.222317596932555261e+00 7.652116976770948042e+00 8.518398612631591149e+00 8.614182992371715031e+00 9.457114704695941398e+00 1.004121268501629416e+01 1.075146383777710746e+01 1.174038703922214566e+01 1.199294276593565556e+01 1.246666975640894748e+01 1.311683962283771976e+01 1.412376789312343739e+01 1.493049253196394233e+01 1.495815704180349215e+01 1.543442501583278492e+01 1.632560704719985623e+01 1.636742018880374161e+01 1.737001922755433014e+01 1.812121474362810503e+01 1.867394298985142242e+01 1.942332456975625377e+01 2.263196497480040037e+01 2.406307202316247285e+01
2.712240183550119532e+00 3.019117031566171505e+00 3.028241827679566178e+00 3.360675738378159583e+00 3.844944030530047741e+00 4.087405305906288255e+00 4.257236731335763302e+00 5.119683404681782513e+00 5.351888585620449668e+00 5.835274889520182917e+00 5.880704497061368663e+00 6.081778379372995147e+00 6.728585847525965669e+00 7.188323167284708326e+00 8.110380314825555104e+00 8.581811138561311836e+00 8.623109468818388024e+00 9.423017429560600178e+00 1.034254068154288753e+01 1.080234843954382029e+01 1.177905783337571499e+01 1.195719126497187368e+01 1.231330365279993266e+01 1.313857666300082805e+01 1.423456276378664498e+01 1.471554562870111837e+01 1.481551520102029151e+01 1.541935504012153402e+01 1.619440185913923358e+01 1.627992199463517409e+01 1.743554090328115436e+01 1.818413400514004508e+01 1.866635714554893255e+01 1.936658483948715315e+01 2.267763096861857974e+01 2.381031397841519848e+01
2.720903433540690752e+00 2.972403505441183924e+00 3.082064034488665616e+00 3.397450266444529188e+00 3.876204470642902411e+00 4.212470289347865382e+00 4.372022833483134363e+00 5.125889532778307611e+00 5.350204507121448572e+00 5.869967325791501267e+00 5.914888421668954344e+00 6.044413000261159574e+00 6.624493619407268774e+00 7.125829160128828832e+00 8.513653804760604515e+00 8.546811383997813039e+00 8.761705290208082531e+00 9.396540557333288746e+00 1.068480770865138041e+01 1.081792622059889020e+01 1.170986050718090432e+01 1.189013381081440279e+01 1.221113663300381447e+01 1.319612189294510074e+01 1.435711926906330582e+01 1.446207024271920893e+01 1.461473455003307897e+01 1.544202277043071625e+01 1.606545536882559588e+01 1.620411345271038428e+01 1.749473963341458926e+01 1.818681285062034902e+01 1.872331193766132174e+01 1.931235223070497398e+01 2.276574738322094760e+01 2.358867765864116350e+01
2.745950862159706407e+00 2.874350303714846344e+00 3.105241419296217664e+00 3.420173169007858949e+00 3.929102633707415304e+00 4.347929483606120193e+00 4.360965583261308787e+00 5.210926921154569236e+00 5.384383548974222222e+00 5.819675732841653293e+00 5.950003450255778148e+00 6.063458260674181588e+00 6.512430165166381180e+00 7.026821795255335346e+00 8.508036818319101968e+00 8.706245500185771036e+00 9.003171777097751516e+00 9.380978663295147513e+00 1.075446244048052513e+01 1.102106678629735015e+01 1.156881470151085800e+01 1.185974030679891378e+01 1.222921763653206639e+01 1.325565885999268723e+01 1.418215693711877456e+01 1.439335180423006477e+01 1.449331255718749922e+01 1.547537085997949902e+01 1.595319366267193040e+01 1.614535943977411137e+01 1.755969553262013605e+01 1.812556541541775701e+01 1.883591556123118238e+01 1.925897457570296112e+01 2.289844153029446261e+01 2.339250317675536905e+01
2.740403473469606777e+00 2.794668484197534220e+00 3.100380879763958930e+00 3.432065612394500587e+00 3.998787299348203206e+00 4.255694185130329821e+00 4.490429399508406583e+00 5.187874139916312188e+00 5.573926078146850926e+00 5.730921291290948183e+00 5.923166541615400682e+00 6.179680731069654875e+00 6.397583095746509407e+00 6.887151390538276630e+00 8.462011610496571024e+00 8.798630403899018404e+00 9.210772505644321484e+00 9.377274243312587743e+00 1.060221737266408581e+01 1.121755614352444930e+01 1.148555126094031564e+01 1.186103404394985716e+01 1.243059007469799049e+01 1.333398916157506520e+01 1.386561641993843885e+01 1.419979634972720461e+01 1.463318129849197469e+01 1.547028401107883155e+01 1.588891476149028925e+01 1.610215720941694073e+01 1.764069210025040135e+01 1.802905949041487688e+01 1.896291847782310924e+01 1.920510514573290450e+01 2.306660315467087230e+01 2.321188899024402019e+01
2.643506103205197189e+00 2.703680519988285624e+00 3.081308921185608174e+00 3.159636311580439560e+00 3.239188795271938925e+00 3.439467065800146273e+00 3.935210337541126258e+00 4.005317220368934450e+00 6.122443662658441532e+00 6.154806465132264037e+00 6.878975082298175892e+00 6.887029554936938247e+00 7.328309411130359941e+00 7.361894025249364759e+00 8.017651531056664282e+00 8.069732688045299085e+00 1.026744202235484060e+01 1.038710250948389380e+01 1.147287130626274454e+01 1.151130499930588513e+01 1.300381729591033775e+01 1.314987211257339439e+01 1.326618475792959728e+01 1.328884625248019802e+01 1.398332088602500356e+01 1.415639162218267977e+01 1.483031047670474756e+01 1.498770098348226121e+01 1.547696342140172376e+01 1.555415907463860670e+01 1.593205401195894666e+01 1.600069616029108133e+01 2.049380743731549970e+01 2.069269998174940284e+01 2.132044163177764773e+01 2.145103431007753869e+01
2.690074634483686999e+00 2.773224140579170438e+00 3.076382495865181976e+00 3.158876182175604619e+00 3.295267660690024858e+00 3.470894446742589512e+00 3.984124439150826813e+00 4.046632195299446622e+00 6.088157933480464301e+00 6.113576637569663852e+00 6.825171575476746355e+00 6.836071469512972953e+00 7.319472336445922878e+00 7.348040903626584353e+00 8.021958713471496694e+00 8.081892441247441994e+00 1.014973846438790162e+01 1.024659626751509833e+01 1.164671592675798095e+01 1.169886377624363050e+01 1.291070570077736512e+01 1.303702337214311058e+01 1.330651943396182624e+01 1.335307315681193963e+01 1.385909341526569705e+01 1.400924771234327615e+01 1.489501960727201180e+01 1.500205397633689586e+01 1.548221943122461930e+01 1.556972383826571082e+01 1.607728063507321536e+01 1.614029090486121376e+01 2.045491880255496397e+01 2.063761266712436537e+01 2.136151757499170145e+01 2.150551501826924294e+01
2.735028698256444901e+00 2.832172577202693553e+00 3.040096705771351271e+00 3.162043601009448590e+00 3.396435269445384986e+00 3.500950563718464359e+00 4.057587050693819641e+00 4.123607607986387258e+00 6.035259191771399578e+00 6.051043304802152356e+00 6.760278440256076493e+00 6.771312647401206419e+00 7.301655289701113105e+00 7.327768662741497963e+00 8.022457714024243458e+00 8.091813762524228792e+00 1.006469863271631482e+01 1.013845664437280369e+01 1.177950323415942968e+01 1.186523730329747117e+01 1.279707490878008969e+01 1.292186323963064787e+01 1.330088190735152409e+01 1.340859981427771075e+01 1.373093010405193226e+01 1.386316311292113035e+01 1.491157005770125465e+01 1.496791897862838994e+01 1.554453467811993761e+01 1.563790923962702983e+01 1.622630816271153975e+01 1.629209969172402950e+01 2.041661840209645362e+01 2.057713591167523504e+01 2.142650412786593606e+01 2.160509253921412665e+01
2.750851098143304974e+00 2.885801255562879586e+00 3.012127651979716436e+00 3.188122048557453070e+00 3.483751774824150882e+00 3.523336091810369108e+00 4.164526884010008700e+00 4.231378962116167486e+00 5.968608712038443009e+00 5.977249993135467676e+00 6.680896235796264016e+00 6.694196488176029192e+00 7.274940037666651982e+00 7.304458516821466851e+00 8.015604760112447380e+00 8.095199821096660031e+00 1.003038894045338481e+01 1.008485074704081619e+01 1.184550697576811018e+01 1.193144508213310395e+01 1.272971424338334678e+01 1.284465248125989589e+01 1.322876722478027567e+01 1.337690005836397056e+01 1.364396646237283761e+01 1.374833822921545767e+01 1.485388659882770135e+01 1.489812768947889055e+01 1.567622218493249697e+01 1.576225153722452710e+01 1.635282487043781430e+01 1.641814385850209135e+01 2.039802965785783329e+01 2.054247284486353209e+01 2.150878848332361315e+01 2.173355521656251099e+01
2.710946720120066988e+00 2.938483584368256185e+00 3.017677932641433358e+00 3.228392980427122527e+00 3.523340123383818412e+00 3.567113650910120448e+00 4.302085499536802971e+00 4.361896904233324435e+00 5.887117840358998322e+00 5.905818996252317099e+00 6.583093944419118770e+00 6.608315071376833494e+00 7.241211701892900976e+00 7.281864793340877995e+00 7.999628087326371428e+00 8.089458001180004132e+00 1.004703926369512423e+01 1.008323581415700332e+01 1.180285982282808810e+01 1.183578631266055758e+01 1.274085772048700171e+01 1.280933917815774947e+01 1.312120929851322870e+01 1.327181957530144807e+01 1.360929938831140262e+01 1.368131416243199183e+01 1.474915578799773463e+01 1.481628495403025703e+01 1.584658196307372080e+01 1.592519273045365580e+01 1.644410950060790810e+01 1.650792242275321797e+01 2.040425094024969610e+01 2.054119874118716638e+01 2.160404439986885095e+01 2.188027600620688418e+01
2.633069851754747503e+00 2.971495829171103331e+00 3.044861536226119991e+00 3.283291362556111537e+00 3.545414121215312964e+00 3.616149535559558537e+00 4.457407507789286072e+00 4.506424847094760544e+00 5.799506263153184626e+00 5.836902937133261027e+00 6.471235629531641109e+00 6.513559226835276661e+00 7.205070562512303489e+00 7.262295000145176260e+00 7.973090904449064098e+00 8.071948191245059689e+00 1.009358593675273319e+01 1.012047596330238264e+01 1.159220608146234888e+01 1.164446007936247440e+01 1.274300111359722720e+01 1.283018480229627123e+01 1.305714806497053360e+01 1.315570592009014916e+01 1.359436143404494679e+01 1.366605289120500721e+01 1.463252547661629421e+01 1.472197265499913321e+01 1.602773111503934089e+01 1.611200486649655161e+01 1.650141422822872173e+01 1.657432027034635880e+01 2.042568769194549105e+01 2.056189906114270016e+01 2.170740318759669663e+01 2.203594316065619552e+01
2.540577679480443773e+00 2.984117787949138734e+00 3.061586679290481339e+00 3.355568354864439051e+00 3.578103948538782220e+00 3.652226011445098841e+00 4.615546322461438145e+00 4.655180731075144074e+00 5.712971244970390217e+00 5.772796327790326032e+00 6.351984864894918204e+00 6.412649356082490648e+00 7.171152303568950614e+00 7.247255370899007509e+00 7.934382585919160569e+00 8.039807233544140175e+00 1.012835440097211581e+01 1.019239030722224015e+01 1.127727443336360125e+01 1.140047312856961881e+01 1.265574921032227351e+01 1.288036395930234157e+01 1.304680686759607511e+01 1.311031171490425962e+01 1.360233628414290941e+01 1.369369652555962169e+01 1.451392700684544579e+01 1.461722723587322470e+01 1.620488337781413080e+01 1.629239140734902236e+01 1.654016464353804849e+01 1.664243208717493872e+01 2.044679947018680011e+01 2.058698219938762008e+01 2.181189762472059357e+01 2.218907970167034449e+01
2.448420254979316812e+00 2.984173721467259899e+00 3.060380643568281656e+00 3.436216581001535264e+00 3.616177736443898283e+00 3.675773724981986401e+00 4.761269615196292548e+00 4.796138005268885784e+00 5.637671766725604883e+00 5.719855042708575255e+00 6.231681710315904787e+00 6.312237585316491817e+00 7.142752172006587408e+00 7.237419922264066940e+00 7.883844234764949555e+00 7.993193811544468730e+00 1.014804908169172215e+01 1.026808960610255639e+01 1.095317978474156284e+01 1.113203316979795687e+01 1.255626273523108694e+01 1.285845113767878800e+01 1.303703782420874369e+01 1.319267665358335506e+01 1.364366905315795186e+01 1.375210977113489363e+01 1.439433857235612635e+01 1.450314439751877771e+01 1.635583572374596883e+01 1.642452335978298450e+01 1.658040898267641694e+01 1.674390899538887822e+01 2.045660982700964325e+01 2.060405446398120333e+01 2.190824372937016307e+01 2.232624274716336288e+01
2.369234193182681025e+00 2.976332920242911406e+00 3.053594040059690595e+00 3.510781222811559577e+00 3.648826430843010282e+00 3.685334392291120142e+00 4.877302536877385464e+00 4.914143485247901566e+00 5.588234560839264731e+00 5.687178967466621771e+00 6.117250643384784858e+00 6.222520005584919467e+00 7.121847675852039039e+00 7.232348765403652457e+00 7.827932515818732284e+00 7.939785962818486809e+00 1.016408993728605381e+01 1.032727763926702913e+01 1.066996933769730305e+01 1.089572911345154438e+01 1.247559933183223002e+01 1.279658413426413865e+01 1.307497867610874565e+01 1.327728448009326456e+01 1.371598393061190180e+01 1.383587238755755777e+01 1.427440274772276041e+01 1.438110457542198262e+01 1.642719410948541992e+01 1.653145607663052985e+01 1.662606917132155004e+01 1.687361862629242282e+01 2.045379780640579170e+01 2.061019769387142020e+01 2.198625391100769733e+01 2.243444708788587150e+01
2.315128874526736436e+00 2.967714151600951311e+00 3.048276119276092100e+00 3.569538333823473852e+00 3.666349698512959332e+00 3.682469198101298691e+00 4.947934336513900355e+00 4.992945068010999243e+00 5.570934917443469914e+00 5.680843219883458417e+00 6.022710797132520000e+00 6.157569765568581488e+00 7.109304848766003104e+00 7.230593266374429007e+00 7.781627445916482699e+00 7.895677128862106819e+00 1.019583983621978263e+01 1.036142705127488561e+01 1.045878026737630506e+01 1.073655948719959063e+01 1.242416753004530960e+01 1.275082483903410413e+01 1.310843960498351457e+01 1.333535171056543156e+01 1.379948654051227841e+01 1.394296480433917296e+01 1.416107113786471494e+01 1.425809276411881044e+01 1.644719234035642685e+01 1.659351269635560300e+01 1.667929178461803374e+01 1.697698071704531841e+01 2.044548494311587206e+01 2.060968090801897645e+01 2.203701591742362353e+01 2.250351672574181094e+01
2.295813248932909723e+00 2.964235195329754990e+00 3.046306518065456270e+00 3.596964088580917540e+00 3.662945908563753683e+00 3.682986378116135828e+00 4.970285938887553989e+00 5.020558965774397642e+00 5.569727457386505876e+00 5.686153092498799744e+00 5.981564155103034963e+00 6.133270500555211058e+00 7.105167985518328067e+00 7.230311849419295278e+00 7.763284372713426862e+00 7.878410062893556720e+00 1.023370181153938496e+01 1.035644497890350024e+01 1.037338402091781653e+01 1.068123583883939887e+01 1.240653123104676325e+01 1.273473314470881768e+01 1.312075390493826532e+01 1.335588486355780979e+01 1.384506369843268203e+01 1.404211220523601433e+01 1.407561925072542941e+01 1.418484211300740760e+01 1.645178420094827842e+01 1.660849123752354828e+01 1.670599380352965113e+01 1.701546016619298030e+01 2.044124590320392798e+01 2.060859183002767381e+01 2.205461886933801807e+01 2.252722773294626180e+01
2.330579660584280788e+00 2.958496061588435477e+00 3.074960362378241552e+00 3.525746512817583334e+00 3.668390195145174726e+00 3.757254545637554788e+00 4.976590685737125597e+00 5.019331308499306310e+00 5.552491873640860831e+00 5.647679871874089486e+00 6.009701623183428154e+00 6.141004658683980821e+00 7.098109792584735622e+00 7.217443521859589595e+00 7.794899560916078052e+00 7.882348683936398537e+00 1.018768104781194417e+01 1.029592203712348741e+01 1.048482766753261330e+01 1.068311381644779168e+01 1.238524664003683107e+01 1.265569027984803618e+01 1.320030777050690141e+01 1.332495314885059301e+01 1.380160432103896184e+01 1.395401406153652957e+01 1.418720013991788953e+01 1.430206809293678027e+01 1.641554978697821099e+01 1.655549584167461674e+01 1.675007239494189903e+01 1.702479751322894685e+01 2.044531066509955508e+01 2.061780445745527857e+01 2.205791750269495566e+01 2.253093732045814690e+01
2.427509993120550380e+00 2.952753113703455501e+00 3.128234349424690919e+00 3.428157897438651069e+00 3.694994588611920872e+00 3.865910384262896571e+00 4.993159067553291308e+00 5.016325905831046761e+00 5.506760353619287507e+00 5.559088407742879490e+00 6.067999223080322579e+00 6.160013952544536764e+00 7.081195953566408186e+00 7.181520662324727411e+00 7.872345604207763081e+00 7.897319641148836666e+00 1.007124779651905122e+01 1.030041327960571351e+01 1.059437276703256003e+01 1.068570182826079318e+01 1.227331489640705797e+01 1.252566360540662416e+01 1.326825080868638551e+01 1.335054926767346117e+01 1.379089856760622546e+01 1.387639614291813750e+01 1.438660942342360727e+01 1.447431979542922775e+01 1.633521145890146187e+01 1.644780772955816062e+01 1.682324191064208208e+01 1.704287169349069941e+01 2.045821680401222764e+01 2.064535803981283024e+01 2.206684570029892711e+01 2.254531488407724993e+01
2.563963375318558224e+00 2.945914784661918695e+00 3.159973994972270717e+00 3.336316320017652437e+00 3.764176410569912257e+00 3.981748525318739240e+00 5.005463929510953314e+00 5.022643885655131868e+00 5.436208951719892823e+00 5.461940033134989214e+00 6.126327987569277767e+00 6.182876827188120039e+00 7.058971222097932596e+00 7.128808237952139137e+00 7.914683397592913394e+00 7.978464482771546962e+00 9.952615821507064808e+00 1.029455327146929910e+01 1.066860580552390658e+01 1.068444963000053427e+01 1.205686565167538760e+01 1.234088773437086672e+01 1.333769252104804615e+01 1.345622913699657808e+01 1.381780871839573521e+01 1.390432226118072379e+01 1.459647694557330411e+01 1.464176810785465754e+01 1.624473011356720420e+01 1.632312022851006006e+01 1.689562465620395315e+01 1.705764001884502790e+01 2.048239486531408460e+01 2.069018391400468104e+01 2.207896783385191242e+01 2.258013055488594034e+01
2.703087920995222326e+00 2.926654220669233197e+00 3.150186656498940696e+00 3.262275626567750386e+00 3.875022109410584559e+00 4.103427926264854975e+00 5.003068855572625040e+00 5.047080839677344777e+00 5.332768887952278547e+00 5.398250883937655509e+00 6.166030644689723061e+00 6.207546013284512831e+00 7.027232654101031706e+00 7.069236920170479443e+00 7.952920253292619535e+00 8.077572940455008066e+00 9.843926928645190699e+00 1.025643766809171353e+01 1.063964345533758582e+01 1.071584568972952312e+01 1.179286075283790325e+01 1.207064183471066876e+01 1.345364090699678528e+01 1.357550961057500771e+01 1.389826756291157395e+01 1.400138133893447190e+01 1.477425176388458539e+01 1.481237053572361617e+01 1.616095672157794993e+01 1.621464939462467925e+01 1.695849969853249561e+01 1.706890407304663171e+01 2.052147804766680395e+01 2.074929901672166466e+01 2.209171683654134100e+01 2.265071629540556231e+01
2.797372360479190245e+00 2.886051741348593325e+00 3.119186796814210183e+00 3.214597792112344088e+00 3.996551290664681844e+00 4.227871406466212179e+00 5.007957673956758171e+00 5.069602972615167680e+00 5.246080762773124739e+00 5.351266400724052019e+00 6.177483326032407795e+00 6.230874697111369542e+00 6.974681069370682884e+00 7.017998615741919188e+00 8.006752828962360624e+00 8.166570537350910541e+00 9.746387490664561781e+00 1.018314977230249063e+01 1.056577997482391496e+01 1.069269185674731837e+01 1.151518826158653575e+01 1.178199838584813364e+01 1.349010227775826642e+01 1.376745631296972228e+01 1.401410715692598963e+01 1.411223327361484614e+01 1.489366314950493120e+01 1.499540589918408173e+01 1.609199276702712211e+01 1.614842266117602776e+01 1.700254106311793123e+01 1.708841270593636708e+01 2.057829703126429877e+01 2.081792012899836664e+01 2.210391234593023313e+01 2.277404359995623651e+01
2.807321656716592173e+00 2.823869637728266824e+00 3.107098232207635924e+00 3.183430704496266639e+00 4.094161510343173660e+00 4.344218165748391591e+00 5.032764213161752487e+00 5.081936486644186957e+00 5.209963311078740666e+00 5.322321716135231640e+00 6.168077819469119483e+00 6.236850379881855311e+00 6.912559359306897022e+00 6.970842191894068840e+00 8.071993155709110468e+00 8.242363703232632233e+00 9.657740756275229543e+00 1.007268073665553487e+01 1.044697043860024266e+01 1.058783916510676626e+01 1.126002949578573364e+01 1.154336342454815600e+01 1.352974178978050901e+01 1.391549750717253353e+01 1.412043043465812708e+01 1.421321019255793061e+01 1.497799678440740223e+01 1.515657426169550703e+01 1.604911280032069598e+01 1.611789367147165919e+01 1.702413837352985482e+01 1.712574193489496821e+01 2.065288612965567339e+01 2.089005924635547373e+01 2.211582616087102693e+01 2.296127354508377039e+01
2.744176782930286329e+00 2.756504437493871418e+00 3.101981450428396236e+00 3.159355182297005182e+00 4.147938695811984822e+00 4.434073303728641058e+00 5.082378809926714425e+00 5.102078890127097033e+00 5.223876943482323121e+00 5.319256348741808971e+00 6.143514584242303123e+00 6.216027085391260698e+00 6.858449356113936801e+00 6.920501877572461602e+00 8.139042858196118502e+00 8.304842870918820452e+00 9.571901462471073430e+00 9.920104604557026917e+00 1.029618662529946604e+01 1.039263490265372525e+01 1.108076256160476269e+01 1.137666713477577751e+01 1.359156797763742830e+01 1.399183687612025473e+01 1.420633615938762695e+01 1.429711087984453854e+01 1.503203395712785628e+01 1.527519796598936530e+01 1.603550164433142911e+01 1.609829994962568023e+01 1.703896942552389859e+01 1.716814073059231305e+01 2.074146701461182118e+01 2.095955682775489493e+01 2.212767099644503332e+01 2.320880709779464013e+01
2.658756715799982739e+00 2.685991711702018225e+00 3.080455237370807176e+00 3.135236686018155527e+00 4.160098201719734767e+00 4.487012305097187514e+00 5.146745606624214986e+00 5.148398537294810673e+00 5.259127889434306091e+00 5.357002250847612501e+00 6.108397730454091068e+00 6.167298615447529997e+00 6.818320249125489951e+00 6.870822073125614438e+00 8.198216124627908385e+00 8.353576521233000207e+00 9.476407004253037059e+00 9.732154030708668913e+00 1.013239858940598559e+01 1.017175607879836541e+01 1.098881956087977407e+01 1.125989258725261877e+01 1.367203413131923107e+01 1.399763147810571517e+01 1.428916023531227175e+01 1.436806763804661635e+01 1.506116046663061070e+01 1.533020059522350742e+01 1.603777846975714994e+01 1.608324752357432175e+01 1.705565860286058211e+01 1.720325688062685998e+01 2.083659823932546473e+01 2.102127254508452125e+01 2.213868536289997380e+01 2.349329425516941328e+01
2.576429067190074917e+00 2.617843151181095340e+00 3.050658629377159592e+00 3.104958745732371295e+00 4.147910986059751615e+00 4.511574908995224398e+00 5.191004781652127420e+00 5.200648923531815626e+00 5.326999559785334348e+00 5.435113092785376132e+00 6.066562879583523582e+00 6.096831220729107770e+00 6.791250419827233209e+00 6.829139919613601784e+00 8.245067661838723083e+00 8.386078591807418547e+00 9.359032285430522791e+00 9.536113809201680169e+00 9.946002647213711967e+00 1.003777743501774111e+01 1.095331002753532523e+01 1.117024887240039099e+01 1.375676026783206218e+01 1.396547601602257593e+01 1.436571329886695558e+01 1.443130521608435934e+01 1.507080116218760857e+01 1.531837809743445256e+01 1.603752796891865984e+01 1.608599297802687644e+01 1.707297169402185588e+01 1.722639573801968638e+01 2.092839267662752079e+01 2.107146346366273804e+01 2.214761863365962569e+01 2.377609030850791427e+01
2.507892541505302386e+00 2.561277258601522000e+00 3.023377218957843837e+00 3.073535946840540767e+00 4.129215788212957428e+00 4.521301945590980864e+00 5.214854786256129415e+00 5.232471983420366790e+00 5.424732542480568576e+00 5.529988687828151228e+00 6.007930647715594041e+00 6.027758512140573899e+00 6.774775073471341003e+00 6.800737754059886342e+00 8.282280471919571951e+00 8.398291575371363393e+00 9.238589008302101391e+00 9.354255283329335313e+00 9.837231627084417340e+00 9.938698832026732433e+00 1.095051385006712863e+01 1.109853001814078333e+01 1.382648950814586719e+01 1.392679179500361997e+01 1.443034579011743901e+01 1.448521988191917842e+01 1.506707549608870700e+01 1.526399262950270774e+01 1.604337640743128901e+01 1.609329749880650695e+01 1.708774550789572899e+01 1.723844407572266135e+01 2.100623256190409904e+01 2.110737922007367118e+01 2.215364178285140540e+01 2.401464285270336418e+01
2.462343906089864198e+00 2.523449646956610781e+00 3.005042112862492232e+00 3.049987826703125293e+00 4.115064261631655285e+00 4.524413731283333462e+00 5.227471233066609990e+00 5.250058179178345164e+00 5.515540123684184337e+00 5.611226844697097427e+00 5.936659584989914862e+00 5.979331707759826031e+00 6.768500007885057457e+00 6.784281634417316909e+00 8.316423552331489333e+00 8.388170089146125719e+00 9.155991840015417438e+00 9.217578013124713365e+00 9.802653966239340377e+00 9.864144420529827428e+00 1.096760838067606514e+01 1.104232695496130034e+01 1.386358057574747171e+01 1.390376516622565717e+01 1.447973807634712173e+01 1.452075037061757534e+01 1.505859588583889597e+01 1.520735479348688202e+01 1.605866441624859675e+01 1.609149835596440070e+01 1.709758247637376982e+01 1.724319041475594361e+01 2.106009821747564459e+01 2.112732765743142238e+01 2.215681148880672069e+01 2.417314317631066700e+01
2.446356618765619828e+00 2.510067985573491978e+00 2.998687436946714691e+00 3.041265201464681489e+00 4.110013708937084509e+00 4.524999996087770704e+00 5.231757751040144733e+00 5.255727907138344257e+00 5.558606917037611339e+00 5.642472276586617319e+00 5.906786586748048684e+00 5.954017916039404668e+00 6.768806356482126141e+00 6.777572200206896547e+00 8.341782308344052765e+00 8.369346615615247842e+00 9.130637788777470121e+00 9.163722714777232881e+00 9.816098703392837521e+00 9.816847301729211495e+00 1.099307855318753013e+01 1.100483622857799304e+01 1.386726234850497796e+01 1.390347817692403787e+01 1.450029167123838114e+01 1.453210359546450015e+01 1.505452572934673761e+01 1.518363120991034343e+01 1.607180118926565981e+01 1.608378707656344275e+01 1.710103089109935226e+01 1.724428722757204113e+01 2.108016299793106185e+01 2.113287362019704219e+01 2.215774848559130206e+01 2.422859068162447826e+01
2.230504401489710631e+00 2.235279889287988375e+00 2.946264977909661908e+00 2.950703230258604481e+00 3.962969136568565087e+00 3.965008097381922170e+00 5.242804264308331241e+00 5.259418484361584767e+00 5.436277311730489004e+00 5.441919207142667858e+00 6.108087984387263525e+00 6.114309663511027892e+00 6.977629216156823411e+00 7.011105931094414601e+00 7.949565166637496461e+00 7.950717910732620020e+00 9.374267726434029058e+00 9.382115916610013429e+00 1.097241529423935091e+01 1.098719381892823144e+01 1.174166267956923626e+01 1.176406862656614649e+01 1.329626782363787285e+01 1.366175880369327444e+01 1.423377195538305884e+01 1.424125629848675523e+01 1.474670702177398773e+01 1.501967808658887549e+01 1.696034692760875373e+01 1.696309181009013756e+01 1.874441036950064188e+01 1.874977452959654300e+01 1.926476266889632427e+01 2.065275585131318792e+01 2.173131282551506160e+01 2.224330058826115675e+01
2.234199842667794922e+00 2.258258745530548950e+00 2.958961548319026580e+00 2.960520901760244961e+00 3.945817855578507949e+00 3.978867800316920000e+00 5.230069322264089493e+00 5.241921820019634026e+00 5.401939174123832288e+00 5.504479074330290267e+00 6.100939764032694335e+00 6.112372712310849110e+00 6.958055135360299737e+00 7.038643632293853258e+00 7.936810553279979530e+00 7.983749661051827040e+00 9.382744972811481787e+00 9.400628553539840837e+00 1.097459102399494668e+01 1.099735881874452659e+01 1.175751030958226906e+01 1.177600738912663303e+01 1.330404414911324018e+01 1.366752307367582553e+01 1.420476286597347126e+01 1.425891535348375072e+01 1.474383272908524845e+01 1.501703667457173808e+01 1.694032970815811368e+01 1.696731482053966289e+01 1.858420760428636953e+01 1.872289611246666396e+01 1.940197990468581324e+01 2.064422593523974925e+01 2.173244544944954271e+01 2.221786844267276351e+01
2.261802774636352265e+00 2.310113966542407304e+00 2.987722158084991975e+00 2.998284983564477368e+00 3.932816588331494501e+00 3.982877997429203898e+00 5.184108661682262031e+00 5.213802703827779439e+00 5.400231606482141622e+00 5.572061073572214696e+00 6.084260457939468125e+00 6.103556539579107820e+00 6.935689693164777125e+00 7.078971969663842678e+00 7.947517375350153124e+00 8.027788156971153555e+00 9.412726307810721948e+00 9.449417579765267305e+00 1.098214488747370687e+01 1.102355374722341885e+01 1.180563030513926570e+01 1.181324022308878874e+01 1.332699724697256727e+01 1.368181396849583287e+01 1.413957661738685800e+01 1.428631759999237616e+01 1.473517155320604743e+01 1.500897309736649099e+01 1.690561443387118246e+01 1.695430566075974355e+01 1.828581537802151757e+01 1.864671442248792133e+01 1.962696399650486256e+01 2.062145489549335764e+01 2.173750131151525977e+01 2.215044572503278886e+01
2.313837901153464216e+00 2.386559704316413733e+00 3.028189760304762945e+00 3.063781404418186582e+00 3.929521579555399935e+00 3.972107145259965666e+00 5.127608396530149548e+00 5.181233965324816282e+00 5.420735962449983347e+00 5.621218397068266093e+00 6.062321841008953882e+00 6.089529238440666958e+00 6.919539389480982017e+00 7.111706185334794483e+00 7.975586192576815669e+00 8.071012916360167821e+00 9.464360976704755402e+00 9.521299206722382280e+00 1.099193460473192374e+01 1.105883607434638449e+01 1.187550257215831984e+01 1.189094839486699229e+01 1.336368241707630489e+01 1.369577208017385495e+01 1.403770862713793655e+01 1.431499109277219439e+01 1.472055350685050534e+01 1.499412314138649371e+01 1.685964977247193275e+01 1.692020343141591709e+01 1.797389213310083989e+01 1.850629364897202578e+01 1.983213206531448591e+01 2.059276383718614056e+01 2.175031121166342274e+01 2.206503654506630241e+01
2.385912688766268275e+00 2.481170782405548003e+00 3.078252422347464101e+00 3.148245579604937117e+00 3.928636278962120087e+00 3.950917686134975071e+00 5.077626453708763421e+00 5.144993562206202853e+00 5.454107083397698119e+00 5.639583638405602173e+00 6.039060202398743193e+00 6.076053701395367490e+00 6.909630793363141343e+00 7.131148127161195838e+00 8.005747071315306940e+00 8.103644395983065962e+00 9.531530067276889895e+00 9.610377625725911699e+00 1.099888572598462844e+01 1.109190985378019967e+01 1.197047416969888012e+01 1.200857401127155022e+01 1.341090540885239690e+01 1.368945462699227988e+01 1.391663890371902568e+01 1.432467255558717234e+01 1.469935057152476254e+01 1.496807456559347571e+01 1.680485166178333145e+01 1.686431564687757501e+01 1.768599200624969470e+01 1.829405663210712163e+01 1.999929273604823265e+01 2.056918970603220131e+01 2.177384241083171901e+01 2.199343609771128172e+01
2.468680591372745869e+00 2.584045311002621581e+00 3.135496111392106489e+00 3.235817562800785918e+00 3.894994345517718060e+00 3.947362826911514411e+00 5.042702128885253821e+00 5.108656012685364622e+00 5.492776061768111617e+00 5.625660995826102351e+00 6.018923760909672183e+00 6.067818954315428392e+00 6.906056286931625543e+00 7.140165672609719572e+00 8.023752716792335704e+00 8.118632070079032204e+00 9.603765238615425304e+00 9.712577612343723743e+00 1.099761399724612154e+01 1.110935090051154361e+01 1.209341715016066132e+01 1.215636129728245685e+01 1.346193979959563514e+01 1.361425779218353682e+01 1.383481111067610492e+01 1.428765060779464591e+01 1.466995021642259900e+01 1.492257535924574441e+01 1.674421808642594200e+01 1.679165086516030314e+01 1.744047903265885324e+01 1.802249917784403976e+01 2.012938802171778008e+01 2.055661830680842783e+01 2.180736268625977559e+01 2.196518766301320014e+01
2.548569712819165112e+00 2.682955938356639258e+00 3.198789819030676274e+00 3.303890418396908668e+00 3.845808580886106665e+00 3.936660326867867266e+00 5.026600446081292972e+00 5.077675810390044120e+00 5.528042811602031037e+00 5.591541033662332794e+00 6.007449634964518559e+00 6.063786295102493007e+00 6.909730874549357971e+00 7.145085978531440674e+00 8.022750887788257401e+00 8.112659264715162521e+00 9.676320128188745429e+00 9.820826762801663889e+00 1.098188547868289966e+01 1.110148855355809339e+01 1.222921424856594363e+01 1.232657060660615933e+01 1.345031048258858775e+01 1.353139197165713270e+01 1.380684023584553621e+01 1.418275750641434740e+01 1.462945823879393181e+01 1.484731432389319217e+01 1.668173195401148945e+01 1.671565881180656632e+01 1.724166487462649755e+01 1.773015184153303991e+01 2.023211234976064077e+01 2.055000287774327461e+01 2.184922347470230974e+01 2.199498225207664248e+01
2.611169893310120393e+00 2.761192040645192414e+00 3.266066272954318617e+00 3.334157758382980230e+00 3.799718841492836230e+00 3.898508010185164352e+00 5.025165535708810083e+00 5.056727568104193438e+00 5.540287853530412754e+00 5.571755610809394632e+00 6.007712730286196567e+00 6.061374288063514193e+00 6.922941383831489937e+00 7.151400234444229120e+00 8.001713315718891550e+00 8.086233812996816539e+00 9.752574761574882345e+00 9.926684874038697259e+00 1.094475513576716708e+01 1.106410019724095939e+01 1.235014713738936187e+01 1.250895841073411319e+01 1.332009695908783975e+01 1.354791088980919156e+01 1.377632590296338044e+01 1.403304326792295598e+01 1.457361634463261701e+01 1.473603121783558656e+01 1.662144492020198783e+01 1.665391921083634585e+01 1.708326149334975952e+01 1.746607028947103757e+01 2.031956595529930354e+01 2.053992454431222825e+01 2.189929135523739845e+01 2.207588914905317523e+01
2.641592215090013074e+00 2.795709987957184506e+00 3.327625530986153102e+00 3.340973063226437834e+00 3.750084153168597556e+00 3.843973996077067135e+00 5.027514488885015176e+00 5.042627640032675274e+00 5.527223296107224293e+00 5.590560527511305722e+00 6.011705149896133804e+00 6.065667743655308364e+00 6.948910567614280609e+00 7.162383039985921407e+00 7.962287003879365166e+00 8.042812363035602985e+00 9.838002462021695038e+00 1.002576300014599120e+01 1.087895167832998133e+01 1.099761166322192096e+01 1.242921680445578225e+01 1.268391765466316023e+01 1.323418262448148397e+01 1.345788457771972979e+01 1.374623514466272489e+01 1.393940780039376648e+01 1.449504900093498172e+01 1.459718847628781901e+01 1.656541308960462189e+01 1.661799449868778566e+01 1.695580566401710598e+01 1.726459351489085492e+01 2.039779886844541679e+01 2.052432047378397328e+01 2.195063033715132406e+01 2.219062874298161248e+01
2.603368554236932475e+00 2.799725665054108248e+00 3.331715110535916402e+00 3.389673997554004892e+00 3.683792662733623047e+00 3.804878762003564230e+00 5.021409966065926156e+00 5.029951527942928102e+00 5.534109958885125913e+00 5.616140492870019152e+00 6.005813514686437316e+00 6.084620326495743470e+00 6.989390536894293682e+00 7.179108506682651658e+00 7.907599886920684717e+00 7.988891024759646520e+00 9.935721289075841511e+00 1.011845062304836596e+01 1.077789219831818635e+01 1.090867638026505659e+01 1.245834048155115070e+01 1.280624207052494867e+01 1.321537849773981144e+01 1.326712564268402161e+01 1.376757697509098044e+01 1.392104542100483400e+01 1.437816338718895892e+01 1.446367602391196883e+01 1.651752789934793242e+01 1.660468509397781034e+01 1.685253374140938121e+01 1.713359954894860948e+01 2.045433854465009915e+01 2.051919547227927509e+01 2.199493768224009571e+01 2.231577697967865248e+01
2.479913952975564495e+00 2.831169926317947283e+00 3.263231781959328615e+00 3.461621896350763894e+00 3.653789442618635253e+00 3.768132805003023389e+00 4.998158036105377455e+00 5.025895901706409319e+00 5.551848159312772424e+00 5.647089538724779700e+00 5.994235388560577249e+00 6.108719760763650086e+00 7.040111211735199603e+00 7.200260844551109152e+00 7.844124288797570621e+00 7.934841575350792375e+00 1.004503281340471332e+01 1.020687745995731532e+01 1.064296957620506134e+01 1.081042174674467127e+01 1.245000599496908045e+01 1.280657201369449893e+01 1.315799846459135836e+01 1.325970811697515472e+01 1.380430023260474748e+01 1.393899139950668697e+01 1.423961934010041475e+01 1.434965466772501230e+01 1.648143839188175264e+01 1.660393886701678667e+01 1.677343358652915484e+01 1.706028042424061297e+01 2.045722609289266103e+01 2.055671326211047756e+01 2.202791482070778173e+01 2.242605089336495183e+01
2.350210985948624209e+00 2.896259818256818885e+00 3.140130746505410464e+00 3.543686229200365023e+00 3.660249812193399066e+00 3.719728285138171664e+00 4.977993726719005529e+00 5.022161912357458569e+00 5.565236484728162125e+00 5.674911840114631900e+00 5.984946159833715917e+00 6.126745955327186799e+00 7.086089441600231353e+00 7.220839114303325701e+00 7.787390040164901883e+00 7.893883921958548378e+00 1.015991445802557713e+01 1.028808169532949712e+01 1.049324650920240565e+01 1.072191362002587667e+01 1.242240571564168405e+01 1.275327743951252302e+01 1.312901556939395142e+01 1.332627745196015390e+01 1.383391154757411634e+01 1.398842411238944727e+01 1.413027076071968580e+01 1.424387753587718741e+01 1.645923829126322957e+01 1.660693985154360774e+01 1.672322142839932368e+01 1.702548896788178467e+01 2.044595918300827364e+01 2.059454052617800812e+01 2.204793807391915550e+01 2.250084230202281077e+01
2.295813248932909723e+00 2.964235195329754990e+00 3.046306518065456270e+00 3.596964088580917540e+00 3.662945908563753683e+00 3.682986378116135828e+00 4.970285938887553989e+00 5.020558965774397642e+00 5.569727457386505876e+00 5.686153092498799744e+00 5.981564155103034963e+00 6.133270500555211058e+00 7.105167985518328067e+00 7.230311849419295278e+00 7.763284372713426862e+00 7.878410062893556720e+00 1.023370181153938496e+01 1.035644497890350024e+01 1.037338402091781653e+01 1.068123583883939887e+01 1.240653123104676325e+01 1.273473314470881768e+01 1.312075390493826532e+01 1.335588486355780979e+01 1.384506369843268203e+01 1.404211220523601433e+01 1.407561925072542941e+01 1.418484211300740760e+01 1.645178420094827842e+01 1.660849123752354828e+01 1.670599380352965113e+01 1.701546016619298030e+01 2.044124590320392798e+01 2.060859183002767381e+01 2.205461886933801807e+01 2.252722773294626180e+01
