5.489536267390955626e-02
1.656193841927490473e-01
2.763434057115885523e-01
3.870674272304280294e-01
4.977914487492675066e-01
6.085154702681070393e-01
7.192394917869464610e-01
8.299635133057859937e-01
9.406875348246255264e-01
1.051411556343464948e+00
1.162135577862304370e+00
1.272859599381144013e+00
1.383583620899983435e+00
1.494307642418822857e+00
1.605031663937662501e+00
1.715755685456502144e+00
1.826479706975341344e+00
1.937203728494180544e+00
2.047927750013020187e+00
2.158651771531860053e+00
2.269375793050699475e+00
2.380099814569538896e+00
2.490823836088378318e+00
2.601547857607217740e+00
2.712271879126057161e+00
2.822995900644896583e+00
2.933719922163736005e+00
3.044443943682576315e+00
3.155167965201415736e+00
3.265891986720254714e+00
3.376616008239094135e+00
3.487340029757933557e+00
3.598064051276772979e+00
3.708788072795612401e+00
3.819512094314451822e+00
3.930236115833291244e+00
4.040960137352130666e+00
4.151684158870970975e+00
4.262408180389810397e+00
4.373132201908649819e+00
4.483856223427489240e+00
4.594580244946328662e+00
4.705304266465168084e+00
4.816028287984007505e+00
4.926752309502847815e+00
5.037476331021687237e+00
5.148200352540525770e+00
5.258924374059365192e+00
5.369648395578204614e+00
5.480372417097044035e+00
5.591096438615883457e+00
5.701820460134722879e+00
5.812544481653562300e+00
5.923268503172402610e+00
6.033992524691242032e+00
6.144716546210081454e+00
6.255440567728920875e+00
6.366164589247760297e+00
6.476888610766599719e+00
6.587612632285439140e+00
6.698336653804279450e+00
6.809060675323118872e+00
6.919784696841958294e+00
7.030508718360797715e+00
7.141232739879637137e+00
7.251956761398476559e+00
7.362680782917315980e+00
7.473404804436155402e+00
7.584128825954994824e+00
7.694852847473834245e+00
7.805576868992672779e+00
7.916300890511513089e+00
8.027024912030352510e+00
8.137748933549191932e+00
8.248472955068033130e+00
8.359196976586870775e+00
8.469920998105711973e+00
8.580645019624549619e+00
8.691369041143390817e+00
8.802093062662228462e+00
8.912817084181067884e+00
9.023541105699909082e+00
9.134265127218746727e+00
9.244989148737587925e+00
9.355713170256425570e+00
9.466437191775266768e+00
9.577161213294104414e+00
9.687885234812945612e+00
9.798609256331785033e+00
9.909333277850624455e+00
1.002005729936946388e+01
1.013078132088830330e+01
1.024150534240714272e+01
1.035222936392598214e+01
1.046295338544482156e+01
1.057367740696366099e+01
1.068440142848250041e+01
1.079512545000134160e+01
1.090584947152017925e+01
1.101657349303902045e+01
1.112729751455785809e+01
1.123802153607669752e+01
1.134874555759553694e+01
1.145946957911437636e+01
1.157019360063321578e+01
1.168091762215205520e+01
1.179164164367089640e+01
1.190236566518973405e+01
1.201308968670857524e+01
1.212381370822741289e+01
1.223453772974625409e+01
1.234526175126509173e+01
1.245598577278393293e+01
1.256670979430277235e+01
1.267743381582161177e+01
1.278815783734045120e+01
1.289888185885929062e+01
1.300960588037813004e+01
1.312032990189696946e+01
1.323105392341580888e+01
1.334177794493465008e+01
1.345250196645348773e+01
1.356322598797232715e+01
1.367395000949116657e+01
1.378467403101000599e+01
1.389539805252884541e+01
1.400612207404768483e+01
1.411684609556652426e+01
1.422757011708536368e+01
1.433829413860420487e+01
1.444901816012304252e+01
1.455974218164188372e+01
1.467046620316072136e+01
1.478119022467956256e+01
1.489191424619840021e+01
1.500263826771724140e+01
1.511336228923608083e+01
1.522408631075492380e+01
1.533481033227376145e+01
1.544553435379260087e+01
1.555625837531143851e+01
1.566698239683027971e+01
1.577770641834911913e+01
1.588843043986795855e+01
1.599915446138679620e+01
1.610987848290563917e+01
1.622060250442447682e+01
1.633132652594331446e+01
1.644205054746215566e+01
1.655277456898099686e+01
1.666349859049983451e+01
1.677422261201867215e+01
1.688494663353751335e+01
1.699567065505635455e+01
1.710639467657519219e+01
1.721711869809403339e+01
1.732784271961287104e+01
1.743856674113171223e+01
1.754929076265054988e+01
1.766001478416939108e+01
1.777073880568822872e+01
1.788146282720706992e+01
1.799218684872591112e+01
1.810291087024474876e+01
1.821363489176358641e+01
1.832435891328242761e+01
1.843508293480126881e+01
1.854580695632010645e+01
1.865653097783894410e+01
1.876725499935778529e+01
1.887797902087662649e+01
1.898870304239546414e+01
1.909942706391430178e+01
1.921015108543314298e+01
1.932087510695198418e+01
1.943159912847082182e+01
1.954232314998966302e+01
1.965304717150850067e+01
1.976377119302734187e+01
1.987449521454617951e+01
1.998521923606502071e+01
2.009594325758385835e+01
2.020666727910269955e+01
2.031739130062153720e+01
2.042811532214037840e+01
2.053883934365921604e+01
2.064956336517805724e+01
2.076028738669689844e+01
2.087101140821573608e+01
2.098173542973457373e+01
2.109245945125341137e+01
2.120318347277225612e+01
2.131390749429109377e+01
2.142463151580993141e+01
2.153535553732877261e+01
2.164607955884761381e+01
2.175680358036645146e+01
2.186752760188528910e+01
2.197825162340413030e+01
2.208897564492297150e+01
