-2.678814704695423377e+00
-2.543373963728556841e+00
-2.407933222761689862e+00
-2.272492481794823327e+00
-2.137051740827956792e+00
-2.001610999861089812e+00
-1.866170258894223277e+00
-1.730729517927356742e+00
-1.595288776960489763e+00
-1.459848035993623006e+00
-1.324407295026756470e+00
-1.188966554059889713e+00
-1.053525813093022956e+00
-9.180850721261564207e-01
-7.826443311592898855e-01
-6.472035901924230172e-01
-5.117628492255562600e-01
-3.763221082586895028e-01
-2.408813672918227455e-01
-1.054406263249563908e-01
3.000011464191038729e-02
1.654408556087771653e-01
3.008815965756439503e-01
4.363223375425107076e-01
5.717630785093774648e-01
7.072038194762438890e-01
8.426445604431106462e-01
9.780853014099774034e-01
1.113526042376843828e+00
1.248966783343711029e+00
1.384407524310577342e+00
1.519848265277444543e+00
1.655289006244310857e+00
1.790729747211177170e+00
1.926170488178044371e+00
2.061611229144910684e+00
2.197051970111778108e+00
2.332492711078644199e+00
2.467933452045510734e+00
2.603374193012377713e+00
2.738814933979244248e+00
2.874255674946111228e+00
3.009696415912977763e+00
3.145137156879844298e+00
3.280577897846711277e+00
3.416018638813577812e+00
3.551459379780444792e+00
3.686900120747311327e+00
3.822340861714177862e+00
3.957781602681045285e+00
4.093222343647910932e+00
4.228663084614777468e+00
4.364103825581644891e+00
4.499544566548512314e+00
4.634985307515377961e+00
4.770426048482245385e+00
4.905866789449110144e+00
5.041307530415977567e+00
5.176748271382844990e+00
5.312189012349710637e+00
5.447629753316578061e+00
5.583070494283444596e+00
5.718511235250312019e+00
5.853951976217177666e+00
5.989392717184045090e+00
6.124833458150911625e+00
6.260274199117777272e+00
6.395714940084644695e+00
6.531155681051512119e+00
6.666596422018378654e+00
6.802037162985244301e+00
6.937477903952111724e+00
7.072918644918979147e+00
7.208359385885844794e+00
7.343800126852711330e+00
7.479240867819578753e+00
7.614681608786444400e+00
7.750122349753311823e+00
7.885563090720178359e+00
8.021003831687046670e+00
8.156444572653912317e+00
8.291885313620777964e+00
8.427326054587645388e+00
8.562766795554511035e+00
8.698207536521378458e+00
8.833648277488245881e+00
8.969089018455111528e+00
9.104529759421978952e+00
9.239970500388846375e+00
9.375411241355712022e+00
9.510851982322577669e+00
9.646292723289445092e+00
9.781733464256312516e+00
9.917174205223178163e+00
1.005261494619004559e+01
1.018805568715691301e+01
1.032349642812378043e+01
1.045893716909064608e+01
1.059437791005751173e+01
1.072981865102437915e+01
1.086525939199124480e+01
1.100070013295811222e+01
1.113614087392497964e+01
1.127158161489184529e+01
1.140702235585871271e+01
1.154246309682558014e+01
1.167790383779244756e+01
1.181334457875931143e+01
1.194878531972617886e+01
1.208422606069304628e+01
1.221966680165991193e+01
1.235510754262677935e+01
1.249054828359364500e+01
1.262598902456051242e+01
1.276142976552737984e+01
1.289687050649424727e+01
1.303231124746111291e+01
1.316775198842798034e+01
1.330319272939484421e+01
1.343863347036171163e+01
1.357407421132857905e+01
1.370951495229544648e+01
1.384495569326231390e+01
1.398039643422918132e+01
1.411583717519604875e+01
1.425127791616291084e+01
1.438671865712977826e+01
1.452215939809664569e+01
1.465760013906351311e+01
1.479304088003038054e+01
1.492848162099724796e+01
1.506392236196411538e+01
1.519936310293098103e+01
1.533480384389784845e+01
1.547024458486471410e+01
1.560568532583158152e+01
1.574112606679844895e+01
1.587656680776531637e+01
1.601200754873218202e+01
1.614744828969904589e+01
1.628288903066591331e+01
1.641832977163278073e+01
1.655377051259964816e+01
1.668921125356651558e+01
1.682465199453338300e+01
1.696009273550024687e+01
1.709553347646711430e+01
1.723097421743398172e+01
1.736641495840084914e+01
1.750185569936771657e+01
1.763729644033458399e+01
1.777273718130145141e+01
1.790817792226831529e+01
1.804361866323518271e+01
1.817905940420205013e+01
1.831450014516891756e+01
1.844994088613578143e+01
1.858538162710264885e+01
1.872082236806951627e+01
1.885626310903638014e+01
1.899170385000324757e+01
1.912714459097011499e+01
1.926258533193698241e+01
1.939802607290384984e+01
1.953346681387071726e+01
1.966890755483758468e+01
1.980434829580444855e+01
1.993978903677131598e+01
2.007522977773818340e+01
2.021067051870505082e+01
2.034611125967191825e+01
2.048155200063878567e+01
2.061699274160564954e+01
2.075243348257251697e+01
2.088787422353938084e+01
2.102331496450624826e+01
2.115875570547311568e+01
2.129419644643998311e+01
2.142963718740685053e+01
2.156507792837371440e+01
2.170051866934058182e+01
2.183595941030744925e+01
2.197140015127431667e+01
2.210684089224118409e+01
2.224228163320805152e+01
2.237772237417491894e+01
2.251316311514178281e+01
2.264860385610865023e+01
2.278404459707551766e+01
2.291948533804238508e+01
2.305492607900925250e+01
2.319036681997611637e+01
2.332580756094298380e+01
2.346124830190984767e+01
2.359668904287671509e+01
2.373212978384358252e+01
2.386757052481044994e+01
2.400301126577731736e+01
2.413845200674418479e+01
2.427389274771104866e+01
