-1.106262130608973049e+00
-9.733606094636764183e-01
-8.404590883183797878e-01
-7.075575671730831573e-01
-5.746560460277866378e-01
-4.417545248824900628e-01
-3.088530037371933767e-01
-1.759514825918967462e-01
-4.304996144660020591e-02
8.985155969869634829e-02
2.227530808439928955e-01
3.556546019892896648e-01
4.885561231345861843e-01
6.214576442798827038e-01
7.543591654251794454e-01
8.872606865704760759e-01
1.020162207715772595e+00
1.153063728861069226e+00
1.285965250006365634e+00
1.418866771151662265e+00
1.551768292296958673e+00
1.684669813442255748e+00
1.817571334587552379e+00
1.950472855732848787e+00
2.083374376878145195e+00
2.216275898023441826e+00
2.349177419168738457e+00
2.482078940314035087e+00
2.614980461459332162e+00
2.747881982604628348e+00
2.880783503749924979e+00
3.013685024895221609e+00
3.146586546040518240e+00
3.279488067185814870e+00
3.412389588331111057e+00
3.545291109476407687e+00
3.678192630621704318e+00
3.811094151767000948e+00
3.943995672912297579e+00
4.076897194057593765e+00
4.209798715202890840e+00
4.342700236348187914e+00
4.475601757493484101e+00
4.608503278638781175e+00
4.741404799784077362e+00
4.874306320929374436e+00
5.007207842074670623e+00
5.140109363219966809e+00
5.273010884365263884e+00
5.405912405510560070e+00
5.538813926655857145e+00
5.671715447801153331e+00
5.804616968946449518e+00
5.937518490091746592e+00
6.070420011237042779e+00
6.203321532382339853e+00
6.336223053527636928e+00
6.469124574672933115e+00
6.602026095818230189e+00
6.734927616963526376e+00
6.867829138108823450e+00
7.000730659254119637e+00
7.133632180399415823e+00
7.266533701544712898e+00
7.399435222690009084e+00
7.532336743835306159e+00
7.665238264980603233e+00
7.798139786125899420e+00
7.931041307271196494e+00
8.063942828416493569e+00
8.196844349561789755e+00
8.329745870707085942e+00
8.462647391852382128e+00
8.595548912997678315e+00
8.728450434142976277e+00
8.861351955288272464e+00
8.994253476433568650e+00
9.127154997578864837e+00
9.260056518724161023e+00
9.392958039869458986e+00
9.525859561014755172e+00
9.658761082160051359e+00
9.791662603305347545e+00
9.924564124450643732e+00
1.005746564559594169e+01
1.019036716674123788e+01
1.032326868788653407e+01
1.045617020903183025e+01
1.058907173017712644e+01
1.072197325132242440e+01
1.085487477246772059e+01
1.098777629361301678e+01
1.112067781475831296e+01
1.125357933590360915e+01
1.138648085704890711e+01
1.151938237819420330e+01
1.165228389933949948e+01
1.178518542048479567e+01
1.191808694163009186e+01
1.205098846277538982e+01
1.218388998392068601e+01
1.231679150506598219e+01
1.244969302621127838e+01
1.258259454735657634e+01
1.271549606850187253e+01
1.284839758964716872e+01
1.298129911079246490e+01
1.311420063193776109e+01
1.324710215308305905e+01
1.338000367422835524e+01
1.351290519537365142e+01
1.364580671651894761e+01
1.377870823766424735e+01
1.391160975880954354e+01
1.404451127995484150e+01
1.417741280110013768e+01
1.431031432224543387e+01
1.444321584339073006e+01
1.457611736453602624e+01
1.470901888568132421e+01
1.484192040682662039e+01
1.497482192797191658e+01
1.510772344911721277e+01
1.524062497026250895e+01
1.537352649140780692e+01
1.550642801255310310e+01
1.563932953369839929e+01
1.577223105484369547e+01
1.590513257598899166e+01
1.603803409713428962e+01
1.617093561827958581e+01
1.630383713942488200e+01
1.643673866057017818e+01
1.656964018171547437e+01
1.670254170286077056e+01
1.683544322400606674e+01
1.696834474515136648e+01
1.710124626629666267e+01
1.723414778744195885e+01
1.736704930858725504e+01
1.749995082973255123e+01
1.763285235087784741e+01
1.776575387202314360e+01
1.789865539316843979e+01
1.803155691431373597e+01
1.816445843545903216e+01
1.829735995660433190e+01
1.843026147774962809e+01
1.856316299889492427e+01
1.869606452004022046e+01
1.882896604118551664e+01
1.896186756233081283e+01
1.909476908347610902e+01
1.922767060462140520e+01
1.936057212576670139e+01
1.949347364691199758e+01
1.962637516805729732e+01
1.975927668920259350e+01
1.989217821034788969e+01
2.002507973149318588e+01
2.015798125263848206e+01
2.029088277378378180e+01
2.042378429492907799e+01
2.055668581607437417e+01
2.068958733721967036e+01
2.082248885836496655e+01
2.095539037951026629e+01
2.108829190065556247e+01
2.122119342180085866e+01
2.135409494294615484e+01
2.148699646409145103e+01
2.161989798523674722e+01
2.175279950638204340e+01
2.188570102752733959e+01
2.201860254867263578e+01
2.215150406981793196e+01
2.228440559096323170e+01
2.241730711210852789e+01
2.255020863325382408e+01
2.268311015439912026e+01
2.281601167554441645e+01
2.294891319668971263e+01
2.308181471783500882e+01
2.321471623898030501e+01
2.334761776012560119e+01
2.348051928127089738e+01
2.361342080241619712e+01
2.374632232356149331e+01
2.387922384470678949e+01
2.401212536585208568e+01
2.414502688699738187e+01
2.427792840814267805e+01
2.441082992928797424e+01
2.454373145043327042e+01
2.467663297157856661e+01
2.480953449272386280e+01
2.494243601386916254e+01
2.507533753501445872e+01
2.520823905615975491e+01
2.534114057730505110e+01
