-4.251911243151752728e+00 -4.251910943989418712e+00 -4.249738787178482191e+00 -2.140634670715484689e-01 -2.115311727363448635e-01 -2.068169686728661971e-01 3.137812495881762143e+00 3.138179299044969728e+00 3.138181281122332855e+00 3.138181647205822600e+00 3.138493509178798657e+00 3.138494084389113148e+00 7.588891392415606951e+00 7.589095911922970394e+00 7.589386257938176783e+00 7.678070308159797186e+00 7.678214902193105651e+00 7.678214903604258623e+00 8.806269386568354562e+00 8.806760798983024330e+00 8.806981067994117396e+00 8.807093076458672343e+00 8.807325580905207119e+00 8.808647909377869567e+00 1.660981053910150607e+01 1.661007232954090540e+01 1.661018487836368607e+01 1.661024616407819110e+01 1.661036899506671105e+01 1.661106762676331172e+01 1.736433566527515282e+01 1.736450563761487231e+01 1.736460489951350539e+01 2.034250878070423241e+01 2.034250881549248291e+01 2.034296255649378438e+01
-4.210586700531026239e+00 -4.174749180819360639e+00 -4.025791963731028211e+00 -1.166712478771976480e+00 -6.927032852456264100e-01 -2.635602621072029583e-01 2.920440404677832724e+00 2.945281709966001138e+00 3.147142152191150011e+00 3.245426882775765520e+00 3.383177487762935698e+00 3.447182251262559394e+00 7.235920037254668813e+00 7.494957404048051330e+00 7.566277300392230565e+00 7.653293962665673966e+00 7.676284201805382068e+00 8.152891918278836414e+00 8.676379960366164212e+00 8.760300133759843177e+00 8.836166355094542624e+00 8.867803334164394258e+00 8.934911075614868636e+00 8.964154541165765266e+00 1.649029765795677704e+01 1.657721771411872425e+01 1.659909020709286764e+01 1.665726411410420837e+01 1.666694059996981991e+01 1.674075171166532527e+01 1.735972895934705207e+01 1.736097031810107083e+01 1.739909336708869958e+01 2.031276496830381717e+01 2.033230487657828078e+01 2.035165751178069726e+01
-4.086623451344867597e+00 -3.940501258725961797e+00 -3.265875302601777275e+00 -1.959564684276440261e+00 -1.197280187381166705e+00 -3.772529227144291175e-01 2.749966256116794572e+00 2.843858272836183421e+00 3.173900242944158290e+00 3.500133663559645836e+00 3.639778485453702750e+00 3.765604990127081830e+00 6.984834637182297357e+00 7.239407416380937654e+00 7.498813345918853734e+00 7.580620996765272679e+00 7.671782217804348214e+00 8.537871924718052341e+00 8.678600320953565372e+00 8.687137051264041787e+00 8.848219235632040380e+00 9.046822642840048445e+00 9.052924797815087743e+00 9.446698826151793682e+00 1.639466001597667599e+01 1.648342216602893728e+01 1.661989479251911206e+01 1.673455567491496510e+01 1.683435666320802326e+01 1.686195636959249100e+01 1.733959799285444703e+01 1.735041816925125957e+01 1.751004383822166233e+01 2.022375205952381094e+01 2.030213676228972020e+01 2.037659596955026942e+01
-3.880077100990891648e+00 -3.524576265305329414e+00 -2.384905418386523035e+00 -1.553501260670187234e+00 -1.221463126682545974e+00 -4.913357668857120664e-01 2.643175426296370034e+00 2.803213048404825880e+00 3.220372607682027599e+00 3.808177604816437967e+00 3.894661833900723735e+00 4.038497275915656992e+00 6.834981448104520574e+00 6.871518879333416763e+00 7.390334900392470985e+00 7.463870106114280034e+00 7.665060369603303947e+00 8.386035172184044484e+00 8.589800131399828231e+00 8.835241892818908482e+00 9.146377675055857637e+00 9.176420470557101083e+00 9.352718270388411526e+00 1.014934660681304557e+01 1.633053403792362701e+01 1.634004206314453356e+01 1.666447321424223915e+01 1.682283863381998756e+01 1.696821093106023071e+01 1.709912683946432566e+01 1.729680624004498668e+01 1.733289056457664401e+01 1.770151272833655298e+01 2.007915449679792630e+01 2.025335201522436890e+01 2.041169476164339258e+01
-3.593150160543160165e+00 -2.885102754053844532e+00 -2.460689457255601731e+00 -1.652115292297045013e+00 -5.472480285332634864e-01 2.599391870054391873e+00 2.834181653158795555e+00 3.135402539597144767e+00 3.407184491690828931e+00 4.123090353277828690e+00 4.156782061570160280e+00 4.277825998879883684e+00 6.430823134126140594e+00 6.742268348394109267e+00 7.244310429536686691e+00 7.307040757771522621e+00 7.657435040345199617e+00 8.221084174658644272e+00 8.478922340489903675e+00 8.790342956482861680e+00 9.203970333756180011e+00 9.618666571001611487e+00 9.855208191198961742e+00 1.089872501501010760e+01 1.615717956077410733e+01 1.630132731767187337e+01 1.672366415683587348e+01 1.689437179270487732e+01 1.708000765753446260e+01 1.717285893683968823e+01 1.730866751406671966e+01 1.749175597295698026e+01 1.795531209412586904e+01 1.988476506773640295e+01 2.018822215430299849e+01 2.044848292467841944e+01
-3.236341965109204910e+00 -2.247551080315910887e+00 -2.121549765171716118e+00 -1.202829049577463616e+00 7.755566909487619787e-02 2.615842058920317292e+00 2.971716509915430127e+00 3.341474725346545771e+00 4.320789229474337745e+00 4.352131025905555894e+00 4.498319370842615683e+00 5.220336037020170572e+00 5.948351984383147162e+00 6.678496834973211449e+00 7.064340511645228027e+00 7.115395900086661563e+00 7.652667361160975013e+00 8.047561064178735180e+00 8.366034685103105772e+00 8.710931480290764028e+00 9.218497059259592064e+00 1.005482509358240684e+01 1.048974638721707642e+01 1.160169803692443402e+01 1.594137925852279380e+01 1.630837537950355198e+01 1.678910272012360494e+01 1.694117566085995108e+01 1.702065679077347582e+01 1.720554624083023754e+01 1.727922052018209342e+01 1.792494667597923197e+01 1.824167367972849974e+01 1.964937655680236972e+01 2.010997771019818003e+01 2.047739384637637272e+01
-2.840598765204148446e+00 -1.758284855819961079e+00 -1.627199450269534609e+00 -5.452053686545038635e-01 1.977648607225871658e+00 2.666635209306806420e+00 3.183527251237620259e+00 3.497408629895522481e+00 4.548377587508917408e+00 4.603331730182623538e+00 4.718629108739305522e+00 5.453356406245791099e+00 6.571773186330209349e+00 6.750242618222857871e+00 6.859674681108899108e+00 6.920767811270115644e+00 7.654875086418170937e+00 7.873301259799370122e+00 8.259416630426965611e+00 8.598577195084295965e+00 9.184169780560715424e+00 1.052603002261453469e+01 1.116993578428528977e+01 1.221929856259669656e+01 1.569604720435559564e+01 1.635159943392238802e+01 1.679394764273718366e+01 1.685412415247241213e+01 1.697378862159862933e+01 1.724004641068838950e+01 1.733919503391176775e+01 1.840406363723914751e+01 1.852858115908662739e+01 1.938802395360692898e+01 2.002283950390349787e+01 2.048969798983865687e+01
-2.439377630854328682e+00 -8.155573290640879547e-01 -7.015644800679802229e-01 4.995390464289025667e-01 2.620784732134171513e+00 2.884685464003633459e+00 3.411463698212477968e+00 3.917262516777734405e+00 4.757000909730687788e+00 4.788042087114557255e+00 4.933246910641400973e+00 5.031978667568414387e+00 6.552908330897054157e+00 6.626846881098072295e+00 6.648442533346499594e+00 7.650952581646307316e+00 7.723573392365755019e+00 8.128594058650476128e+00 8.163638019401622259e+00 8.459108610923616212e+00 9.095019282456812348e+00 1.102304932746139521e+01 1.185212633319778774e+01 1.273838233226806338e+01 1.542253981022793496e+01 1.642978556734089324e+01 1.648797296646515775e+01 1.691412243652274583e+01 1.699997665927539359e+01 1.720172086034235193e+01 1.746132821707837479e+01 1.875271789032934322e+01 1.888906298511350812e+01 1.915307566499036085e+01 1.993201918151833851e+01 2.047957139251215963e+01
-1.989432869379328173e+00 9.469058483206759247e-01 1.382483416281421906e+00 1.521598424461439558e+00 2.668273906522547811e+00 3.046068825673041047e+00 3.581251950513593574e+00 4.273820517293859922e+00 4.848411150969814898e+00 4.989549479504414187e+00 5.099718582889721574e+00 5.154026080029090906e+00 6.380365637590953654e+00 6.397965525225009387e+00 6.502925881449100665e+00 7.532626409329706618e+00 7.716288853922420365e+00 8.079597460716817281e+00 8.302753337004958212e+00 8.944871144899030568e+00 9.397729051135678802e+00 1.153145331833796838e+01 1.249614031390196445e+01 1.315772131737250916e+01 1.512131228470926203e+01 1.609651433757440131e+01 1.654061529993613888e+01 1.696635706948888256e+01 1.702254900389915093e+01 1.716221626674827050e+01 1.756946677593542105e+01 1.866843105452715790e+01 1.918481144066636901e+01 1.934231021968641784e+01 1.984363615342251563e+01 2.044609600174410247e+01
-1.348305423208500997e+00 1.366264326101230386e+00 2.109552841629724007e+00 2.242635777841758937e+00 2.655555669524140239e+00 3.026765764091733590e+00 3.653303998993655100e+00 3.942130795298203427e+00 5.169073219436525868e+00 5.182850429070559706e+00 5.397618824004721816e+00 5.634838076614966162e+00 6.147554381055436501e+00 6.160073036096532562e+00 6.426845872870785570e+00 7.403439842406593918e+00 7.753201082822287482e+00 8.008750226580392706e+00 8.144977722357594985e+00 8.728558624052626058e+00 1.056788228059098955e+01 1.203661570839372175e+01 1.306111303935821333e+01 1.348014614085771257e+01 1.479339269857628913e+01 1.561516935526466554e+01 1.668001199765862808e+01 1.700925709123916363e+01 1.704164910177473047e+01 1.712558743015320672e+01 1.765807115258856186e+01 1.839340092990880748e+01 1.936570733380884946e+01 1.973035956481585629e+01 1.976446549003920339e+01 2.039485315449019609e+01
7.315609633668809231e-01 1.727341252895051360e+00 2.575178075970273817e+00 2.620239313486715904e+00 2.664486910435662548e+00 2.971960443743664637e+00 3.588369397628603075e+00 3.625674198096586753e+00 5.324891242074714093e+00 5.333858861938715279e+00 5.651581007293869696e+00 5.933178835582318733e+00 5.934839632136935883e+00 6.321458426708295164e+00 6.334893790352140286e+00 7.304069711042381563e+00 7.795307183535191697e+00 7.950717460386153235e+00 8.006214319785160072e+00 8.444594764542296517e+00 1.163613165417400630e+01 1.252200709857942407e+01 1.350588860823119575e+01 1.370865700831646450e+01 1.444364751249748480e+01 1.504327310663942541e+01 1.683923063269235243e+01 1.704155951368742805e+01 1.705634239247411088e+01 1.709572450173751434e+01 1.772360722270879307e+01 1.811343869841515897e+01 1.951769385004170942e+01 1.970141030537828541e+01 2.002648158445843762e+01 2.033831995048353747e+01
1.726646494406981258e+00 2.036295004962664468e+00 2.467454516242478579e+00 2.607116084022386371e+00 3.008270609000335494e+00 3.095996857600520791e+00 3.299356867348470335e+00 3.506693809320941213e+00 5.458827929411643076e+00 5.465276722711671198e+00 5.742047662141796849e+00 5.750742949809489524e+00 5.888983218530712271e+00 6.219179349807596680e+00 6.903917710666841678e+00 7.242288475482039800e+00 7.835081844511813109e+00 7.900087130790682366e+00 7.913948845349692895e+00 8.108190820990817116e+00 1.258475513334787266e+01 1.295568216826676533e+01 1.379217140731509161e+01 1.384517819244284986e+01 1.409510320206179657e+01 1.439449996995657877e+01 1.699348787523354076e+01 1.706182994997308811e+01 1.706558836314945538e+01 1.707617296639383042e+01 1.776377940955827484e+01 1.788080252877757914e+01 1.961401929092443908e+01 1.966064512536837938e+01 2.021166111387119102e+01 2.029362409808156187e+01
2.283988999854715374e+00 2.284212043132087810e+00 2.286367246052463997e+00 2.286760340917758594e+00 3.173347759702874082e+00 3.175285976900236395e+00 3.301085188973359230e+00 3.301181216423241249e+00 5.595171659384713614e+00 5.595176830228806963e+00 5.595699124299816418e+00 5.595992718241840969e+00 6.071415181372170622e+00 6.072520088177795650e+00 7.221400965870262034e+00 7.222257139965368111e+00 7.870042430411209544e+00 7.870191471786494475e+00 7.872735547098443476e+00 7.873405066968005350e+00 1.318819700252825378e+01 1.318925682465006410e+01 1.389036970294748663e+01 1.389049584570247653e+01 1.389100433344549224e+01 1.389188748560135700e+01 1.706825854896049677e+01 1.706833641362990761e+01 1.706975614123591356e+01 1.707016358923704757e+01 1.777729845915323637e+01 1.777764372528520553e+01 1.964652786031486542e+01 1.964684106495000293e+01 2.027537307087267493e+01 2.027579937133734589e+01
1.992668645665775395e+00 2.052509698155818629e+00 2.219839661733024272e+00 2.305072156945085382e+00 3.212534690565310935e+00 3.349208523570745832e+00 3.397389299682287422e+00 3.453811157708237101e+00 5.488173593167711140e+00 5.540839801114735508e+00 5.582684729491655062e+00 5.594043333854722633e+00 6.104108470662899855e+00 6.116453189636976262e+00 7.166087082319816837e+00 7.206603484335317944e+00 7.881818212475094398e+00 7.898330108940049499e+00 8.047150093977046836e+00 8.103850731192451917e+00 1.309613482806853035e+01 1.311687759403565856e+01 1.389577066583376741e+01 1.391517065183227686e+01 1.398856260892752346e+01 1.399614586627389023e+01 1.702228220272322545e+01 1.703367419051765097e+01 1.708150169321138279e+01 1.708324642106489932e+01 1.779220322506943575e+01 1.779649601317876773e+01 1.962712765365136391e+01 1.963608449452198457e+01 2.022897060950835524e+01 2.024028373114564161e+01
1.490633022333563984e+00 1.550946985543701473e+00 2.072701516604795735e+00 2.359144119774350123e+00 3.198286981978722299e+00 3.461439076277517568e+00 3.649723073583388988e+00 3.913019834272871922e+00 5.270706424782476418e+00 5.421426316362585318e+00 5.549949214313903312e+00 5.595995281155909495e+00 6.147416049424982987e+00 6.201489340021670849e+00 7.144488427432870381e+00 7.226704515732357947e+00 7.917273117604232802e+00 7.975424060803713466e+00 8.465827820900644340e+00 8.607640160557357589e+00 1.291356735416544588e+01 1.297946863029980058e+01 1.390610728391712669e+01 1.398241396987487128e+01 1.420652216812755064e+01 1.422572167739980387e+01 1.689624159128178604e+01 1.694088579508628811e+01 1.711525366184889663e+01 1.712697667218511199e+01 1.782000823149862612e+01 1.784156618154771223e+01 1.955987914324415655e+01 1.959593076701105829e+01 2.009823837601809515e+01 2.014541404571457761e+01
7.044670485172619401e-01 1.178672899575028854e+00 1.870622136111858014e+00 2.442034295326652948e+00 3.220907055392438600e+00 3.547574428479348008e+00 3.942492735687793903e+00 4.331170360858744850e+00 5.043453695299703554e+00 5.285901756732612533e+00 5.510793956803047067e+00 5.628601285881757121e+00 6.168592444123580876e+00 6.292945756082060527e+00 7.229134041564440061e+00 7.317252453640410437e+00 7.984240022622722144e+00 8.112072495008419537e+00 8.988899647361460410e+00 9.216355680925087057e+00 1.273453147794420381e+01 1.286493321077438168e+01 1.391921123975367713e+01 1.407349501907497213e+01 1.447060859834334146e+01 1.450057090791087688e+01 1.672136131107490442e+01 1.680857966186350438e+01 1.716816174334216782e+01 1.719551831560216115e+01 1.783263338593475211e+01 1.789070413536531845e+01 1.942169933977912066e+01 1.948994920496780026e+01 1.992490469657156638e+01 2.002098386284139409e+01
-9.639685409097115132e-01 1.129912312787300310e+00 1.603200546024212692e+00 2.541347535737653818e+00 3.332741879851395694e+00 3.639178354679246663e+00 4.214099459370448386e+00 4.613389190544538110e+00 4.838499033031978591e+00 5.144822941740521571e+00 5.488321493958087771e+00 5.737179687690557195e+00 6.180298950138620739e+00 6.378734457510855549e+00 7.390405740844830262e+00 7.451980551870948766e+00 8.117936566214151384e+00 8.336428835655452119e+00 9.530864840319026143e+00 9.850943492553733805e+00 1.259986989770051657e+01 1.281391167098938055e+01 1.392993805867726920e+01 1.416306278418664277e+01 1.475744005162650296e+01 1.479764845372099380e+01 1.652070971737752458e+01 1.664715288311210983e+01 1.723392033482927133e+01 1.727888452783866313e+01 1.780830138087327441e+01 1.792463055402636485e+01 1.919818621707596407e+01 1.925548300865247242e+01 1.978446882866297329e+01 1.989855419101941081e+01
-1.379417442965578777e+00 1.203544502357594137e+00 1.465446352452671075e+00 2.650224591838056476e+00 3.507340567384750418e+00 3.772482748589879975e+00 4.406180158472135844e+00 4.665882635143010937e+00 4.728886505779531291e+00 4.998258866990974880e+00 5.517717360572067520e+00 5.922991364410142623e+00 6.192512424828065853e+00 6.449622509410841253e+00 7.538439593760887014e+00 7.580117455278251093e+00 8.410286156881932484e+00 8.696137340986362929e+00 1.004066189631913808e+01 1.046482334636495892e+01 1.253228570380954388e+01 1.284340152880512775e+01 1.393290391324537403e+01 1.422684425232765904e+01 1.506138566583716454e+01 1.510057225719130614e+01 1.631503341412344810e+01 1.645702385253427380e+01 1.730104089221019947e+01 1.734863003045407126e+01 1.773316459485084451e+01 1.791702032411727785e+01 1.891541381734016980e+01 1.892345000436620950e+01 1.968857540102527537e+01 1.978280558354948226e+01
-1.519381180389672847e+00 9.905280245211371959e-01 1.793836314477911253e+00 2.771790736723049431e+00 3.705978270026808019e+00 3.915099694410885789e+00 4.417717763639954498e+00 4.597122405609886719e+00 4.736223900330779557e+00 4.855876454491730776e+00 5.629764709430773451e+00 6.100652477670094775e+00 6.226019185395222699e+00 6.495124928018002564e+00 7.597448837158036206e+00 7.659308619287579667e+00 8.922167817754642627e+00 9.213673726338337033e+00 1.050146155867662223e+01 1.103273489010348030e+01 1.254516647627575310e+01 1.295016156679139385e+01 1.392356100059569179e+01 1.424725959142305065e+01 1.536320007045259572e+01 1.537796826155466512e+01 1.614432425757700074e+01 1.623168975050283791e+01 1.729695403573977330e+01 1.734594004343689022e+01 1.764965077493624790e+01 1.779866992119301017e+01 1.860533745951479290e+01 1.868023884449944916e+01 1.960076614042428034e+01 1.966197641500598792e+01
-1.421233140500749226e+00 9.819535776650486492e-01 2.166155785026210090e+00 2.909117033620113979e+00 3.884220320188828346e+00 3.984496518784315544e+00 4.300346619143125437e+00 4.553836728397561373e+00 4.704118246443555584e+00 4.816727103782139530e+00 5.803142963587636594e+00 6.159928390225362094e+00 6.354567524595143624e+00 6.507396727103334833e+00 7.584049299460047244e+00 7.677744504744341114e+00 9.593509304494251211e+00 9.858243537899864961e+00 1.093064316801708458e+01 1.154685582207644501e+01 1.264341487829405786e+01 1.311223182553639610e+01 1.389850661886854333e+01 1.421465669770954854e+01 1.544926331818175846e+01 1.567830027948924254e+01 1.597368481538731899e+01 1.612016514539921985e+01 1.699388350942127701e+01 1.725368368712994283e+01 1.756936246675779145e+01 1.763824869472271573e+01 1.847684162271033870e+01 1.854808784865740989e+01 1.950271336649641896e+01 1.952848332025546441e+01
-9.844209025757756359e-01 1.255248066350462377e+00 2.515805026576769521e+00 3.059198433106077974e+00 3.878861316418237504e+00 4.010041278407184606e+00 4.168240852227969029e+00 4.440878564462135358e+00 4.688984870949899353e+00 4.962880510105290632e+00 5.951228882292543432e+00 6.201668434042506561e+00 6.467209946967140688e+00 6.530528402826490719e+00 7.525730643670243580e+00 7.642078850318692496e+00 1.034103737043505156e+01 1.057023794516913817e+01 1.137012788984069545e+01 1.201316970918052363e+01 1.282335979996540942e+01 1.330016814522742585e+01 1.385453398203275022e+01 1.412626031458382414e+01 1.529094553618935670e+01 1.557341136379779023e+01 1.600438981683237571e+01 1.618164183625654218e+01 1.663622996811047727e+01 1.684949091470627991e+01 1.750879949716916073e+01 1.761743913031331488e+01 1.848990440236606858e+01 1.853479763987245121e+01 1.938241692056373111e+01 1.938978247333148275e+01
8.948037095242403760e-01 1.671325916435896231e+00 2.833584801073739445e+00 3.214291862355004525e+00 3.724095099434677536e+00 3.921419451154865232e+00 4.014280807479395641e+00 4.276734550693118031e+00 4.854648300360523194e+00 5.158351482127069509e+00 5.971266250994887059e+00 6.255058581802219742e+00 6.497746252773325182e+00 6.674003323261443299e+00 7.439326509999513171e+00 7.559645825931222696e+00 1.110302804649973929e+01 1.128043268852024461e+01 1.187210995642444011e+01 1.244480619462804150e+01 1.307413874560003997e+01 1.349161430375846926e+01 1.378604203072457501e+01 1.398515582967253579e+01 1.500840525049521545e+01 1.516176177841491501e+01 1.579596653783502269e+01 1.591145955667533229e+01 1.665438163053547527e+01 1.670513408140425327e+01 1.748769437664894966e+01 1.755765084877678461e+01 1.855952987317000336e+01 1.859484123016220636e+01 1.923312642518649085e+01 1.926143595618855286e+01
1.769227475203015043e+00 2.118143110056358136e+00 3.122799676764321575e+00 3.365345657496873866e+00 3.509171746059471353e+00 3.676916881456976149e+00 3.885529172484400107e+00 4.083035116821299049e+00 5.116805602336061298e+00 5.355384917576583526e+00 5.911580759226827020e+00 6.144347315065255444e+00 6.676206574806959892e+00 6.819582433538275090e+00 7.335077291707589708e+00 7.437085618287568423e+00 1.183652599725249743e+01 1.193124726118902146e+01 1.246740616344443708e+01 1.285114729266641653e+01 1.337154296565814349e+01 1.364966583240946818e+01 1.370871673707953775e+01 1.380856280282185544e+01 1.463500683755931675e+01 1.467498441391310671e+01 1.524736546840344431e+01 1.538383538702111863e+01 1.684845043641251650e+01 1.691435150302643109e+01 1.744736905284868911e+01 1.747164985610090326e+01 1.865080276749987576e+01 1.868218264820666974e+01 1.909095526535322662e+01 1.912497083002365628e+01
2.405404532344855184e+00 2.542145892203517832e+00 3.241227300337704342e+00 3.339422924096342005e+00 3.389653820175848153e+00 3.507843661589214346e+00 3.762633945778279809e+00 3.869109694194164284e+00 5.405238596506761084e+00 5.534075595640557843e+00 5.814031656094557299e+00 5.941614656427999464e+00 6.890662093234678487e+00 6.959750478517316985e+00 7.218784845019230012e+00 7.280614945616001421e+00 1.250508139920557049e+01 1.252357073680876276e+01 1.308794008538322373e+01 1.322685806047369539e+01 1.344904458370725031e+01 1.347670789456368468e+01 1.385437935042933155e+01 1.389927732860598653e+01 1.417786843371219518e+01 1.418117961386847270e+01 1.473161079301666909e+01 1.479200414380350814e+01 1.707321339997670862e+01 1.710172487780147321e+01 1.737020494865175735e+01 1.737330966428470447e+01 1.875235079747199407e+01 1.877257699090920084e+01 1.896694619327300302e+01 1.898960180559469535e+01
2.918389140688563810e+00 2.919804458438757688e+00 2.920009219688569857e+00 2.920385409092358664e+00 3.636120147716448869e+00 3.637565117293839911e+00 3.638075415330973783e+00 3.640338607714990182e+00 5.686997762376352128e+00 5.687719748089253180e+00 5.687938755452117690e+00 5.688146132922928366e+00 7.091998339569654419e+00 7.094014983335573454e+00 7.094531668757587006e+00 7.098266177368078189e+00 1.304932669843990922e+01 1.304990682338767272e+01 1.305033408179457233e+01 1.305076929350907022e+01 1.368287711701369957e+01 1.368331981923920004e+01 1.368406022527008759e+01 1.368409932019270592e+01 1.426948172227897871e+01 1.426992908842083274e+01 1.427059036227717748e+01 1.427065143331060426e+01 1.725056041639063764e+01 1.725072277951511168e+01 1.725156343863362096e+01 1.725227555738623764e+01 1.886313333673310311e+01 1.886423983816921179e+01 1.886438335158659640e+01 1.886458955189920772e+01
2.308929093348428552e+00 2.918053366589042241e+00 2.949980473865104535e+00 3.367183643841744622e+00 3.407588804249304548e+00 3.642733157912068531e+00 3.653584225523096141e+00 3.873080815450465231e+00 5.383116829485500965e+00 5.689890662934787180e+00 5.698541330362857593e+00 5.949941458215782575e+00 6.911475102041971574e+00 7.038638234158886675e+00 7.171061205558483032e+00 7.224847058991875848e+00 1.246447468509804679e+01 1.269951084938143104e+01 1.295652184374194604e+01 1.315077738571198829e+01 1.347342222139155687e+01 1.361147887413953939e+01 1.384752767320455469e+01 1.399185264170484011e+01 1.416126865340770813e+01 1.424960621982625852e+01 1.463267801968684267e+01 1.468845004888512129e+01 1.713585635279288866e+01 1.719351000683117903e+01 1.733260120151627603e+01 1.736344810616635925e+01 1.876888943256885511e+01 1.880736898235921117e+01 1.890964570360921826e+01 1.895914295587378717e+01
1.533004592926423326e+00 2.899108629233702494e+00 3.020106830332640158e+00 3.071709207052496726e+00 3.650135627245597369e+00 3.687261985713268242e+00 3.780860205584751110e+00 4.084683194470799528e+00 5.067553009697935984e+00 5.688328802593305866e+00 5.738996263148420596e+00 6.150900449035678896e+00 6.678901364843542687e+00 6.996853045432428253e+00 7.261064428463523512e+00 7.317146200102670583e+00 1.177126984568929302e+01 1.220679118283101516e+01 1.243895515468041957e+01 1.290124960592780212e+01 1.331787604827292171e+01 1.366628317770551959e+01 1.383097651517737603e+01 1.415275966506988681e+01 1.440842767782653233e+01 1.450115939358734707e+01 1.509715275778699173e+01 1.534482073670594282e+01 1.704688811450343877e+01 1.716203876769614922e+01 1.743049146007508909e+01 1.745560849451856100e+01 1.865655735250919278e+01 1.874564153022516066e+01 1.893813252991477825e+01 1.907600724440017004e+01
-4.360266036568213877e-01 2.630796070991141100e+00 2.871396799943764844e+00 3.183657503040967285e+00 3.654105542393295991e+00 3.732436623920328600e+00 4.016035011796293297e+00 4.285573004300736066e+00 4.798646401644070636e+00 5.669572584329555021e+00 5.815807224677254972e+00 6.259586700840359619e+00 6.442226568348254467e+00 6.953336706153672608e+00 7.326516707341585999e+00 7.418269688685600549e+00 1.111588086488398019e+01 1.167171861671199551e+01 1.187432342988124034e+01 1.238095791186704631e+01 1.329585543622261490e+01 1.352086188660740973e+01 1.402739897612087816e+01 1.418832074191081283e+01 1.458669750047199898e+01 1.482732113171461208e+01 1.548862548931897187e+01 1.608676192515700620e+01 1.701085156781757846e+01 1.717723811091137875e+01 1.746841317628443235e+01 1.758737271049975348e+01 1.853388542113112791e+01 1.868461077492236910e+01 1.894717006588201968e+01 1.922053716870639661e+01
-1.472157863416917456e+00 2.147265076876802681e+00 2.710435543309759776e+00 3.345011429967160943e+00 3.630162274383882171e+00 3.771477778685781601e+00 4.149951711509427099e+00 4.481370334600683236e+00 4.649907965065251503e+00 5.620363117366207639e+00 5.897640111587181266e+00 6.145167132556736078e+00 6.397460485406935682e+00 6.884823555187302269e+00 7.362046648704607676e+00 7.537908719485153064e+00 1.053043899590562660e+01 1.112112563162231282e+01 1.131029211468233520e+01 1.184734198944513928e+01 1.309489425360670189e+01 1.344965055459768166e+01 1.398334496007160865e+01 1.439889913194432047e+01 1.467719835407125473e+01 1.514258884335952438e+01 1.584736642088764569e+01 1.659057395524105161e+01 1.705999376713172211e+01 1.734969264007489187e+01 1.744741228430537916e+01 1.774897320532754463e+01 1.842600606562164600e+01 1.863216974573485629e+01 1.894380074618740650e+01 1.938195451972040217e+01
-1.888764562469959607e+00 1.512841294340048215e+00 2.397058053811170986e+00 3.413165989957437141e+00 3.664798674112987875e+00 3.798012597096306564e+00 4.260220827054270742e+00 4.589714376442994848e+00 4.690008574354629367e+00 5.531162626680865557e+00 5.834198605739102206e+00 6.150756091252985946e+00 6.394680145177722430e+00 6.762968639246086155e+00 7.389303653102436975e+00 7.652486914538315865e+00 1.002038737067002749e+01 1.054941336625764770e+01 1.078278623841669770e+01 1.134649361770361686e+01 1.274416781785087061e+01 1.331169990769156009e+01 1.379627771812928394e+01 1.466351552477974352e+01 1.478130070731856449e+01 1.540822216833837821e+01 1.614101512754086087e+01 1.673212138656337444e+01 1.712962567406185244e+01 1.736707676340303763e+01 1.775216066412642846e+01 1.796562864541399307e+01 1.835887728956858567e+01 1.859724580554748741e+01 1.896340014907904603e+01 1.954449061518795006e+01
-2.115091660676076568e+00 4.418262270168112349e-01 1.956458615870097395e+00 3.340922431246609481e+00 3.750283666391275528e+00 3.843252548370138744e+00 4.402450047787017873e+00 4.595462908071281660e+00 4.838563354240143610e+00 5.429474761065430144e+00 5.735856921606536929e+00 6.271180358808825517e+00 6.350148427752722924e+00 6.565937947047546963e+00 7.415369871804338153e+00 7.744993633207328365e+00 9.584861784176725408e+00 9.930869764555261270e+00 1.033480790746046907e+01 1.088584708088044728e+01 1.227196297716769635e+01 1.297388509477889684e+01 1.366894235558883608e+01 1.462423240133646196e+01 1.510021379118370355e+01 1.564093839423025756e+01 1.632708640291296120e+01 1.681888571238882335e+01 1.717275988195887848e+01 1.728511793667157903e+01 1.793263044119584038e+01 1.825326304629498608e+01 1.834723997044872590e+01 1.857303459661037337e+01 1.912985512523820120e+01 1.969579665347169950e+01
-2.240382972809527917e+00 -1.169151729992077504e+00 1.451233413011759454e+00 3.250300053586484328e+00 3.726102845455363521e+00 3.918526948766175355e+00 4.558807781441789331e+00 4.610454227195472043e+00 4.905977621685876144e+00 5.365074493703171576e+00 5.706035047440801478e+00 6.228565129940349721e+00 6.308908397322799289e+00 6.430437024544852775e+00 7.436494843288957490e+00 7.795223396921731940e+00 9.195276206542120079e+00 9.307714566405863366e+00 9.968765760309940660e+00 1.044260756928463962e+01 1.166913198665361229e+01 1.254075396047324276e+01 1.353947152387794617e+01 1.445770751771286200e+01 1.538076773346507053e+01 1.586419618777753193e+01 1.640801545682187879e+01 1.694327864514563231e+01 1.713634050524181873e+01 1.728875891755876992e+01 1.798131618592905667e+01 1.835954442534681519e+01 1.839653702776178790e+01 1.851519998417435175e+01 1.950365955403208673e+01 1.983009182252302693e+01
-2.294994632554712144e+00 -1.515004322371421352e+00 9.247236541036735202e-01 3.191939954362917664e+00 3.649644046128607044e+00 3.914403433295942314e+00 4.594747140945604436e+00 4.696682169172481380e+00 4.884031598256791007e+00 5.311284165647828459e+00 5.654144048905535236e+00 6.053516965879201628e+00 6.209012471263772426e+00 6.547398738501125415e+00 7.425792733050876393e+00 7.756914322768922787e+00 8.623997298913044673e+00 8.978377362773985126e+00 9.667467341074463150e+00 9.948420426982618636e+00 1.099455769237026281e+01 1.208770314881977015e+01 1.334620576317880847e+01 1.418474958848609724e+01 1.557810452441979265e+01 1.607565530207624604e+01 1.643436376611431271e+01 1.702430644106849300e+01 1.711681055820016439e+01 1.734114066194662485e+01 1.795187871396186807e+01 1.836830152640601099e+01 1.845831513000750235e+01 1.847116661323758535e+01 1.990357350190044272e+01 1.995130918010372056e+01
-2.272977940180022749e+00 -1.692427091199719902e+00 4.064705871421631644e-01 3.109018822655536418e+00 3.552878966164417562e+00 3.837685924660425574e+00 4.559093266989940219e+00 4.687728811802980289e+00 4.818697840120453435e+00 5.204261442404849447e+00 5.421017716661978625e+00 6.159311456533279383e+00 6.183257197648545755e+00 6.640398587375257122e+00 7.172268938246625147e+00 7.636777831345463063e+00 8.240126175273131182e+00 8.775721094262273425e+00 9.252489934920106407e+00 9.439587174399557412e+00 1.040231131496367034e+01 1.163022189001466700e+01 1.306676050905408104e+01 1.381844987135131397e+01 1.571642416159877165e+01 1.624446998455238500e+01 1.643177016092242582e+01 1.699695657765941448e+01 1.719991117426306104e+01 1.737512643115873701e+01 1.787395302125265317e+01 1.823819008031505362e+01 1.843962269449351510e+01 1.864158728601282888e+01 2.004631370373384058e+01 2.024700374514317858e+01
-2.180621083117757486e+00 -1.825813347837940581e+00 -2.541085461602984874e-01 2.794298986057061729e+00 3.366276492770219342e+00 3.835321188270953918e+00 4.403405697377487549e+00 4.588486644313870322e+00 4.627158864338015043e+00 5.051728346059112695e+00 5.369346647791288341e+00 6.133073277825748626e+00 6.348821326247376717e+00 6.453340215819803660e+00 6.828590958182155113e+00 7.610047520597766457e+00 8.046748083875822743e+00 8.396248958511362659e+00 8.675212390295660825e+00 9.231298630410410766e+00 9.970711653449495060e+00 1.117440700879938476e+01 1.269522477473527644e+01 1.336781531499989484e+01 1.582832611024348601e+01 1.634405943546041229e+01 1.642885655538063006e+01 1.698214428447464286e+01 1.725350886446799237e+01 1.735812969171791309e+01 1.776515447869953945e+01 1.808277890580788494e+01 1.838242828960797937e+01 1.888217415417176426e+01 2.013627125688122632e+01 2.048959242252983159e+01
-2.068396759062349766e+00 -1.925925314299021363e+00 -1.509476116065648355e-01 2.108415564148635735e+00 3.007736569257212889e+00 3.852534980488301120e+00 4.149305491541801061e+00 4.323923462792923722e+00 4.511925964074676720e+00 4.896556184550834523e+00 5.243675702907489189e+00 5.591643941219468950e+00 6.407012522939677268e+00 6.597586321110094687e+00 6.805953021268695835e+00 7.142543871831978919e+00 7.810763049965581573e+00 8.130240788364199389e+00 8.580034722520283097e+00 9.071247563608340059e+00 9.637929318838859061e+00 1.072955201944780512e+01 1.223527131298400583e+01 1.283440916863412085e+01 1.593251492304249872e+01 1.634038368057085222e+01 1.648807803036861230e+01 1.699486914120568315e+01 1.722970814760952507e+01 1.730667798943361646e+01 1.762409045460562140e+01 1.793695764824585481e+01 1.827635980717408160e+01 1.916335359562545548e+01 2.021388198246059531e+01 2.063649344334250557e+01
-2.153098305768013532e+00 -1.914244099755612716e+00 1.310054014089943597e-01 8.978400272120403702e-01 2.530148096468064711e+00 3.733428978800648501e+00 3.838366420215361785e+00 3.920194869875381016e+00 4.212001423821681634e+00 4.421050952059494499e+00 4.752953703006706832e+00 5.444236578393023329e+00 6.157869787873578638e+00 6.641762391435623414e+00 6.855677996581992950e+00 7.029695274892818979e+00 7.881578882677753306e+00 8.068482383995194240e+00 8.528911804850434208e+00 8.952352952327734315e+00 9.361645595672698050e+00 1.030695167336099161e+01 1.169670325934490762e+01 1.221725761558278123e+01 1.603722183676232405e+01 1.631847503273110789e+01 1.655504568377966379e+01 1.703092619267059149e+01 1.712281113969453372e+01 1.723851776664093194e+01 1.745278730494869635e+01 1.782076948415651430e+01 1.812773559323494865e+01 1.944830058947119866e+01 2.027698405802586379e+01 2.069576295460973725e+01
-2.627206098373920717e+00 -1.965067321451977822e+00 -1.326968306558109933e+00 8.524812220665060059e-01 1.956081822782247626e+00 2.455396006789072771e+00 3.504999190052363822e+00 3.601195633943468533e+00 3.993027540589761948e+00 4.132685656266563257e+00 4.231029690231633111e+00 4.573648834217474146e+00 6.477724424060047781e+00 6.806649255772897256e+00 7.040071185140029719e+00 7.168885239128658604e+00 7.918486361056201517e+00 8.081365381206829568e+00 8.503528988251215281e+00 8.875499935523848194e+00 9.133433811108789158e+00 9.917462317365444591e+00 1.109507859884267233e+01 1.152138554224215916e+01 1.614437065351067346e+01 1.631658351208493940e+01 1.661267195355914694e+01 1.697597050991593548e+01 1.709431591142170603e+01 1.712349746514864890e+01 1.727731782932677618e+01 1.772743787784092362e+01 1.795158090950258867e+01 1.971014158101288416e+01 2.032223058057185838e+01 2.068275955357989915e+01
-3.242630537974082738e+00 -2.540438427553449952e+00 -1.411714099190377603e+00 -7.708586489697258903e-01 9.567317808923402334e-01 1.484789240760762130e+00 2.316497025694340017e+00 3.430346263601976364e+00 3.474227950266787435e+00 3.833933109293699015e+00 3.970370099602433367e+00 4.334689631186581238e+00 6.767158010560646808e+00 6.947498952235704017e+00 7.216393695921697216e+00 7.439524095589639785e+00 7.873632853261204545e+00 8.162477994769828271e+00 8.493835918088254999e+00 8.843916066661090980e+00 8.958886026501295063e+00 9.570196493304198526e+00 1.045553887995986742e+01 1.076754885509036441e+01 1.625017675051643451e+01 1.634606938116106178e+01 1.665946178463665817e+01 1.684237208885523174e+01 1.696361848725080179e+01 1.710549575543213052e+01 1.717605161507862732e+01 1.764049417590632629e+01 1.776810856239576708e+01 1.993365429200726524e+01 2.034794019893512385e+01 2.061823513564499066e+01
-3.719287335797940131e+00 -3.391083253379536089e+00 -2.463195412123794892e+00 -1.230991132550085965e+00 -9.769536923820312246e-01 -2.585325441437354849e-02 2.155741490731828858e+00 3.294608756870271105e+00 3.314108798243095233e+00 3.607598071630814474e+00 3.708127189667995705e+00 4.083120456992268110e+00 6.960379552054871688e+00 7.055030988712422513e+00 7.370783207770947421e+00 7.724911379920517795e+00 7.876536912051388839e+00 8.200931199427254015e+00 8.489908907165952812e+00 8.841779624787218239e+00 8.859258573479982246e+00 9.272272863261017406e+00 9.821457485547560040e+00 1.000545523431044437e+01 1.634421760407876079e+01 1.641385721052596125e+01 1.667779792511048598e+01 1.673863350272531747e+01 1.681887277166435268e+01 1.694934403564185743e+01 1.724516720747065435e+01 1.755128333236081417e+01 1.759975771140191370e+01 2.011127774638424626e+01 2.035611952193508500e+01 2.052681323388292611e+01
-4.034942551564594027e+00 -3.912369105556582571e+00 -3.552974094876348854e+00 -9.622480441554073227e-01 -8.858434628541042022e-01 -5.911686090127581394e-01 2.455601642591470846e+00 3.202702729166610585e+00 3.216411371356747484e+00 3.383934644719979179e+00 3.444389774286949368e+00 3.799902414075772672e+00 7.131189473341796869e+00 7.183272845389029548e+00 7.485991687255340032e+00 7.726857485880686660e+00 8.053866282156665335e+00 8.149729960264519235e+00 8.518224376610637805e+00 8.794808878187524215e+00 8.871378680347037360e+00 9.032192359659191538e+00 9.270307378387162345e+00 9.343116710590905427e+00 1.642993751728172924e+01 1.650395720652073450e+01 1.662449614459749370e+01 1.669760762538516019e+01 1.672240913121006756e+01 1.680387415561050091e+01 1.730736011699403676e+01 1.746271813204800694e+01 1.746904402123590216e+01 2.023954179025736622e+01 2.035273135187990690e+01 2.043489947562152409e+01
-4.202585147126471021e+00 -4.172464904908839145e+00 -4.086091780397528517e+00 -5.831916057679227272e-01 -5.234552432805176236e-01 -4.386196222200123285e-01 2.791450601843299406e+00 3.153509687997247735e+00 3.157836754734513640e+00 3.207741149894548283e+00 3.227673064255581981e+00 3.481470498091245425e+00 7.336894112535029322e+00 7.370851237475030793e+00 7.560710032456797514e+00 7.693577405616345288e+00 7.919742470856859562e+00 7.977656957648703084e+00 8.655604170583799828e+00 8.777686131912789236e+00 8.827431670419407794e+00 8.900548920279554466e+00 8.916721285175194467e+00 8.956105385805287256e+00 1.652019498206750470e+01 1.657947006115682598e+01 1.659148223643212106e+01 1.663337519307259527e+01 1.667583356972077624e+01 1.669045636920986553e+01 1.734955610265105364e+01 1.738925099397467022e+01 1.739306908959566655e+01 2.031691867622954817e+01 2.034590694798588473e+01 2.036733108240587953e+01
-4.251911243151752728e+00 -4.251910943989418712e+00 -4.249738787178482191e+00 -2.140634670715484689e-01 -2.115311727363448635e-01 -2.068169686728661971e-01 3.137812495881762143e+00 3.138179299044969728e+00 3.138181281122332855e+00 3.138181647205822600e+00 3.138493509178798657e+00 3.138494084389113148e+00 7.588891392415606951e+00 7.589095911922970394e+00 7.589386257938176783e+00 7.678070308159797186e+00 7.678214902193105651e+00 7.678214903604258623e+00 8.806269386568354562e+00 8.806760798983024330e+00 8.806981067994117396e+00 8.807093076458672343e+00 8.807325580905207119e+00 8.808647909377869567e+00 1.660981053910150607e+01 1.661007232954090540e+01 1.661018487836368607e+01 1.661024616407819110e+01 1.661036899506671105e+01 1.661106762676331172e+01 1.736433566527515282e+01 1.736450563761487231e+01 1.736460489951350539e+01 2.034250878070423241e+01 2.034250881549248291e+01 2.034296255649378438e+01
-4.182421845257539239e+00 -4.162534142143877958e+00 -4.075567702507883361e+00 -5.209551515972803415e-01 -3.419342719245418993e-01 -2.288484959916147476e-01 2.860378814526359559e+00 3.144742895808732897e+00 3.156668650044113456e+00 3.166451548565027974e+00 3.208685383757070575e+00 3.430349639111260895e+00 7.379508712915640700e+00 7.420180008654452486e+00 7.535507157249406340e+00 7.848289250184446786e+00 7.887167109979373869e+00 7.903225736686806613e+00 8.752782028877915010e+00 8.772703389760227566e+00 8.795868784753517744e+00 8.835514073961096670e+00 8.902081468664231778e+00 8.921085189959475414e+00 1.656418874607621206e+01 1.658009747211256624e+01 1.660309340881669726e+01 1.661730061703005390e+01 1.662897418067697686e+01 1.667634148358572688e+01 1.734120689589842357e+01 1.739311593281324875e+01 1.740587308348404960e+01 2.033207621850978697e+01 2.036072981441919794e+01 2.036282285824925609e+01
-3.952808496834381735e+00 -3.886052333485547905e+00 -3.507777795982785829e+00 -8.747115062758432646e-01 -4.732433262606347557e-01 2.480669756445436358e-01 2.606449608976223686e+00 3.165414120254813835e+00 3.213559581808150600e+00 3.250373399342519232e+00 3.390389886199684177e+00 3.720091580519291341e+00 7.175618374713406133e+00 7.242213389796231304e+00 7.505245122362834920e+00 7.949036983144236679e+00 8.002803876514812842e+00 8.378294778817069854e+00 8.652297179450847864e+00 8.712569163774777081e+00 8.773463360776272424e+00 8.909307155174365889e+00 9.237310646191083663e+00 9.259456882794756538e+00 1.646834899236641547e+01 1.649680706386274665e+01 1.663804686808682476e+01 1.665180105308740366e+01 1.668609206533163203e+01 1.678731497489889790e+01 1.727390588898842694e+01 1.747079828919020983e+01 1.749456955471835684e+01 2.029535951409919647e+01 2.041121154409804817e+01 2.041935258365877814e+01
-3.504337529331505330e+00 -3.388549587593856049e+00 -2.352605824696643477e+00 -1.038215962667556225e+00 -3.975896780964733868e-01 7.687284682327273355e-01 2.392198798772629864e+00 3.201043121938363711e+00 3.310501996381410628e+00 3.388334042138151592e+00 3.627929292381542492e+00 3.991997834485625063e+00 6.985743044379565170e+00 7.077437576868345737e+00 7.478790680279789882e+00 7.852010192789072640e+00 7.975848550903855916e+00 8.541124345391228445e+00 8.639363298273812219e+00 8.752321754584073688e+00 9.030376921585572703e+00 9.086575197749480637e+00 9.740630125439915687e+00 9.840785989616119167e+00 1.635348139366157127e+01 1.639531358429953656e+01 1.667193455907392874e+01 1.675008129176753613e+01 1.678460206013868827e+01 1.692705526589758591e+01 1.716973979674610717e+01 1.755664541528669176e+01 1.759790848984390976e+01 2.022300758079919447e+01 2.048257283525704509e+01 2.050000756333986018e+01
-2.745590732909005904e+00 -2.570977608475585097e+00 -1.480593187174274128e+00 1.756266975946667031e-01 1.025550735039457040e+00 2.041075519124059934e+00 2.481862934734312187e+00 3.254586801517079131e+00 3.445448813637601138e+00 3.582014913958568414e+00 3.877695578179281899e+00 4.239317238978125069e+00 6.762764694312953573e+00 6.927820420025938120e+00 7.428259521909009067e+00 7.664298056047502250e+00 7.897451080412451141e+00 8.435039927329777143e+00 8.669367224455152510e+00 8.755961755895619092e+00 9.204818259472069997e+00 9.814630518542337256e+00 1.032968100589134686e+01 1.052712284238053186e+01 1.624044419226021674e+01 1.630026963089463266e+01 1.671458370835662066e+01 1.688446282053585890e+01 1.692340290748814979e+01 1.703959318573325277e+01 1.707812686190447948e+01 1.762157169261268308e+01 1.769334990994588352e+01 2.010568033444553393e+01 2.055882172580021461e+01 2.058779636293985860e+01
-1.835383438982579829e+00 -1.381752616777038201e+00 -4.792034019359358576e-01 8.282547283376098246e-01 1.514743313760917642e+00 2.286363664042246668e+00 3.310175764906774010e+00 3.602585477489102850e+00 3.774025113399638087e+00 4.102111314225133754e+00 4.184330893547835828e+00 4.477827711969271540e+00 6.499171213444707718e+00 6.810167482511848114e+00 7.311312803985773989e+00 7.538961198699430710e+00 7.862827462584601967e+00 8.326930589102685687e+00 8.693555899801591380e+00 8.809099139085530439e+00 9.425126658702117410e+00 1.054051168548090089e+01 1.093207551130761779e+01 1.122857554944597425e+01 1.613945571857918182e+01 1.622509154235338258e+01 1.675854984490160504e+01 1.689853776606196689e+01 1.703759460492679878e+01 1.709100034884390595e+01 1.722345964051386602e+01 1.765376637334618337e+01 1.776542893677417467e+01 1.994233095264207734e+01 2.062217251261290230e+01 2.066399434967771143e+01
-1.843042523837473246e+00 -8.528803587890676496e-01 1.130351477703515961e+00 2.293737428292510483e+00 2.645062419461909009e+00 2.779518137625854646e+00 3.434324134253618599e+00 3.796767841926501852e+00 4.087211011890623524e+00 4.321032171955287104e+00 4.667435146139075286e+00 5.544311444952988666e+00 6.260603304277166714e+00 6.731532170464883613e+00 7.158854309239583991e+00 7.497750440190860566e+00 7.933835138890660055e+00 8.221173570836850075e+00 8.697740154093565934e+00 8.908216615478439238e+00 9.691163625139139981e+00 1.118593800428876328e+01 1.151424364876890571e+01 1.188976035964924982e+01 1.605525224191483957e+01 1.617487461745154320e+01 1.673994246077999648e+01 1.681837618009830138e+01 1.718629452716812267e+01 1.725416889291017242e+01 1.734480291044092226e+01 1.766342105216788738e+01 1.780532641038712782e+01 1.974834394160173900e+01 2.065526918946544299e+01 2.071087331086448557e+01
-2.000628192151267193e+00 -1.048594639847741705e+00 1.348255519110483025e+00 2.634264006740772768e+00 3.416086496964877650e+00 3.630671128233426526e+00 3.862540874146023206e+00 4.025415588051271421e+00 4.400164902468909567e+00 4.582194636691702350e+00 4.939706323135783173e+00 6.083004290186027063e+00 6.566402247687038951e+00 6.786711259255881146e+00 7.034780032954476070e+00 7.517157257426387851e+00 8.087239769179685567e+00 8.194105689263281533e+00 8.711494478844407752e+00 9.033301847569987331e+00 9.999884360218699086e+00 1.170958552743932835e+01 1.206189933809345760e+01 1.247315502290510913e+01 1.598950863399742595e+01 1.614782528184450072e+01 1.662218356130382446e+01 1.684048979692324366e+01 1.727820088413551147e+01 1.735120846167032482e+01 1.742974760925856614e+01 1.770052315349689565e+01 1.781237584565337073e+01 1.956146316748020553e+01 2.064275405830399990e+01 2.071369060494216185e+01
-2.182513249328032146e+00 -1.254345229163155828e+00 1.550664013438899369e+00 2.796642026818858096e+00 3.715883204244367022e+00 3.931805425947624943e+00 4.252858841073651419e+00 4.449630103020424166e+00 4.782127559346410983e+00 4.918567372672520754e+00 5.405169818443631868e+00 6.042001365451542760e+00 6.631113977673293469e+00 6.962756603767251029e+00 7.384727773919681049e+00 7.646763320332006231e+00 8.164318467722749162e+00 8.505355157121158527e+00 8.845375532051260592e+00 9.195244286844200587e+00 1.034701677744028103e+01 1.211908372630847275e+01 1.254817435298259376e+01 1.295269109933740737e+01 1.594162975055549580e+01 1.613632173976128570e+01 1.652857741803996561e+01 1.683574590649763891e+01 1.723546811593566730e+01 1.733101851296456175e+01 1.750945322209071975e+01 1.776231727543979488e+01 1.782527360509268277e+01 1.943149273953711642e+01 2.057238757005797325e+01 2.066190101076579566e+01
-2.345722092238043732e+00 -1.385085113999943163e+00 1.758077505243267780e+00 2.905402909546108692e+00 3.939428329787247662e+00 4.130099159367890849e+00 4.421639485903741118e+00 4.541428400564988088e+00 4.983111602391704587e+00 5.505557247830553003e+00 5.698543930560458826e+00 6.209050431616309318e+00 6.625023844012623897e+00 7.107010170966338691e+00 7.461967031497691138e+00 7.911924918337454926e+00 8.334810475357572912e+00 8.874514245111663868e+00 9.339324615671024787e+00 9.485611589980621261e+00 1.072726603865977957e+01 1.243969322947116396e+01 1.294874058193592248e+01 1.331226501634959192e+01 1.590773891676407281e+01 1.612959033926595254e+01 1.647116827384519766e+01 1.675778623096639564e+01 1.712610849590504003e+01 1.719133160298797591e+01 1.756933667645236596e+01 1.773009967424874134e+01 1.793115403936783636e+01 1.937539363801977288e+01 2.043591312363335177e+01 2.054966400520367742e+01
-2.459718489872363190e+00 -1.458998754313384882e+00 1.969080172167159137e+00 2.998911809381679561e+00 4.096610001748296703e+00 4.279554812248282047e+00 4.465824108229008438e+00 4.615879335806458705e+00 5.090154133291116878e+00 5.531149327702959084e+00 5.942968619381319151e+00 6.440532870264832788e+00 6.741100678833408466e+00 7.266801502455513706e+00 7.620687579585295524e+00 8.219919027078422147e+00 8.577576323412378301e+00 9.183837187827961657e+00 9.822125477364787471e+00 1.016251049673414819e+01 1.113496791804069197e+01 1.268942385661466865e+01 1.324603190781879825e+01 1.355270364374140257e+01 1.587605564344569054e+01 1.611638669276099733e+01 1.643607601327032341e+01 1.659185079979847544e+01 1.689699056081079576e+01 1.713091705152247712e+01 1.756513453733419539e+01 1.770077803284831930e+01 1.803346864794965043e+01 1.934886304872717488e+01 2.022974681603978908e+01 2.037582601264300308e+01
-2.506008889305054055e+00 -1.491741335097253485e+00 2.171954316913244032e+00 3.098397186750282195e+00 4.161361681785560762e+00 4.356170620322474818e+00 4.429758339247830357e+00 4.661369298749249879e+00 5.141699575659583132e+00 5.477979390794086356e+00 5.895250126491850651e+00 6.433920453052587085e+00 7.035792094902001637e+00 7.353559270628409195e+00 8.023987644891008131e+00 8.496390726424019491e+00 9.004401258750043269e+00 9.609823817656209854e+00 1.032413992509688683e+01 1.088207384734507777e+01 1.156552171813184238e+01 1.287681741625919685e+01 1.340047306390894022e+01 1.371839105850806639e+01 1.582149033583061026e+01 1.605825072652709551e+01 1.637036260693119161e+01 1.642274070855454227e+01 1.670035413709434735e+01 1.712506327406594409e+01 1.749510636592219015e+01 1.769217636083739009e+01 1.810704425009960161e+01 1.928746728122563781e+01 1.995549360209249912e+01 2.014358980815892863e+01
-2.471551139700183253e+00 -1.477707816538173624e+00 2.344502225649389260e+00 3.226160327023586571e+00 4.116348610054322066e+00 4.293446638213033850e+00 4.413523940852956962e+00 4.641165641595870639e+00 5.140436199265290718e+00 5.460679393673542492e+00 5.811546449430933237e+00 6.360376505290844307e+00 6.997565518260521422e+00 7.884536542561997763e+00 8.170754008029588178e+00 9.042970165080474132e+00 9.293412879505133617e+00 1.031792352047901495e+01 1.082069084003889969e+01 1.151337904746767649e+01 1.201623052787542001e+01 1.299780088539488432e+01 1.338504695739130312e+01 1.387587719819571141e+01 1.571510782078699364e+01 1.589360860551893317e+01 1.622091488363570022e+01 1.637796384795698756e+01 1.665841082914544913e+01 1.713167357031358407e+01 1.741006546057769100e+01 1.766763554818392379e+01 1.814354891515339929e+01 1.914724251476308936e+01 1.962036867117977934e+01 1.985985132383190432e+01
-2.344443998942614016e+00 -1.389624704662368870e+00 2.465880596280425774e+00 3.385456651566034925e+00 3.979873084364469626e+00 4.203305703388708459e+00 4.328157165151937491e+00 4.581413340760218667e+00 5.092183686543187093e+00 5.434039936573064722e+00 5.795104369776860942e+00 6.289030533853027016e+00 7.075549440402828516e+00 8.254382753952365093e+00 8.431048316095663964e+00 9.541108416624654254e+00 9.665219137705330255e+00 1.109124693902674608e+01 1.128916344079715373e+01 1.203577939845364142e+01 1.247585505923261451e+01 1.302030315551698791e+01 1.330160334319304027e+01 1.403821514970337780e+01 1.555075407826084266e+01 1.570938236455395298e+01 1.607130718341436904e+01 1.638158693995194426e+01 1.669855111450470275e+01 1.713655978373376954e+01 1.734684202284493892e+01 1.761388681287708380e+01 1.813947324848555454e+01 1.891429784918726043e+01 1.923744441019326601e+01 1.953417811998619058e+01
-2.111353481904572060e+00 -1.178758562407114630e+00 2.536049742565249954e+00 3.477121856191286664e+00 3.875241670515469750e+00 4.088840939814618380e+00 4.216800693272650058e+00 4.493712981311746013e+00 4.968638780940697330e+00 5.431938475910533803e+00 5.813567339729213579e+00 6.233663172088775184e+00 7.357851375348851697e+00 8.415385958003826161e+00 8.886936107917987826e+00 9.861737479589752553e+00 1.025675865291390387e+01 1.160776351189997158e+01 1.183607901613263991e+01 1.247564067514147190e+01 1.286970210684639859e+01 1.299862260380693968e+01 1.329247680169527079e+01 1.421901448684414149e+01 1.536187804919755173e+01 1.557280975050850280e+01 1.593557544745420351e+01 1.631706190723181393e+01 1.674937106753273142e+01 1.715240659322124728e+01 1.732379521618958051e+01 1.753199448076408729e+01 1.808955896465175073e+01 1.861056643107782804e+01 1.882519738938616172e+01 1.917912767494862436e+01
-1.750008734725307047e+00 -7.302572337488156817e-01 2.572275176101685545e+00 3.352342283975497050e+00 3.865208433013695544e+00 3.950171579934000032e+00 4.147058121626030491e+00 4.422727419600016141e+00 4.810385179169665903e+00 5.457761914566063410e+00 5.823491318165911146e+00 6.187817415031212853e+00 7.861842764008635243e+00 8.645378301950593425e+00 9.296590852124580806e+00 1.024100281388878031e+01 1.082205359426582270e+01 1.193223407757813348e+01 1.212790451251423995e+01 1.286619300683058142e+01 1.305673096234603392e+01 1.329567531273175440e+01 1.340434123405279720e+01 1.443507711749145983e+01 1.518570175103329767e+01 1.546558265743010452e+01 1.578440014638692901e+01 1.616898784318393112e+01 1.673386602280180213e+01 1.717939252731654420e+01 1.731175945178003062e+01 1.743823457926156806e+01 1.798164374084708683e+01 1.830176566107371272e+01 1.841757971687458095e+01 1.881650717833034747e+01
-1.192408702878007487e+00 7.652406858051666871e-01 2.591419409859514911e+00 3.143460042677512334e+00 3.765976544889612310e+00 3.816661578461269855e+00 4.036885105260199502e+00 4.373839487115501967e+00 4.770315208632463388e+00 5.495290314085477412e+00 5.817335309358020901e+00 6.139984982099013777e+00 8.521859289182485142e+00 8.990911304903702828e+00 9.688749137203993556e+00 1.064940808658849392e+01 1.133783337659824930e+01 1.208258170900464634e+01 1.226609253703196956e+01 1.310931725985712148e+01 1.333312686419288440e+01 1.355243668560927972e+01 1.375780326584554913e+01 1.468174709302932435e+01 1.503570441219003762e+01 1.533629416836563131e+01 1.560156526374195884e+01 1.598275294131169311e+01 1.665100067725259336e+01 1.709111956693337930e+01 1.723185561476966399e+01 1.732113006393959864e+01 1.788716646882521744e+01 1.796936324739096946e+01 1.815364888359404461e+01 1.849392263788922719e+01
5.800675575865977818e-01 1.365141111015664155e+00 2.603055929549861425e+00 2.942799168310008096e+00 3.623771332261549905e+00 3.682440681523051929e+00 3.864059074891855072e+00 4.180331767139684906e+00 4.944234689456194154e+00 5.539383006762641060e+00 5.800560594842000484e+00 6.083338447852013608e+00 9.129929180644808184e+00 9.570591966094182723e+00 1.010706983740973008e+01 1.104584312805299895e+01 1.176240009353370830e+01 1.216205049458200804e+01 1.251418098546580282e+01 1.326251886852439732e+01 1.358083586287787625e+01 1.379654808763440954e+01 1.410666327025886879e+01 1.489422158320203948e+01 1.494551985204388700e+01 1.512418015199902932e+01 1.539913384779625005e+01 1.583587327975729409e+01 1.650392504322981324e+01 1.689088096786213811e+01 1.699141388870145164e+01 1.713724799638122676e+01 1.757479474226453675e+01 1.794009476568959016e+01 1.804074568530870692e+01 1.827706374271965117e+01
1.446574344470718865e+00 1.785447523575758755e+00 2.610556469329073259e+00 2.787101583844371344e+00 3.480137692152309725e+00 3.541191799081680802e+00 3.677225660203852886e+00 3.930787874691624051e+00 5.162277366968740289e+00 5.587381656287131015e+00 5.781191978393437125e+00 6.017388857733469543e+00 9.631586018233152302e+00 1.026168079248088461e+01 1.062588112637954296e+01 1.141003339177169984e+01 1.208193093351219538e+01 1.235599990796244718e+01 1.279378825843624590e+01 1.340197222938242483e+01 1.383254265522271531e+01 1.399300788777688709e+01 1.426328771673543372e+01 1.478711801984012908e+01 1.485239900072768116e+01 1.508799646207869749e+01 1.527119378179237685e+01 1.576463327479439336e+01 1.625300940551648665e+01 1.664520913955170300e+01 1.677592590507978443e+01 1.690603778241337096e+01 1.718775213064668606e+01 1.788385926427932304e+01 1.809687628660111258e+01 1.816449816485222257e+01
1.935904009588708785e+00 2.112688314015131574e+00 2.614441448976189353e+00 2.699244114981994347e+00 3.342190844295512608e+00 3.398451067328833730e+00 3.495621404534484444e+00 3.673419295072620994e+00 5.360160291850319503e+00 5.635491051568602749e+00 5.766014125438164051e+00 5.947072407627388202e+00 1.014957041360460721e+01 1.079538152599383061e+01 1.122530271853921313e+01 1.176223049591821912e+01 1.240761473255292557e+01 1.252749941160151970e+01 1.307842319822217014e+01 1.356451507209720830e+01 1.402119123476899532e+01 1.417320207187584202e+01 1.426458518489844707e+01 1.451958570665344439e+01 1.464670066415973437e+01 1.521243499292866908e+01 1.524054817576662124e+01 1.569083222060631932e+01 1.599231483006654564e+01 1.638706649327829723e+01 1.658657995945390340e+01 1.673289143762445619e+01 1.683917659762986574e+01 1.783105489359066453e+01 1.802654460790585489e+01 1.819228081829028199e+01
2.285817020505377606e+00 2.371706809174253472e+00 2.624866248050789164e+00 2.682198107839930845e+00 3.214157738903824058e+00 3.259357336356881074e+00 3.325165822505605107e+00 3.428117128101398681e+00 5.520923595334604528e+00 5.679430268443557139e+00 5.758119141685694053e+00 5.880347153400506066e+00 1.070220843432106328e+01 1.126339050489261062e+01 1.165140414501162347e+01 1.210767703882208224e+01 1.253352725006518753e+01 1.280457279925614245e+01 1.318509389099081552e+01 1.381323694537812052e+01 1.401548717656702792e+01 1.416201341100895839e+01 1.434439329026684717e+01 1.448501722581251983e+01 1.461179405535306941e+01 1.518258209167101391e+01 1.534085355704116083e+01 1.548109970734059004e+01 1.586638095386010683e+01 1.611168322387173646e+01 1.630349545983075998e+01 1.637734431999460583e+01 1.691704328442046190e+01 1.777545364518918092e+01 1.792664810882894244e+01 1.818002900342965944e+01
2.543641824063908707e+00 2.576902321117554351e+00 2.670830607108403587e+00 2.710963256758355477e+00 3.097907642071503265e+00 3.127449774582732989e+00 3.165303449342798725e+00 3.208535744141699286e+00 5.639001511373249897e+00 5.715549323561453399e+00 5.756454941229958600e+00 5.824848109553028230e+00 1.128139182451883116e+01 1.170724639988983817e+01 1.194095105530390022e+01 1.234225012396627541e+01 1.252602876491992490e+01 1.288872887578126480e+01 1.304236203793469073e+01 1.359226361096036939e+01 1.418439665672166150e+01 1.439395405255297078e+01 1.457918843666148767e+01 1.468832695706877800e+01 1.479848980566746341e+01 1.513115704525864125e+01 1.527737787607504849e+01 1.542428161036816014e+01 1.571138905838162181e+01 1.581747703115055970e+01 1.596667515443089691e+01 1.602609010813347012e+01 1.714431866185979914e+01 1.771733771321889961e+01 1.782561583138272709e+01 1.808579862675962957e+01
2.732392308344288256e+00 2.741132907528159635e+00 2.759063950752437044e+00 2.775339591303840336e+00 2.989306420985082369e+00 3.002091363998603768e+00 3.014612600989015068e+00 3.024278355809071339e+00 5.713872077746848355e+00 5.741264930545434630e+00 5.757118263198028885e+00 5.784465080714737084e+00 1.187520441766519141e+01 1.211599606396058171e+01 1.220068488952163399e+01 1.244205160903346652e+01 1.249383678356773331e+01 1.273209293760393379e+01 1.277230972290390909e+01 1.305137970047638873e+01 1.464135784267560503e+01 1.478660939518979056e+01 1.488926081620965469e+01 1.491519147997362715e+01 1.504523629232141069e+01 1.510797332883654143e+01 1.518425883319502923e+01 1.538814749153193873e+01 1.546694603849541672e+01 1.555569504271260328e+01 1.561602489664092452e+01 1.565363635606556336e+01 1.741539647966315840e+01 1.767804027765242481e+01 1.773664745112436592e+01 1.791415404854271642e+01
2.875692841446251258e+00 2.875692859181070649e+00 2.877132653710946286e+00 2.877171719270896322e+00 2.877178189893751181e+00 2.877182460287231791e+00 2.877904603702164277e+00 2.877912478554530029e+00 5.753743566522439679e+00 5.754330897698056724e+00 5.754755291048400778e+00 5.754777338128368669e+00 1.247011252000780424e+01 1.247035087799801900e+01 1.247053743852964480e+01 1.247061925352915779e+01 1.247077264854175027e+01 1.247109261604386354e+01 1.247133070943559119e+01 1.247176170555091090e+01 1.502135454291657801e+01 1.502150108309428234e+01 1.502182129583631998e+01 1.502239559150245540e+01 1.528602444591758847e+01 1.528617726219176554e+01 1.528633262282887095e+01 1.528644778665216641e+01 1.528654311183420411e+01 1.528677581241224814e+01 1.528694082854613256e+01 1.528732802673334845e+01 1.768195513501805038e+01 1.768208546009613968e+01 1.768230445906802117e+01 1.768279773724243853e+01
2.693388542419104859e+00 2.704368488965853690e+00 2.806753479562260623e+00 2.818233286778395907e+00 2.941256480479464308e+00 2.951673928080577269e+00 3.054558514029479532e+00 3.062635695367549538e+00 5.715612497189254348e+00 5.743720415350886732e+00 5.755047975547241457e+00 5.780599303684796020e+00 1.204498012570158849e+01 1.209966146719544788e+01 1.218554706046080049e+01 1.220637824478641242e+01 1.272349185445894548e+01 1.274196589382855826e+01 1.282273950005788343e+01 1.284941155823910286e+01 1.472062784665607182e+01 1.481407708113930966e+01 1.491380738431927000e+01 1.498088635472011099e+01 1.503719508855915876e+01 1.510141406258714269e+01 1.520285839453007881e+01 1.537887623418413341e+01 1.545080749994744274e+01 1.550902926610696575e+01 1.555522682834912906e+01 1.561826700931594125e+01 1.743405203934681680e+01 1.768802513565520940e+01 1.773675519204581619e+01 1.789455679330904303e+01
2.505433401504444380e+00 2.528649961231204557e+00 2.742856395526364732e+00 2.768274144722910446e+00 3.009910283328252945e+00 3.035652884160560117e+00 3.237621654990751718e+00 3.252860773282789886e+00 5.653444280381500597e+00 5.714638708758962515e+00 5.752897457939083026e+00 5.807532385569152744e+00 1.157016451506008359e+01 1.174787783713862943e+01 1.190269048546207742e+01 1.193988823100527341e+01 1.293735630771156231e+01 1.298740049225245308e+01 1.307869754230577897e+01 1.319049705737409361e+01 1.432736077450338819e+01 1.446946127997330400e+01 1.454517995201602432e+01 1.474681198180819486e+01 1.487332423429855233e+01 1.508743784385793596e+01 1.531253907781725054e+01 1.560831676462097839e+01 1.565286677622303380e+01 1.567733837273236119e+01 1.578673529983743684e+01 1.596656683478237682e+01 1.715321841477134512e+01 1.773785698686369017e+01 1.784046428346313107e+01 1.807897990726392479e+01
2.300675827143848551e+00 2.343061078511259332e+00 2.687282635708017065e+00 2.729917643003226146e+00 3.081108989811674803e+00 3.133609701007541659e+00 3.424180160204762124e+00 3.451333877153511587e+00 5.563768411291224680e+00 5.663710896150321084e+00 5.753647217000465552e+00 5.840787948075326419e+00 1.106951651278033388e+01 1.141230384333716863e+01 1.164089253314947925e+01 1.167189399755289436e+01 1.303320283778835531e+01 1.311896710371856223e+01 1.321949722107303415e+01 1.341081875339577323e+01 1.397464207758702415e+01 1.410997126593575857e+01 1.428388435328025707e+01 1.451489756117390151e+01 1.468760142218796538e+01 1.513877254215152490e+01 1.546558157272419365e+01 1.570716841988173051e+01 1.578635255755878752e+01 1.592350245211685511e+01 1.607281647637989508e+01 1.629403386901207895e+01 1.685676108596267042e+01 1.780574408274902964e+01 1.795526402195122628e+01 1.825447760723562851e+01
2.052315932635275786e+00 2.144416568030709680e+00 2.642078585443535577e+00 2.706249207288054848e+00 3.157538698883862072e+00 3.248474828008978132e+00 3.611054443861100527e+00 3.657701431583213481e+00 5.447137210580658362e+00 5.590050121572093467e+00 5.763561106225052022e+00 5.879147203710365588e+00 1.056211344594682444e+01 1.108347867766539174e+01 1.136990142945583671e+01 1.143336974368716064e+01 1.263243857783373159e+01 1.315426427634923634e+01 1.331013128993341610e+01 1.347377579595881336e+01 1.369025231609616355e+01 1.380014944536404897e+01 1.426535172258435935e+01 1.437979634717751765e+01 1.456698957656753635e+01 1.522069838673304787e+01 1.563035184171305580e+01 1.573790522176706652e+01 1.593100756661978146e+01 1.607043440064948925e+01 1.639516592191180777e+01 1.659526932678286926e+01 1.663888333678517384e+01 1.785900722712001709e+01 1.805923378489701037e+01 1.843336900667869926e+01
1.722376320984242426e+00 1.927121377720284023e+00 2.606626527506372692e+00 2.697448602271653950e+00 3.244941930418795639e+00 3.381076845559766841e+00 3.795774262200210192e+00 3.866972857812223552e+00 5.306697890381766314e+00 5.493604546497939722e+00 5.787780497476546770e+00 5.918714311782358628e+00 1.006136507552439241e+01 1.075672033450949172e+01 1.102039752805361239e+01 1.125339411110112664e+01 1.202765325228169679e+01 1.297027796590982973e+01 1.311053243830474990e+01 1.339712051993193498e+01 1.352238001816462543e+01 1.376953187647413124e+01 1.408822575277172895e+01 1.433417668699598124e+01 1.474368176824564003e+01 1.532426641451265859e+01 1.573008893413982889e+01 1.580620565542715816e+01 1.596111159862717876e+01 1.621133161332273431e+01 1.640769642235191483e+01 1.675466319533412474e+01 1.699838765118846950e+01 1.787548594770445476e+01 1.815858684741104057e+01 1.861045879989970331e+01
1.243263513283077382e+00 1.680315172734908158e+00 2.577282640078339071e+00 2.699814000719165108e+00 3.349237899437132349e+00 3.530450463693542762e+00 3.975505682915019712e+00 4.071563149446790320e+00 5.147158816426938621e+00 5.375274546366651585e+00 5.827307836568555111e+00 5.956093959619104261e+00 9.575421066685606775e+00 1.042629912918278734e+01 1.053657648831945437e+01 1.109757966776822613e+01 1.145949230950994746e+01 1.259476939804126161e+01 1.271605916602751307e+01 1.327145469749220830e+01 1.350562571709352078e+01 1.370048513227962772e+01 1.399793524161265523e+01 1.426991044687230037e+01 1.498070668284262830e+01 1.544991637656645089e+01 1.568420759940788756e+01 1.581849176078261898e+01 1.601228613381565680e+01 1.637890894646896811e+01 1.650042311092389369e+01 1.698598231707175188e+01 1.736162893076588531e+01 1.787964707416088928e+01 1.825452360457174805e+01 1.877732007221498023e+01
-5.198826258267830180e-02 1.391101158089776524e+00 2.549388784297341726e+00 2.707575229364244329e+00 3.472518785129916186e+00 3.693851740718595345e+00 4.146479732459282808e+00 4.262756425333622090e+00 4.974095143186953116e+00 5.238488612088222141e+00 5.874792110867532280e+00 5.992476187224402118e+00 9.105159948313517049e+00 9.868551493203092662e+00 1.012058863764140604e+01 1.086004869361664582e+01 1.107580803685297077e+01 1.213668834157700971e+01 1.236523683615069480e+01 1.295338029966991655e+01 1.350959281573388537e+01 1.364032619795548840e+01 1.395670623572715385e+01 1.419187465498655776e+01 1.512295164051352359e+01 1.553233772994689410e+01 1.570468615942125901e+01 1.574622658187553803e+01 1.620437601262479177e+01 1.653907746433931081e+01 1.667163244948561029e+01 1.720222578527148372e+01 1.757297008387160275e+01 1.799252332639794005e+01 1.834464421037590753e+01 1.893130355626188077e+01
-1.251055583823281303e+00 1.043934402831746988e+00 2.519793107111664376e+00 2.715011127091007559e+00 3.610432149210532682e+00 3.866805137265625358e+00 4.301935009018412970e+00 4.428862646365350209e+00 4.795787186600297680e+00 5.093407588761922788e+00 5.911465907196364000e+00 6.037186367526051534e+00 8.631919637218340213e+00 9.172172343822140306e+00 9.788702244024237942e+00 1.042518237861676234e+01 1.090504276018672236e+01 1.166404229202103160e+01 1.204690000741141631e+01 1.254752868077660999e+01 1.335480182219362710e+01 1.370596416828864861e+01 1.391532544322655340e+01 1.409911595324710554e+01 1.514842629206519220e+01 1.542870475488317261e+01 1.584125183961001149e+01 1.590463745492376724e+01 1.638496468993495725e+01 1.667548004996371347e+01 1.686597972776017684e+01 1.734626398128081703e+01 1.766049407835291163e+01 1.822683112719695941e+01 1.845212961488102366e+01 1.907438239694895898e+01
-1.723236789560643079e+00 6.017444878857923785e-01 2.487633335363348852e+00 2.717285207606751296e+00 3.751882658298822726e+00 4.042883612221886303e+00 4.416719933502636586e+00 4.516300680483521290e+00 4.666067655016298055e+00 4.971236877189679326e+00 5.923572262760334439e+00 6.092497815033617314e+00 8.093797168437705025e+00 8.582508602398492670e+00 9.428110110301380686e+00 9.935598458418480661e+00 1.074510449658950328e+01 1.119037668543198016e+01 1.174675395571117775e+01 1.208297645295688660e+01 1.323543626449583677e+01 1.353626532775898639e+01 1.400428335333172214e+01 1.406405567439553295e+01 1.513041687846036787e+01 1.524907214818381185e+01 1.603918761922232861e+01 1.613595387910470436e+01 1.656289664558157781e+01 1.678107546232295988e+01 1.705487103123675752e+01 1.733551790844965623e+01 1.786631818399645510e+01 1.836030296030454778e+01 1.865308782826717149e+01 1.920993777152856197e+01
-2.003901405889835896e+00 -3.915734056984453981e-01 2.453548776569855594e+00 2.710569926284084996e+00 3.874504016830227826e+00 4.207585687401749652e+00 4.343378844860972698e+00 4.484842082677175767e+00 4.724558070583616320e+00 4.946572434279870478e+00 5.916925670356955713e+00 6.140208841126902684e+00 7.498329803350729073e+00 8.158778660888637901e+00 8.994318294801850300e+00 9.443682018298764191e+00 1.053444469580956522e+01 1.073572655509351392e+01 1.142270003786483734e+01 1.160822836555365001e+01 1.314635109217896769e+01 1.330923867726964893e+01 1.394234076994314186e+01 1.421900702858921584e+01 1.505394142818077086e+01 1.510201649802919910e+01 1.623660445382133943e+01 1.635147623441275044e+01 1.674342789377160301e+01 1.686592313766446694e+01 1.721268283046402914e+01 1.731932383730016056e+01 1.811762060061109736e+01 1.841999593239892263e+01 1.888894069939154718e+01 1.933984779405365728e+01
-2.127118306276122528e+00 -6.055120561482834063e-01 2.418550922822771287e+00 2.692289709964204469e+00 3.911547975448161463e+00 4.143821972419329924e+00 4.355587741007920677e+00 4.467565051501217077e+00 4.836230988360472161e+00 5.025002008244956464e+00 5.900493750551304650e+00 6.156463244789256883e+00 6.974784790167114501e+00 7.825671184147571680e+00 8.464775012451168479e+00 8.962278854313627363e+00 1.018203952831737702e+01 1.038771612049479209e+01 1.100639539345466922e+01 1.121157343651834637e+01 1.299259808126977589e+01 1.318673786187876651e+01 1.387428620756190867e+01 1.433124906760947503e+01 1.488695529807512941e+01 1.506067982114636550e+01 1.637743767260560901e+01 1.654026274588398238e+01 1.680258773863850053e+01 1.700308458008927559e+01 1.734332421347701469e+01 1.744687797900028059e+01 1.827757358054562786e+01 1.854682647233244808e+01 1.909656692222257490e+01 1.946249210595010481e+01
-2.096265954464844317e+00 -4.678870568761803184e-01 2.382774779620051575e+00 2.661718154454842722e+00 3.766279055322038438e+00 3.983061802890092817e+00 4.423893606726656991e+00 4.578548378134246200e+00 4.960746476192665178e+00 5.128478506007095206e+00 5.880226772627506371e+00 6.112409571534141328e+00 6.617056655394003783e+00 7.534051892455200239e+00 7.877653762365453005e+00 8.450908511870727224e+00 9.753349350662659845e+00 1.009225691747712794e+01 1.056533835304594859e+01 1.085363849531596436e+01 1.280435103661667462e+01 1.313611064717250265e+01 1.381613940419430264e+01 1.436392463864772928e+01 1.476030494470113119e+01 1.501202616619851149e+01 1.646757214524484425e+01 1.668139425247172269e+01 1.676741413450754692e+01 1.712948925287939161e+01 1.751178444144854751e+01 1.771572098509767557e+01 1.829197477459766574e+01 1.879293036514056325e+01 1.926807245064960838e+01 1.957303886326849707e+01
-1.907474916804449361e+00 5.462194469034284960e-01 2.344093021835988999e+00 2.619784971227707704e+00 3.540475942741064586e+00 3.806035280080617866e+00 4.535617260817597085e+00 4.708582663733905882e+00 5.084499026460608917e+00 5.220216600787881411e+00 5.858027642202013219e+00 6.009464720680754546e+00 6.444301039756728855e+00 7.209297863892541791e+00 7.316232592219505726e+00 7.910251125821849527e+00 9.346642036529990705e+00 9.775994469424544420e+00 1.015723839040614429e+01 1.048056252642412822e+01 1.266246284759823659e+01 1.307068740068882917e+01 1.378469004622574268e+01 1.434184655068481540e+01 1.464897905061008743e+01 1.494577500390927227e+01 1.653044851559725714e+01 1.673417452255683457e+01 1.678906661961960367e+01 1.718390464464299683e+01 1.768725337035359857e+01 1.807521094656439686e+01 1.826439979098904232e+01 1.906209949547286442e+01 1.940654560269921092e+01 1.966701788098010439e+01
-1.545367631462000402e+00 1.063999745742600700e+00 2.298374668965504686e+00 2.564928444820931741e+00 3.338062615734332272e+00 3.627473432976371370e+00 4.655591334695843742e+00 4.813672430790628454e+00 5.188545520279382650e+00 5.282437904396609873e+00 5.828041130215578569e+00 5.923176223225039116e+00 6.353689437326560885e+00 6.714518219572815916e+00 6.895996982754438953e+00 7.468016019677542694e+00 8.980095601926308291e+00 9.447287737590402301e+00 9.763562928838272370e+00 1.008646913138202628e+01 1.258863100601952567e+01 1.299115058053535421e+01 1.378508548791463895e+01 1.430207913117758878e+01 1.452545924113113074e+01 1.484317476312500794e+01 1.658396078250746086e+01 1.675071648469524632e+01 1.686267938424485280e+01 1.719080752741997387e+01 1.782581199673380112e+01 1.818675790819743554e+01 1.850053512526677224e+01 1.932434899427826736e+01 1.951663945945821865e+01 1.974529953256514148e+01
-9.184510203377443949e-01 1.470255148402769052e+00 2.244075718259829877e+00 2.490964900005416816e+00 3.216172412780166745e+00 3.471078329966576170e+00 4.697661654572667267e+00 4.868116567862826649e+00 5.221387698255511189e+00 5.326719916756624151e+00 5.765676350368539538e+00 5.849869975967284752e+00 6.190257142212661101e+00 6.407321900842212870e+00 6.497229037748536662e+00 7.228640626230279587e+00 8.659132676650656890e+00 9.113528029941505793e+00 9.363580740900625088e+00 9.674610231275471151e+00 1.259085275240486901e+01 1.293018878312030573e+01 1.380548207498608626e+01 1.425260789018335750e+01 1.438997348541467858e+01 1.469742592748562338e+01 1.664629132204769490e+01 1.679805384024087900e+01 1.692439684978398162e+01 1.717352917265598578e+01 1.790449716246422085e+01 1.812446192316266291e+01 1.888496036306069570e+01 1.954291471834380545e+01 1.962409140223517312e+01 1.981800196964210059e+01
8.945201641810183180e-01 1.788652975408782986e+00 2.190090811135565474e+00 2.408129866298506006e+00 3.187182133053685362e+00 3.355523945140422182e+00 4.469824163543868245e+00 4.768982553984669970e+00 5.226798296086212936e+00 5.368852523497111839e+00 5.662663959701773386e+00 5.724781705504911500e+00 6.072698149621207797e+00 6.202099634196422073e+00 6.500241610124307456e+00 7.110750027100325887e+00 8.387047497080031278e+00 8.777819601840354480e+00 8.959252775386026713e+00 9.250903406481794988e+00 1.266661801790649911e+01 1.291579328291615347e+01 1.383226936579409738e+01 1.418286654372792910e+01 1.425796054614412256e+01 1.451747592197453329e+01 1.672750875787560787e+01 1.686324912567679846e+01 1.697551247484438264e+01 1.714595296142534764e+01 1.792010836063005286e+01 1.805439608654694794e+01 1.921297427884845277e+01 1.961863183700384639e+01 1.981523009163979054e+01 1.990599504652986695e+01
1.546247718698037676e+00 1.999925865703075178e+00 2.170778040831361277e+00 2.344241276951990915e+00 3.212873891851862229e+00 3.295046155194354842e+00 4.036016912308013183e+00 4.345323316294036786e+00 5.326112608649772540e+00 5.433052839571081982e+00 5.614115832390817573e+00 5.647255443325886581e+00 6.057812128234200344e+00 6.154651934861865570e+00 6.634565715468978553e+00 7.072407623186557579e+00 8.167431683599589931e+00 8.450418445426839398e+00 8.572266654909775241e+00 8.825208659918031273e+00 1.280145318330785464e+01 1.295673383310667326e+01 1.385711872229933483e+01 1.408324028039507247e+01 1.414611355855650388e+01 1.431936193890886777e+01 1.682697271314991383e+01 1.693480290075808981e+01 1.701604403815925792e+01 1.711673520775407198e+01 1.788791007319320059e+01 1.797827223581335687e+01 1.944366168660505068e+01 1.964214582657211494e+01 1.998914306999568424e+01 2.003163661168457566e+01
1.946226238687176702e+00 2.106145299833766860e+00 2.222143394019735485e+00 2.307998334594470347e+00 3.251313249546248230e+00 3.285643640138484312e+00 3.602717765795015570e+00 3.820359428087487075e+00 5.453637422083612130e+00 5.510945980228199481e+00 5.602213555563752223e+00 5.614545156334211029e+00 6.065144398415988292e+00 6.122997196160270938e+00 6.843580100636336816e+00 7.102274687463223657e+00 8.004924214318569042e+00 8.158208459138599267e+00 8.233224804939327512e+00 8.414710627848739577e+00 1.296772324515917063e+01 1.304231058545487265e+01 1.387608384160535557e+01 1.398363748373373916e+01 1.403945207890826019e+01 1.412314349255135681e+01 1.693502253923211853e+01 1.700168746563387856e+01 1.704543193742627594e+01 1.709172024768525944e+01 1.783713918666633091e+01 1.789277662924412127e+01 1.957165524089242226e+01 1.964798503007299502e+01 2.013250753327342224e+01 2.016099753542167150e+01
2.191189572530330310e+00 2.215281499781110774e+00 2.270200703666101827e+00 2.291287376736057091e+00 3.275410217085128917e+00 3.285805364638197723e+00 3.310088098854073291e+00 3.374302016683502714e+00 5.555200031030794960e+00 5.572354528016637332e+00 5.597348670381941282e+00 5.599741694071206588e+00 6.070373734121921494e+00 6.089048420333421419e+00 7.081204876469131548e+00 7.175304880810365660e+00 7.904633114260260385e+00 7.949141174146194366e+00 7.976826003579085445e+00 8.055136525135386805e+00 1.312048865627617644e+01 1.314047759754411082e+01 1.388768098435048159e+01 1.391499809680815147e+01 1.393853006627098878e+01 1.396047973236377082e+01 1.702871500931159332e+01 1.705106633744916422e+01 1.706319339165306914e+01 1.707502435264429863e+01 1.779418151643275792e+01 1.781296176863828506e+01 1.963012658148283407e+01 1.964739383192602773e+01 2.023731419330812287e+01 2.024636299320859933e+01
2.283988999854715374e+00 2.284212043132087810e+00 2.286367246052463997e+00 2.286760340917758594e+00 3.173347759702874082e+00 3.175285976900236395e+00 3.301085188973359230e+00 3.301181216423241249e+00 5.595171659384713614e+00 5.595176830228806963e+00 5.595699124299816418e+00 5.595992718241840969e+00 6.071415181372170622e+00 6.072520088177795650e+00 7.221400965870262034e+00 7.222257139965368111e+00 7.870042430411209544e+00 7.870191471786494475e+00 7.872735547098443476e+00 7.873405066968005350e+00 1.318819700252825378e+01 1.318925682465006410e+01 1.389036970294748663e+01 1.389049584570247653e+01 1.389100433344549224e+01 1.389188748560135700e+01 1.706825854896049677e+01 1.706833641362990761e+01 1.706975614123591356e+01 1.707016358923704757e+01 1.777729845915323637e+01 1.777764372528520553e+01 1.964652786031486542e+01 1.964684106495000293e+01 2.027537307087267493e+01 2.027579937133734589e+01
2.918389140688563810e+00 2.919804458438757688e+00 2.920009219688569857e+00 2.920385409092358664e+00 3.636120147716448869e+00 3.637565117293839911e+00 3.638075415330973783e+00 3.640338607714990182e+00 5.686997762376352128e+00 5.687719748089253180e+00 5.687938755452117690e+00 5.688146132922928366e+00 7.091998339569654419e+00 7.094014983335573454e+00 7.094531668757587006e+00 7.098266177368078189e+00 1.304932669843990922e+01 1.304990682338767272e+01 1.305033408179457233e+01 1.305076929350907022e+01 1.368287711701369957e+01 1.368331981923920004e+01 1.368406022527008759e+01 1.368409932019270592e+01 1.426948172227897871e+01 1.426992908842083274e+01 1.427059036227717748e+01 1.427065143331060426e+01 1.725056041639063764e+01 1.725072277951511168e+01 1.725156343863362096e+01 1.725227555738623764e+01 1.886313333673310311e+01 1.886423983816921179e+01 1.886438335158659640e+01 1.886458955189920772e+01
2.915858089558458488e+00 2.916181235009021488e+00 2.916554392110824789e+00 2.917301999318731021e+00 3.628620160095303859e+00 3.629546470931968027e+00 3.655660664371330526e+00 3.656374625666763301e+00 5.665727274910513422e+00 5.666463576742258645e+00 5.685193484313071366e+00 5.687106975126032360e+00 7.148100974913579542e+00 7.148962407593089985e+00 7.213006875401581475e+00 7.214893667466840022e+00 1.304021923057526067e+01 1.304051452710808690e+01 1.305075321435753644e+01 1.305122657916333218e+01 1.355580826969759123e+01 1.355652307410800539e+01 1.369558666955943060e+01 1.369565869682473114e+01 1.428092594698387074e+01 1.428096098342128606e+01 1.442084072587916488e+01 1.442131243976206179e+01 1.723563681971955219e+01 1.724003213823507608e+01 1.724801002861518029e+01 1.724886467213915964e+01 1.882284181927434830e+01 1.882625729455811125e+01 1.886180230173506089e+01 1.886217113377800203e+01
2.905207404847042429e+00 2.905596566433122696e+00 2.908223926866219777e+00 2.909547060276815422e+00 3.598966594993531665e+00 3.599458548771315325e+00 3.693454226207045998e+00 3.694670458492693044e+00 5.611094915900639357e+00 5.614247819705799003e+00 5.681939816696976564e+00 5.687881637746855290e+00 7.301177811690092945e+00 7.304604300609264023e+00 7.560037089375841290e+00 7.561298649025462559e+00 1.299319454689293885e+01 1.299379670698556488e+01 1.301974724813055673e+01 1.302018764571056053e+01 1.340004158980213234e+01 1.340110740731081762e+01 1.373093921372879400e+01 1.373100736051703308e+01 1.431360654416687339e+01 1.431364394424263864e+01 1.469698668491522042e+01 1.469741261050146086e+01 1.718964878794524509e+01 1.720432305356062486e+01 1.723899154326306515e+01 1.723994311417487779e+01 1.870122257902079355e+01 1.871274639351523561e+01 1.885541753622405281e+01 1.885576508131374496e+01
2.887951064559576952e+00 2.888817991593612966e+00 2.895264166175365972e+00 2.896278369329703839e+00 3.546527282064555919e+00 3.549334302344056891e+00 3.715711445476819197e+00 3.717848295996236008e+00 5.547344916471523391e+00 5.556845562517797710e+00 5.681928326410234931e+00 5.693685320385943882e+00 7.535854471653955500e+00 7.545102732041465643e+00 8.105798268238654458e+00 8.106767564040710639e+00 1.281348512922147975e+01 1.281358161893698622e+01 1.297790425613375120e+01 1.297801946147734320e+01 1.341089624283541859e+01 1.341108793793985576e+01 1.378564428495386274e+01 1.378570097347307488e+01 1.436705099720874479e+01 1.436709202688478548e+01 1.497870545722840774e+01 1.497911267059959783e+01 1.711350547551671397e+01 1.714372580007527347e+01 1.722154263232724603e+01 1.722281393992743759e+01 1.850271981508555186e+01 1.852738181273895179e+01 1.884387621459600481e+01 1.884418535262228644e+01
2.864778742919914745e+00 2.867626603032758847e+00 2.877312608140094152e+00 2.877718646407385616e+00 3.474579323371494777e+00 3.480426426331827194e+00 3.700004103201259831e+00 3.703090301150004038e+00 5.494638806529316355e+00 5.515203575980493156e+00 5.686531494900952666e+00 5.704899272797289811e+00 7.838939525390279606e+00 7.857291307219577803e+00 8.802922589558949795e+00 8.804887653940880909e+00 1.259421659312384634e+01 1.259458882396411994e+01 1.292689839896303816e+01 1.292703061483170934e+01 1.352039010970721300e+01 1.352354532485846939e+01 1.385493477411223751e+01 1.385553140975040876e+01 1.443973914495927779e+01 1.443978947967212179e+01 1.523187419211226157e+01 1.523209178557973509e+01 1.700808088903213644e+01 1.705678344523702705e+01 1.719357824116734434e+01 1.719541617915002618e+01 1.823453761620892877e+01 1.827657416173316207e+01 1.882512642621388110e+01 1.882539196170398910e+01
2.835993398113915820e+00 2.843078523843474592e+00 2.854477129040680072e+00 2.856509279414849445e+00 3.390395408415661560e+00 3.399493899411837106e+00 3.643452851525989189e+00 3.646712182906123978e+00 5.464378094307625666e+00 5.498867774363215943e+00 5.694996868631367448e+00 5.719719017911297776e+00 8.202690640529789690e+00 8.231828558600675194e+00 9.597690534433121812e+00 9.600603201864595704e+00 1.240623013440997724e+01 1.240764250736472007e+01 1.286805306804162186e+01 1.286826284849845337e+01 1.366527133201113209e+01 1.367572997382056954e+01 1.393479645432954150e+01 1.393763756119766484e+01 1.452952725255052968e+01 1.452960257379730891e+01 1.543754433772343759e+01 1.543844583328223408e+01 1.687449957754110841e+01 1.694131780759241579e+01 1.715419659806084596e+01 1.715642682363591831e+01 1.790964651641868599e+01 1.797149595653706911e+01 1.879541002524330295e+01 1.879562682390150741e+01
2.803258027747966175e+00 2.815871449088259926e+00 2.830086101698007894e+00 2.835072693455336967e+00 3.303901069840919025e+00 3.315599164902119256e+00 3.554863987358799271e+00 3.557564091918552940e+00 5.459940188275906436e+00 5.507250615381722447e+00 5.706316236943734133e+00 5.735854668751031227e+00 8.621581150807610783e+00 8.660654171494766018e+00 1.043889866537348254e+01 1.044225806889484609e+01 1.227366690036053143e+01 1.227717468789069954e+01 1.280434470250953183e+01 1.280463040264222663e+01 1.381194314475138718e+01 1.383628405591883137e+01 1.402591643088385887e+01 1.403523483974156605e+01 1.463358331209613361e+01 1.463371625784092167e+01 1.557984799393752340e+01 1.558360586872589870e+01 1.671334165911315139e+01 1.679294642820860517e+01 1.709992810781550787e+01 1.710110277789872057e+01 1.755672136541256023e+01 1.763438756930048257e+01 1.874923593233219776e+01 1.874939649200380387e+01
2.771516899060734840e+00 2.788177857977717888e+00 2.808585426673417373e+00 2.816011228536662525e+00 3.223276009492290317e+00 3.236100570158172207e+00 3.446419268858638585e+00 3.449368432881830593e+00 5.479530517975872428e+00 5.534291638936993607e+00 5.719720752235203598e+00 5.751316513005575892e+00 9.089919163567904192e+00 9.135403809908911654e+00 1.127870146867577539e+01 1.128164935387457390e+01 1.221081685422156760e+01 1.221765123338772341e+01 1.273917323301198934e+01 1.273951361146385786e+01 1.392231338606381819e+01 1.396284712976166276e+01 1.414491915538579292e+01 1.416125893728745488e+01 1.474826013377701273e+01 1.474849071759158825e+01 1.564490598913698705e+01 1.565433793431838971e+01 1.652199143049396213e+01 1.659937986887509709e+01 1.696928886908846223e+01 1.700203213734896934e+01 1.727430079603636415e+01 1.733107498298208071e+01 1.868008537198723928e+01 1.868019169251163802e+01
2.748350034194720237e+00 2.765810597224153788e+00 2.793275050964022288e+00 2.801792109545928611e+00 3.151934113603930054e+00 3.164035387179130687e+00 3.330144310614365999e+00 3.334534338350444660e+00 5.518628618406238751e+00 5.572656193333281216e+00 5.734350840135038929e+00 5.764559654858172344e+00 9.601016766444127271e+00 9.647331677305595932e+00 1.199519890086758522e+01 1.199626532403863521e+01 1.230372170847939906e+01 1.231508463553202404e+01 1.267783031436465357e+01 1.267818880764056999e+01 1.396892754883168486e+01 1.401676503524389439e+01 1.430005509514323769e+01 1.431438514352467628e+01 1.486880796827477624e+01 1.486914274500671773e+01 1.562632099373394112e+01 1.564276433857403781e+01 1.629106737349340506e+01 1.633493106743761913e+01 1.670383071158160249e+01 1.676334369868802909e+01 1.718972592165512125e+01 1.720317348899308740e+01 1.858176208821434727e+01 1.858185683322367510e+01
2.740611055867826718e+00 2.755591830395273334e+00 2.786736615299057362e+00 2.794780441521788727e+00 3.088882839464651919e+00 3.098647969956906056e+00 3.216299940595468421e+00 3.221716619489772615e+00 5.570932924536394992e+00 5.615832937031928651e+00 5.748837758697889377e+00 5.774329646722272891e+00 1.014714547011783985e+01 1.018792912408076567e+01 1.217483762292678584e+01 1.218155219869341721e+01 1.260740405780308748e+01 1.260844250808706235e+01 1.294469894655097342e+01 1.295031185701610532e+01 1.393754026297485460e+01 1.398660270447149045e+01 1.446255860453196718e+01 1.447260353295366997e+01 1.498881434560509440e+01 1.498916389400165627e+01 1.553742724020145083e+01 1.555532658252024447e+01 1.601327980856986599e+01 1.601700350759355729e+01 1.644258244234010746e+01 1.647550559961164751e+01 1.720012505042867090e+01 1.720290982905018495e+01 1.845017240312532181e+01 1.845030731843394278e+01
2.751387388385899246e+00 2.761912232494470487e+00 2.791132198707171774e+00 2.797256360635104855e+00 3.031283483207132257e+00 3.037766405406105097e+00 3.111669884193650759e+00 3.116853926217312942e+00 5.628560445202236195e+00 5.658716370942613594e+00 5.761116410413852584e+00 5.779426715299181616e+00 1.071947920678997690e+01 1.074936393961587733e+01 1.226344446631289564e+01 1.227036249311557370e+01 1.256087380288312616e+01 1.256150857426597867e+01 1.356285313193930975e+01 1.356722421768725262e+01 1.385421203952651403e+01 1.388672511949524413e+01 1.461557516550116986e+01 1.462217072435582566e+01 1.509943704806553555e+01 1.509958722340762272e+01 1.541958553468618121e+01 1.542830378836939964e+01 1.571423693191807658e+01 1.573309655019013498e+01 1.619502466442618172e+01 1.620633918493515679e+01 1.725865426187743523e+01 1.725926394541613718e+01 1.828525215488295430e+01 1.828543232658259399e+01
2.779671846326433826e+00 2.785519176573967304e+00 2.807873565979731811e+00 2.811187766518253639e+00 2.976816229898993971e+00 2.979865910884519575e+00 3.019873319806016365e+00 3.023585328686448470e+00 5.682825928334010790e+00 5.697595952960552879e+00 5.768435139876986639e+00 5.778586453660868649e+00 1.130751963791837866e+01 1.132403372452673196e+01 1.235469841671760705e+01 1.235917337625631696e+01 1.252176060369152921e+01 1.252229262392225806e+01 1.342782212529387742e+01 1.344827200693946168e+01 1.429441430487403508e+01 1.429476601979096628e+01 1.475954358477135386e+01 1.476308150000353336e+01 1.518755235753986277e+01 1.518812129120664878e+01 1.532428113879745624e+01 1.532467524024824179e+01 1.547362080611708990e+01 1.548276629230297807e+01 1.593147580631979388e+01 1.593409342492578773e+01 1.735950132609832153e+01 1.735981983086791658e+01 1.809277676505306331e+01 1.809299426804612665e+01
2.822283715799834614e+00 2.824662050006632619e+00 2.837114371750546482e+00 2.837803363209721041e+00 2.924854236070309810e+00 2.925325121713204801e+00 2.941900680745767716e+00 2.943688881313547334e+00 5.726139311751125227e+00 5.729997731570239949e+00 5.767410365810841988e+00 5.770590052817221149e+00 1.189768671513192722e+01 1.190272565773134517e+01 1.242883417393491108e+01 1.243039452732364580e+01 1.249394431187118748e+01 1.249433503158455672e+01 1.299681162350697683e+01 1.300264083080593558e+01 1.478689659868855877e+01 1.478789713190424848e+01 1.491584526423615742e+01 1.491648597463608361e+01 1.520185267992986766e+01 1.520458540053385299e+01 1.527669423531700232e+01 1.527703120935873748e+01 1.531652117562907733e+01 1.531687309266936481e+01 1.563146574779809228e+01 1.563170144184195465e+01 1.750226909267567166e+01 1.750256826453663095e+01 1.788551849255014403e+01 1.788576954408198816e+01
2.875692841446251258e+00 2.875692859181070649e+00 2.877132653710946286e+00 2.877171719270896322e+00 2.877178189893751181e+00 2.877182460287231791e+00 2.877904603702164277e+00 2.877912478554530029e+00 5.753743566522439679e+00 5.754330897698056724e+00 5.754755291048400778e+00 5.754777338128368669e+00 1.247011252000780424e+01 1.247035087799801900e+01 1.247053743852964480e+01 1.247061925352915779e+01 1.247077264854175027e+01 1.247109261604386354e+01 1.247133070943559119e+01 1.247176170555091090e+01 1.502135454291657801e+01 1.502150108309428234e+01 1.502182129583631998e+01 1.502239559150245540e+01 1.528602444591758847e+01 1.528617726219176554e+01 1.528633262282887095e+01 1.528644778665216641e+01 1.528654311183420411e+01 1.528677581241224814e+01 1.528694082854613256e+01 1.528732802673334845e+01 1.768195513501805038e+01 1.768208546009613968e+01 1.768230445906802117e+01 1.768279773724243853e+01
