0.000000000000000000e+00
2.712888046378234344e-02
5.425776092756468688e-02
8.138664139134703379e-02
1.085155218551293738e-01
1.356444023189117276e-01
1.627732827826940676e-01
1.899021632464764076e-01
2.170310437102587475e-01
2.441599241740410875e-01
2.712888046378234552e-01
2.984176851016057674e-01
3.255465655653881352e-01
3.535888556194596855e-01
3.816311456735312357e-01
4.096734357276027305e-01
4.377157257816742808e-01
4.657580158357458311e-01
4.938003058898173814e-01
5.218425959438889317e-01
5.498848859979604820e-01
5.779271760520319212e-01
6.059694661061034715e-01
6.059694661061034715e-01
6.315718176504987458e-01
6.571741691948940201e-01
6.827765207392892943e-01
7.083788722836845686e-01
7.339812238280798429e-01
7.595835753724750061e-01
7.851859269168702804e-01
8.107882784612655547e-01
8.363906300056608289e-01
8.619929815500561032e-01
8.875953330944512665e-01
9.131976846388465408e-01
9.388000361832418150e-01
9.644023877276370893e-01
9.900047392720323636e-01
1.015607090816427638e+00
1.040444443273857988e+00
1.065281795731288561e+00
1.090119148188718912e+00
1.114956500646149484e+00
1.139793853103579835e+00
1.164631205561010407e+00
1.189468558018440758e+00
1.214305910475871109e+00
1.239143262933301681e+00
1.263980615390732032e+00
1.288817967848162604e+00
1.313655320305592955e+00
1.338492672763023528e+00
1.363330025220453878e+00
1.363330025220453878e+00
1.388442267943253761e+00
1.413554510666053421e+00
1.438666753388853303e+00
1.463778996111652964e+00
1.488891238834452846e+00
1.514003481557252506e+00
1.539115724280052389e+00
1.564227967002852271e+00
1.589340209725651931e+00
1.614452452448451814e+00
1.639564695171251696e+00
1.664676937894051356e+00
1.689789180616851239e+00
1.714901423339650899e+00
1.740013666062450781e+00
1.765125908785250441e+00
1.790238151508050324e+00
1.815350394230850206e+00
1.840462636953649866e+00
1.867724486574070308e+00
1.894986336194490750e+00
1.922248185814911414e+00
1.949510035435331856e+00
1.976771885055752298e+00
2.004033734676172962e+00
2.031295584296593404e+00
2.058557433917013846e+00
2.085819283537434288e+00
2.085819283537434288e+00
2.110035883294469450e+00
2.134252483051504612e+00
2.158469082808539774e+00
2.182685682565574936e+00
2.206902282322610098e+00
2.231118882079645260e+00
2.255335481836679978e+00
2.279552081593715140e+00
2.303768681350750303e+00
2.327985281107785465e+00
2.352201880864820627e+00
2.376418480621855789e+00
2.400635080378890951e+00
2.424851680135926113e+00
2.449068279892961275e+00
2.473284879649996437e+00
