-4.607374640384953590e-01
-3.334132012539369194e-01
-2.060889384693784798e-01
-7.876467568482004022e-02
4.855958709973839244e-02
1.758838498842968390e-01
3.032081126688552786e-01
4.305323754534137182e-01
5.578566382379721578e-01
6.851809010225304863e-01
8.125051638070890370e-01
9.398294265916475876e-01
1.067153689376205916e+00
1.194477952160764245e+00
1.321802214945322573e+00
1.449126477729881346e+00
1.576450740514439675e+00
1.703775003298998003e+00
1.831099266083556332e+00
1.958423528868115104e+00
2.085747791652673655e+00
2.213072054437231984e+00
2.340396317221790756e+00
2.467720580006349085e+00
2.595044842790907413e+00
2.722369105575465742e+00
2.849693368360024071e+00
2.977017631144582843e+00
3.104341893929141172e+00
3.231666156713699500e+00
3.358990419498258273e+00
3.486314682282816602e+00
3.613638945067374930e+00
3.740963207851933259e+00
3.868287470636491587e+00
3.995611733421049916e+00
4.122935996205607800e+00
4.250260258990167017e+00
4.377584521774725346e+00
4.504908784559283674e+00
4.632233047343842003e+00
4.759557310128400331e+00
4.886881572912958660e+00
5.014205835697516989e+00
5.141530098482076205e+00
5.268854361266634534e+00
5.396178624051192863e+00
5.523502886835751191e+00
5.650827149620309520e+00
5.778151412404867848e+00
5.905475675189426177e+00
6.032799937973984505e+00
6.160124200758542834e+00
6.287448463543102051e+00
6.414772726327660379e+00
6.542096989112218708e+00
6.669421251896777036e+00
6.796745514681335365e+00
6.924069777465893694e+00
7.051394040250452022e+00
7.178718303035011239e+00
7.306042565819569568e+00
7.433366828604127896e+00
7.560691091388685336e+00
7.688015354173243665e+00
7.815339616957801994e+00
7.942663879742360322e+00
8.069988142526918651e+00
8.197312405311476979e+00
8.324636668096035308e+00
8.451960930880593637e+00
8.579285193665151965e+00
8.706609456449710294e+00
8.833933719234270399e+00
8.961257982018828727e+00
9.088582244803387056e+00
9.215906507587945384e+00
9.343230770372503713e+00
9.470555033157062041e+00
9.597879295941620370e+00
9.725203558726178699e+00
9.852527821510737027e+00
9.979852084295295356e+00
1.010717634707985368e+01
1.023450060986441201e+01
1.036182487264897034e+01
1.048914913543352867e+01
1.061647339821808700e+01
1.074379766100264710e+01
1.087112192378720543e+01
1.099844618657176376e+01
1.112577044935632209e+01
1.125309471214088042e+01
1.138041897492543875e+01
1.150774323770999708e+01
1.163506750049455540e+01
1.176239176327911373e+01
1.188971602606367206e+01
1.201704028884823039e+01
1.214436455163278872e+01
1.227168881441734705e+01
1.239901307720190538e+01
1.252633733998646370e+01
1.265366160277102203e+01
1.278098586555558036e+01
1.290831012834014047e+01
1.303563439112469879e+01
1.316295865390925712e+01
1.329028291669381545e+01
1.341760717947837378e+01
1.354493144226293211e+01
1.367225570504749044e+01
1.379957996783204877e+01
1.392690423061660709e+01
1.405422849340116542e+01
1.418155275618572375e+01
1.430887701897028208e+01
1.443620128175484041e+01
1.456352554453939874e+01
1.469084980732395707e+01
1.481817407010851717e+01
1.494549833289307372e+01
1.507282259567763383e+01
1.520014685846219038e+01
1.532747112124675049e+01
1.545479538403130704e+01
1.558211964681586714e+01
1.570944390960042369e+01
1.583676817238498380e+01
1.596409243516954390e+01
1.609141669795410223e+01
1.621874096073866056e+01
1.634606522352321889e+01
1.647338948630777722e+01
1.660071374909233555e+01
1.672803801187689388e+01
1.685536227466145220e+01
1.698268653744601053e+01
1.711001080023056886e+01
1.723733506301512719e+01
1.736465932579968552e+01
1.749198358858424385e+01
1.761930785136880218e+01
1.774663211415336050e+01
1.787395637693791883e+01
1.800128063972247716e+01
1.812860490250703904e+01
1.825592916529159382e+01
1.838325342807615570e+01
1.851057769086071048e+01
1.863790195364527236e+01
1.876522621642982713e+01
1.889255047921438901e+01
1.901987474199894379e+01
1.914719900478350567e+01
1.927452326756806045e+01
1.940184753035262233e+01
1.952917179313717710e+01
1.965649605592173899e+01
1.978382031870629376e+01
1.991114458149085564e+01
2.003846884427541397e+01
2.016579310705997230e+01
2.029311736984453063e+01
2.042044163262908896e+01
2.054776589541364729e+01
2.067509015819820561e+01
2.080241442098276394e+01
2.092973868376732227e+01
2.105706294655188060e+01
2.118438720933643893e+01
2.131171147212099726e+01
2.143903573490555559e+01
2.156635999769011391e+01
2.169368426047467224e+01
2.182100852325923057e+01
2.194833278604378890e+01
2.207565704882834723e+01
2.220298131161290556e+01
2.233030557439746389e+01
2.245762983718202221e+01
2.258495409996658054e+01
2.271227836275113887e+01
2.283960262553569720e+01
2.296692688832025908e+01
2.309425115110481386e+01
2.322157541388937574e+01
2.334889967667393051e+01
2.347622393945849240e+01
2.360354820224304717e+01
2.373087246502760905e+01
2.385819672781216383e+01
2.398552099059672571e+01
2.411284525338128404e+01
2.424016951616584237e+01
2.436749377895040070e+01
2.449481804173495902e+01
2.462214230451951735e+01
2.474946656730407568e+01
2.487679083008863401e+01
