-7.803882860359974138e-01
-6.556200990454340571e-01
-5.308519120548707004e-01
-4.060837250643073437e-01
-2.813155380737439870e-01
-1.565473510831806025e-01
-3.177916409261724584e-02
9.298902289794611087e-02
2.177572098885094676e-01
3.425253968790728520e-01
4.672935838696362087e-01
5.920617708601995099e-01
7.168299578507628667e-01
8.415981448413262234e-01
9.663663318318896911e-01
1.091134518822452826e+00
1.215902705813016516e+00
1.340670892803579983e+00
1.465439079794143229e+00
1.590207266784706253e+00
1.714975453775269942e+00
1.839743640765833410e+00
1.964511827756396656e+00
2.089280014746959679e+00
2.214048201737523147e+00
2.338816388728087059e+00
2.463584575718650083e+00
2.588352762709213106e+00
2.713120949699777018e+00
2.837889136690340486e+00
2.962657323680903509e+00
3.087425510671466533e+00
3.212193697662030445e+00
3.336961884652593913e+00
3.461730071643157380e+00
3.586498258633719960e+00
3.711266445624283872e+00
3.836034632614846895e+00
3.960802819605409475e+00
4.085571006595973387e+00
4.210339193586536410e+00
4.335107380577100322e+00
4.459875567567664234e+00
4.584643754558226370e+00
4.709411941548790281e+00
4.834180128539353305e+00
4.958948315529916329e+00
5.083716502520480240e+00
5.208484689511043264e+00
5.333252876501607176e+00
5.458021063492171088e+00
5.582789250482733223e+00
5.707557437473297135e+00
5.832325624463861047e+00
5.957093811454423182e+00
6.081861998444987094e+00
6.206630185435550118e+00
6.331398372426114030e+00
6.456166559416677941e+00
6.580934746407240077e+00
6.705702933397803989e+00
6.830471120388367900e+00
6.955239307378930036e+00
7.080007494369494836e+00
7.204775681360056971e+00
7.329543868350619995e+00
7.454312055341184795e+00
7.579080242331746931e+00
7.703848429322311731e+00
7.828616616312874754e+00
7.953384803303436890e+00
8.078152990294000801e+00
8.202921177284563825e+00
8.327689364275126849e+00
8.452457551265691649e+00
8.577225738256254672e+00
8.701993925246817696e+00
8.826762112237380720e+00
8.951530299227943743e+00
9.076298486218508543e+00
9.201066673209071567e+00
9.325834860199634591e+00
9.450603047190197614e+00
9.575371234180760638e+00
9.700139421171325438e+00
9.824907608161888461e+00
9.949675795152451485e+00
1.007444398214301451e+01
1.019921216913357753e+01
1.032398035612414056e+01
1.044874854311470536e+01
1.057351673010526838e+01
1.069828491709583140e+01
1.082305310408639443e+01
1.094782129107695745e+01
1.107258947806752225e+01
1.119735766505808527e+01
1.132212585204864830e+01
1.144689403903921132e+01
1.157166222602977435e+01
1.169643041302033915e+01
1.182119860001090217e+01
1.194596678700146519e+01
1.207073497399202822e+01
1.219550316098259124e+01
1.232027134797315426e+01
1.244503953496371906e+01
1.256980772195428209e+01
1.269457590894484511e+01
1.281934409593540813e+01
1.294411228292597116e+01
1.306888046991653596e+01
1.319364865690709898e+01
1.331841684389766201e+01
1.344318503088822503e+01
1.356795321787878805e+01
1.369272140486935285e+01
1.381748959185991588e+01
1.394225777885047890e+01
1.406702596584104370e+01
1.419179415283160495e+01
1.431656233982216797e+01
1.444133052681273277e+01
1.456609871380329757e+01
1.469086690079385882e+01
1.481563508778442184e+01
1.494040327477498664e+01
1.506517146176554789e+01
1.518993964875611447e+01
1.531470783574667927e+01
1.543947602273723874e+01
1.556424420972780354e+01
1.568901239671836834e+01
1.581378058370892958e+01
1.593854877069949438e+01
1.606331695769005918e+01
1.618808514468062398e+01
1.631285333167118523e+01
1.643762151866174648e+01
1.656238970565231128e+01
1.668715789264287253e+01
1.681192607963343733e+01
1.693669426662400213e+01
1.706146245361456337e+01
1.718623064060512817e+01
1.731099882759569297e+01
1.743576701458625422e+01
1.756053520157681902e+01
1.768530338856738382e+01
1.781007157555794151e+01
1.793483976254850631e+01
1.805960794953907111e+01
1.818437613652963236e+01
1.830914432352019716e+01
1.843391251051076196e+01
1.855868069750132676e+01
1.868344888449188801e+01
1.880821707148245281e+01
1.893298525847301761e+01
1.905775344546357886e+01
1.918252163245414010e+01
1.930728981944470490e+01
1.943205800643526615e+01
1.955682619342583095e+01
1.968159438041639575e+01
1.980636256740695700e+01
1.993113075439752180e+01
2.005589894138808660e+01
2.018066712837865140e+01
2.030543531536921265e+01
2.043020350235977745e+01
2.055497168935033869e+01
2.067973987634089994e+01
2.080450806333146474e+01
2.092927625032202954e+01
2.105404443731259079e+01
2.117881262430315559e+01
2.130358081129372039e+01
2.142834899828428163e+01
2.155311718527484643e+01
2.167788537226541123e+01
2.180265355925597248e+01
2.192742174624653373e+01
2.205218993323709853e+01
2.217695812022765978e+01
2.230172630721822458e+01
2.242649449420878938e+01
2.255126268119935418e+01
2.267603086818991542e+01
2.280079905518048022e+01
2.292556724217104502e+01
2.305033542916160627e+01
2.317510361615216752e+01
2.329987180314273232e+01
2.342463999013329357e+01
2.354940817712385837e+01
2.367417636411442317e+01
2.379894455110498441e+01
2.392371273809554921e+01
2.404848092508611401e+01
