0.000000000000000000e+00
4.710853659791106735e-02
9.421707319582213469e-02
1.413256097937332090e-01
1.884341463916442694e-01
2.355426829895553298e-01
2.826512195874664179e-01
3.297597561853774506e-01
3.768682927832885388e-01
4.239768293811996269e-01
4.710853659791106596e-01
5.181939025770216922e-01
5.653024391749328359e-01
6.124109757728438685e-01
6.836372992526130732e-01
7.548636227323822778e-01
7.548636227323822778e-01
7.996414870097553473e-01
8.444193512871284168e-01
8.891972155645014864e-01
9.339750798418745559e-01
9.787529441192476254e-01
1.023530808396620806e+00
1.068308672673993875e+00
1.113086536951366945e+00
1.157864401228740014e+00
1.202642265506113084e+00
1.247420129783486153e+00
1.292197994060859223e+00
1.336975858338232293e+00
1.381753722615605362e+00
1.425488551096490308e+00
1.469223379577375033e+00
1.512958208058259979e+00
1.556693036539144925e+00
1.600427865020029650e+00
1.644162693500914596e+00
1.687897521981799542e+00
1.731632350462684267e+00
1.775367178943569213e+00
1.819102007424453937e+00
1.862836835905338884e+00
1.906571664386223830e+00
1.950306492867108776e+00
1.994041321347993501e+00
1.994041321347993501e+00
2.039199135277283581e+00
2.084356949206573884e+00
2.129514763135864186e+00
2.174672577065154488e+00
2.219830390994444791e+00
2.264988204923734649e+00
2.310146018853024952e+00
2.355303832782315254e+00
2.400461646711605557e+00
2.445619460640895859e+00
2.490777274570186162e+00
2.535935088499476464e+00
2.581092902428766322e+00
2.626250716358056625e+00
2.671408530287346927e+00
2.716566344216637230e+00
2.761724158145927532e+00
2.806881972075217835e+00
2.852039786004508137e+00
2.895599145791554196e+00
2.939158505578599812e+00
2.982717865365645871e+00
3.026277225152691930e+00
3.069836584939737545e+00
3.113395944726783604e+00
3.156955304513829663e+00
3.200514664300875278e+00
3.244074024087921337e+00
3.287633383874967397e+00
3.331192743662013012e+00
3.374752103449059071e+00
3.418311463236105130e+00
3.461870823023151189e+00
3.461870823023151189e+00
3.504614547502935107e+00
3.547358271982718581e+00
3.590101996462502498e+00
3.632845720942286416e+00
3.675589445422070334e+00
3.718333169901853807e+00
3.761076894381637725e+00
3.803820618861421643e+00
3.846564343341205117e+00
3.889308067820989034e+00
3.932051792300772952e+00
3.974795516780556426e+00
4.017539241260340788e+00
4.060282965740124261e+00
4.103026690219907735e+00
4.145770414699692097e+00
4.188514139179475571e+00
4.231257863659259044e+00
4.274001588139043406e+00
4.316745312618826880e+00
