-2.643625574053458216e+00
-2.512272907331992933e+00
-2.380920240610526761e+00
-2.249567573889061034e+00
-2.118214907167595307e+00
-1.986862240446129579e+00
-1.855509573724663630e+00
-1.724156907003197903e+00
-1.592804240281732175e+00
-1.461451573560266226e+00
-1.330098906838800499e+00
-1.198746240117334771e+00
-1.067393573395869044e+00
-9.360409066744033169e-01
-8.046882399529374785e-01
-6.733355732314714182e-01
-5.419829065100058019e-01
-4.106302397885402411e-01
-2.792775730670742362e-01
-1.479249063456086200e-01
-1.657223962414261509e-02
1.147804270973229873e-01
2.461330938187890061e-01
3.774857605402546223e-01
5.088384272617202386e-01
6.401910939831861880e-01
7.715437607046518043e-01
9.028964274261178646e-01
1.034249094147583481e+00
1.165601760869048986e+00
1.296954427590515380e+00
1.428307094311981107e+00
1.559659761033446612e+00
1.691012427754912339e+00
1.822365094476377845e+00
1.953717761197844238e+00
2.085070427919309743e+00
2.216423094640775471e+00
2.347775761362241198e+00
2.479128428083707369e+00
2.610481094805173097e+00
2.741833761526638824e+00
2.873186428248104107e+00
3.004539094969569835e+00
3.135891761691036450e+00
3.267244428412501733e+00
3.398597095133967461e+00
3.529949761855433188e+00
3.661302428576898915e+00
3.792655095298365087e+00
3.924007762019830814e+00
4.055360428741296097e+00
4.186713095462762269e+00
4.318065762184228440e+00
4.449418428905693723e+00
4.580771095627159895e+00
4.712123762348625178e+00
4.843476429070090461e+00
4.974829095791556632e+00
5.106181762513022804e+00
5.237534429234488975e+00
5.368887095955954258e+00
5.500239762677420430e+00
5.631592429398884825e+00
5.762945096120351884e+00
5.894297762841818056e+00
6.025650429563282451e+00
6.157003096284749510e+00
6.288355763006213905e+00
6.419708429727680077e+00
6.551061096449147136e+00
6.682413763170611531e+00
6.813766429892077703e+00
6.945119096613542986e+00
7.076471763335009157e+00
7.207824430056475329e+00
7.339177096777940612e+00
7.470529763499406783e+00
7.601882430220872955e+00
7.733235096942337350e+00
7.864587763663805298e+00
7.995940430385270581e+00
8.127293097106734976e+00
8.258645763828203812e+00
8.389998430549667319e+00
8.521351097271132602e+00
8.652703763992597885e+00
8.784056430714064945e+00
8.915409097435530228e+00
9.046761764156995511e+00
9.178114430878462571e+00
9.309467097599927854e+00
9.440819764321393137e+00
9.572172431042860197e+00
9.703525097764325480e+00
9.834877764485790763e+00
9.966230431207254270e+00
1.009758309792872311e+01
1.022893576465018839e+01
1.036028843137165190e+01
1.049164109809312073e+01
1.062299376481458602e+01
1.075434643153604952e+01
1.088569909825751836e+01
1.101705176497898364e+01
1.114840443170044715e+01
1.127975709842191598e+01
1.141110976514338127e+01
1.154246243186484477e+01
1.167381509858631006e+01
1.180516776530777889e+01
1.193652043202924240e+01
1.206787309875070768e+01
1.219922576547217652e+01
1.233057843219364003e+01
1.246193109891510531e+01
1.259328376563657059e+01
1.272463643235803765e+01
1.285598909907950294e+01
1.298734176580096822e+01
1.311869443252243528e+01
1.325004709924390056e+01
1.338139976596536584e+01
1.351275243268683113e+01
1.364410509940829819e+01
1.377545776612976347e+01
1.390681043285122875e+01
1.403816309957269581e+01
1.416951576629416110e+01
1.430086843301562638e+01
1.443222109973709344e+01
1.456357376645855872e+01
1.469492643318002401e+01
1.482627909990149107e+01
1.495763176662295635e+01
1.508898443334442163e+01
1.522033710006588514e+01
1.535168976678735397e+01
1.548304243350881926e+01
1.561439510023028276e+01
1.574574776695175160e+01
1.587710043367321688e+01
1.600845310039468217e+01
1.613980576711614745e+01
1.627115843383761273e+01
1.640251110055907802e+01
1.653386376728054330e+01
1.666521643400201214e+01
1.679656910072347742e+01
1.692792176744493915e+01
1.705927443416640799e+01
1.719062710088787327e+01
1.732197976760933855e+01
1.745333243433080739e+01
1.758468510105227267e+01
1.771603776777373795e+01
1.784739043449520324e+01
1.797874310121666852e+01
1.811009576793813380e+01
1.824144843465959909e+01
1.837280110138106792e+01
1.850415376810253321e+01
1.863550643482399494e+01
1.876685910154546377e+01
1.889821176826692906e+01
1.902956443498839434e+01
1.916091710170986318e+01
1.929226976843132846e+01
1.942362243515279019e+01
1.955497510187425547e+01
1.968632776859572431e+01
1.981768043531718959e+01
1.994903310203865487e+01
2.008038576876012371e+01
2.021173843548158544e+01
2.034309110220305072e+01
2.047444376892451956e+01
2.060579643564598484e+01
2.073714910236745013e+01
2.086850176908891896e+01
2.099985443581038069e+01
2.113120710253184598e+01
2.126255976925331126e+01
2.139391243597478010e+01
2.152526510269624538e+01
2.165661776941771066e+01
2.178797043613917594e+01
2.191932310286064123e+01
2.205067576958210651e+01
2.218202843630357535e+01
2.231338110302504063e+01
2.244473376974650591e+01
2.257608643646796764e+01
2.270743910318943648e+01
2.283879176991090176e+01
2.297014443663236705e+01
2.310149710335383588e+01
2.323284977007530117e+01
2.336420243679676290e+01
2.349555510351823173e+01
