0.000000000000000000e+00
8.788692616262251678e-02
1.757738523252450336e-01
2.636607784878675642e-01
3.515477046504900671e-01
4.394346308131125700e-01
5.273215569757351284e-01
6.152084831383576313e-01
7.030954093009801342e-01
7.909823354636026371e-01
8.788692616262251400e-01
9.667561877888476429e-01
1.054643113951470257e+00
1.142530040114092760e+00
1.230416966276715263e+00
1.318303892439337766e+00
1.406190818601960268e+00
1.494077744764582771e+00
1.581964670927205274e+00
1.669851597089827777e+00
1.757738523252450280e+00
1.840599111875425908e+00
1.923459700498401759e+00
2.006320289121377165e+00
2.089180877744353015e+00
2.172041466367328866e+00
2.254902054990304272e+00
2.337762643613280122e+00
2.420623232236255973e+00
2.503483820859231379e+00
2.586344409482207229e+00
2.669204998105183080e+00
2.752065586728158486e+00
2.834926175351134336e+00
2.917786763974110187e+00
3.000647352597085593e+00
3.087100937293761227e+00
3.173554521990436861e+00
3.260008106687112495e+00
3.346461691383788128e+00
3.432915276080463762e+00
3.519368860777139396e+00
3.605822445473814586e+00
3.685719651076198478e+00
3.765616856678582813e+00
3.845514062280966705e+00
3.925411267883351041e+00
4.005308473485735377e+00
4.085205679088119268e+00
4.165102884690503160e+00
4.245000090292887052e+00
4.324897295895271832e+00
4.404794501497655723e+00
4.484691707100039615e+00
4.564588912702423507e+00
4.644486118304807398e+00
4.724383323907192178e+00
4.804280529509576070e+00
4.884177735111959962e+00
4.964074940714343853e+00
5.043972146316728633e+00
5.123869351919112525e+00
5.203766557521496416e+00
5.283663763123880308e+00
5.363560968726265088e+00
5.436673252805361400e+00
5.509785536884457713e+00
5.582897820963554025e+00
5.656010105042650338e+00
5.729122389121745762e+00
5.802234673200842074e+00
5.875346957279938387e+00
5.948459241359034699e+00
6.021571525438131012e+00
6.094683809517227324e+00
6.167796093596323637e+00
6.240908377675419061e+00
6.314020661754515373e+00
6.387132945833611686e+00
6.460245229912707998e+00
6.533357513991804311e+00
6.606469798070900623e+00
6.606469798070900623e+00
6.682116684680491581e+00
6.757763571290082538e+00
6.833410457899674384e+00
6.909057344509265342e+00
6.984704231118856299e+00
7.060351117728447257e+00
7.135998004338038214e+00
7.211644890947630060e+00
7.211644890947630060e+00
7.287291777557221018e+00
7.362938664166811975e+00
7.438585550776403821e+00
7.514232437385994778e+00
7.589879323995585736e+00
7.665526210605176693e+00
7.741173097214767651e+00
7.816819983824359497e+00
