0.000000000000000000e+00
2.906328095279801793e-02
5.812656190559603586e-02
8.718984285839405379e-02
1.162531238111920717e-01
1.453164047639901035e-01
1.743796857167881076e-01
2.034429666695861116e-01
2.325062476223841434e-01
2.615695285751821753e-01
2.906328095279802071e-01
3.196960904807781834e-01
3.485127939178919165e-01
3.773294973550057052e-01
4.061462007921194384e-01
4.349629042292332270e-01
4.637796076663469602e-01
4.925963111034606934e-01
5.214130145405744265e-01
5.502297179776882707e-01
5.790464214148020039e-01
5.790464214148020039e-01
6.076033689003775828e-01
6.361603163859532728e-01
6.647172638715288517e-01
6.932742113571045417e-01
7.218311588426801206e-01
7.503881063282558106e-01
7.789450538138313895e-01
8.075020012994069685e-01
8.360589487849825474e-01
8.646158962705582374e-01
8.931728437561339273e-01
9.217297912417095063e-01
9.502867387272850852e-01
9.788436862128606641e-01
1.006178143349735654e+00
1.033512600486610644e+00
1.060847057623485856e+00
1.088181514760360846e+00
1.115515971897235836e+00
1.142850429034110826e+00
1.170184886170985816e+00
1.197519343307861028e+00
1.224853800444736018e+00
1.252188257581611008e+00
1.279522714718486220e+00
1.306857171855360988e+00
1.334191628992236200e+00
1.361526086129111190e+00
1.388860543265986180e+00
1.388860543265986180e+00
1.416922877127382296e+00
1.444985210988778190e+00
1.473047544850174306e+00
1.501109878711570422e+00
1.529172212572966316e+00
1.557234546434362432e+00
1.585296880295758548e+00
1.613359214157154442e+00
1.641421548018550558e+00
1.669483881879946452e+00
1.697546215741342568e+00
1.725608549602738684e+00
1.753670883464134578e+00
1.781733217325530694e+00
1.809795551186926588e+00
1.835828398844306042e+00
1.861861246501685718e+00
1.887894094159065173e+00
1.913926941816444627e+00
1.939959789473824303e+00
1.965992637131203757e+00
1.992025484788583212e+00
2.018058332445962666e+00
2.044091180103342342e+00
2.070124027760722019e+00
2.096156875418101251e+00
2.122189723075480927e+00
2.148222570732860603e+00
2.174255418390239836e+00
2.200288266047619512e+00
2.226321113704999188e+00
2.226321113704999188e+00
2.252312072963430722e+00
2.278303032221862257e+00
2.304293991480293791e+00
2.330284950738725325e+00
2.356275909997156859e+00
2.382266869255588837e+00
2.408257828514020371e+00
2.434248787772451905e+00
2.460239747030883439e+00
2.486230706289314973e+00
2.512221665547746507e+00
2.538212624806178042e+00
2.564203584064609576e+00
2.590194543323041110e+00
2.616185502581472644e+00
2.642176461839904178e+00
