0.000000000000000000e+00
4.192515563480252172e-02
8.385031126960504344e-02
1.257754669044075513e-01
1.677006225392100869e-01
2.096257781740126225e-01
2.515509338088151026e-01
2.934760894436176382e-01
3.354012450784201738e-01
3.773264007132227094e-01
4.192515563480252450e-01
4.611767119828277250e-01
5.031018676176302051e-01
5.450270232524327962e-01
5.869521788872352763e-01
5.869521788872352763e-01
1.173904357774470553e+00
1.213295955792640601e+00
1.252687553810810872e+00
1.292079151828980921e+00
1.331470749847151192e+00
1.370862347865321240e+00
1.410253945883491511e+00
1.449645543901661560e+00
1.489037141919831608e+00
1.528428739938001879e+00
1.567820337956171928e+00
1.607211935974341976e+00
1.646603533992512247e+00
1.685995132010682518e+00
1.725386730028852345e+00
1.764778328047022615e+00
1.805442556175115953e+00
1.846106784303209292e+00
1.886771012431302630e+00
1.927435240559395968e+00
1.968099468687489084e+00
2.008763696815582644e+00
2.049427924943675983e+00
2.090092153071768877e+00
2.130756381199862659e+00
2.171420609327955553e+00
2.212084837456048891e+00
2.252749065584142230e+00
2.293413293712235568e+00
2.334077521840328906e+00
2.374741749968422244e+00
2.374741749968422244e+00
2.414260162396733023e+00
2.453778574825043801e+00
2.493296987253354580e+00
2.532815399681665802e+00
2.572333812109976581e+00
2.611852224538287359e+00
2.651370636966598138e+00
2.690889049394908916e+00
2.730407461823219695e+00
2.769925874251530473e+00
2.809444286679841252e+00
2.848962699108152030e+00
2.888481111536463253e+00
2.927999523964774031e+00
2.967517936393084810e+00
3.007036348821395588e+00
3.046554761249706367e+00
3.084475134417743458e+00
3.122395507585780550e+00
3.160315880753817641e+00
3.198236253921854289e+00
3.236156627089891380e+00
3.274077000257928471e+00
3.311997373425965563e+00
3.349917746594002654e+00
3.387838119762039746e+00
3.425758492930076393e+00
3.463678866098113485e+00
3.501599239266150576e+00
3.539519612434187668e+00
3.577439985602224759e+00
3.615360358770261850e+00
3.653280731938298942e+00
3.653280731938298942e+00
3.690426585650882885e+00
3.727572439363466827e+00
3.764718293076050770e+00
3.801864146788634269e+00
3.839010000501218212e+00
3.876155854213802154e+00
3.913301707926386097e+00
3.950447561638970040e+00
3.987593415351553539e+00
4.024739269064137481e+00
4.061885122776721424e+00
4.099030976489305367e+00
4.136176830201889310e+00
4.173322683914473252e+00
4.210468537627057195e+00
4.247614391339641138e+00
4.284760245052224192e+00
4.321906098764808135e+00
