0.000000000000000000e+00
1.940473844904940307e-02
3.880947689809880613e-02
5.821421534714821266e-02
7.761895379619761226e-02
9.702369224524701186e-02
1.164284306942964253e-01
1.358331691433458110e-01
1.552379075923952245e-01
1.746426460414446380e-01
1.940473844904940237e-01
2.134521229395434372e-01
2.328568613885928229e-01
2.515892824959053420e-01
2.703217036032178333e-01
2.890541247105303246e-01
3.077865458178428160e-01
3.265189669251553628e-01
3.452513880324677986e-01
3.639838091397803455e-01
3.827162302470928368e-01
4.014486513544053281e-01
4.201810724617178749e-01
4.389134935690303108e-01
4.576459146763428576e-01
4.576459146763428576e-01
4.761478837372408734e-01
4.946498527981388893e-01
5.131518218590368496e-01
5.316537909199349210e-01
5.501557599808328813e-01
5.686577290417309527e-01
5.871596981026289130e-01
6.056616671635268734e-01
6.241636362244249447e-01
6.426656052853230161e-01
6.611675743462209764e-01
6.796695434071189368e-01
6.981715124680170081e-01
7.166734815289149685e-01
7.351754505898129288e-01
7.536774196507110002e-01
7.721793887116090715e-01
7.912884117219943780e-01
8.103974347323796845e-01
8.295064577427649910e-01
8.486154807531502975e-01
8.677245037635356040e-01
8.868335267739209105e-01
9.059425497843061059e-01
9.250515727946915234e-01
9.441605958050767189e-01
9.632696188154621364e-01
9.823786418258473319e-01
1.001487664836232749e+00
1.020596687846617945e+00
1.020596687846617945e+00
1.039073968611810450e+00
1.057551249377003177e+00
1.076028530142195683e+00
1.094505810907388188e+00
1.112983091672580693e+00
1.131460372437773199e+00
1.149937653202965926e+00
1.168414933968158431e+00
1.186892214733350936e+00
1.205369495498543664e+00
1.223846776263736169e+00
1.242324057028928674e+00
1.260801337794121180e+00
1.279278618559313685e+00
1.297755899324506412e+00
1.316352075975745883e+00
1.334948252626985132e+00
1.353544429278224603e+00
1.372140605929464074e+00
1.390736782580703546e+00
1.409332959231942795e+00
1.427929135883182266e+00
1.446525312534421737e+00
1.465121489185661208e+00
1.483717665836900457e+00
1.502313842488139928e+00
1.520910019139379399e+00
1.539506195790618648e+00
1.539506195790618648e+00
1.558095219015595445e+00
1.576684242240572020e+00
1.595273265465548818e+00
1.613862288690525393e+00
1.632451311915502190e+00
1.651040335140478987e+00
1.669629358365455563e+00
1.688218381590432360e+00
1.706807404815408935e+00
1.725396428040385732e+00
1.743985451265362308e+00
1.762574474490339105e+00
1.781163497715315902e+00
1.799752520940292477e+00
