-2.841337688824459029e+00
-2.701050643097270498e+00
-2.560763597370081079e+00
-2.420476551642892549e+00
-2.280189505915703130e+00
-2.139902460188514599e+00
-1.999615414461325624e+00
-1.859328368734136649e+00
-1.719041323006947675e+00
-1.578754277279758700e+00
-1.438467231552569725e+00
-1.298180185825380972e+00
-1.157893140098191997e+00
-1.017606094371003023e+00
-8.773190486438141589e-01
-7.370320029166249620e-01
-5.967449571894362093e-01
-4.564579114622474565e-01
-3.161708657350582596e-01
-1.758838200078694514e-01
-3.559677428068026145e-02
1.046902714465085121e-01
2.449773171736972788e-01
3.852643629008865034e-01
5.255514086280752561e-01
6.658384543552640089e-01
8.061255000824532058e-01
9.464125458096419585e-01
1.086699591536830711e+00
1.226986637264019464e+00
1.367273682991209105e+00
1.507560728718397858e+00
1.647847774445586833e+00
1.788134820172775585e+00
1.928421865899964338e+00
2.068708911627153757e+00
2.208995957354342732e+00
2.349283003081531263e+00
2.489570048808720237e+00
2.629857094535909212e+00
2.770144140263098631e+00
2.910431185990287606e+00
3.050718231717476137e+00
3.191005277444665111e+00
3.331292323171853642e+00
3.471579368899042617e+00
3.611866414626232036e+00
3.752153460353421011e+00
3.892440506080609541e+00
4.032727551807798072e+00
4.173014597534987047e+00
4.313301643262176910e+00
4.453588688989365885e+00
4.593875734716553971e+00
4.734162780443742946e+00
4.874449826170932809e+00
5.014736871898120896e+00
5.155023917625310759e+00
5.295310963352497957e+00
5.435598009079687820e+00
5.575885054806877683e+00
5.716172100534065770e+00
5.856459146261254745e+00
5.996746191988442831e+00
6.137033237715632694e+00
6.277320283442822557e+00
6.417607329170009756e+00
6.557894374897199619e+00
6.698181420624387705e+00
6.838468466351577568e+00
6.978755512078766543e+00
7.119042557805954630e+00
7.259329603533144493e+00
7.399616649260332579e+00
7.539903694987522442e+00
7.680190740714711417e+00
7.820477786441899504e+00
7.960764832169089367e+00
8.101051877896276565e+00
8.241338923623466428e+00
8.381625969350656291e+00
8.521913015077844378e+00
8.662200060805034241e+00
8.802487106532222327e+00
8.942774152259412190e+00
9.083061197986600277e+00
9.223348243713788364e+00
9.363635289440978227e+00
9.503922335168166313e+00
9.644209380895356176e+00
9.784496426622544263e+00
9.924783472349734126e+00
1.006507051807692399e+01
1.020535756380411208e+01
1.034564460953130016e+01
1.048593165525848825e+01
1.062621870098567811e+01
1.076650574671286797e+01
1.090679279244005606e+01
1.104707983816724592e+01
1.118736688389443401e+01
1.132765392962162387e+01
1.146794097534881196e+01
1.160822802107600005e+01
1.174851506680318991e+01
1.188880211253037800e+01
1.202908915825756786e+01
1.216937620398475772e+01
1.230966324971194581e+01
1.244995029543913567e+01
1.259023734116632554e+01
1.273052438689351185e+01
1.287081143262069993e+01
1.301109847834788980e+01
1.315138552407507966e+01
1.329167256980226952e+01
1.343195961552945583e+01
1.357224666125664569e+01
1.371253370698383556e+01
1.385282075271102542e+01
1.399310779843821351e+01
1.413339484416539982e+01
1.427368188989258968e+01
1.441396893561977954e+01
1.455425598134696941e+01
1.469454302707415927e+01
1.483483007280134558e+01
1.497511711852853544e+01
1.511540416425572531e+01
1.525569120998291517e+01
1.539597825571010503e+01
1.553626530143728779e+01
1.567655234716447765e+01
1.581683939289166752e+01
1.595712643861885738e+01
1.609741348434604546e+01
1.623770053007323710e+01
1.637798757580042519e+01
1.651827462152761683e+01
1.665856166725480492e+01
1.679884871298199300e+01
1.693913575870917754e+01
1.707942280443636562e+01
1.721970985016355726e+01
1.735999689589074535e+01
1.750028394161793699e+01
1.764057098734512508e+01
1.778085803307231672e+01
1.792114507879950480e+01
1.806143212452669289e+01
1.820171917025388453e+01
1.834200621598106551e+01
1.848229326170825715e+01
1.862258030743544523e+01
1.876286735316263687e+01
1.890315439888982496e+01
1.904344144461701660e+01
1.918372849034420469e+01
1.932401553607139277e+01
1.946430258179858441e+01
1.960458962752577250e+01
1.974487667325295703e+01
1.988516371898014512e+01
2.002545076470733676e+01
2.016573781043452485e+01
2.030602485616171649e+01
2.044631190188890457e+01
2.058659894761609266e+01
2.072688599334328430e+01
2.086717303907047238e+01
2.100746008479765692e+01
2.114774713052484501e+01
2.128803417625203664e+01
2.142832122197922473e+01
2.156860826770641637e+01
2.170889531343360446e+01
2.184918235916079254e+01
2.198946940488798418e+01
2.212975645061517227e+01
2.227004349634236391e+01
2.241033054206954489e+01
2.255061758779673653e+01
2.269090463352392462e+01
2.283119167925111626e+01
2.297147872497830434e+01
2.311176577070549243e+01
2.325205281643268407e+01
2.339233986215987215e+01
2.353262690788706379e+01
2.367291395361425188e+01
2.381320099934143641e+01
2.395348804506862450e+01
2.409377509079581614e+01
2.423406213652300423e+01
2.437434918225019231e+01
2.451463622797738395e+01
2.465492327370457204e+01
2.479521031943176368e+01
2.493549736515895177e+01
2.507578441088613985e+01
