0.000000000000000000e+00
2.555967997727283739e-02
5.111935995454567477e-02
7.667903993181851563e-02
1.022387199090913495e-01
1.277983998863641835e-01
1.533580798636370313e-01
1.789177598409098513e-01
2.044774398181826991e-01
2.300371197954555469e-01
2.555967997727283669e-01
2.811564797500011870e-01
3.067161597272740625e-01
3.322758397045468826e-01
3.596890493730783289e-01
3.871022590416097753e-01
4.145154687101411661e-01
4.419286783786726125e-01
4.693418880472040589e-01
4.967550977157354497e-01
5.241683073842668961e-01
5.515815170527983424e-01
5.789947267213297888e-01
5.789947267213297888e-01
6.034877464984971240e-01
6.279807662756643483e-01
6.524737860528316835e-01
6.769668058299990188e-01
7.014598256071662430e-01
7.259528453843335782e-01
7.504458651615009135e-01
7.749388849386682487e-01
7.994319047158354730e-01
8.239249244930028082e-01
8.484179442701700324e-01
8.729109640473373677e-01
8.974039838245047029e-01
9.218970036016720382e-01
9.463900233788393734e-01
9.708830431560065977e-01
9.955208125843678646e-01
1.020158582012729021e+00
1.044796351441090287e+00
1.069434120869451554e+00
1.094071890297812821e+00
1.118709659726174088e+00
1.143347429154535355e+00
1.167985198582896622e+00
1.192622968011257889e+00
1.217260737439619156e+00
1.241898506867980423e+00
1.266536276296341690e+00
1.291174045724702957e+00
1.291174045724702957e+00
1.316249313398564436e+00
1.341324581072426136e+00
1.366399848746287615e+00
1.391475116420149094e+00
1.416550384094010795e+00
1.441625651767872274e+00
1.466700919441733753e+00
1.491776187115595453e+00
1.516851454789456932e+00
1.541926722463318633e+00
1.567001990137180112e+00
1.592077257811041591e+00
1.617152525484903069e+00
1.642227793158764770e+00
1.667303060832626249e+00
1.692378328506487950e+00
1.717453596180349429e+00
1.742528863854210908e+00
1.766068158725751625e+00
1.789607453597292341e+00
1.813146748468833058e+00
1.836686043340373775e+00
1.860225338211914492e+00
1.883764633083455209e+00
1.907303927954995926e+00
1.930843222826536643e+00
1.954382517698077359e+00
1.977921812569618076e+00
2.001461107441159015e+00
2.001461107441159015e+00
2.025705933080086840e+00
2.049950758719014665e+00
2.074195584357942490e+00
2.098440409996870315e+00
2.122685235635798140e+00
2.146930061274725965e+00
2.171174886913653346e+00
2.195419712552581171e+00
2.219664538191508996e+00
2.243909363830436821e+00
2.268154189469364646e+00
2.292399015108292470e+00
2.316643840747220295e+00
2.340888666386148120e+00
2.365133492025075945e+00
2.389378317664003770e+00
