-2.973818535854300116e+00
-2.857886284277727729e+00
-2.741954032701155786e+00
-2.626021781124583399e+00
-2.510089529548010567e+00
-2.394157277971438624e+00
-2.278225026394866237e+00
-2.162292774818293850e+00
-2.046360523241721463e+00
-1.930428271665149076e+00
-1.814496020088576689e+00
-1.698563768512004524e+00
-1.582631516935431915e+00
-1.466699265358859749e+00
-1.350767013782287362e+00
-1.234834762205714975e+00
-1.118902510629142588e+00
-1.002970259052570201e+00
-8.870380074759978140e-01
-7.711057558994256489e-01
-6.551735043228531508e-01
-5.392412527462806526e-01
-4.233090011697085986e-01
-3.073767495931361005e-01
-1.914444980165636023e-01
-7.551224643999152053e-02
4.042000513658097760e-02
1.563522567131534757e-01
2.722845082897255575e-01
3.882167598662980557e-01
5.041490114428706093e-01
6.200812630194426633e-01
7.360135145960151615e-01
8.519457661725876596e-01
9.678780177491597136e-01
1.083810269325731879e+00
1.199742520902304710e+00
1.315674772478876875e+00
1.431607024055448818e+00
1.547539275632021871e+00
1.663471527208593814e+00
1.779403778785165979e+00
1.895336030361738811e+00
2.011268281938311198e+00
2.127200533514883141e+00
2.243132785091455972e+00
2.359065036668027915e+00
2.474997288244600302e+00
2.590929539821173133e+00
2.706861791397745076e+00
2.822794042974317463e+00
2.938726294550890294e+00
3.054658546127462238e+00
3.170590797704034181e+00
3.286523049280607456e+00
3.402455300857179399e+00
3.518387552433751342e+00
3.634319804010324173e+00
3.750252055586896560e+00
3.866184307163468503e+00
3.982116558740041334e+00
4.098048810316613277e+00
4.213981061893185220e+00
4.329913313469758940e+00
4.445845565046330883e+00
4.561777816622902826e+00
4.677710068199475657e+00
4.793642319776047600e+00
4.909574571352619543e+00
5.025506822929191486e+00
5.141439074505764317e+00
5.257371326082338037e+00
5.373303577658909980e+00
5.489235829235481923e+00
5.605168080812053866e+00
5.721100332388625809e+00
5.837032583965197752e+00
5.952964835541771471e+00
6.068897087118344302e+00
6.184829338694916245e+00
6.300761590271488188e+00
6.416693841848060131e+00
6.532626093424632074e+00
6.648558345001205794e+00
6.764490596577777737e+00
6.880422848154350568e+00
6.996355099730922511e+00
7.112287351307494454e+00
7.228219602884066397e+00
7.344151854460640116e+00
7.460084106037212059e+00
7.576016357613784891e+00
7.691948609190355945e+00
7.807880860766929665e+00
7.923813112343499832e+00
8.039745363920072663e+00
8.155677615496648158e+00
8.271609867073218325e+00
8.387542118649792044e+00
8.503474370226362211e+00
8.619406621802935931e+00
8.735338873379509650e+00
8.851271124956079817e+00
8.967203376532653536e+00
9.083135628109223703e+00
9.199067879685797422e+00
9.315000131262367589e+00
9.430932382838941308e+00
9.546864634415515027e+00
9.662796885992085194e+00
9.778729137568658913e+00
9.894661389145230856e+00
1.001059364072180458e+01
1.012652589229837830e+01
1.024245814387494846e+01
1.035839039545152218e+01
1.047432264702809235e+01
1.059025489860466607e+01
1.070618715018123623e+01
1.082211940175780995e+01
1.093805165333438367e+01
1.105398390491095384e+01
1.116991615648752756e+01
1.128584840806409773e+01
1.140178065964067144e+01
1.151771291121724694e+01
1.163364516279381711e+01
1.174957741437039083e+01
1.186550966594696099e+01
1.198144191752353471e+01
1.209737416910010488e+01
1.221330642067667860e+01
1.232923867225325232e+01
1.244517092382982248e+01
1.256110317540639620e+01
1.267703542698296992e+01
1.279296767855954009e+01
1.290889993013611381e+01
1.302483218171268398e+01
1.314076443328925770e+01
1.325669668486582964e+01
1.337262893644240336e+01
1.348856118801897708e+01
1.360449343959554724e+01
1.372042569117212096e+01
1.383635794274869113e+01
1.395229019432526485e+01
1.406822244590183857e+01
1.418415469747840874e+01
1.430008694905498245e+01
1.441601920063155262e+01
1.453195145220812634e+01
1.464788370378469651e+01
1.476381595536127023e+01
1.487974820693784572e+01
1.499568045851441589e+01
1.511161271009098961e+01
1.522754496166755978e+01
1.534347721324413349e+01
1.545940946482070721e+01
1.557534171639727738e+01
1.569127396797385110e+01
1.580720621955042127e+01
1.592313847112699499e+01
1.603907072270356693e+01
1.615500297428014065e+01
1.627093522585671437e+01
1.638686747743328453e+01
1.650279972900985825e+01
1.661873198058642842e+01
1.673466423216300214e+01
1.685059648373957586e+01
1.696652873531614603e+01
1.708246098689271975e+01
1.719839323846928991e+01
1.731432549004586363e+01
1.743025774162243380e+01
1.754618999319900752e+01
1.766212224477558124e+01
1.777805449635215140e+01
1.789398674792872512e+01
1.800991899950529529e+01
1.812585125108186901e+01
1.824178350265844273e+01
1.835771575423501289e+01
1.847364800581158661e+01
1.858958025738815678e+01
1.870551250896473050e+01
1.882144476054130067e+01
1.893737701211787439e+01
1.905330926369444811e+01
1.916924151527102183e+01
1.928517376684759554e+01
1.940110601842416571e+01
1.951703827000073943e+01
1.963297052157730960e+01
1.974890277315388332e+01
1.986483502473045704e+01
1.998076727630702720e+01
2.009669952788360092e+01
