0.000000000000000000e+00
3.588342896161560852e-02
7.176685792323121704e-02
1.076502868848468186e-01
1.435337158464624341e-01
1.794171448080780495e-01
2.153005737696936372e-01
2.511840027313092527e-01
2.870674316929248682e-01
3.229508606545404836e-01
3.588342896161560991e-01
3.947177185777717145e-01
4.306011475393872745e-01
4.664845765010028900e-01
5.023680054626185054e-01
5.023680054626185054e-01
5.026689795147122330e-01
5.026689795147122330e-01
1.323682461375281338e+00
1.360904343255580518e+00
1.398126225135879475e+00
1.435348107016178654e+00
1.472569988896477611e+00
1.509791870776776790e+00
1.547013752657075747e+00
1.584235634537374926e+00
1.621457516417673883e+00
1.658679398297973062e+00
1.695901280178272241e+00
1.733123162058571198e+00
1.770329681956204659e+00
1.807536201853837898e+00
1.844742721751471359e+00
1.881949241649104820e+00
1.919155761546738281e+00
1.956362281444371742e+00
1.993568801342004981e+00
2.030775321239638664e+00
2.067981841137271903e+00
2.105188361034905142e+00
2.142394880932538825e+00
2.176611570779486637e+00
2.210828260626434449e+00
2.245044950473382261e+00
2.279261640320330073e+00
2.313478330167277885e+00
2.347695020014225697e+00
2.381911709861173509e+00
2.416128399708121322e+00
2.450345089555069134e+00
2.484561779402016946e+00
2.518778469248964758e+00
2.552995159095912570e+00
2.587211848942860382e+00
2.621428538789808194e+00
2.655645228636756450e+00
2.689861918483703818e+00
2.724078608330652074e+00
2.724078608330652074e+00
2.724285591082210800e+00
2.760640824044592989e+00
2.796996057006974734e+00
2.833351289969356923e+00
2.869706522931739112e+00
2.906061755894121301e+00
2.942416988856503046e+00
2.978772221818885235e+00
3.015127454781267424e+00
3.052365201474393164e+00
3.089602948167518903e+00
3.126840694860644643e+00
3.164078441553770382e+00
3.201316188246896122e+00
3.238553934940021861e+00
3.275791681633147601e+00
3.313029428326273340e+00
3.350267175019399080e+00
3.387504921712524819e+00
3.424742668405650559e+00
3.458958815204153492e+00
3.493174962002655981e+00
3.527391108801158914e+00
3.561607255599661404e+00
3.595823402398164337e+00
3.630039549196666826e+00
3.664255695995169759e+00
3.698471842793672248e+00
3.732687989592175182e+00
3.766904136390677671e+00
3.801120283189180604e+00
3.835336429987683537e+00
3.835336429987683537e+00
3.871549129567048997e+00
3.907761829146414456e+00
3.943974528725779916e+00
3.980187228305145375e+00
4.016399927884511278e+00
4.052612627463876294e+00
4.088825327043242197e+00
4.125038026622607212e+00
