-1.452031908215818845e+00
-1.427689772860818662e+00
-1.403347637505818479e+00
-1.379005502150818518e+00
-1.354663366795818336e+00
-1.330321231440818153e+00
-1.305979096085817970e+00
-1.281636960730818009e+00
-1.257294825375817604e+00
-1.232952690020817643e+00
-1.208610554665817460e+00
-1.184268419310817499e+00
-1.159926283955817317e+00
-1.135584148600817134e+00
-1.111242013245817173e+00
-1.086899877890816768e+00
-1.062557742535816807e+00
-1.038215607180816624e+00
-1.013873471825816663e+00
-9.895313364708163695e-01
-9.651892011158162976e-01
-9.408470657608161147e-01
-9.165049304058160429e-01
-8.921627950508158600e-01
-8.678206596958157881e-01
-8.434785243408156052e-01
-8.191363889858155334e-01
-7.947942536308154615e-01
-7.704521182758152786e-01
-7.461099829208152068e-01
-7.217678475658150239e-01
-6.974257122108149520e-01
-6.730835768558147691e-01
-6.487414415008146973e-01
-6.243993061458145144e-01
-6.000571707908144425e-01
-5.757150354358142597e-01
-5.513729000808140768e-01
-5.270307647258141159e-01
-5.026886293708138220e-01
-4.783464940158138057e-01
-4.540043586608135673e-01
-4.296622233058135509e-01
-4.053200879508135346e-01
-3.809779525958132962e-01
-3.566358172408132798e-01
-3.322936818858130414e-01
-3.079515465308129696e-01
-2.836094111758127312e-01
-2.592672758208127148e-01
-2.349251404658124764e-01
-2.105830051108124601e-01
-1.862408697558122217e-01
-1.618987344008121776e-01
-1.375565990458121612e-01
-1.132144636908119090e-01
-8.887232833581187874e-02
-6.453019298081164035e-02
-4.018805762581161706e-02
-1.584592227081137519e-02
8.496213084188655035e-03
3.283834843918889690e-02
5.718048379418892019e-02
8.152261914918916552e-02
1.058647545041891957e-01
1.302068898591892121e-01
1.545490252141894505e-01
1.788911605691894946e-01
2.032332959241897330e-01
2.275754312791897493e-01
2.519175666341900155e-01
2.762597019891900318e-01
3.006018373441902702e-01
3.249439726991902866e-01
3.492861080541905250e-01
3.736282434091905413e-01
3.979703787641906132e-01
4.223125141191908516e-01
4.466546494741910900e-01
4.709967848291911063e-01
4.953389201841911227e-01
5.196810555391911945e-01
5.440231908941915995e-01
5.683653262491916713e-01
5.927074616041916322e-01
6.170495969591917040e-01
6.413917323141917759e-01
6.657338676691921808e-01
6.900760030241922527e-01
7.144181383791922135e-01
7.387602737341922854e-01
7.631024090891926903e-01
7.874445444441927622e-01
8.117866797991927230e-01
8.361288151541927949e-01
8.604709505091931998e-01
8.848130858641932717e-01
9.091552212191933435e-01
9.334973565741933044e-01
9.578394919291933762e-01
9.821816272841937812e-01
1.006523762639193853e+00
1.030865897994193814e+00
1.055208033349193997e+00
1.079550168704194402e+00
1.103892304059194363e+00
1.128234439414194323e+00
1.152576574769194506e+00
1.176918710124194467e+00
1.201260845479194872e+00
1.225602980834195055e+00
1.249945116189195016e+00
1.274287251544194977e+00
1.298629386899195381e+00
1.322971522254195564e+00
1.347313657609195525e+00
1.371655792964195486e+00
1.395997928319195891e+00
1.420340063674196074e+00
1.444682199029196035e+00
1.469024334384195996e+00
1.493366469739196178e+00
1.517708605094196583e+00
1.542050740449196544e+00
1.566392875804196727e+00
1.590735011159196688e+00
1.615077146514197093e+00
1.639419281869197054e+00
1.663761417224197237e+00
1.688103552579197197e+00
1.712445687934197158e+00
1.736787823289197563e+00
1.761129958644197746e+00
1.785472093999197707e+00
1.809814229354197668e+00
1.834156364709198295e+00
1.858498500064198256e+00
1.882840635419198216e+00
1.907182770774198399e+00
1.931524906129198138e+00
1.955867041484198543e+00
1.980209176839198948e+00
2.004551312194198687e+00
2.028893447549199092e+00
2.053235582904199497e+00
2.077577718259199013e+00
2.101919853614199418e+00
2.126261988969199379e+00
2.150604124324199784e+00
2.174946259679200189e+00
2.199288395034199706e+00
2.223630530389200111e+00
2.247972665744199627e+00
2.272314801099200032e+00
2.296656936454200437e+00
2.320999071809200398e+00
2.345341207164200803e+00
2.369683342519200320e+00
2.394025477874200725e+00
2.418367613229201130e+00
2.442709748584200646e+00
2.467051883939201051e+00
2.491394019294201012e+00
2.515736154649201417e+00
2.540078290004201822e+00
2.564420425359201339e+00
2.588762560714201744e+00
2.613104696069201260e+00
2.637446831424202109e+00
2.661788966779202514e+00
2.686131102134202031e+00
2.710473237489202436e+00
2.734815372844201953e+00
2.759157508199202358e+00
2.783499643554202763e+00
2.807841778909202723e+00
2.832183914264203128e+00
2.856526049619203533e+00
2.880868184974203050e+00
2.905210320329203455e+00
2.929552455684202972e+00
2.953894591039203377e+00
2.978236726394203782e+00
3.002578861749203742e+00
3.026920997104204147e+00
3.051263132459203664e+00
3.075605267814204069e+00
3.099947403169204474e+00
3.124289538524203991e+00
3.148631673879204396e+00
3.172973809234205245e+00
3.197315944589204761e+00
3.221658079944205166e+00
3.246000215299204683e+00
3.270342350654205088e+00
3.294684486009205493e+00
3.319026621364205454e+00
3.343368756719205859e+00
3.367710892074205375e+00
3.392053027429205780e+00
