0.000000000000000000e+00
3.688371039493098386e-02
7.376742078986196771e-02
1.106511311847929446e-01
1.475348415797239354e-01
1.844185519746549262e-01
2.213022623695858893e-01
2.581859727645168801e-01
3.028193712419678385e-01
3.474527697194187970e-01
3.920861681968696999e-01
4.367195666743206584e-01
4.367195666743206584e-01
4.748290655130454896e-01
5.129385643517703208e-01
5.510480631904951521e-01
5.891575620292199833e-01
6.272670608679447035e-01
6.653765597066695348e-01
7.034860585453943660e-01
7.415955573841191972e-01
7.761947544804204124e-01
8.107939515767217387e-01
8.453931486730230649e-01
8.799923457693242801e-01
9.145915428656254953e-01
9.491907399619268215e-01
9.837899370582281477e-01
1.018389134154529252e+00
1.052988331250830578e+00
1.087587528347131904e+00
1.122186725443433231e+00
1.156785922539734557e+00
1.191385119636035661e+00
1.225984316732336987e+00
1.260583513828638313e+00
1.295182710924939418e+00
1.329781908021240966e+00
1.364381105117542070e+00
1.398980302213843396e+00
1.398980302213843396e+00
1.433691103386792731e+00
1.468401904559742066e+00
1.503112705732691401e+00
1.537823506905640736e+00
1.572534308078590071e+00
1.607245109251539406e+00
1.641955910424488740e+00
1.676666711597438075e+00
1.711377512770387410e+00
1.746088313943336745e+00
1.780799115116286080e+00
1.815509916289235637e+00
1.850220717462184972e+00
1.884931518635134307e+00
1.919642319808083641e+00
1.954353120981032976e+00
1.989063922153982311e+00
2.023774723326931646e+00
2.058485524499880981e+00
2.091460785614182694e+00
2.124436046728484850e+00
2.157411307842786563e+00
2.190386568957088720e+00
2.223361830071390433e+00
2.256337091185692145e+00
2.289312352299994302e+00
2.322287613414296015e+00
2.355262874528598172e+00
2.388238135642899884e+00
2.421213396757202041e+00
2.454188657871503754e+00
2.487163918985805466e+00
2.520139180100107623e+00
2.553114441214409336e+00
2.586089702328711049e+00
2.619064963443013205e+00
2.652040224557314918e+00
2.685015485671617075e+00
2.717990746785918788e+00
2.717990746785918788e+00
2.752589943882219892e+00
2.787189140978521440e+00
2.821788338074822544e+00
2.856387535171123648e+00
2.890986732267425197e+00
2.925585929363726301e+00
2.960185126460027405e+00
2.994784323556328953e+00
3.029383520652630057e+00
3.063982717748931162e+00
3.098581914845232710e+00
3.133181111941533814e+00
3.167780309037834918e+00
3.202379506134136466e+00
3.236978703230437571e+00
3.271577900326738675e+00
3.306177097423040223e+00
3.340776294519341327e+00
3.375375491615642431e+00
