-3.941298607060611525e-01 -3.937036832944051934e-01 -3.936754777946805950e-01 -2.128187153463840381e-02 -1.903387803415879792e-02 -1.488641005542229445e-02 3.552124885590666192e-01 3.552814981342760636e-01 3.552815446757545126e-01 6.995468545504329727e-01 6.995758650960914871e-01 6.996049066894879376e-01 1.909308465520696885e+00 1.909325039704828031e+00 1.909342717252387578e+00
-4.183956311810435591e-01 -3.927776009855471484e-01 -3.924750418472225388e-01 3.712976785596164286e-02 4.136814172032476922e-02 2.465799332464806426e-01 3.617963901052063114e-01 3.620079192706671667e-01 3.648065638431365332e-01 7.002379820583681802e-01 7.002738391519196526e-01 7.535332641020936473e-01 1.909442453461861033e+00 1.909459256871278710e+00 1.939544351726288918e+00
-4.182201314073513143e-01 -3.887497109416974128e-01 -3.883046067223804854e-01 7.726580960021953159e-02 8.274347275781125666e-02 3.192738874568433194e-01 3.809544860447111603e-01 3.815968315368631347e-01 4.480461493865173783e-01 7.021705611955246784e-01 7.022249665557859233e-01 9.076693083355169556e-01 1.909786352829656364e+00 1.909801181171187467e+00 2.026983810646897588e+00
-3.809459357575491478e-01 -3.802638340444295384e-01 -3.679183622820922928e-01 1.075342618151948204e-01 1.138689465330168377e-01 3.286342915386049057e-01 4.108649414634465979e-01 4.118231590693631206e-01 5.403881076485979040e-01 7.052140402573493505e-01 7.052940269100610449e-01 1.118894696303264880e+00 1.910327934961341345e+00 1.910340188525145422e+00 2.162422534067798274e+00
-3.684680852703985932e-01 -3.675993286774896229e-01 -2.628268164575513488e-01 1.295463576791818783e-01 1.358216129229457003e-01 3.455371324405830391e-01 4.480410071924196269e-01 4.490385740650639224e-01 6.134909485567415777e-01 7.091121727349153359e-01 7.092187734313519787e-01 1.342285950443399045e+00 1.911023535099566573e+00 1.911033448316394878e+00 2.332367251944185593e+00
-3.509623844170766671e-01 -3.500163357217918603e-01 5.200946568696679373e-02 1.451120336305472269e-01 1.506269394965908393e-01 3.871754378732200630e-01 4.884142732539913934e-01 4.892477662979040631e-01 6.749839819312785094e-01 7.135279965683549719e-01 7.136567777108389077e-01 1.556107527304615878e+00 1.911818909610634387e+00 1.911827342444509137e+00 2.521343042353337172e+00
-3.286649445029689032e-01 -3.277581990431136516e-01 1.559167177059744558e-01 1.602987871399248754e-01 2.298074277433973800e-01 4.659283091238710650e-01 5.285171754847033387e-01 5.291133390967688310e-01 7.180683306866125770e-01 7.182110366146817748e-01 7.272425455597489874e-01 1.750867961896411140e+00 1.912654816782310085e+00 1.912662679142792754e+00 2.714168079104945175e+00
-3.023849818555128244e-01 -3.016027457556311742e-01 1.631372700178376767e-01 1.662922787801392188e-01 2.824695322162260047e-01 5.594187499448800560e-01 5.658405219289815991e-01 5.662131801374825635e-01 7.223179468726812491e-01 7.224642804798182549e-01 7.705970731020126419e-01 1.913472270271741493e+00 1.913480275988719503e+00 1.921700270788496701e+00 2.897535737244347764e+00
-2.735359957553648025e-01 -2.728954707904288068e-01 1.675167279925901254e-01 1.695594107682824869e-01 3.118123974002660614e-01 5.986606904204458957e-01 5.988636054422297184e-01 6.441859994825631652e-01 7.258839551148625890e-01 7.260229997207656716e-01 8.047035263464851207e-01 1.914216974061869081e+00 1.914225981069003213e+00 2.065482231789151690e+00 3.060675349813749335e+00
-2.442861926378720183e-01 -2.437130744313783237e-01 1.695901129047629186e-01 1.707769442012071204e-01 3.321671860127173304e-01 6.257633952862180493e-01 6.258637844436185649e-01 7.141182271677446458e-01 7.284611871995337884e-01 7.285830641840654875e-01 8.289308758515848696e-01 1.914842926303508275e+00 1.914853771675340655e+00 2.179850045888412691e+00 3.195345831924143010e+00
-2.178234604859793644e-01 -2.172167881610411466e-01 1.699417204684947613e-01 1.705935488654266308e-01 3.464338099891224321e-01 6.461927959995028559e-01 6.462545210602129719e-01 7.299312422901372832e-01 7.300302831974457840e-01 7.683571842128756879e-01 8.425102163857031146e-01 1.915314555421222531e+00 1.915327548926704315e+00 2.262937216252441264e+00 3.295551552094501346e+00
-1.985728456852443868e-01 -1.979037027083348499e-01 1.694290548802799834e-01 1.698352191038474679e-01 3.550458537732919528e-01 6.590523189920576286e-01 6.591072292775853603e-01 7.304819669787072645e-01 7.305623833477301599e-01 8.069875430815495188e-01 8.447629551019151251e-01 1.915607122059764800e+00 1.915621802661769735e+00 2.313360686056070925e+00 3.357236017833943542e+00
-1.913812010381029938e-01 -1.906839528051123833e-01 1.690854999702193773e-01 1.694309001711693241e-01 3.579360693653079184e-01 6.634769848151872429e-01 6.635306431890769518e-01 7.305721623535974540e-01 7.306462537853939399e-01 8.263823365905171858e-01 8.390269882615997155e-01 1.915706215292731995e+00 1.915721530057181710e+00 2.330265079580015275e+00 3.378053403679722511e+00
-1.947598766754321531e-01 -1.882789020461392571e-01 1.836412164575305650e-01 2.043362999034146754e-01 3.217500414433083211e-01 6.626491370591286456e-01 6.657338800795061795e-01 7.299110275345384036e-01 7.320136152885577951e-01 8.394185007518356612e-01 8.833638050098238104e-01 1.915676331012246880e+00 1.941409688504216247e+00 2.330351126617367985e+00 3.376295816905431568e+00
-2.202702208171890830e-01 -1.799683009294409386e-01 2.210101969149522450e-01 2.221151059521781768e-01 2.556750635139100614e-01 6.601193760437249480e-01 6.685439792426248751e-01 7.262811162207886140e-01 7.360111712350260182e-01 8.727454463837499565e-01 1.008877529637786319e+00 1.915542865307872544e+00 2.015475177058345224e+00 2.330608412200754653e+00 3.371286971471594729e+00
-3.061851659009812709e-01 -1.656330547270915277e-01 1.052993366660139873e-01 2.704225409211296061e-01 2.810583366389350912e-01 6.560159178075051223e-01 6.692555843604729438e-01 7.199380985671687272e-01 7.421988199255139529e-01 9.153276550222462227e-01 1.187743775451185924e+00 1.915320691121412233e+00 2.129407213231603979e+00 2.331032461259715749e+00 3.363837069014976144e+00
-4.147608244797545973e-01 -1.443079127209943857e-01 -3.876049077067185433e-02 2.769953556948722695e-01 3.243939909824939405e-01 6.505123801243205550e-01 6.693881112799792144e-01 7.128544022717584472e-01 7.499282455154532290e-01 9.592047575541173821e-01 1.387622210003115031e+00 1.915012703768125490e+00 2.270867322442331471e+00 2.331610473937260508e+00 3.355364398501131440e+00
-5.054987826544095064e-01 -1.135593520677687374e-01 -1.054174116452000348e-01 2.439774203700879884e-01 3.786225935387413366e-01 6.438596107448255612e-01 6.711262858450151025e-01 7.071940731996103624e-01 7.584107754821723946e-01 1.000439198496671622e+00 1.586551837765963535e+00 1.914627220852209044e+00 2.332316360397510557e+00 2.425545376423399624e+00 3.348013665537418859e+00
-5.773401314888140234e-01 -1.600149772637213808e-01 -6.367960258179256039e-02 1.741603649925723418e-01 4.304717562833764721e-01 6.363930490533233897e-01 6.757661976394929715e-01 7.043569020565092487e-01 7.668137937912503643e-01 1.037318832104344057e+00 1.772033879899176601e+00 1.914180693215270290e+00 2.333108337548875255e+00 2.578658335665277690e+00 3.344808195033501796e+00
-6.332769848319566020e-01 -2.146015344474299369e-01 -8.050228948416175700e-02 7.179065878302792747e-02 4.780887034323626494e-01 6.285396196022228210e-01 6.832494303396836610e-01 7.044781753756057530e-01 7.743648789284475198e-01 1.069115857457080043e+00 1.913699288242022956e+00 1.936928008976412707e+00 2.333930690305654032e+00 2.716064057301628143e+00 3.349594845210018157e+00
-6.757227490676760429e-01 -2.656091960321973477e-01 -2.137734847555294027e-01 1.188396390111456230e-01 5.199747754970156510e-01 6.208192121378670603e-01 6.923946939318506022e-01 7.067299009551425426e-01 7.804600438712883115e-01 1.095494914295152666e+00 1.913218492353405242e+00 2.076805837110791586e+00 2.334719570415752621e+00 2.825900745748206599e+00 3.365895527518671937e+00
-7.065517266030106880e-01 -3.091871652209224330e-01 -2.866820177935684999e-01 1.488962287990115152e-01 5.547603583153134510e-01 6.138311145495989329e-01 7.015563684352547069e-01 7.099405682425331543e-01 7.847713813479798572e-01 1.116254998947804111e+00 1.912780227163511482e+00 2.188625079503214721e+00 2.335410953503771481e+00 2.902035665865449587e+00 3.393525573261300554e+00
-7.272953702791938868e-01 -3.423957745150396637e-01 -3.339972892883608657e-01 1.690916307727448886e-01 5.810874991789680699e-01 6.082115106465521004e-01 7.092101705622959607e-01 7.130327810266334776e-01 7.873304445396829276e-01 1.131233030940007378e+00 1.912427686752406153e+00 2.270149927634603326e+00 2.335948377193020065e+00 2.947061076513515676e+00 3.425424942564983866e+00
-7.391822532785502498e-01 -3.631707005984563530e-01 -3.612700520543188354e-01 1.809738635557306963e-01 5.976214601175113827e-01 6.045507698576039202e-01 7.142372295910591751e-01 7.152067811632140115e-01 7.885148604229703651e-01 1.140287733176672091e+00 1.912198730007011571e+00 2.319752289037162463e+00 2.336288662268987348e+00 2.969206492552250776e+00 3.450480024851272809e+00
-7.430448424839888322e-01 -3.703491090297688082e-01 -3.701101333118188008e-01 1.849150469469685309e-01 6.032777791001208145e-01 6.032777800615464203e-01 7.159712426019974041e-01 7.159966079596872257e-01 7.888294207069513897e-01 1.143318273395083295e+00 1.912119327675321445e+00 2.336397331525675636e+00 2.336412837946280074e+00 2.975707250121033098e+00 3.459878008063754784e+00
-7.382052451765951373e-01 -3.584380644421547024e-01 -3.580514855880713165e-01 1.825461533948042614e-01 5.998409589330803149e-01 6.030174782064287031e-01 7.152058082963896890e-01 7.173049755235008096e-01 7.884967256422569237e-01 1.141536449627155170e+00 1.912287609067205629e+00 2.328987425369780428e+00 2.329574235404157090e+00 2.971444160111303301e+00 3.452429584502217708e+00
-7.236271801816061000e-01 -3.229546377142426539e-01 -3.203734447801933616e-01 1.747419287683836253e-01 5.899151115470420148e-01 6.021621688475695677e-01 7.127582015795687065e-01 7.210988270441516246e-01 7.873399222096923999e-01 1.136078434463595910e+00 1.912767664367266640e+00 2.306837539439808182e+00 2.309043562301215324e+00 2.958479400666969017e+00 3.430029001305693104e+00
-6.992709166777802965e-01 -2.634120131894115979e-01 -2.506151227254234115e-01 1.591968025952031907e-01 5.745188915904517746e-01 6.004938644009402138e-01 7.084004791297374704e-01 7.267314573733348881e-01 7.849972512551374182e-01 1.126612176363307682e+00 1.913488929218151835e+00 2.270174908318076223e+00 2.274783566360330411e+00 2.936327930234156725e+00 3.392529662623136488e+00
-6.654063115022268438e-01 -1.733053059110420679e-01 -1.124001621741334694e-01 1.307769356108472725e-01 5.549910809887189655e-01 5.976656418037292751e-01 7.016202877879003097e-01 7.331661858745512905e-01 7.811399283630771073e-01 1.112601885085381825e+00 1.914345753244803161e+00 2.219343781115657777e+00 2.226756210017697413e+00 2.904309569311997130e+00 3.339750825097141718e+00
-6.228399610629561378e-01 7.245152599354555412e-02 8.559123009368456436e-02 2.079031672578052492e-01 5.326396086053671874e-01 5.932240260766757922e-01 6.915267109952787372e-01 7.389504923614380605e-01 7.756552808604111338e-01 1.093332962701685895e+00 1.915213015634682714e+00 2.154770340528169292e+00 2.164958013904563661e+00 2.861712607736990766e+00 3.271570023227093227e+00
-5.729780823755834529e-01 -1.018467309258045406e-01 1.936583209273324002e-01 3.160861414951435799e-01 5.084177938030756128e-01 5.866407430229140241e-01 6.767378118723187397e-01 7.422517952690734777e-01 7.687095246857964526e-01 1.067950029947994706e+00 1.915963958834501879e+00 2.076931301663072382e+00 2.089470811022697383e+00 2.807980831305060487e+00 3.188047134137794281e+00
-5.177358294721104981e-01 -1.711855321633060367e-01 2.395277772733868105e-01 3.909388989507542322e-01 4.826934220646858509e-01 5.773621095155542227e-01 6.553548642844636563e-01 7.409932002195862566e-01 7.607083553606658333e-01 1.035522642093520629e+00 1.916487402977730792e+00 1.986318876340948281e+00 2.000536776899497937e+00 2.742904617200466966e+00 3.089575946176421173e+00
-4.593444298459274933e-01 -2.246078412877107189e-01 2.568278156259785616e-01 4.448124357836357179e-01 4.552217074650171114e-01 5.648869381109089538e-01 6.251029097549797298e-01 7.331172219623424136e-01 7.521879275469203208e-01 9.951654646890961686e-01 1.883374193548297937e+00 1.898680782277421208e+00 1.916701924246750455e+00 2.666804031788167162e+00 2.977059084155130986e+00
-4.001574876372192557e-01 -2.689122580656262973e-01 2.528879583552070542e-01 4.253526371185297750e-01 4.807017273128071366e-01 5.488705234309901870e-01 5.837790120628890689e-01 7.169263496028256410e-01 7.436727553145470182e-01 9.462435610811467113e-01 1.768366968361845704e+00 1.784898971768718701e+00 1.916565286392114098e+00 2.580694881413510888e+00 2.852101538013529503e+00
-3.427475843575226166e-01 -3.055179516801720396e-01 2.302673096605728775e-01 3.923467064668728632e-01 4.950704295912933262e-01 5.292260350958748472e-01 5.329711124717160242e-01 6.914601782665277252e-01 7.355556355884370623e-01 8.886764563975648734e-01 1.641381428418134947e+00 1.660764740364445657e+00 1.916078449708943587e+00 2.486425892823431294e+00 2.717214093574303657e+00
-3.349254267368199089e-01 -2.913006972400969952e-01 1.882799868894534101e-01 3.556282603465893977e-01 4.461261383572537320e-01 5.061886617022524071e-01 5.109496746824760960e-01 6.569907758661600594e-01 7.280544947445491966e-01 8.233026582835554219e-01 1.502860136228618915e+00 1.528050976929172133e+00 1.915284020958722522e+00 2.386767181122260162e+00 2.576005469600908260e+00
-3.575205421688725793e-01 -2.577342083747752866e-01 1.205805690669240343e-01 3.149012894435115895e-01 3.552298900407707682e-01 4.803424751125640602e-01 4.926619571048417856e-01 6.154007975134233588e-01 7.212554120442691286e-01 7.521763013950886201e-01 1.354436914370010125e+00 1.388278436431248819e+00 1.914260002909660807e+00 2.285419293469016289e+00 2.433314376179045890e+00
-3.737985925607511528e-01 -2.688046287875050511e-01 -9.420267659177880559e-02 2.555218180042369558e-01 2.701432666800592242e-01 4.526535836435503501e-01 4.569665771561071677e-01 5.680944183130899328e-01 6.786394008519138765e-01 7.151971917645386645e-01 1.199446604940412442e+00 1.243145322210799097e+00 1.913109920773279571e+00 2.186904524422508711e+00 2.295190411365529481e+00
-3.844571920172278889e-01 -3.217521547603071075e-01 -2.260479168132528971e-01 2.104404418327472381e-01 2.215309141184173269e-01 4.111680050838796840e-01 4.245509777827686237e-01 5.102339959373194400e-01 6.066525126040036575e-01 7.099419849459950305e-01 1.044065714817850932e+00 1.095633883487281190e+00 1.911950756612858182e+00 2.096308674529747673e+00 2.168603346937813203e+00
-3.904661224957001187e-01 -3.756488459994942741e-01 -3.136084891954659670e-01 1.693434022262340632e-01 2.050162767810192188e-01 3.713808664400284343e-01 3.980402017754907096e-01 4.330824664359105292e-01 5.357161176523198565e-01 7.056039711732760011e-01 9.001134336357823340e-01 9.518954809901882808e-01 1.910900137917782349e+00 2.018871425166274491e+00 2.060810743763835440e+00
-4.050555924215917813e-01 -3.930920944338918699e-01 -3.656699466465649362e-01 1.138589791902632070e-01 1.832991221967731899e-01 3.220568234028788335e-01 3.595524342125818729e-01 3.757440377647016105e-01 4.576993763593500408e-01 7.023372043476890925e-01 7.869694030815868047e-01 8.242727724730017913e-01 1.910064107653006493e+00 1.959470836653783188e+00 1.978485949868246552e+00
-4.043489269221226534e-01 -3.938024696317912188e-01 -3.891420133653756275e-01 5.474440519436087060e-02 1.171416854774187666e-01 1.845798894235502752e-01 3.542891781075027668e-01 3.606366216171904560e-01 3.843424794719271231e-01 7.002986037656006024e-01 7.204530507197705047e-01 7.330209367626483452e-01 1.909526570229906017e+00 1.922084981223315392e+00 1.926886776979893190e+00
-3.941298607060611525e-01 -3.937036832944051934e-01 -3.936754777946805950e-01 -2.128187153463840381e-02 -1.903387803415879792e-02 -1.488641005542229445e-02 3.552124885590666192e-01 3.552814981342760636e-01 3.552815446757545126e-01 6.995468545504329727e-01 6.995758650960914871e-01 6.996049066894879376e-01 1.909308465520696885e+00 1.909325039704828031e+00 1.909342717252387578e+00
-3.995133133278206961e-01 -3.889566582353304880e-01 -3.810083763452183914e-01 8.611108578339286834e-02 1.411067046853105300e-01 1.463278665358707931e-01 3.546448584275225246e-01 3.596578418807667155e-01 3.771635164818048502e-01 7.115443651245560996e-01 7.184647056470954141e-01 7.256063749847743161e-01 1.916783252864822540e+00 1.920922344307745222e+00 1.921465100122017988e+00
-4.005476863244161190e-01 -3.698024806733245518e-01 -3.410406812220679873e-01 1.636775573632973102e-01 2.626103058879815100e-01 2.773020951410704038e-01 3.546506076739440738e-01 3.740151683048444919e-01 4.287204385288306274e-01 7.495118704229686291e-01 7.737547835370958138e-01 7.958005064572328813e-01 1.938686007996156979e+00 1.954786312193494746e+00 1.957434504440391576e+00
-3.806635174209522243e-01 -3.302531277246230634e-01 -2.711237200476555032e-01 2.275177602031096813e-01 3.423795250173611304e-01 3.694842150500700639e-01 3.871785431031499747e-01 4.069938249554815313e-01 4.880849974288024029e-01 8.172884269907267907e-01 8.592153833135203200e-01 8.930507441942592273e-01 1.973747182091081687e+00 2.008292973343133614e+00 2.015783764527854238e+00
-3.368918530786400578e-01 -2.698128913113800875e-01 -1.696823823263499953e-01 2.820839644409739999e-01 3.635009592468623763e-01 4.292084471537137569e-01 4.473106888346337628e-01 4.886612320074992244e-01 5.475452734558868828e-01 9.132747670437912912e-01 9.637524772171661702e-01 1.002133298938954864e+00 2.020023036882160117e+00 2.077663073390971338e+00 2.093897680717855092e+00
-2.769650641930487822e-01 -1.895159831703235320e-01 -2.468241785910559385e-02 3.385184640447930216e-01 3.989469994758215177e-01 4.691121202940560231e-01 5.166695868267173752e-01 5.667548564206149608e-01 6.079335126245151155e-01 1.027838437887556022e+00 1.076763439749317097e+00 1.113749964050322561e+00 2.075162695399881407e+00 2.158433051969543381e+00 2.188139527200253731e+00
-2.351876887131801042e-01 1.998223036616977172e-02 9.056399081141688900e-02 3.953090190162233952e-01 4.462897048778453057e-01 5.036453147671792197e-01 5.857082800318447191e-01 6.354955523808861750e-01 6.705672082975311366e-01 1.149649608893642094e+00 1.191397129531207577e+00 1.223486862125557240e+00 2.136661085381605041e+00 2.245964681005495400e+00 2.294201981417855141e+00
-2.440018714664511923e-01 2.826344392901616182e-02 2.066476808987983693e-01 4.360603804677368189e-01 4.891622999190508025e-01 5.362142800903423323e-01 6.533075078012015036e-01 6.959634431195165227e-01 7.353793517215794218e-01 1.270431612798601062e+00 1.304105378626120526e+00 1.330038571403643788e+00 2.202089638376168779e+00 2.335916516238277119e+00 2.407586009317292053e+00
-2.855453498365561060e-01 -9.508477121415914723e-02 2.639249173555008321e-01 4.558912259796761846e-01 5.205711305523270660e-01 5.666046548569197983e-01 7.156705021764350194e-01 7.508641674444205272e-01 7.993807853102151695e-01 1.385291268213868277e+00 1.412857058857041492e+00 1.434112185284584173e+00 2.269285123713513208e+00 2.424592577300844543e+00 2.524068523106337114e+00
-3.376213275671697822e-01 -1.582652788898404050e-01 2.711660645142321968e-01 4.643112990771503523e-01 5.383269427302217469e-01 5.886886944477746075e-01 7.708405153420054834e-01 8.016367010822682548e-01 8.592754013855866679e-01 1.492536105959515913e+00 1.515693382579649029e+00 1.537123656248252423e+00 2.336479888646544545e+00 2.509130002492957701e+00 2.640032567226579641e+00
-3.909086686919245324e-01 -2.184452620783777221e-01 2.244157730943083795e-01 4.676617272771377287e-01 5.416172132165041342e-01 5.984029284374655644e-01 8.185447429649501672e-01 8.486475417255991971e-01 9.126426278176429374e-01 1.593013382363244190e+00 1.612494140471019355e+00 1.638157663411820675e+00 2.402362373375791726e+00 2.587538061854901095e+00 2.752617157756755084e+00
-4.420010536111155797e-01 -2.777960373218231194e-01 7.431161459297780381e-02 4.630097368389458623e-01 5.311265626860319777e-01 5.940998076377941306e-01 8.592296725115866618e-01 8.920980065218747646e-01 9.580199811527508880e-01 1.688251321132114180e+00 1.704813741120511761e+00 1.734829787686894109e+00 2.466067640751006707e+00 2.658627899310569198e+00 2.859717730868172048e+00
-4.893937779724287229e-01 -3.362372430837637372e-01 -2.304533689280530706e-01 4.460101346353218532e-01 5.080475608406512800e-01 5.751975138770463181e-01 8.941734368009929268e-01 9.315435651972399089e-01 9.948403336178847089e-01 1.779372209586225662e+00 1.793553466186739387e+00 1.825977219605479318e+00 2.527109102919999462e+00 2.721875578530218220e+00 2.959894443021185761e+00
-5.322891208247472195e-01 -3.932273555275170862e-01 -3.445513477482373133e-01 4.146729678770483818e-01 4.733275762747044535e-01 5.416970882987940383e-01 9.248849111514952925e-01 9.661365753881924201e-01 1.023221314648856684e+00 1.866908158463596257e+00 1.878911500211788432e+00 1.911408895634747029e+00 2.585270527917209460e+00 2.777252860485663888e+00 3.052238552277245276e+00
-5.702829759913869978e-01 -4.490022374678093176e-01 -4.301434714203267173e-01 3.688932526919412314e-01 4.273548341980268894e-01 4.940281035997158843e-01 9.523390055730709403e-01 9.952176997599997410e-01 1.043758151862236527e+00 1.950837851670021772e+00 1.960691680407247617e+00 1.991230750182156672e+00 2.640480947491535169e+00 2.825050904692372189e+00 3.136230613928144617e+00
-6.032938622432768572e-01 -5.076840500255171973e-01 -4.928170432752391195e-01 3.090059316394171418e-01 3.701031871651624394e-01 4.328703270211988752e-01 9.768594169925696180e-01 1.018509893556938994e+00 1.057376516226548047e+00 2.030667277075004495e+00 2.038393764070394631e+00 2.065478370915756479e+00 2.692694961175431612e+00 2.865715564378506386e+00 3.211610319968092764e+00
-6.315442079573387879e-01 -5.634874375796946611e-01 -5.419579557891257560e-01 2.334895575014372948e-01 3.010133036809893303e-01 3.587136572843233062e-01 9.983563814638996003e-01 1.036111906510137848e+00 1.065229072567193347e+00 2.105524641732174906e+00 2.111233240299630332e+00 2.133942142867686353e+00 2.741797690150158395e+00 2.899708727249882045e+00 3.278268645121324987e+00
-6.555158661213348337e-01 -6.101496019279625260e-01 -5.859248081083482385e-01 1.301502625165483207e-01 2.169336444982307155e-01 2.704502428082834475e-01 1.016608827221618050e+00 1.048452229355736787e+00 1.068607441879052544e+00 2.174261579387454457e+00 2.178173824740061715e+00 2.196111458877578748e+00 2.787547607228491930e+00 2.927406546091979589e+00 3.336167091794262962e+00
-6.758263181103721928e-01 -6.480757422921493704e-01 -6.255109217978068736e-01 -1.205125547743192693e-01 9.568426693592323173e-02 1.581102552676596495e-01 1.031468545899152822e+00 1.056233285414946765e+00 1.068851158137485102e+00 2.235561281101637210e+00 2.237992517561546713e+00 2.251203687161475564e+00 2.829562410645090065e+00 2.949041084446046845e+00 3.385284684233763830e+00
-6.930087531059211381e-01 -6.780789200745980239e-01 -6.601748126390398763e-01 -1.961793071324966498e-01 -1.464194296226570546e-01 -1.149119097065940398e-01 1.042962617327509500e+00 1.060365219791412850e+00 1.067248563527107175e+00 2.288053226949156027e+00 2.289372604759137175e+00 2.298251586795175605e+00 2.867344525949072853e+00 2.964686488402025866e+00 3.425590162838322961e+00
-7.072671732519505428e-01 -7.007127785067864822e-01 -6.888630952942164098e-01 -2.344584550276858359e-01 -2.103585182113211216e-01 -2.020298304053240734e-01 1.051306996258902782e+00 1.061885465477284463e+00 1.064934929473884351e+00 2.330430058812985372e+00 2.331012484693026465e+00 2.336223357577887683e+00 2.900335622934477886e+00 2.974284811821661378e+00 3.457034435668153272e+00
-7.183479378241002244e-01 -7.163497493519910275e-01 -7.103841947857358896e-01 -2.550723289373254543e-01 -2.443196585217028149e-01 -2.422824593886316602e-01 1.056851592791083094e+00 1.061862332400066222e+00 1.062798578199512844e+00 2.361558863511290518e+00 2.361737136200239728e+00 2.364151371513138145e+00 2.927985271148260793e+00 2.977701159352957205e+00 3.479556900340842418e+00
-7.256081339853194256e-01 -7.253537213104710446e-01 -7.237283266053600173e-01 -2.650864253177802055e-01 -2.618241138608102814e-01 -2.615953989140498703e-01 1.059978737355419254e+00 1.061286368769064570e+00 1.061406749853791354e+00 2.380577707171517510e+00 2.380600432165357550e+00 2.381250015049817481e+00 2.949818064215374847e+00 2.974794049046069144e+00 3.493098874829999367e+00
-7.282493938958536361e-01 -7.282157253667111974e-01 -7.282157252817031967e-01 -2.680434404974988416e-01 -2.673131046173846670e-01 -2.673131042305427196e-01 1.060960746353734940e+00 1.060960746506716346e+00 1.060984046246982837e+00 2.386968649334827663e+00 2.386968649334840542e+00 2.387008547679340342e+00 2.965485656887697719e+00 2.965485656893119604e+00 3.497618002931681680e+00
-7.272721457045436821e-01 -7.257018298336849194e-01 -7.240754752977301978e-01 -2.677505245623187369e-01 -2.639702689273755176e-01 -2.612077310542679220e-01 1.060040183943223191e+00 1.060315673169637263e+00 1.061527743316886152e+00 2.379774885627139458e+00 2.380348010894434818e+00 2.385720016089203366e+00 2.945031651873862177e+00 2.980099399411237027e+00 3.493216004249701800e+00
-7.244859010857190862e-01 -7.180497231693440119e-01 -7.119876433598730792e-01 -2.666032687261765677e-01 -2.523058805088502221e-01 -2.426337621703364422e-01 1.057040617343816713e+00 1.058271116935413092e+00 1.063131800188546583e+00 2.358303122636886684e+00 2.360485110172107603e+00 2.382035244971436594e+00 2.918651239475032799e+00 2.988795252425201721e+00 3.480250198009860796e+00
-7.199586371371795579e-01 -7.051648359423113854e-01 -6.930533552855191459e-01 -2.596152768426904234e-01 -2.317503330199802980e-01 -2.104972114747006573e-01 1.051373589096771699e+00 1.054670025076919648e+00 1.065488155036572460e+00 2.322877907121648100e+00 2.327640746021025553e+00 2.376221776675763842e+00 2.886180539211337770e+00 2.991195839055050598e+00 3.459496012233493012e+00
-7.137669381951531333e-01 -6.868798668072338964e-01 -6.689852903845512344e-01 -2.395050964817277972e-01 -2.001590283444102392e-01 -1.611460544552935636e-01 1.042202140891285600e+00 1.049253889331432266e+00 1.068142122769642377e+00 2.274027017091918346e+00 2.282200851532721231e+00 2.368737713935063383e+00 2.847437465562103753e+00 2.986422030138773831e+00 3.432421894001134621e+00
-7.058634095912208473e-01 -6.630051749498827585e-01 -6.417090030785717047e-01 -1.946908659010755105e-01 -1.521121764850015823e-01 -7.489264858571872963e-02 1.028613794688912675e+00 1.041723145932628380e+00 1.070498405527472885e+00 2.212462824594171096e+00 2.224695626258224923e+00 2.360160807985653975e+00 2.802272779628545152e+00 2.972857532695714955e+00 3.401400687775272047e+00
-6.959989976433730297e-01 -6.333471469320391956e-01 -6.125282673638480224e-01 -8.750237677263804359e-02 -5.968270091991635662e-02 1.219094633896807139e-01 1.009768376179513982e+00 1.031790151025618441e+00 1.071861085908859978e+00 2.139058588936699756e+00 2.155789685347197171e+00 2.351132546635998022e+00 2.750622856328494681e+00 2.948054229862743458e+00 3.369791776641707148e+00
-6.836915404599971380e-01 -5.977117837048019355e-01 -5.813115865592743958e-01 1.334776584386277165e-01 1.791817158673902066e-01 1.832870141446539536e-01 9.850028639150895104e-01 1.019233420646168398e+00 1.071483173318394266e+00 2.054821599416453815e+00 2.076271341582315966e+00 2.342297099906503366e+00 2.692567800891518370e+00 2.909152353257211221e+00 3.341517860337364088e+00
-6.682428984340014200e-01 -5.558945475486927190e-01 -5.464728072185907060e-01 1.999905000894638685e-01 2.214439684730631630e-01 2.789672310221859575e-01 9.538939896368590077e-01 1.003941691502407307e+00 1.068623816225220846e+00 1.960864112421675243e+00 1.987045296595420174e+00 2.334242125469182305e+00 2.628394204126526912e+00 2.854032201372539657e+00 3.319921925360491688e+00
-6.487869211975814121e-01 -5.076686642933903038e-01 -5.057091949063079461e-01 2.421180212642632112e-01 2.518007813343228207e-01 3.536737982524610358e-01 9.162943587672908174e-01 9.859351210706041035e-01 1.062610398240668497e+00 1.858371380139075546e+00 1.889136724532212375e+00 2.327448114906779608e+00 2.558659195838058675e+00 2.782513827898742687e+00 3.306591876399655128e+00
-6.243410690507578131e-01 -4.567086621686812786e-01 -4.528124887831713186e-01 2.537214002318813888e-01 2.909626048766532636e-01 4.121283053229725657e-01 8.723700312518521960e-01 9.653513690027228922e-01 1.052902176194803419e+00 1.748565292944682437e+00 1.783719429200746109e+00 2.322251341475233044e+00 2.484250635345955249e+00 2.696520847253855546e+00 3.301239090907865936e+00
-5.938346017588228554e-01 -3.973549722753030866e-01 -3.912994128097149749e-01 2.529247223563127478e-01 3.255462372003642413e-01 4.571721816073366917e-01 8.226943101647209433e-01 9.423876678774263382e-01 1.039152132797479311e+00 1.632666433764252467e+00 1.672183692706102898e+00 2.318823025513370162e+00 2.406436535012778322e+00 2.599335910650997228e+00 3.302500739717228129e+00
-5.560889426196766738e-01 -3.253453581716955756e-01 -3.239492103988663163e-01 2.412492049351359913e-01 3.581530370410609954e-01 4.901799108344895295e-01 7.685418227319138484e-01 9.171994987493929941e-01 1.021263632173830871e+00 1.511877709178840457e+00 1.556250953198984321e+00 2.317164906588259576e+00 2.326894682286951177e+00 2.494885412618187637e+00 3.308717052218352883e+00
-5.097251456545772719e-01 -2.540009663938579410e-01 -2.364764858195445851e-01 2.190557976328125767e-01 3.930445608399978363e-01 5.110697572327247418e-01 7.128606653575947361e-01 8.897775661546073467e-01 9.994360866017144573e-01 1.387464521951587537e+00 1.438106979053080714e+00 2.247710655434727922e+00 2.317119874338162244e+00 2.387422309744645421e+00 3.318292058257653832e+00
-4.529752091134912617e-01 -1.890030625772594897e-01 -1.121755972450106248e-01 1.863673791842545557e-01 4.338696477030663523e-01 5.155298376517932768e-01 6.634252432540829192e-01 8.598606324987109195e-01 9.741861652551077055e-01 1.261062966767013016e+00 1.320480349803790254e+00 2.171330254853586883e+00 2.281429617854771497e+00 2.318395270712708456e+00 3.329782448885866497e+00
-3.834858790521464833e-01 -1.399022944092874754e-01 1.389272638980000862e-01 1.433323394043490850e-01 4.806426313172804665e-01 4.916490732851413470e-01 6.362702094223201543e-01 8.269828844566541326e-01 9.463218023098343146e-01 1.135274456543354127e+00 1.206633308670034710e+00 2.100451438067036491e+00 2.181526687246869489e+00 2.320597168356572038e+00 3.341898846634419495e+00
-2.997493481067370347e-01 -1.176092214118009821e-01 1.018180313638435003e-01 1.903314842060577494e-01 4.376091563945220808e-01 5.298467387481272661e-01 6.371599970933744528e-01 7.907714175715535587e-01 9.168669663574801065e-01 1.014340655552895321e+00 1.100318162452748716e+00 2.037848993395268149e+00 2.092280884764882831e+00 2.323272719564077882e+00 3.353501876190033482e+00
-2.200829763028484820e-01 -1.361339075159581913e-01 1.501800146835803318e-01 1.980317106902056146e-01 3.661897914892848216e-01 5.773823033145418782e-01 6.550988475302625957e-01 7.515928574227178638e-01 8.870534049409540822e-01 9.045139021200963025e-01 1.005561645189148257e+00 1.986144351710016798e+00 2.017929447153064881e+00 2.325957902508031694e+00 3.363612198326615399e+00
-1.917147193321415422e-01 -1.657703207652722055e-01 1.866127238694724744e-01 2.562757548676609654e-01 2.850934751593129923e-01 6.194821014914241308e-01 6.825472464160935449e-01 7.117560988223330387e-01 8.139765712677098364e-01 8.587435007799866238e-01 9.260497959030971060e-01 1.947564985936061532e+00 1.962076878262449808e+00 2.328226605632870871e+00 3.371431501585855361e+00
-1.902408358138313049e-01 -1.844815858141176379e-01 1.740301335437177688e-01 2.069914049548123858e-01 3.307417786646852376e-01 6.510345599019641272e-01 6.779269102918897838e-01 7.132652533280731122e-01 7.526254802619825046e-01 8.359017324954490791e-01 8.658355056382548431e-01 1.923759843222515142e+00 1.927444223686448410e+00 2.329736271119420721e+00 3.376367048407173943e+00
-1.913812010381029938e-01 -1.906839528051123833e-01 1.690854999702193773e-01 1.694309001711693241e-01 3.579360693653079184e-01 6.634769848151872429e-01 6.635306431890769518e-01 7.305721623535974540e-01 7.306462537853939399e-01 8.263823365905171858e-01 8.390269882615997155e-01 1.915706215292731995e+00 1.915721530057181710e+00 2.330265079580015275e+00 3.378053403679722511e+00
-7.430448424839888322e-01 -3.703491090297688082e-01 -3.701101333118188008e-01 1.849150469469685309e-01 6.032777791001208145e-01 6.032777800615464203e-01 7.159712426019974041e-01 7.159966079596872257e-01 7.888294207069513897e-01 1.143318273395083295e+00 1.912119327675321445e+00 2.336397331525675636e+00 2.336412837946280074e+00 2.975707250121033098e+00 3.459878008063754784e+00
-7.429326403225789965e-01 -3.759260934844610991e-01 -3.756946936802036396e-01 1.810670696133162560e-01 5.679834390932969601e-01 5.679846711632232648e-01 7.452577665437138954e-01 7.452805192506338772e-01 8.372554612103717542e-01 1.142173688195235570e+00 1.933421697603278089e+00 2.337048750070251923e+00 2.337064425114552702e+00 2.975428026000811688e+00 3.458768085692187633e+00
-7.425888567066816215e-01 -3.922480705348812546e-01 -3.920387601343823802e-01 1.691914063045286964e-01 4.995329398793775244e-01 4.995458706131057913e-01 7.955989870819913934e-01 7.956199368517699044e-01 9.651753156708660075e-01 1.138798166122924949e+00 1.994881386278244850e+00 2.338979632015076415e+00 2.338995802331701235e+00 2.974627040650529519e+00 3.455577908715459667e+00
-7.419943018854103789e-01 -4.182983160764400798e-01 -4.181238059716106958e-01 1.480174383418023654e-01 4.193431825685827730e-01 4.193849026886657394e-01 8.453799564102670860e-01 8.453997529294382529e-01 1.133364691932893464e+00 1.139124509164161525e+00 2.089824711373364785e+00 2.342117879946309600e+00 2.342134841001276335e+00 2.973410002691600607e+00 3.450732662714823373e+00
-7.411246026931090913e-01 -4.527497242575626579e-01 -4.526191592839708955e-01 1.138144890895265438e-01 3.308978672828816747e-01 3.310000405553316649e-01 8.906910073484032297e-01 8.907097922804289025e-01 1.126155689572179153e+00 1.331892984596567242e+00 2.208905141026834773e+00 2.346337567984563499e+00 2.346355565468243309e+00 2.971938742013372714e+00 3.444962013328404460e+00
-7.399608947254079361e-01 -4.937714493798685544e-01 -4.936871183651911910e-01 4.683624743787658667e-02 2.329316459005364159e-01 2.331633569312691334e-01 9.304985024202176991e-01 9.305163708934067746e-01 1.117553570145205732e+00 1.526173056011782325e+00 2.341683164463316924e+00 2.351453054621320593e+00 2.351472278670979854e+00 2.970410272310378019e+00 3.439327595376390878e+00
-7.385032058361151730e-01 -5.385144181067283986e-01 -5.384698898899096253e-01 -9.915493622728140111e-02 1.076923239902893986e-01 1.083803075263353038e-01 9.644909539443262680e-01 9.645080341505457566e-01 1.108026467149011873e+00 1.711356403944701121e+00 2.357215733765968491e+00 2.357236265638618988e+00 2.477736761764114615e+00 2.969028812801104866e+00 3.435240185854588457e+00
-7.367846078580269076e-01 -5.833504430177313127e-01 -5.833342750400156707e-01 -1.499896765720830083e-01 -1.389130470168185028e-01 -1.382773685453721757e-01 9.926864927333629574e-01 9.927029458159238873e-01 1.098108329407875505e+00 1.880728636081397287e+00 2.363317063370312887e+00 2.363338938538151801e+00 2.607338477439739677e+00 2.967972507490449718e+00 3.434403019262303403e+00
-7.348832112161194363e-01 -6.249466451625351748e-01 -6.249451468325780690e-01 -2.014962682708487385e-01 -2.009551210280398903e-01 -1.872614789741783303e-01 1.015325015128634600e+00 1.015341017379511657e+00 1.088372899563037288e+00 2.029823318569335733e+00 2.369400570877063572e+00 2.369423732018127726e+00 2.722025865385838461e+00 2.967357742030182877e+00 3.438524566289377749e+00
-7.329279512181711143e-01 -6.609590246355783183e-01 -6.609473021493785794e-01 -2.336894378172904296e-01 -2.331846164140224387e-01 -2.163970826203167608e-01 1.032808074618671190e+00 1.032823794635572501e+00 1.079401708069772203e+00 2.155512648832343281e+00 2.375083534550014086e+00 2.375107851645980706e+00 2.815442589105852544e+00 2.967205591060787739e+00 3.448568063189457078e+00
-7.310934072678347828e-01 -6.899464497441433197e-01 -6.899290268270499293e-01 -2.516980818548369414e-01 -2.512004988869737110e-01 -2.387487221306849872e-01 1.045634679948440837e+00 1.045650256038941794e+00 1.071747274271468431e+00 2.255515378707332985e+00 2.379986574498946350e+00 2.380011855897326889e+00 2.884489708520099782e+00 2.967415880618514024e+00 3.463579655667634594e+00
-7.295797694253441934e-01 -7.110907666038521757e-01 -7.110702814037743735e-01 -2.615603093054174044e-01 -2.610562183498983391e-01 -2.547057111035120336e-01 1.054323720280505583e+00 1.054339242644161789e+00 1.065894018359910156e+00 2.328146678503613121e+00 2.383767307216910769e+00 2.383793314252053541e+00 2.929916495004852628e+00 2.967745019707734411e+00 3.480019896770939258e+00
-7.285779798648246430e-01 -7.239330712761505859e-01 -7.239111287463341204e-01 -2.664240087977513549e-01 -2.658798220611771068e-01 -2.642832154973530079e-01 1.059329037087831438e+00 1.059344524863189418e+00 1.062220665409453257e+00 2.372211519331496099e+00 2.386153169527573503e+00 2.386179642320296779e+00 2.955274724170347422e+00 2.967689157503424546e+00 3.492804960144902271e+00
-7.282493938958536361e-01 -7.282157253667111974e-01 -7.282157252817031967e-01 -2.680434404974988416e-01 -2.673131046173846670e-01 -2.673131042305427196e-01 1.060960746353734940e+00 1.060960746506716346e+00 1.060984046246982837e+00 2.386968649334827663e+00 2.386968649334840542e+00 2.387008547679340342e+00 2.965485656887697719e+00 2.965485656893119604e+00 3.497618002931681680e+00
