-2.845674735914523357e+00
-2.712133113500311943e+00
-2.578591491086100529e+00
-2.445049868671889559e+00
-2.311508246257678145e+00
-2.177966623843466731e+00
-2.044425001429255762e+00
-1.910883379015044348e+00
-1.777341756600833156e+00
-1.643800134186621742e+00
-1.510258511772410328e+00
-1.376716889358199358e+00
-1.243175266943987944e+00
-1.109633644529776531e+00
-9.760920221155654497e-01
-8.425503997013540358e-01
-7.090087772871427330e-01
-5.754671548729314301e-01
-4.419255324587200717e-01
-3.083839100445087134e-01
-1.748422876302973550e-01
-4.130066521608642682e-02
9.224095719812491767e-02
2.257825796123362760e-01
3.593242020265476344e-01
4.928658244407589373e-01
6.264074468549702956e-01
7.599490692691815985e-01
8.934906916833925683e-01
1.027032314097603871e+00
1.160573936511815285e+00
1.294115558926026699e+00
1.427657181340237891e+00
1.561198803754449305e+00
1.694740426168660719e+00
1.828282048582871910e+00
1.961823670997083324e+00
2.095365293411294516e+00
2.228906915825505930e+00
2.362448538239717344e+00
2.495990160653928758e+00
2.629531783068139283e+00
2.763073405482350697e+00
2.896615027896562111e+00
3.030156650310773081e+00
3.163698272724984495e+00
3.297239895139195909e+00
3.430781517553407323e+00
3.564323139967618737e+00
3.697864762381830150e+00
3.831406384796041120e+00
3.964948007210252534e+00
4.098489629624464392e+00
4.232031252038675362e+00
4.365572874452886332e+00
4.499114496867098190e+00
4.632656119281308271e+00
4.766197741695520129e+00
4.899739364109731099e+00
5.033280986523942957e+00
5.166822608938153927e+00
5.300364231352364897e+00
5.433905853766576755e+00
5.567447476180787724e+00
5.700989098594999582e+00
5.834530721009210552e+00
5.968072343423422410e+00
6.101613965837633380e+00
6.235155588251844350e+00
6.368697210666056208e+00
6.502238833080267177e+00
6.635780455494479035e+00
6.769322077908690005e+00
6.902863700322901863e+00
7.036405322737112833e+00
7.169946945151323803e+00
7.303488567565535661e+00
7.437030189979746631e+00
7.570571812393959377e+00
7.704113434808170346e+00
7.837655057222381316e+00
7.971196679636589622e+00
8.104738302050801479e+00
8.238279924465011561e+00
8.371821546879223419e+00
8.505363169293435277e+00
8.638904791707647135e+00
8.772446414121857217e+00
8.905988036536069075e+00
9.039529658950280933e+00
9.173071281364491014e+00
9.306612903778702872e+00
9.440154526192914730e+00
9.573696148607126588e+00
9.707237771021336670e+00
9.840779393435548528e+00
9.974321015849760386e+00
1.010786263826397047e+01
1.024140426067818233e+01
1.037494588309239418e+01
1.050848750550660604e+01
1.064202912792081612e+01
1.077557075033502798e+01
1.090911237274923984e+01
1.104265399516344992e+01
1.117619561757766178e+01
1.130973723999187364e+01
1.144327886240608549e+01
1.157682048482029558e+01
1.171036210723450743e+01
1.184390372964871929e+01
1.197744535206292937e+01
1.211098697447714123e+01
1.224452859689135309e+01
1.237807021930556495e+01
1.251161184171977503e+01
1.264515346413398689e+01
1.277869508654819874e+01
1.291223670896240883e+01
1.304577833137662068e+01
1.317931995379083254e+01
1.331286157620504262e+01
1.344640319861925448e+01
1.357994482103346634e+01
1.371348644344767820e+01
1.384702806586188828e+01
1.398056968827610014e+01
1.411411131069031200e+01
1.424765293310452208e+01
1.438119455551873394e+01
1.451473617793294579e+01
1.464827780034715765e+01
1.478181942276136773e+01
1.491536104517557959e+01
1.504890266758979145e+01
1.518244429000400153e+01
1.531598591241821339e+01
1.544952753483242525e+01
1.558306915724663710e+01
1.571661077966084719e+01
1.585015240207505904e+01
1.598369402448927090e+01
1.611723564690348098e+01
1.625077726931769462e+01
1.638431889173190470e+01
1.651786051414611478e+01
1.665140213656032842e+01
1.678494375897453850e+01
1.691848538138874858e+01
1.705202700380296221e+01
1.718556862621717229e+01
1.731911024863138238e+01
1.745265187104559601e+01
1.758619349345980609e+01
1.771973511587401617e+01
1.785327673828822981e+01
1.798681836070243989e+01
1.812035998311665352e+01
1.825390160553086361e+01
1.838744322794507369e+01
1.852098485035928732e+01
1.865452647277349385e+01
1.878806809518770393e+01
1.892160971760191757e+01
1.905515134001612765e+01
1.918869296243033773e+01
1.932223458484455136e+01
1.945577620725876145e+01
1.958931782967297508e+01
1.972285945208718516e+01
1.985640107450139524e+01
1.998994269691560888e+01
2.012348431932981896e+01
2.025702594174402904e+01
2.039056756415824267e+01
2.052410918657245276e+01
2.065765080898666284e+01
2.079119243140087647e+01
2.092473405381508655e+01
2.105827567622929664e+01
2.119181729864351027e+01
2.132535892105772035e+01
2.145890054347193043e+01
2.159244216588614407e+01
2.172598378830035415e+01
2.185952541071456778e+01
2.199306703312877787e+01
2.212660865554298795e+01
2.226015027795720158e+01
2.239369190037141166e+01
2.252723352278562174e+01
2.266077514519983538e+01
2.279431676761404546e+01
2.292785839002825554e+01
2.306140001244246918e+01
2.319494163485667926e+01
2.332848325727088934e+01
2.346202487968510297e+01
2.359556650209931306e+01
2.372910812451352669e+01
