-4.163550109004987121e+00 -4.163550109004822808e+00 -4.159623083036771973e+00 -1.026993794380049729e-01 6.635597319649873260e-02 6.635597319830820184e-02
-4.181668817854750309e+00 -4.179077874896809597e+00 -3.526594708341740603e+00 -5.494212241541502895e-01 -5.403422023532195029e-01 1.884288020820031662e+00
-4.233994065683292618e+00 -4.231460252057973825e+00 -1.083292043743967037e+00 -1.078818148629488993e+00 4.754102637633972339e-01 3.953218082773553022e+00
-4.314787785676973186e+00 -4.312347235380036281e+00 -1.603077834685745051e+00 -1.600193132364559734e+00 3.981430869302519771e+00 6.273613765403199594e+00
-4.415534080293251229e+00 -4.413210104293741942e+00 -2.100046952565843839e+00 -2.097974705667262185e+00 5.767060911028704773e+00 8.558090224697092907e+00
-4.526132794563601180e+00 -4.523937481086754531e+00 -2.566829448418289417e+00 -2.565261349693183757e+00 7.253166940782577399e+00 1.065925891355159472e+01
-4.636060241739219379e+00 -4.633994826508064158e+00 -2.996732008918551848e+00 -2.995509505852036014e+00 8.548343959442570750e+00 1.253995384851260120e+01
-4.735350136180906055e+00 -4.733405019741449671e+00 -3.383618640311034209e+00 -3.382643751695954659e+00 9.665694947383002500e+00 1.417728338695161661e+01
-4.815436753082040333e+00 -4.813590095436379279e+00 -3.721740594918684142e+00 -3.720939844526645057e+00 1.059914203622870410e+01 1.555016218286536755e+01
-4.870114829858167127e+00 -4.868328703535537372e+00 -4.005222276845460172e+00 -4.004526610858233582e+00 1.133862162954022956e+01 1.663955821365326671e+01
-4.897221802505783650e+00 -4.895437511576533396e+00 -4.226650997425086764e+00 -4.225982465696985990e+00 1.187449257123051360e+01 1.742962349049084025e+01
-4.902028004924146920e+00 -4.900179855403106188e+00 -4.373826122723331267e+00 -4.373106581189944997e+00 1.219919150742429714e+01 1.790852760453999082e+01
-4.899867082347685532e+00 -4.897965879624647911e+00 -4.427146393713756289e+00 -4.426377718821466800e+00 1.230796351146735290e+01 1.806898224231181516e+01
-4.915648763764135509e+00 -4.666090283268541583e+00 -4.460182889359872505e+00 -4.166090463745262262e+00 1.229384634083202954e+01 1.797418468684115211e+01
-4.964367046682456319e+00 -4.556758861936849314e+00 -3.909675441258534612e+00 -3.288139478763266954e+00 1.225408798547323919e+01 1.769396461835636458e+01
-5.040900523270475553e+00 -4.706303331987678362e+00 -2.261586559687847497e+00 -6.942639682067777152e-01 1.219665447849286899e+01 1.724116026491955012e+01
-5.138931093778313475e+00 -4.894341162550561286e+00 2.792957031693187986e+00 3.576014152791006317e+00 1.213539151516135028e+01 1.663834222632592130e+01
-5.250784121771655322e+00 -5.104593459990366178e+00 4.710889185405747526e+00 5.277006728559893389e+00 1.209050207632140506e+01 1.591996609937270790e+01
-5.368225407362703372e+00 -5.320988566658855667e+00 6.044824869788402388e+00 6.576393631152379626e+00 1.208760397675947473e+01 1.513617435475098105e+01
-5.528920727090437026e+00 -5.483151862756530548e+00 7.018742354321996224e+00 7.566377469692527669e+00 1.215173624610742742e+01 1.435838661170499719e+01
-5.715878212652588886e+00 -5.588119212313162443e+00 7.689606287537340990e+00 8.238848538000473454e+00 1.229234619855122013e+01 1.368227030648843012e+01
-5.871673452811282168e+00 -5.676707950537565495e+00 8.108070422529607413e+00 8.573392419486676630e+00 1.248662265771504920e+01 1.320707363661170852e+01
-5.988471704146824059e+00 -5.743758094415417403e+00 8.340642988672632541e+00 8.619747611086561179e+00 1.268293063710541979e+01 1.296691513482732283e+01
-6.060742056276189338e+00 -5.785509812975461408e+00 8.451621195271606268e+00 8.534430831510318782e+00 1.282591132105608800e+01 1.289007210782957458e+01
-6.085195826847487055e+00 -5.799681804426950471e+00 8.483615689688404515e+00 8.483944244500515097e+00 1.287772943993287988e+01 1.287797215171496568e+01
-6.061954958450168185e+00 -5.788037610978711278e+00 8.536955020663899774e+00 8.544076216805594370e+00 1.288817124573355066e+01 1.289243070482927322e+01
-5.993921002697337741e+00 -5.751837419215821257e+00 8.673222975867918905e+00 8.699885030495295268e+00 1.292084698968140088e+01 1.293830219987378527e+01
-5.888038016725771762e+00 -5.685403084962934450e+00 8.831668361017234403e+00 8.887942418047337867e+00 1.297956636459864299e+01 1.301746794281218023e+01
-5.762730748008442205e+00 -5.572428126302330753e+00 8.940369008822173669e+00 9.031676277720624313e+00 1.306100392032551483e+01 1.312322277992645958e+01
-5.641223630968789315e+00 -5.392668286881288076e+00 8.943144133339053781e+00 9.069469011411301906e+00 1.314354361733435361e+01 1.322937467992130145e+01
-5.522654008049086016e+00 -5.150836107374267669e+00 8.812172895656312122e+00 8.969938072870677459e+00 1.318270626410920698e+01 1.328823979407139966e+01
-5.397695531852830797e+00 -4.860978972669012244e+00 8.542622782490042255e+00 8.727982564168538460e+00 1.312015758464461967e+01 1.324114742649186915e+01
-5.263349193547285587e+00 -4.531678289940586524e+00 8.140320375026069755e+00 8.351480140969357535e+00 1.289865531187387582e+01 1.303249354537651605e+01
-5.120486270771592352e+00 -4.168480320407430106e+00 7.612964318235526662e+00 7.851131034451506174e+00 1.247216479837019953e+01 1.261848254867145869e+01
-4.971878151004459845e+00 -3.775817740834290337e+00 6.966301090415140784e+00 7.236266766732983413e+00 1.180909206512412624e+01 1.196983856315052464e+01
-4.821496018834418251e+00 -3.357631147476481726e+00 6.202307771528075442e+00 6.513748483243212206e+00 1.089150243095551573e+01 1.107128250653316393e+01
-4.674194178683106493e+00 -2.917565844159654809e+00 5.315910692894857625e+00 5.686833143256309953e+00 9.712582842869375455e+00 9.919859017451820193e+00
-4.535456728776932067e+00 -2.459049695844375716e+00 4.283854944612789595e+00 4.750239297474026401e+00 8.273054834349157005e+00 8.523201735144953162e+00
-4.411099355165489122e+00 -1.985344160383625489e+00 3.015976607215531846e+00 3.667086491600098253e+00 6.577699527577288485e+00 6.899688973460437857e+00
-4.306889675493558833e+00 -1.499595084664430589e+00 7.612344905309580412e-01 2.203225245838885016e+00 4.653401235364484023e+00 5.090876777902448858e+00
-4.228088357847346934e+00 -2.741620429765110778e+00 -2.171624728502327795e+00 -1.004875771281002583e+00 2.756913928418589066e+00 3.223239699032810712e+00
-4.178952015725439395e+00 -3.806411789092433828e+00 -3.714150327664632822e+00 -5.043906909720378140e-01 1.280202820497080340e+00 1.523440075310289243e+00
-4.163550109004987121e+00 -4.163550109004822808e+00 -4.159623083036771973e+00 -1.026993794380049729e-01 6.635597319649873260e-02 6.635597319830820184e-02
-3.869318610527371582e+00 -3.869318610527204605e+00 -3.785120085190671890e+00 1.019983186401700603e+00 1.291171216940052213e+00 1.291171216940192101e+00
-3.032553244131051429e+00 -3.032553244130886672e+00 -2.569948977879737306e+00 2.224952877557014652e+00 2.743067935248124201e+00 2.743067935248260536e+00
-1.686065084653197488e+00 -1.686065084652992541e+00 1.056314484895056971e+00 3.897957812099110075e+00 4.374352046422705698e+00 4.374352046422835372e+00
1.781902191083675868e+00 1.781902191083828413e+00 2.596285259948226010e+00 5.651811295035183313e+00 5.957411989075040104e+00 5.957411989075148462e+00
3.048479020191006583e+00 3.048479020191096733e+00 3.476888026552189537e+00 7.147053176404292607e+00 7.338811898355192653e+00 7.338811898355282359e+00
3.955531182038578564e+00 3.955531182038656723e+00 4.186682522916551186e+00 8.359555650029125928e+00 8.470331707908533403e+00 8.470331707908611563e+00
4.702768382623578880e+00 4.702768382623657928e+00 4.784943961033284232e+00 9.296004138444100562e+00 9.336895423643010616e+00 9.336895423643081671e+00
5.284081703374459593e+00 5.339142787900862608e+00 5.339142787900948761e+00 9.938726166919840566e+00 9.938726166919911620e+00 9.968998902709529375e+00
5.685713814410819467e+00 5.883500501431144336e+00 5.883500501431235818e+00 1.029012317304179192e+01 1.029012317304186297e+01 1.040156750335642144e+01
5.988754947723502475e+00 6.345035925337841221e+00 6.345035925337938920e+00 1.042080333884708843e+01 1.042080333884717014e+01 1.063038909619128702e+01
6.193732413000046400e+00 6.728538760766955562e+00 6.728538760767061255e+00 1.037708518097909227e+01 1.037708518097918997e+01 1.070572484907694388e+01
6.309007394889641240e+00 7.036216373489872389e+00 7.036216373489989628e+00 1.022155910594581130e+01 1.022155910594593031e+01 1.068656970883039037e+01
6.360068874301741282e+00 7.270759079639333322e+00 7.270759079639463884e+00 1.002831779017095570e+01 1.002831779017109604e+01 1.063006840281420295e+01
6.396539971423567117e+00 7.444042615795716245e+00 7.444042615795863682e+00 9.868609245800023189e+00 9.868609245800175955e+00 1.057852685139134685e+01
6.485734811350042150e+00 7.589807688343924497e+00 7.589807688344103909e+00 9.787076017096358882e+00 9.787076017096524083e+00 1.055201481741118208e+01
6.688541765130517902e+00 7.761835442982597755e+00 7.761835442982807365e+00 9.787470606962410002e+00 9.787470606962576980e+00 1.055091533573060758e+01
7.031845297059167166e+00 8.005868561730984823e+00 8.005868561731221078e+00 9.845267917983740347e+00 9.845267917983912653e+00 1.056381174398601352e+01
7.498658677395684258e+00 8.332195273158490068e+00 8.332195273158742310e+00 9.929735025631527989e+00 9.929735025631707401e+00 1.057416515989678807e+01
8.040738604974118076e+00 8.714249154578412870e+00 8.714249154578666889e+00 1.001450874223971255e+01 1.001450874223990084e+01 1.056374845414751995e+01
8.599940293654869450e+00 9.105738603836597278e+00 9.105738603836844192e+00 1.007823379323930801e+01 1.007823379323950697e+01 1.051399229111957467e+01
9.124668680999567627e+00 9.459466744645808944e+00 9.459466744646043423e+00 1.010261401107365131e+01 1.010261401107386448e+01 1.040684762314445067e+01
9.577022407041660301e+00 9.738338709750310684e+00 9.738338709750522071e+00 1.007260395610875570e+01 1.007260395610900083e+01 1.022697257926417613e+01
9.884782655329782841e+00 9.885300746870935740e+00 9.885300746871150679e+00 1.001232921356382910e+01 1.001232921356417194e+01 1.001372628112650709e+01
9.636976442687153366e+00 9.669237104750420642e+00 9.850693187435673792e+00 9.979928484751951601e+00 1.017391675417752239e+01 1.019888715955893055e+01
9.252878047785486615e+00 9.370062597417053496e+00 9.746848883748770120e+00 9.882461740755386970e+00 1.030551169104143128e+01 1.040759969975986721e+01
8.795195859914485936e+00 9.036560014628541637e+00 9.573697334009880322e+00 9.719142620855423687e+00 1.036935730043430404e+01 1.059142198157472414e+01
8.288606058404550225e+00 8.669322221892956648e+00 9.331099718412184885e+00 9.488680616001612833e+00 1.038157393438820719e+01 1.075111750910774866e+01
7.764214360627107681e+00 8.266422712672261142e+00 9.018807240041910589e+00 9.189295482560083883e+00 1.036739426351074123e+01 1.088998313201950374e+01
7.253694860074330286e+00 7.824243553104690108e+00 8.636380471459309760e+00 8.818702751444003951e+00 1.036271392187987495e+01 1.101248710707901246e+01
6.776380344504715048e+00 7.337278105917946824e+00 8.183038606592461406e+00 8.374025661432966672e+00 1.041647421914502125e+01 1.112377189272105582e+01
6.325055383033460821e+00 6.797775519877367500e+00 7.657379650310303099e+00 7.851553160686437494e+00 1.058775624141088301e+01 1.122910136320161101e+01
5.863553884905618574e+00 6.195092812406396199e+00 7.056852210092207756e+00 7.246186227011097714e+00 1.093067557067368867e+01 1.133321351514809727e+01
5.342944533450380895e+00 5.514131405865650315e+00 6.376713712389325828e+00 6.550223996985028663e+00 1.143967714300863037e+01 1.147058775013246468e+01
4.719692657055557738e+00 4.731121686759230727e+00 5.607808247446735450e+00 5.750599431751552970e+00 1.155038993151023874e+01 1.219113822109599354e+01
3.800204183932652580e+00 3.954457383349998967e+00 4.731176505811057531e+00 4.821812898458547991e+00 1.166532195567097929e+01 1.304328849984821836e+01
2.597222918004022052e+00 2.979269254207031814e+00 3.701483524096016886e+00 3.703529488268925807e+00 1.178256050459505744e+01 1.396405833644999106e+01
-7.166550547820946804e-01 1.513863230708316854e+00 2.175769292124663856e+00 2.373361420574626290e+00 1.189861564201169486e+01 1.489066081152523502e+01
-2.670030486416840709e+00 -1.954442331656177645e+00 -1.848978796896836529e+00 -1.270120358763569435e+00 1.200891074630317945e+01 1.576717705923031154e+01
-3.590599559533818486e+00 -3.238781343448785766e+00 -3.032371618611297226e+00 -2.799636609400562470e+00 1.210835718237476399e+01 1.654664775094619600e+01
-4.196219206167313587e+00 -4.031212227010096960e+00 -3.689522279325190723e+00 -3.587487297550945531e+00 1.219192650023618185e+01 1.719128063683954721e+01
-4.594364547275949562e+00 -4.528895128896369471e+00 -4.110440869765286998e+00 -4.070536656156667377e+00 1.225515899092220096e+01 1.767213121331771220e+01
-4.823135982673043998e+00 -4.809019738661287846e+00 -4.349387850832753699e+00 -4.339530935446742177e+00 1.229457357757443781e+01 1.796875796012851012e+01
-4.899867082347685532e+00 -4.897965879624647911e+00 -4.427146393713756289e+00 -4.426377718821466800e+00 1.230796351146735290e+01 1.806898224231181516e+01
-6.085195826847487055e+00 -5.799681804426950471e+00 8.483615689688404515e+00 8.483944244500515097e+00 1.287772943993287988e+01 1.287797215171496568e+01
-5.922151652675222699e+00 -5.629473774397415475e+00 8.486714290963126572e+00 8.487042576836961061e+00 1.285318897833394836e+01 1.285343225356023922e+01
-5.414099378079904490e+00 -5.095883491626131523e+00 8.496698442855693756e+00 8.497025885794380784e+00 1.278013890548109543e+01 1.278038388046942053e+01
-4.481751862431326394e+00 -4.098788436918507472e+00 8.515571697081220748e+00 8.515897616238900625e+00 1.266028452406905913e+01 1.266053236477574373e+01
-2.815842053646290921e+00 -2.172532604342221507e+00 8.546469454399314714e+00 8.546792995384164371e+00 1.249643884334624921e+01 1.249669077025885855e+01
2.540157350730918306e+00 3.093609874507387225e+00 8.593358772380559785e+00 8.593678845027348245e+00 1.229247747260180113e+01 1.229273479596275109e+01
4.714043382969237861e+00 5.023981652257058172e+00 8.660634589972024955e+00 8.660949805485476105e+00 1.205327271610858375e+01 1.205353689275883511e+01
6.201932491597126784e+00 6.432676643065952327e+00 8.752638860403264331e+00 8.752947449998774943e+00 1.178460419975024820e+01 1.178487693655643298e+01
7.364358213647471452e+00 7.553098446146266021e+00 8.873144644588332852e+00 8.873444315987482511e+00 1.149304331090161924e+01 1.149332677562385641e+01
8.283425410320303328e+00 8.446277758307900285e+00 9.024857882021423805e+00 9.025145560944638490e+00 1.118581128681162440e+01 1.118610859473881547e+01
8.987339112258391438e+00 9.133437642579201210e+00 9.208980175210866648e+00 9.209254979671175789e+00 1.087062447191420489e+01 1.087094100714278433e+01
9.424789427379215212e+00 9.425023883058811336e+00 9.486762887415517653e+00 9.622254830053419639e+00 1.055561780345721345e+01 1.055596584974268204e+01
9.668429464980649257e+00 9.668589042752133267e+00 9.785604881946362354e+00 9.915175760780957859e+00 1.025018259090103179e+01 1.025060798876787693e+01
9.884782655329782841e+00 9.885300746870935740e+00 9.885300746871150679e+00 1.001232921356382910e+01 1.001232921356417194e+01 1.001372628112650709e+01
