0.000000000000000000e+00
1.026125135252375503e-01
2.052250270504751006e-01
3.078375405757126648e-01
4.104500541009502013e-01
5.130625676261877377e-01
6.156750811514253297e-01
7.182875946766628106e-01
8.209001082019004025e-01
9.235126217271379945e-01
1.026125135252375475e+00
1.128737648777613067e+00
1.231350162302850659e+00
1.333962675828088251e+00
1.436575189353325843e+00
1.539187702878563435e+00
1.641800216403800805e+00
1.744412729929038397e+00
1.847025243454275989e+00
1.949637756979513359e+00
2.052250270504750951e+00
2.154862784029988543e+00
2.257475297555226135e+00
2.360087811080463727e+00
2.462700324605701319e+00
2.559444330136757095e+00
2.656188335667812872e+00
2.752932341198868649e+00
2.849676346729924425e+00
2.946420352260979758e+00
3.043164357792035535e+00
3.139908363323091312e+00
3.236652368854147088e+00
3.333396374385202865e+00
3.430140379916258642e+00
3.526884385447313974e+00
3.623628390978369751e+00
3.720372396509425528e+00
3.817116402040481304e+00
3.913860407571537081e+00
4.010604413102592858e+00
4.107348418633648635e+00
4.204092424164704411e+00
4.296821165165431111e+00
4.389549906166158699e+00
4.482278647166885399e+00
4.575007388167612099e+00
4.667736129168339687e+00
4.760464870169066387e+00
4.853193611169793087e+00
4.945922352170519787e+00
5.038651093171247375e+00
5.131379834171974075e+00
5.224108575172700775e+00
5.316837316173428363e+00
5.409566057174155063e+00
5.502294798174881763e+00
5.595023539175608462e+00
5.687752280176336050e+00
5.780481021177062750e+00
5.873209762177789450e+00
5.965938503178517038e+00
6.058667244179243738e+00
6.151395985179970438e+00
6.244124726180697138e+00
6.336853467181424726e+00
6.423923072159374748e+00
6.510992677137324769e+00
6.598062282115275679e+00
6.685131887093225700e+00
6.772201492071175721e+00
6.859271097049125743e+00
6.946340702027075764e+00
7.033410307005025786e+00
7.120479911982975807e+00
7.207549516960925828e+00
7.294619121938876738e+00
7.381688726916826759e+00
7.468758331894776781e+00
7.555827936872726802e+00
7.642897541850676824e+00
7.729967146828627733e+00
7.817036751806577755e+00
7.904106356784527776e+00
7.991175961762477797e+00
8.078245566740427819e+00
8.078245566740427819e+00
8.172964809994493152e+00
8.267684053248558484e+00
8.362403296502623817e+00
8.457122539756689150e+00
8.551841783010754483e+00
8.646561026264819816e+00
8.741280269518885149e+00
8.835999512772950482e+00
8.930718756027015814e+00
9.025437999281082924e+00
9.120157242535148256e+00
9.214876485789213589e+00
9.309595729043278922e+00
