-1.493640652786000667e+00
-1.468776153615259927e+00
-1.443911654444519188e+00
-1.419047155273778671e+00
-1.394182656103037932e+00
-1.369318156932297414e+00
-1.344453657761556675e+00
-1.319589158590815936e+00
-1.294724659420075419e+00
-1.269860160249334680e+00
-1.244995661078593940e+00
-1.220131161907853423e+00
-1.195266662737112684e+00
-1.170402163566372167e+00
-1.145537664395631428e+00
-1.120673165224890688e+00
-1.095808666054149949e+00
-1.070944166883409432e+00
-1.046079667712668915e+00
-1.021215168541928175e+00
-9.963506693711874362e-01
-9.714861702004469191e-01
-9.466216710297060688e-01
-9.217571718589654406e-01
-8.968926726882248124e-01
-8.720281735174841842e-01
-8.471636743467435560e-01
-8.222991751760028167e-01
-7.974346760052620775e-01
-7.725701768345215603e-01
-7.477056776637808211e-01
-7.228411784930401929e-01
-6.979766793222995647e-01
-6.731121801515588254e-01
-6.482476809808181972e-01
-6.233831818100775690e-01
-5.985186826393369408e-01
-5.736541834685962016e-01
-5.487896842978556844e-01
-5.239251851271149452e-01
-4.990606859563742059e-01
-4.741961867856335222e-01
-4.493316876148930605e-01
-4.244671884441523213e-01
-3.996026892734116376e-01
-3.747381901026709539e-01
-3.498736909319302146e-01
-3.250091917611897530e-01
-3.001446925904490137e-01
-2.752801934197083300e-01
-2.504156942489676463e-01
-2.255511950782269348e-01
-2.006866959074864454e-01
-1.758221967367457339e-01
-1.509576975660050224e-01
-1.260931983952643387e-01
-1.012286992245236272e-01
-7.636420005378313780e-02
-5.149970088304243326e-02
-2.663520171230172873e-02
-1.770702541561026359e-03
2.309379662917967688e-02
4.795829579992016978e-02
7.282279497066086738e-02
9.768729414140157885e-02
1.225517933121422764e-01
1.474162924828829879e-01
1.722807916536234774e-01
1.971452908243641611e-01
2.220097899951048726e-01
2.468742891658455840e-01
2.717387883365862677e-01
2.966032875073267849e-01
3.214677866780674687e-01
3.463322858488081524e-01
3.711967850195488916e-01
3.960612841902893533e-01
4.209257833610302590e-01
4.457902825317707762e-01
4.706547817025112379e-01
4.955192808732521992e-01
5.203837800439926609e-01
5.452482792147336221e-01
5.701127783854740283e-01
5.949772775562145455e-01
6.198417767269555068e-01
6.447062758976960239e-01
6.695707750684368742e-01
6.944352742391773914e-01
7.192997734099179086e-01
7.441642725806587588e-01
7.690287717513992760e-01
7.938932709221402373e-01
8.187577700928806435e-01
8.436222692636211606e-01
8.684867684343621219e-01
8.933512676051025281e-01
9.182157667758434894e-01
9.430802659465840065e-01
9.679447651173245237e-01
9.928092642880653740e-01
1.017673763458805780e+00
1.042538262629546741e+00
1.067402761800287259e+00
1.092267260971027776e+00
1.117131760141768737e+00
1.141996259312509254e+00
1.166860758483249993e+00
1.191725257653990511e+00
1.216589756824731028e+00
1.241454255995471989e+00
1.266318755166212506e+00
1.291183254336953468e+00
1.316047753507693985e+00
1.340912252678434280e+00
1.365776751849175241e+00
1.390641251019915758e+00
1.415505750190656720e+00
1.440370249361397237e+00
1.465234748532137754e+00
1.490099247702878493e+00
1.514963746873619010e+00
1.539828246044359972e+00
1.564692745215100489e+00
1.589557244385841006e+00
1.614421743556581967e+00
1.639286242727322485e+00
1.664150741898063224e+00
1.689015241068803741e+00
1.713879740239544258e+00
1.738744239410285219e+00
1.763608738581025737e+00
1.788473237751766698e+00
1.813337736922506993e+00
1.838202236093247510e+00
1.863066735263988472e+00
1.887931234434728989e+00
1.912795733605469950e+00
1.937660232776210467e+00
1.962524731946950984e+00
1.987389231117691724e+00
2.012253730288432241e+00
2.037118229459172980e+00
2.061982728629913719e+00
2.086847227800654014e+00
2.111711726971395198e+00
2.136576226142135493e+00
2.161440725312876676e+00
2.186305224483616971e+00
2.211169723654357266e+00
2.236034222825098450e+00
2.260898721995838745e+00
2.285763221166579484e+00
2.310627720337320223e+00
2.335492219508061407e+00
2.360356718678801258e+00
2.385221217849541997e+00
2.410085717020283180e+00
2.434950216191023031e+00
2.459814715361764215e+00
2.484679214532504954e+00
2.509543713703245693e+00
2.534408212873985988e+00
2.559272712044726727e+00
2.584137211215467911e+00
2.609001710386207762e+00
2.633866209556948945e+00
2.658730708727689684e+00
2.683595207898429980e+00
2.708459707069170719e+00
2.733324206239911458e+00
2.758188705410652641e+00
2.783053204581392492e+00
2.807917703752133676e+00
2.832782202922874415e+00
2.857646702093614266e+00
2.882511201264355449e+00
2.907375700435096189e+00
2.932240199605836484e+00
2.957104698776577223e+00
2.981969197947318406e+00
3.006833697118059145e+00
3.031698196288798997e+00
3.056562695459540180e+00
3.081427194630280919e+00
3.106291693801021214e+00
3.131156192971761953e+00
3.156020692142502693e+00
3.180885191313242988e+00
3.205749690483983727e+00
3.230614189654724910e+00
3.255478688825465650e+00
3.280343187996205945e+00
3.305207687166946684e+00
3.330072186337687423e+00
3.354936685508427718e+00
3.379801184679168458e+00
3.404665683849909641e+00
3.429530183020649492e+00
3.454394682191390675e+00
