-1.737756271515605886e-07 2.638222754531699952e-08 1.940954130212065629e-07 8.172812317784144298e+00 1.287801080047639779e+01 1.303433659459132876e+01
-1.565228107805845814e-01 9.480793165148764245e-01 1.241146424635007017e+00 8.093023681303064265e+00 1.282853670014338832e+01 1.339292033350073474e+01
-2.204051440693933495e-01 1.887689813302014352e+00 2.795608671344141261e+00 7.861931741589918587e+00 1.268205824383701952e+01 1.430773887264802191e+01
2.582301359646496097e-01 2.808917761863009677e+00 4.632045973388652094e+00 7.505121088990004630e+00 1.244469385125927019e+01 1.546502281138473478e+01
7.155856635981124869e-01 3.698512909114169744e+00 6.568189587654924111e+00 7.068484351869750881e+00 1.212777223386171421e+01 1.660667481472734508e+01
1.195723724660944232e+00 4.536796204138424216e+00 6.626010946839598681e+00 8.428808945356955462e+00 1.175025399708074403e+01 1.757141906849185276e+01
1.641701274333054794e+00 5.291908884274556968e+00 6.295361476316706728e+00 1.006923057825828138e+01 1.134394634141073155e+01 1.827196301452703864e+01
1.918050718233487828e+00 5.909458123189281764e+00 6.242618774181420527e+00 1.096343023686645779e+01 1.136589130293455696e+01 1.867510323686630969e+01
1.913724142078283341e+00 6.301536989951273426e+00 6.594785931278581259e+00 1.069670307623711736e+01 1.220833158763097259e+01 1.879046321826543675e+01
1.677438393367992164e+00 6.368244214373750545e+00 7.307432837828006456e+00 1.064338786176449148e+01 1.250345454564053504e+01 1.865651530267928493e+01
1.358075701609858799e+00 6.083687879856826797e+00 8.233840815441023864e+00 1.082848647945459142e+01 1.219982878691310191e+01 1.831195907451648708e+01
1.925448838854245004e+00 6.240796677007307558e+00 7.824943138985997138e+00 1.072547985952734173e+01 1.246889322224175700e+01 1.876196029536378163e+01
2.933380240110923243e+00 6.338807500634654701e+00 7.485917643703561275e+00 1.065876443153853081e+01 1.268530998055458880e+01 1.941310565369323982e+01
3.432771771872950684e+00 6.371969266326690473e+00 7.334989901122542122e+00 1.063563579340725163e+01 1.276230271144236994e+01 1.971076610179734345e+01
3.351213218903504210e+00 6.525189474310400861e+00 7.297337899503916425e+00 1.070980651808765494e+01 1.274069540683428592e+01 1.955493753141125524e+01
3.105086338318116201e+00 6.799216100356665571e+00 7.327902697536787358e+00 1.090285318013447480e+01 1.269183843512504595e+01 1.910028775578958360e+01
2.686393687967026711e+00 6.662634756491806698e+00 7.860190719937317105e+00 1.112456806895817962e+01 1.267110573198100276e+01 1.838611155988170864e+01
2.062060234096900313e+00 6.309186722277256187e+00 8.596688049878038029e+00 1.124207993398180072e+01 1.276837857498298234e+01 1.748049068275542695e+01
1.048866501400175899e+00 5.875374681849406144e+00 9.319183325016362929e+00 1.119250461298955734e+01 1.300869034134774971e+01 1.648355132662284106e+01
-1.366859120420113038e+00 5.416714106616193014e+00 9.918316667444196710e+00 1.104433674947386734e+01 1.330115122141435258e+01 1.552809778409805119e+01
-2.073779322281257720e+00 4.995088430539981417e+00 1.030461778290448116e+01 1.090088094122112139e+01 1.354961608105416637e+01 1.476534926037962947e+01
-2.428670453068356050e+00 4.688336166862766774e+00 1.042640561072086847e+01 1.085732329197987589e+01 1.369436843677990367e+01 1.431528714180038087e+01
-2.540873700179629324e+00 4.574373190836368508e+00 1.042411351616285664e+01 1.086627657766052479e+01 1.372895111501147625e+01 1.418558730282717661e+01
-2.462903172348947844e+00 4.684646028547237329e+00 1.047481069896395312e+01 1.085146194532544506e+01 1.394098540342606007e+01 1.425310117378294983e+01
-2.222180727641406950e+00 4.962327232075650407e+00 1.053388422244813505e+01 1.082384507215912883e+01 1.427123057122687477e+01 1.446944057861904653e+01
-1.920134103521983882e+00 5.241478438693419228e+00 1.049377929771148388e+01 1.082138680876484926e+01 1.431344774341603809e+01 1.468310801227443285e+01
-2.338190292315475816e+00 4.818837465431665024e+00 1.061440306949377721e+01 1.084365072203991076e+01 1.439738823564767678e+01 1.468782437074525582e+01
-2.544810912052870577e+00 4.515195992631785948e+00 1.062128795310640861e+01 1.094001085209509228e+01 1.436364304965375283e+01 1.492622982011256916e+01
-2.586278082518842947e+00 4.361876139306761324e+00 1.050071089917369882e+01 1.107786168410233252e+01 1.421125670744390135e+01 1.541114242340783136e+01
-2.482827572850815567e+00 4.363834709186548366e+00 1.020358006184895316e+01 1.124487226456454536e+01 1.395458137870920723e+01 1.612414213054346845e+01
-2.244703375102258036e+00 4.495608440108955328e+00 9.724625165020793105e+00 1.141090472941468015e+01 1.363073448552961864e+01 1.699300011070694083e+01
-1.872854755543878813e+00 4.711437226615990959e+00 9.100314523469053896e+00 1.151972756360574124e+01 1.330692385440216263e+01 1.791906570140386279e+01
-1.342746410819618541e+00 4.960838306166901468e+00 8.390420337358330372e+00 1.149362955474123282e+01 1.308100611571440197e+01 1.880677019929895621e+01
-4.059594774464849731e-01 5.199422102205346619e+00 7.672037623254873928e+00 1.130704952081933357e+01 1.300893443283550255e+01 1.957672409843312522e+01
1.089182234710133201e+00 5.393062575025019179e+00 7.039333128971261289e+00 1.105468567258805201e+01 1.303409823414048674e+01 2.016849494877240190e+01
1.439949697125519013e+00 5.518290519331927158e+00 6.597293004922478055e+00 1.085509485944838204e+01 1.307703600803434085e+01 2.054003132087461481e+01
1.543479538111788951e+00 5.561513560353572139e+00 6.437343129470514569e+00 1.078075909046124181e+01 1.309535500309100442e+01 2.066659719276691831e+01
1.391537293708273282e+00 5.690869436903375878e+00 6.272725013598180688e+00 1.089430341721743289e+01 1.278520714013090398e+01 2.054472995365907551e+01
9.700909686795983200e-01 5.826935013928940421e+00 6.023981012534079582e+00 1.118667035624114092e+01 1.188779402833070264e+01 2.016567340753955762e+01
-1.432124173290956481e-01 5.191277870551744833e+00 6.457847684548863043e+00 1.048885244874610478e+01 1.156599461939280538e+01 1.950364546672047439e+01
-7.836410000776281581e-01 4.438143860942906471e+00 6.910922670087189523e+00 8.703672371575189359e+00 1.195910036723241454e+01 1.854829827975254020e+01
-8.853255103768308265e-01 3.612352746693403116e+00 6.667052889594743625e+00 7.331075342178134058e+00 1.232038102916056843e+01 1.732618966487446599e+01
-7.989251650256489201e-01 2.740910666805494778e+00 4.541801607567810706e+00 7.685220741608276285e+00 1.262235694494871119e+01 1.591865416222898233e+01
-5.938254261839311932e-01 1.840974569706675945e+00 2.544937236392111668e+00 7.951781451862750316e+00 1.284811779647683316e+01 1.449099679061142609e+01
-3.148503484761210891e-01 9.243488465000692100e-01 9.713281422323577496e-01 8.116919557477718428e+00 1.298732985496113912e+01 1.333974495698944729e+01
-1.737756271515605886e-07 2.638222754531699952e-08 1.940954130212065629e-07 8.172812317784144298e+00 1.287801080047639779e+01 1.303433659459132876e+01
-1.070051257379026177e+00 -3.395442511441661426e-01 4.442525209709241585e-01 8.777033820816326326e+00 1.287918621519527740e+01 1.323609152601332539e+01
-1.383708158838542035e+00 -6.510011309787760991e-01 1.021829675231100243e+00 1.007384716489688437e+01 1.288241208073482724e+01 1.362185539110635624e+01
-1.241611031129018050e+00 -9.120582896010395180e-01 1.647144469479757012e+00 1.138908967297176211e+01 1.288689984474507533e+01 1.378587081406170611e+01
-1.110231794700931252e+00 -5.587082970407444282e-01 1.643430972935508327e+00 1.239516599452458756e+01 1.289164584336490904e+01 1.348487247414479206e+01
-1.243738775917826445e+00 6.918414708343996189e-01 1.055680151514455600e+00 1.277227712679005300e+01 1.289571676732412620e+01 1.299617732086854360e+01
-1.473429563539597753e+00 -1.318519690757569363e+00 1.538188506367392572e+00 1.199652026931924809e+01 1.289842410602324563e+01 1.325707396632449253e+01
-1.818882704450321297e+00 -1.342299907261771841e+00 1.713896672851705993e+00 1.165223439375128223e+01 1.289936920618773009e+01 1.331922606737958859e+01
-9.996424351552809506e-01 -9.463291267617544023e-01 1.680183580346177097e+00 1.198224096777635772e+01 1.285616956195874572e+01 1.321930277107222906e+01
1.176331395736961216e+00 1.582239031233848126e+00 2.695627686081684349e+00 1.272804552347705354e+01 1.284234944461694994e+01 1.292338032202111364e+01
1.430925241636346712e+00 2.295515452087141028e+00 4.753681798154206106e+00 1.244299182073936194e+01 1.251960065333286032e+01 1.397017776452155857e+01
1.249574186570823864e+00 3.242000508008965998e+00 6.718936140076927188e+00 1.179735355505847672e+01 1.223919832092488136e+01 1.514081243057907677e+01
1.084574486182346087e+00 4.106062537900957210e+00 8.546537967253028611e+00 1.101345931247101539e+01 1.190038260841070716e+01 1.621171332419617883e+01
1.014679750809822645e+00 4.889804740498948199e+00 1.012648284841341351e+01 1.013791329618365467e+01 1.152483442424574989e+01 1.710837715706538376e+01
1.112069932719203402e+00 5.566894473075039151e+00 9.180966070011706393e+00 1.114812202744037961e+01 1.138828830098101186e+01 1.780598205953223712e+01
1.358075701609872787e+00 6.083687879856826797e+00 8.233840815441023864e+00 1.082848647945459142e+01 1.219982878691310368e+01 1.831195907451648708e+01
1.219384767686265914e+00 6.275223554779109314e+00 8.187274871403507959e+00 1.088022824738813199e+01 1.221693752159432655e+01 1.821115797114065415e+01
8.855765969319832065e-01 6.758904919361695462e+00 8.029792031462275048e+00 1.102594880237487196e+01 1.227002258212190711e+01 1.793062812740184597e+01
-3.852481950729437221e-01 7.431541573700259029e+00 7.767754262116741693e+00 1.116176593003453199e+01 1.243144845275682897e+01 1.749244691131971408e+01
-1.078824952280600158e+00 7.413642055079638027e+00 8.182319044042460021e+00 1.118921038746821495e+01 1.275765808556809411e+01 1.693290916071814323e+01
-1.451581982560572914e+00 6.987162011049084853e+00 8.914777457347401679e+00 1.111875155853129904e+01 1.319764236178935590e+01 1.630285242467529017e+01
-1.687038664033804869e+00 6.517250926876194228e+00 9.548137493777764107e+00 1.101237449141209801e+01 1.365998112304439616e+01 1.566706343006184099e+01
-1.818988016266156249e+00 6.045313286472419279e+00 1.001516092120496992e+01 1.092559348642501860e+01 1.407445224150978014e+01 1.510031864648659372e+01
-1.875707764680464518e+00 5.628779536810773365e+00 1.028406652917295894e+01 1.088865084978176334e+01 1.438722107255888361e+01 1.467955091423122838e+01
-1.896821839399125187e+00 5.339124412480630077e+00 1.041400430734852556e+01 1.086761821620328305e+01 1.438798246246618717e+01 1.462508200553618742e+01
-1.920134103521982993e+00 5.241478438693417452e+00 1.049377929771148743e+01 1.082138680876484926e+01 1.431344774341603632e+01 1.468310801227443818e+01
-1.211824204006616945e+00 5.695372121880986960e+00 1.026213884498911533e+01 1.087717004423166500e+01 1.413220038729128802e+01 1.488729022494504406e+01
1.083457624795334473e+00 6.176947070294782627e+00 9.902888608349879718e+00 1.098001979460739008e+01 1.386945789735590395e+01 1.527518055217135462e+01
2.016323321354787979e+00 6.654608485654016192e+00 9.417466769649319502e+00 1.110287816668424909e+01 1.355272927902000291e+01 1.580217598521464595e+01
2.646817951001116054e+00 7.101539775332856408e+00 8.832162347635904354e+00 1.121719799971175568e+01 1.321896733985823325e+01 1.640084008867089693e+01
3.127810138643650095e+00 7.495780375594963019e+00 8.194523144588735875e+00 1.129100096166056133e+01 1.291602520428298995e+01 1.699844014270520276e+01
3.492055460146755497e+00 7.568278793605569099e+00 7.819907040974176660e+00 1.129627526366498280e+01 1.269366448706191619e+01 1.753044071917995339e+01
3.749634685622433850e+00 7.029973257912030427e+00 8.060690488680540611e+00 1.123706658451273377e+01 1.257266072350689434e+01 1.794608009884068167e+01
3.903675452286474279e+00 6.661126287685990022e+00 8.208837961381181714e+00 1.116374789447786320e+01 1.252625698700676971e+01 1.820955369005791979e+01
3.954980793301909880e+00 6.529186561964497315e+00 8.258830699940164166e+00 1.113207863873912551e+01 1.251590716821761795e+01 1.829970698227307579e+01
3.837267646705297519e+00 6.423589575181517297e+00 8.430882350583488005e+00 1.116059057202648397e+01 1.233445900846362875e+01 1.824304038544014617e+01
3.539766894950804321e+00 6.120126209593518496e+00 8.887004962693508148e+00 1.122850232602386988e+01 1.181194452286604424e+01 1.806565515639087138e+01
3.164832333171793355e+00 5.650316365835237775e+00 9.512364418598101778e+00 1.091711229869775757e+01 1.138175782031780336e+01 1.775176941840536315e+01
2.789132633885851753e+00 5.048594992562698280e+00 9.834843621915062784e+00 1.021146056219855502e+01 1.146319558944287031e+01 1.728985795317200669e+01
2.455908321178158715e+00 4.342616622084307210e+00 8.534090170663272801e+00 1.091775125843905769e+01 1.154417133356704817e+01 1.668238429421255731e+01
2.186106075192449261e+00 3.548517800516533427e+00 7.087549147156864571e+00 1.158367577453996589e+01 1.160250790231651585e+01 1.595106504306738771e+01
1.985900756500694087e+00 2.662665978883069773e+00 5.553326339899467889e+00 1.163693042113825626e+01 1.217342979473836095e+01 1.514050771946932450e+01
1.618665572664639063e+00 1.850659113527250099e+00 3.980614001196047802e+00 1.165208385856467821e+01 1.265951036814042574e+01 1.432212553920379250e+01
-8.082437031133656857e-01 1.768761742912149382e+00 2.379066938125364850e+00 1.165516836707817561e+01 1.302121566767553773e+01 1.359647228461165014e+01
-1.625487630453394949e+00 -1.256878873879838654e-01 1.726648609681892488e+00 1.165345167402163895e+01 1.308530602971761425e+01 1.324400493890308894e+01
-1.818882704450321297e+00 -1.342299907261771841e+00 1.713896672851705993e+00 1.165223439375128223e+01 1.289936920618773009e+01 1.331922606737958859e+01
1.543479538111788951e+00 5.561513560353572139e+00 6.437343129470514569e+00 1.078075909046124181e+01 1.309535500309100442e+01 2.066659719276691831e+01
1.680963773390743210e+00 5.662760320622855836e+00 6.448093361153777181e+00 1.075119610442163065e+01 1.305760504685618706e+01 2.047352543861673269e+01
2.018761630188350420e+00 5.942780852286461801e+00 6.479623026738670966e+00 1.068433321326911667e+01 1.295917066633360193e+01 1.996291610503859104e+01
2.435239970982383539e+00 6.292308498637412484e+00 6.577436204698421385e+00 1.063486875638133355e+01 1.283587559131387046e+01 1.931439046003500692e+01
2.856676797910021381e+00 6.433502160122955615e+00 6.944963048330849098e+00 1.065882014358195917e+01 1.272351120755847909e+01 1.874191747938453645e+01
3.254381382298560776e+00 6.474236144735156628e+00 7.413199000260833671e+00 1.077336757693622893e+01 1.263819875540655602e+01 1.839043764678924830e+01
3.605910652310335252e+00 6.502603042890848783e+00 7.838197717773526030e+00 1.093804253484868205e+01 1.257588456960853485e+01 1.826977779642275124e+01
3.860511818005896600e+00 6.522177185316353487e+00 8.144867634498519138e+00 1.107822861871190234e+01 1.253249655335513957e+01 1.827941464053349918e+01
3.954980793301909880e+00 6.529186561964497315e+00 8.258830699940164166e+00 1.113207863873912551e+01 1.251590716821761795e+01 1.829970698227307579e+01
