3.399128538346763984e-01 3.691260412232642008e-01 4.031954038814556385e-01 4.777855988324608005e-01 5.477756884727774667e-01 5.588957587681692152e-01 6.440757439227405845e-01 7.532494742696804746e-01 9.218648837123117890e-01 1.025307867581662036e+00 1.071977316709925132e+00 1.146489202033784460e+00 1.199537185269290429e+00 1.261236807242415825e+00 1.289134226209195155e+00 1.359769839913464562e+00 1.377572709233267245e+00 1.641034926035926045e+00 1.687305135875278195e+00 1.815544735006964450e+00 1.898893762027732413e+00 1.988916478504138441e+00 2.018593130640546462e+00 2.040117450878803140e+00 2.203578734931016303e+00 2.312378815272176702e+00 2.625386897818430043e+00 2.727432077849645697e+00 2.950121221165025176e+00 3.116648101788073610e+00
3.149312157881862251e-01 3.787406397426339444e-01 3.874023742320943930e-01 4.974779105968936688e-01 5.481726368414487904e-01 5.595744871846969337e-01 6.390723069401899048e-01 7.528081183471797555e-01 9.203139998780832665e-01 9.933848142682244475e-01 1.052030604090576027e+00 1.163716547325904571e+00 1.199652629434257323e+00 1.264080542279319319e+00 1.289353771850262786e+00 1.359414647334668658e+00 1.387742119710856592e+00 1.624532991755390343e+00 1.677490417152971647e+00 1.838240250298613487e+00 1.901207842834987449e+00 1.998070687504758691e+00 2.015131545683598979e+00 2.042979553477947352e+00 2.202554957210360431e+00 2.310781437520440296e+00 2.607728339198036149e+00 2.726441761759987426e+00 2.871896722080237385e+00 3.164661655927581752e+00
2.737312387805370117e-01 3.315492985870089337e-01 4.088210829296042848e-01 5.255393705682095407e-01 5.491094327204407710e-01 5.617616546593621196e-01 6.224912417573824630e-01 7.502148916090707331e-01 9.160836157488599918e-01 9.198886377006979531e-01 1.022516555268098815e+00 1.172273365635978060e+00 1.199959326441585539e+00 1.272053011432428438e+00 1.298113692501514205e+00 1.358314560685866867e+00 1.408630099726696505e+00 1.580139478056412639e+00 1.679073936652159871e+00 1.860591467804311394e+00 1.910202613121491533e+00 2.007846250604572447e+00 2.033022995357606444e+00 2.048573261958999137e+00 2.197474214124264247e+00 2.305451215071730786e+00 2.548342460990185021e+00 2.685410262631542810e+00 2.780703767606619969e+00 3.219562954605831528e+00
2.261594709113150248e-01 2.755857538879363799e-01 4.246116958741283365e-01 5.158984958742262039e-01 5.500608041987536945e-01 5.655620392532025864e-01 6.060411304609755190e-01 7.435592408911141371e-01 8.521019427327806151e-01 9.102418967264761518e-01 9.873538197641248404e-01 1.163960799098910037e+00 1.200370681407919804e+00 1.283689592317135197e+00 1.305757849105316559e+00 1.356364226666394446e+00 1.430915268562438891e+00 1.539027939393572852e+00 1.690921033616781921e+00 1.859427874907746636e+00 1.918679243599201723e+00 1.999781228671098754e+00 2.054162204941784697e+00 2.090175308603611004e+00 2.173682577946183692e+00 2.290666996920839082e+00 2.431319623502319338e+00 2.612406296622589164e+00 2.768446479860385168e+00 3.243058168754855419e+00
1.738220051395738541e-01 2.128512236307731342e-01 4.251518373213052926e-01 4.350175425099778725e-01 5.507237607927224499e-01 5.704064498129142180e-01 6.148351572778801843e-01 7.334893031710267852e-01 8.153699145155502981e-01 9.040854001972477016e-01 9.526487597648143346e-01 1.150048446332878616e+00 1.200798078502158583e+00 1.295748749830746505e+00 1.297112813998895220e+00 1.353387080586559543e+00 1.453033250665142884e+00 1.514337790806560280e+00 1.706879013018479885e+00 1.844280368212556809e+00 1.921572734183331299e+00 1.992292767374137297e+00 2.043310959307219399e+00 2.058857036635958870e+00 2.160202441855522792e+00 2.274141234990803895e+00 2.368043735098464886e+00 2.572524208450681193e+00 2.767366126903556989e+00 3.235487551007401485e+00
1.178979503513343102e-01 1.440042826803767106e-01 2.921394921002860023e-01 4.412066537858908566e-01 5.511008477111366544e-01 5.751163810755010042e-01 6.235183795192346112e-01 7.195703025731529090e-01 8.045925029271618900e-01 8.987934763311942188e-01 9.255507531149658185e-01 1.133575348527781301e+00 1.201165599556522245e+00 1.276103492190591604e+00 1.310504869684160578e+00 1.349163596564231238e+00 1.469704446918899787e+00 1.501953374603933300e+00 1.717262119610683202e+00 1.797687170789197042e+00 1.886576460030217506e+00 1.931520278501574150e+00 1.986253516571985456e+00 2.062336762549924263e+00 2.184406880819843799e+00 2.296537000468571676e+00 2.364631294347599777e+00 2.554494990340983485e+00 2.765196401109661473e+00 3.206935470396426346e+00
5.955754511262378176e-02 6.890093279942692550e-02 1.482847746028618519e-01 4.443743546320260696e-01 5.512817407292289751e-01 5.784900499206214741e-01 6.237094612929728887e-01 7.053394652795170749e-01 8.059656962170802519e-01 8.952559759191085487e-01 9.091136713255941748e-01 1.116189367485692641e+00 1.201412876081645154e+00 1.265311553668291289e+00 1.322250279476550050e+00 1.343642481531060362e+00 1.461692575920288117e+00 1.500760387845201826e+00 1.659272902290235274e+00 1.758360130694091028e+00 1.846533411707614203e+00 1.928823159532695897e+00 1.982330833432393247e+00 2.064463705568586604e+00 2.189747495027006607e+00 2.327844541586461702e+00 2.366914558414767722e+00 2.557076403781687546e+00 2.761170992501153165e+00 3.175111643176578902e+00
-8.258956269400752326e-05 -1.983777674329116107e-08 2.379910623040792462e-08 4.453362021057532538e-01 5.513341868330119411e-01 5.797090648246042699e-01 6.215012023319306245e-01 6.995857540537330221e-01 8.078281014583424957e-01 8.940161131912011117e-01 9.035827474968434192e-01 1.107657991839296141e+00 1.201499987329787134e+00 1.264921615586928505e+00 1.328793909390266537e+00 1.339298191062639587e+00 1.444260300892762139e+00 1.503460297701509241e+00 1.620653490812234088e+00 1.761274986184516722e+00 1.837847146130305198e+00 1.928814801956369562e+00 1.980970380780609164e+00 2.065178288092197167e+00 2.190323432229121625e+00 2.344510308225963957e+00 2.362229192688591439e+00 2.563506940282186175e+00 2.758649187916050405e+00 3.161023272996049460e+00
-2.549683642442823195e-01 5.381811416787061347e-02 7.273769404140274786e-02 4.515748024768876934e-01 5.585441338233174680e-01 5.625288140763489153e-01 6.307645341718441934e-01 7.072605631782915570e-01 8.081421664844705699e-01 8.946711680410438516e-01 9.219352871728394572e-01 1.106182602325989972e+00 1.198745954915537704e+00 1.264866533298983908e+00 1.358359058516715123e+00 1.374063174571316770e+00 1.445482208759933496e+00 1.503235952921064378e+00 1.619403631590526027e+00 1.760596623904855607e+00 1.837050355243349475e+00 1.917212448467406016e+00 1.987984105132341028e+00 2.061471874096273638e+00 2.190810785432319996e+00 2.341249680033318903e+00 2.359719806983373136e+00 2.561646871237009293e+00 2.751580444338833420e+00 3.159196977191940370e+00
-4.257285237934078648e-01 1.066885986680772558e-01 1.320399777713193168e-01 4.666092912991207098e-01 5.224881433101316031e-01 5.735550903217234708e-01 6.450965515219313495e-01 7.241302467174264290e-01 8.089413075417093424e-01 8.951345908676771046e-01 9.617663094174573324e-01 1.102289240521951541e+00 1.198236307617691621e+00 1.270332863473404572e+00 1.407874773501250676e+00 1.453235450150639707e+00 1.471588266130245071e+00 1.510389310889046266e+00 1.615730094904710645e+00 1.759126927529388373e+00 1.834684252573200558e+00 1.892149493947372418e+00 1.999304026977869908e+00 2.050648577064489775e+00 2.192316435928354235e+00 2.330100168181076459e+00 2.353864605690737299e+00 2.556183946117968286e+00 2.730567107272648286e+00 3.153873066609614195e+00
-5.163685197038612174e-01 1.587660519014767180e-01 1.921475724524888129e-01 4.855669454214361913e-01 4.957798271007041180e-01 5.784460675982592281e-01 6.634792407636806999e-01 7.439227193415559602e-01 8.108449258629977230e-01 8.986914098279520369e-01 1.002123414683167013e+00 1.096796428508854282e+00 1.204006289068385138e+00 1.281466102828675568e+00 1.436299095141492010e+00 1.491286631036127464e+00 1.504677891763722686e+00 1.610273820070048156e+00 1.617973092928946643e+00 1.761060842060667708e+00 1.831050596208337877e+00 1.861863563430432800e+00 2.006877645668446508e+00 2.033746667622232440e+00 2.194842862844201825e+00 2.309661567295822948e+00 2.347016686788252482e+00 2.547503466845653541e+00 2.696231232441355097e+00 3.145494718442050974e+00
-5.345515082260714479e-01 2.111346380091780606e-01 2.503257281550030910e-01 4.902120478897241118e-01 4.992730893394936031e-01 5.891794792042946982e-01 6.881733829179444983e-01 7.663692114700522140e-01 8.153348990485831393e-01 9.065251689059953266e-01 1.037670826806463387e+00 1.090334516326406433e+00 1.215005513807581705e+00 1.297098914275529369e+00 1.441418049433167203e+00 1.487307565638182005e+00 1.577738188548942322e+00 1.615260469868160964e+00 1.707291937137536797e+00 1.799298530520519579e+00 1.829158125483098862e+00 1.833910346397158886e+00 2.007989540505232817e+00 2.013823071414073240e+00 2.198039697691923866e+00 2.280927832311008707e+00 2.339940096406936121e+00 2.536372533260065509e+00 2.649756509374523894e+00 3.134735847836794598e+00
-4.779765056095591769e-01 2.636704927041413904e-01 3.051811307757623659e-01 4.993703367551152739e-01 5.069793239572439880e-01 6.165689305479491455e-01 7.184093939213165303e-01 7.942522378669417682e-01 8.239522967491877958e-01 9.182430336346377731e-01 1.067862986626404886e+00 1.083694806784302411e+00 1.229728141244443407e+00 1.316344828259299327e+00 1.443717857028049778e+00 1.481541123603432597e+00 1.581135242657858653e+00 1.692606624699329210e+00 1.714474231876986776e+00 1.796392578242997473e+00 1.810669755301319572e+00 1.919486747787032987e+00 2.002526291068271291e+00 2.005927738994008891e+00 2.200913264275496495e+00 2.245811192322217043e+00 2.333768527301230300e+00 2.524211313756229202e+00 2.593131844361525218e+00 3.122423391814587390e+00
-3.186408779345564213e-01 3.144778050024484295e-01 3.555093263558848915e-01 4.902757378070336514e-01 5.389065020007834939e-01 6.603304875228346305e-01 7.502617645394572543e-01 8.314902435491317023e-01 8.376535677656383738e-01 9.330205953392205487e-01 1.078273791925013159e+00 1.093019929001173507e+00 1.246239655207305397e+00 1.338291500453260507e+00 1.444625511990299760e+00 1.475335795776858250e+00 1.567778777669752266e+00 1.703887349934435136e+00 1.760754637169069658e+00 1.786002054174890441e+00 1.800024148716996786e+00 1.935931788491715766e+00 1.992529268167063883e+00 2.079501195724999363e+00 2.201668530135637347e+00 2.207066585810954606e+00 2.331748686765444667e+00 2.513764889574187311e+00 2.529637131677017869e+00 3.109448516961382136e+00
2.563185302609662375e-01 3.624051230225238118e-01 4.012627840779193766e-01 4.824458187660500275e-01 5.758274950240452883e-01 7.220822787396273812e-01 7.797171489838804481e-01 8.565676125418684173e-01 8.783017090440092822e-01 9.500919733992111427e-01 1.076912208516802805e+00 1.114230384406750929e+00 1.262092446264054812e+00 1.361899248442838717e+00 1.443518191251749405e+00 1.469471856725839132e+00 1.552501248096215036e+00 1.687614456472185775e+00 1.733334959912673945e+00 1.785588785116178023e+00 1.865817023256315821e+00 1.913127592242003905e+00 1.977001211571875139e+00 2.147884306077204819e+00 2.182573238609395005e+00 2.198177060185786402e+00 2.340816678757954961e+00 2.463994114257032741e+00 2.511777734813075647e+00 3.096666123207628907e+00
4.004835294493130915e-01 4.079548466682829666e-01 4.644332339443290047e-01 5.210660878192638901e-01 6.096001828361448105e-01 8.053705746227587392e-01 8.105872874217255886e-01 8.817733387649947518e-01 9.253540520608072306e-01 9.689340988106225350e-01 1.085342457857748188e+00 1.133700742501268843e+00 1.275384413066350531e+00 1.385873168645380904e+00 1.439475887185140524e+00 1.464462300846134157e+00 1.538618110304918796e+00 1.667597059453165720e+00 1.706562081919033691e+00 1.768534128883772150e+00 1.889160210039307231e+00 1.917801647707620960e+00 1.974534652563729065e+00 2.117397784526043214e+00 2.187712934150482624e+00 2.215685611395921129e+00 2.361460103932087939e+00 2.404267126412118927e+00 2.530888853658851634e+00 3.084782812037440092e+00
4.014049878875429189e-01 4.518696115394015833e-01 4.970019110981965249e-01 6.136786006031940133e-01 6.367436420424337218e-01 8.259569502384244144e-01 8.894388841551683633e-01 9.380608956538364351e-01 9.580021691318767463e-01 9.914280324373140330e-01 1.110593158520388313e+00 1.155295455382851388e+00 1.287440751946726802e+00 1.408398210547464169e+00 1.432879851565753926e+00 1.460541327729128591e+00 1.528786787883062992e+00 1.645535043419721122e+00 1.682673605577253984e+00 1.750502172200800066e+00 1.868326091857789084e+00 1.899883222742197786e+00 2.017248074773799082e+00 2.079951799516188249e+00 2.172428090006834012e+00 2.228415253090843873e+00 2.358854753104417057e+00 2.372734208677435674e+00 2.578695166961667340e+00 3.074249204369402300e+00
3.859683655667337510e-01 4.943085115071579327e-01 5.270299027929679081e-01 6.574498760546326759e-01 6.729788312876757717e-01 8.391967684608101496e-01 9.198413755441231521e-01 9.716114980306955751e-01 9.924260364537093038e-01 1.042169160258050731e+00 1.148165243634890365e+00 1.181929096841669802e+00 1.308627635533166744e+00 1.425841831401033932e+00 1.427256699161960629e+00 1.459366885766917532e+00 1.523455481259254451e+00 1.623607880200912179e+00 1.661664300084137791e+00 1.734138822779684341e+00 1.850867140090789009e+00 1.857945560506225391e+00 2.044645561995133587e+00 2.047975158806944140e+00 2.167208800075637321e+00 2.233158936868024469e+00 2.332830036132718998e+00 2.370856027101642116e+00 2.638655202602638195e+00 3.065193722685811029e+00
3.672841626711526031e-01 5.344738112456166590e-01 5.549386769873566605e-01 6.737161880236991474e-01 7.137902609135681198e-01 8.436428125857603488e-01 9.424940187591577256e-01 9.727457743303278281e-01 1.009662809957051044e+00 1.086347465481351859e+00 1.182400743623326589e+00 1.199861425551609573e+00 1.353075499119999581e+00 1.426652287947855147e+00 1.432639299654470566e+00 1.467523794875124965e+00 1.520831138099030033e+00 1.603217495943968673e+00 1.644083924976169842e+00 1.723301515414917384e+00 1.805480284525444068e+00 1.838124002813969149e+00 2.023506027818812392e+00 2.039025027685412272e+00 2.180905441226039354e+00 2.239761288715329979e+00 2.326945950902734150e+00 2.365865656851025456e+00 2.693902642233741318e+00 3.057442304469224048e+00
3.484762438520552230e-01 5.707877803650353021e-01 5.798882562995708589e-01 6.878095870502460851e-01 7.442652363473187815e-01 8.399369801219632725e-01 9.582722628077505744e-01 9.655145490576941825e-01 1.021557353610418550e+00 1.104642125091205296e+00 1.201616165387386248e+00 1.204123746768279490e+00 1.389991906140730427e+00 1.429793746002700816e+00 1.440883649334541827e+00 1.485121348349876413e+00 1.519333267893037798e+00 1.584358054786128012e+00 1.632285652249658048e+00 1.722116270907956048e+00 1.753303860087058963e+00 1.827821774409542188e+00 2.006801954792722942e+00 2.020785070165989961e+00 2.191717493293757091e+00 2.250782623375021441e+00 2.341446509644481644e+00 2.366062912800140250e+00 2.737215669191298772e+00 3.050645803085721308e+00
3.310381294446616551e-01 6.010155650958438622e-01 6.015734894281414835e-01 7.020539332282393907e-01 7.672031731551443023e-01 8.302695164071380862e-01 9.511958860175790953e-01 9.639436780553845008e-01 1.032840335961093592e+00 1.109314995176339913e+00 1.200586444644741180e+00 1.213709339822164557e+00 1.388838273965329995e+00 1.424379385269392229e+00 1.459736166407824332e+00 1.507506928993868955e+00 1.521465961435056080e+00 1.567762290040372708e+00 1.628826379405539537e+00 1.710904875876293696e+00 1.731492413319462464e+00 1.819902285010386978e+00 1.996081992528824234e+00 2.002581930449833347e+00 2.190795537051912323e+00 2.262071340250565665e+00 2.369785262500532674e+00 2.379629726292552316e+00 2.766385082622824232e+00 3.044488718625166790e+00
3.160919122988077867e-01 6.193203647438463300e-01 6.234439342746829205e-01 7.181083998551014425e-01 7.836352485695633474e-01 8.171572357072121040e-01 9.320481625307979190e-01 9.600217460003097614e-01 1.043222492866958229e+00 1.108320272667282058e+00 1.202472229120874703e+00 1.216421922764401531e+00 1.376186988616069140e+00 1.403580607582554318e+00 1.468300802048179587e+00 1.525496593661048728e+00 1.530314050943052395e+00 1.556342689934470780e+00 1.627042224546612070e+00 1.689219418151643559e+00 1.746297423760233558e+00 1.813373180813540042e+00 1.985253009352827558e+00 1.990518951500036993e+00 2.183736720994960745e+00 2.267757356489143561e+00 2.401304117917376857e+00 2.409666407360733231e+00 2.781808073932082959e+00 3.038904181126060866e+00
3.046054379920131172e-01 6.327989723267302136e-01 6.375407496767319104e-01 7.357771568887145897e-01 7.941503966326000086e-01 8.027134889901645920e-01 9.121499055197221928e-01 9.517859542604500955e-01 1.049079154158702121e+00 1.109045222322532664e+00 1.205753205597700051e+00 1.215898894069026293e+00 1.363259373340875991e+00 1.377763791927492987e+00 1.468538109144650994e+00 1.533997449973911964e+00 1.543039474557559743e+00 1.552515618478204740e+00 1.614471609009416442e+00 1.692511130005705411e+00 1.761004104371610701e+00 1.807504651395086315e+00 1.971477504599123298e+00 1.986168992695849012e+00 2.175933342911629431e+00 2.268453296578814005e+00 2.428379527334001864e+00 2.447437546863801217e+00 2.786064488173544351e+00 3.034192778569568816e+00
2.973657175892485127e-01 6.412581551312079853e-01 6.449043900270700069e-01 7.530203385609164357e-01 7.883575019261377381e-01 7.996520711020063121e-01 8.968696502966752027e-01 9.446835100312315214e-01 1.050224821181573898e+00 1.112647753604659506e+00 1.207933194295541801e+00 1.214504991086847063e+00 1.353979169150861139e+00 1.358614395719851542e+00 1.465922972957075965e+00 1.536257138796965460e+00 1.553249214227415020e+00 1.557164324260977839e+00 1.597165595271016869e+00 1.703988479744224627e+00 1.772184449725064281e+00 1.802278803766632409e+00 1.961189145494752761e+00 1.983835055624862953e+00 2.170348033341050975e+00 2.267547742587277870e+00 2.446308793275269622e+00 2.478742994157010049e+00 2.784130545317302641e+00 3.030950392986846875e+00
2.948920371463157886e-01 6.441486958460320711e-01 6.471561021950060777e-01 7.640918888822884059e-01 7.784883919720034795e-01 8.012668608570907569e-01 8.910907834186312382e-01 9.419898090925321599e-01 1.050048843630197126e+00 1.114682813258887073e+00 1.208547315503033737e+00 1.213835984616676633e+00 1.350255327687615692e+00 1.352139295412887243e+00 1.464568669765291542e+00 1.536673848159685551e+00 1.554016625279405428e+00 1.566716338721526824e+00 1.586125895185807932e+00 1.709265273770449678e+00 1.776845667573652587e+00 1.799659126120692898e+00 1.957263668953556079e+00 1.983073741590692940e+00 2.168357040933339697e+00 2.267052393756098905e+00 2.452572349069145119e+00 2.490960173383624632e+00 2.782381706084581463e+00 3.029783523884849394e+00
4.212119548739029495e-02 5.616853383878727124e-01 6.603935005891640175e-01 7.368391418335478171e-01 8.619087603449036017e-01 8.890727904047707186e-01 9.822189455076939524e-01 9.988639746794993890e-01 1.090480302461826811e+00 1.165059042256095134e+00 1.204748170230075299e+00 1.287539489446089647e+00 1.355505556309332782e+00 1.442737717777734519e+00 1.458027315460068030e+00 1.499875336596362407e+00 1.574713651031149464e+00 1.611011753550763315e+00 1.646483333153028861e+00 1.710756954144015518e+00 1.791364120195652054e+00 1.803670520141502642e+00 1.932883227486225097e+00 1.999906831060385803e+00 2.094408556953885281e+00 2.116938315815688920e+00 2.503055227183860421e+00 2.532012355616580557e+00 2.855954398605426992e+00 2.970767227509734543e+00
6.786979023878862705e-02 5.655914174236652547e-01 6.591589276024194533e-01 7.350563040202725551e-01 8.512612900461367094e-01 8.985749779797023162e-01 9.834530194655076718e-01 9.994696002717287087e-01 1.095785519216271542e+00 1.162349034375723456e+00 1.207101142630524704e+00 1.290679280805840268e+00 1.361638107618369675e+00 1.438167666398642686e+00 1.456324545385954350e+00 1.488249023181659192e+00 1.573862326572887271e+00 1.617972546557708613e+00 1.649928022745352774e+00 1.714559752108621993e+00 1.789360983602878319e+00 1.806493890402025793e+00 1.935230265157140028e+00 2.001189771846162646e+00 2.084538183724744531e+00 2.129237179055946338e+00 2.491292509335638616e+00 2.519830476965376764e+00 2.862435870450569020e+00 2.974190817505749429e+00
1.126027460333305086e-01 5.758145808348944517e-01 6.553111907239116407e-01 7.298141073725360473e-01 8.346163965931668871e-01 9.103863564023247923e-01 9.868139094386084720e-01 1.001479197418946754e+00 1.108523957713515085e+00 1.155054357458884962e+00 1.214330979405018995e+00 1.299235893171060141e+00 1.379025920204426159e+00 1.415269186022607206e+00 1.458415746588772377e+00 1.473392165183759150e+00 1.558609416096254918e+00 1.632925693419249313e+00 1.661369522371147545e+00 1.725532898643790780e+00 1.786853344110789665e+00 1.812895200125032469e+00 1.941481365589648789e+00 2.005495950145452788e+00 2.072478987104789283e+00 2.148610306775569523e+00 2.456585682329862408e+00 2.490733003370414700e+00 2.876686690235648935e+00 2.983372349918024025e+00
1.580453354887094708e-01 5.881692799253791515e-01 6.486317330648793122e-01 7.211507817828707312e-01 8.196656465366620736e-01 9.153718681561970882e-01 9.888453328381170415e-01 1.005820926783082436e+00 1.115153939476575484e+00 1.152968461990049764e+00 1.222895721627211829e+00 1.311644657995890695e+00 1.380296759762429826e+00 1.405121233263259439e+00 1.455887752455159667e+00 1.474526800404580174e+00 1.532005679550948907e+00 1.639095465622858461e+00 1.680095356588290123e+00 1.738052069534088417e+00 1.791972487253101987e+00 1.821503357790367428e+00 1.950218411567933297e+00 2.014102034636802596e+00 2.066117650873993572e+00 2.166531824723306965e+00 2.405823262038186527e+00 2.455368075951930518e+00 2.888353998422700908e+00 2.996472354211694444e+00
2.009208050900489484e-01 5.958267918629508442e-01 6.399300049122760292e-01 7.093235808127960063e-01 8.078633030966387851e-01 9.117793893089543023e-01 9.862705974650333163e-01 1.010897364702273871e+00 1.102215238350654714e+00 1.164544032505286486e+00 1.226235702479220535e+00 1.325761016449264584e+00 1.349033323557347730e+00 1.419832280223122689e+00 1.458907609004735484e+00 1.479863951593497484e+00 1.507494789509665090e+00 1.639398595863219121e+00 1.694825314759610846e+00 1.747766946534611066e+00 1.810105814480191366e+00 1.833329570324203406e+00 1.961891025599436622e+00 2.027331447712817702e+00 2.067564941210686236e+00 2.178057617512942912e+00 2.352265056125622422e+00 2.420088144450156520e+00 2.888233510109699420e+00 3.012676933727325590e+00
2.405525943267490252e-01 5.896421757087972892e-01 6.318585757914506607e-01 6.958201027598545085e-01 7.982815474586538729e-01 8.988762877570756205e-01 9.783513261840282027e-01 1.012552975280811118e+00 1.081528270847028406e+00 1.169199445693102302e+00 1.222813623123871540e+00 1.319941675870347275e+00 1.342351359844194736e+00 1.412658717742969916e+00 1.447566951912329536e+00 1.474305286403321702e+00 1.522941014665392556e+00 1.640372907596135965e+00 1.701281684640174152e+00 1.764399312314165025e+00 1.830922165467053331e+00 1.851210037158651067e+00 1.979216062647573215e+00 2.041847046670776766e+00 2.079414339570857084e+00 2.174133667035120787e+00 2.312038076622668470e+00 2.390592575333637448e+00 2.870663778383866660e+00 3.031436094901482914e+00
2.767756664854837956e-01 5.674168689832338464e-01 6.207910254283351970e-01 6.827625365296619009e-01 7.873634916185210386e-01 8.771851661188359017e-01 9.653424047857384060e-01 1.005431260374514135e+00 1.058719299166923200e+00 1.157904968772098586e+00 1.208229485499210609e+00 1.296985607879485247e+00 1.354900393465669151e+00 1.392577029569532332e+00 1.414419115879329558e+00 1.473973054628719526e+00 1.551459044462081938e+00 1.651153111835549803e+00 1.707140663119299129e+00 1.787000775258085872e+00 1.851514049216839819e+00 1.871436411126947919e+00 2.002934013048675244e+00 2.055094114761333746e+00 2.100424089670293704e+00 2.149200995247230850e+00 2.298972500672538999e+00 2.371110332264804388e+00 2.833504682165572053e+00 3.051592911875857350e+00
3.091527460493995183e-01 5.337818621459087254e-01 5.988144872664823426e-01 6.698159711960824936e-01 7.693179422711370341e-01 8.495577258552052813e-01 9.490449366372271101e-01 9.847941292189131834e-01 1.030421255129521096e+00 1.140019861209190744e+00 1.170294912474830085e+00 1.266487354142869171e+00 1.360850011029200779e+00 1.368833907882618606e+00 1.402316868348863599e+00 1.462351016388177216e+00 1.580805019225375530e+00 1.669172000553328594e+00 1.717500342700047034e+00 1.809013012198229520e+00 1.877228497382960715e+00 1.887057164008961063e+00 2.025273412109550808e+00 2.064671981806098344e+00 2.103609330772255426e+00 2.146197817191612067e+00 2.308313794660790119e+00 2.362949488921394448e+00 2.776626435998483799e+00 3.072014133985622841e+00
3.356481034634525296e-01 4.897807471339982177e-01 5.638597591713611079e-01 6.531051577490164517e-01 7.383095795543329620e-01 8.201798499538146547e-01 9.300591162145946944e-01 9.495975387603212692e-01 9.890445122713896753e-01 1.108333956755801708e+00 1.127761984293503605e+00 1.221545980159704392e+00 1.353053393699087392e+00 1.369922314783154516e+00 1.399673364252394414e+00 1.452489274171407496e+00 1.610160528566215499e+00 1.685165393888132579e+00 1.730448684935935511e+00 1.826736063494540874e+00 1.895473220408501636e+00 1.909427741394961631e+00 2.006102458272774669e+00 2.072596263373057912e+00 2.121854288223048890e+00 2.174153112860241599e+00 2.332586772308720136e+00 2.364400321191845844e+00 2.701416428450173601e+00 3.091892869453428450e+00
3.434082736123241775e-01 4.352379597998433658e-01 5.190843184838670465e-01 6.286941723956126493e-01 6.921669984139837695e-01 7.888236670033070830e-01 8.878309439468710096e-01 9.105333524855957483e-01 9.472869551855709336e-01 1.042860207606583156e+00 1.113505613417730800e+00 1.183533254742585195e+00 1.340326830417309933e+00 1.368371759166762791e+00 1.405772283548055057e+00 1.451719194058020079e+00 1.638474439211177636e+00 1.699007667977521452e+00 1.740443339969349079e+00 1.837984514883865383e+00 1.903948604909721398e+00 1.935097615690163586e+00 1.955839822659838578e+00 2.097046031258772647e+00 2.158654527176715021e+00 2.199342746090210632e+00 2.362284001968795177e+00 2.378077785969603397e+00 2.612699407846981181e+00 3.110539724670251527e+00
2.525861839857471702e-01 4.049659016695899005e-01 4.773958783596407018e-01 5.943561474576459780e-01 6.302029393399307677e-01 7.470159726023027913e-01 8.244828525664409380e-01 8.819290241932522534e-01 9.151679166008945820e-01 9.833562662647234998e-01 1.102953365895736226e+00 1.156350334550013459e+00 1.319966318230566982e+00 1.358572024672493717e+00 1.419904123892410164e+00 1.458211310971590846e+00 1.663768353184618576e+00 1.712556121772866424e+00 1.745375641765769537e+00 1.840842505128060136e+00 1.878504083579088046e+00 1.922650014714113231e+00 1.969263894633525691e+00 2.123375504233518285e+00 2.197014476382392445e+00 2.218850940428734653e+00 2.355184036577391282e+00 2.423333146935344296e+00 2.529980498184799753e+00 3.127219217309431087e+00
-2.121060617647471391e-01 3.811236853279317827e-01 4.604413957728641371e-01 5.392080356233047711e-01 5.671351550873322545e-01 6.954758675859813444e-01 7.836976555928593102e-01 8.481721271083108027e-01 8.862597228087295553e-01 9.423767216366188970e-01 1.092927538592835646e+00 1.135164381856864635e+00 1.295752010055295944e+00 1.343235227149591537e+00 1.436121244611969328e+00 1.467034471546356578e+00 1.681659338018717254e+00 1.722526029972345940e+00 1.751607501202645079e+00 1.805347188573147799e+00 1.841448847749217688e+00 1.942184507323386322e+00 1.988840599133354869e+00 2.146571553418738176e+00 2.229054714513639901e+00 2.234819343210046494e+00 2.291248563096728308e+00 2.457151965458896914e+00 2.515274223705079581e+00 3.141176404441867742e+00
-3.989009215734449776e-01 3.383831717951421569e-01 4.413517095342269214e-01 4.777276722836701905e-01 5.282275942584808703e-01 6.493787009355670437e-01 7.545233001657078997e-01 8.119761276605801381e-01 8.624421839502586229e-01 9.178448784491952672e-01 1.078657685891549312e+00 1.120125812388292008e+00 1.270276244960602430e+00 1.325971999357182796e+00 1.449596562074197736e+00 1.475520853040271252e+00 1.681698177761282720e+00 1.723677735616865325e+00 1.731224492306645546e+00 1.772138519089693220e+00 1.838008658834014097e+00 1.964167729878755875e+00 2.002049607643719309e+00 2.148418737421781799e+00 2.168615503854274262e+00 2.252084133291070600e+00 2.277047804203852444e+00 2.472885290018222992e+00 2.563909372071341952e+00 3.151795150456498718e+00
-4.932073495176219624e-01 2.895219821488143608e-01 3.664412534794424525e-01 4.673609340031286696e-01 5.083881504143271668e-01 6.128878875042689245e-01 7.268676533443383381e-01 7.804496085191076071e-01 8.448775219710916717e-01 9.026333636846617381e-01 1.056363050027723904e+00 1.112730705232190198e+00 1.245814020004335942e+00 1.308664010619095430e+00 1.457557604190045986e+00 1.482739792383381383e+00 1.642917476939244281e+00 1.664942313605798363e+00 1.736165034001452057e+00 1.797926375073210847e+00 1.835572116916175167e+00 1.966750224902170441e+00 2.007287679327062868e+00 2.031105420049524213e+00 2.175626951460802427e+00 2.274571784710758937e+00 2.302229161179028427e+00 2.492078304474846906e+00 2.618305283364702252e+00 3.158793955865157876e+00
-5.244747878007802733e-01 2.375186737279593729e-01 2.908611990155953175e-01 4.631451621424335086e-01 5.001734545858912417e-01 5.895074562994143674e-01 6.988478369340850316e-01 7.562360549525052322e-01 8.317868397327289331e-01 8.938662396106901165e-01 1.027624145310623183e+00 1.110032735168857032e+00 1.224619770895488680e+00 1.292618481871278258e+00 1.457553300779076633e+00 1.488408996233699488e+00 1.563253662298866198e+00 1.632200488726704091e+00 1.739749976121393482e+00 1.816798799923367014e+00 1.824604213501588079e+00 1.869487283429010382e+00 2.009523804765058319e+00 2.024045345619336800e+00 2.181924308209782559e+00 2.296681437318048413e+00 2.324226614677829872e+00 2.512795191892144508e+00 2.666937114223392857e+00 3.162374802326473500e+00
-4.963619258210911767e-01 1.815356142064878109e-01 2.190041438807810714e-01 4.704034972297441164e-01 4.950188767446059845e-01 5.798731197311667307e-01 6.725785576736245108e-01 7.369068375710091656e-01 8.217502797337251641e-01 8.906620195286679698e-01 9.941685125742271145e-01 1.109066879806697381e+00 1.208845531086229164e+00 1.279067630383488696e+00 1.443311074963777418e+00 1.488646704861748438e+00 1.496584726352712114e+00 1.578990474542794065e+00 1.695710327045110377e+00 1.762010777949753360e+00 1.834083177698171641e+00 1.870822308944078305e+00 2.006321093011278478e+00 2.039761563583590398e+00 2.185890579439940140e+00 2.316189075916935014e+00 2.341298186497352329e+00 2.532441520949882285e+00 2.706482386011865859e+00 3.163258164295515318e+00
-4.048794872626205188e-01 1.213119081718525838e-01 1.495992511040821482e-01 4.613043426153470850e-01 5.215692327544718676e-01 5.745182717874356415e-01 6.501533827496528417e-01 7.199972851037860222e-01 8.142100320636043165e-01 8.917233388829773899e-01 9.566509780801303320e-01 1.108443937640678056e+00 1.200268115977994876e+00 1.269281450555822532e+00 1.398980403869099387e+00 1.452968013712289785e+00 1.472122279553857771e+00 1.507450618372743634e+00 1.643944709393983183e+00 1.760016374603560863e+00 1.836394055567917238e+00 1.896205047864123916e+00 1.997934429458628092e+00 2.053422915251752467e+00 2.188410313277520114e+00 2.331399567991593980e+00 2.353185788304226644e+00 2.548769091902754358e+00 2.735350967094528407e+00 3.162558497465870033e+00
-2.406364016108825388e-01 5.831748544133087686e-02 8.263375408783528442e-02 4.496817962788460799e-01 5.589617553596147870e-01 5.628434529752160964e-01 6.320094197555018445e-01 7.058569459870557283e-01 8.094180127343978404e-01 8.942423561918526609e-01 9.198560404432835069e-01 1.107891200469265147e+00 1.199407938610927316e+00 1.264655972697590780e+00 1.354629291115004630e+00 1.371214666866943377e+00 1.449080394912656944e+00 1.503258980704109904e+00 1.625516274244776405e+00 1.760905922668839940e+00 1.837481376607021266e+00 1.918603849922188243e+00 1.987169948815412424e+00 2.062179956549173632e+00 2.189850455100096571e+00 2.341134822257467274e+00 2.360030936150774750e+00 2.559666534800234317e+00 2.752816590462499491e+00 3.161496732720386671e+00
-8.258956269400752326e-05 -1.983777674329116107e-08 2.379910623040792462e-08 4.453362021057532538e-01 5.513341868330119411e-01 5.797090648246042699e-01 6.215012023319306245e-01 6.995857540537330221e-01 8.078281014583424957e-01 8.940161131912011117e-01 9.035827474968434192e-01 1.107657991839296141e+00 1.201499987329787134e+00 1.264921615586928505e+00 1.328793909390266537e+00 1.339298191062639587e+00 1.444260300892762139e+00 1.503460297701509241e+00 1.620653490812234088e+00 1.761274986184516722e+00 1.837847146130305198e+00 1.928814801956369562e+00 1.980970380780609164e+00 2.065178288092197167e+00 2.190323432229121625e+00 2.344510308225963957e+00 2.362229192688591439e+00 2.563506940282186175e+00 2.758649187916050405e+00 3.161023272996049460e+00
-9.225594080626914328e-01 -3.691211723013842483e-01 1.483338220189828471e-01 3.246670110552059563e-01 4.130314035562152597e-01 5.668151841600758134e-01 6.663173283585351880e-01 7.404901927908047465e-01 8.120818566110136194e-01 9.418144031241020286e-01 9.471255234091561226e-01 1.116996129723667464e+00 1.194111833706385628e+00 1.269513387703332441e+00 1.468794759553880391e+00 1.470050392674790540e+00 1.513228448670808524e+00 1.650356435359862317e+00 1.653759178565899601e+00 1.764008172773068539e+00 1.846832843263034096e+00 1.932263485490313126e+00 1.978674858751591215e+00 2.070337946460219403e+00 2.191559617087170952e+00 2.332092577417427481e+00 2.366033914182432696e+00 2.562088833578449520e+00 2.719077457595047598e+00 3.166493547395873076e+00
-1.255796928999938666e+00 -8.755686726085628591e-01 2.687899725788918670e-01 3.511853568936788017e-01 4.783918942136324848e-01 5.683408825117550744e-01 7.156562342270077481e-01 8.008697424680651933e-01 8.836017248003457114e-01 9.634021643620892528e-01 1.005326359879072484e+00 1.149669000393915175e+00 1.205389999728967210e+00 1.287625689618112412e+00 1.506272842816806179e+00 1.538728349476905510e+00 1.598428019246014298e+00 1.737516207710110283e+00 1.783776855713442355e+00 1.869514889175249550e+00 1.939698576470306302e+00 1.941220187949757925e+00 1.975901750901347009e+00 2.087177398112238347e+00 2.189080865588121760e+00 2.302368299603632096e+00 2.384002885434333141e+00 2.560552392453052217e+00 2.638279253014018000e+00 3.181923928954426550e+00
-1.254669999335828567e+00 -9.793933277224046163e-01 3.366519050116611456e-01 3.561774273004670865e-01 5.008460326998296352e-01 5.675066837076915283e-01 7.518965774546250147e-01 8.064830076599673880e-01 9.304247084720416172e-01 9.677799821931687418e-01 1.009816099278500356e+00 1.187919444645165967e+00 1.209033930151373726e+00 1.308866534569752549e+00 1.500966950230340657e+00 1.548398481222745149e+00 1.609553697964127617e+00 1.739261952649259646e+00 1.846402772779735191e+00 1.911908102912067475e+00 1.971465085023844210e+00 1.992400482656347727e+00 1.993216465368617074e+00 2.090138623277328023e+00 2.170966521956704032e+00 2.272003011341110046e+00 2.422328413950971981e+00 2.562685830192344305e+00 2.620075868775211259e+00 3.205634075100622926e+00
-9.628317073088814571e-01 -7.439135253233015721e-01 3.632727140354320983e-01 3.880337366166206059e-01 5.051882771431774888e-01 5.667832139300935657e-01 7.105280290976413449e-01 7.910836031816560476e-01 8.911082327488742960e-01 9.623512713139181773e-01 9.884345780019159200e-01 1.188938346641875032e+00 1.201230653864334696e+00 1.316729944639584371e+00 1.462602614232840104e+00 1.498494505003728827e+00 1.535599920052250988e+00 1.711351487655819792e+00 1.786857395903691526e+00 1.856266030399775113e+00 1.916839231499367857e+00 1.984835053818531758e+00 2.069666974545210092e+00 2.093661631954119695e+00 2.150589658349891131e+00 2.275426286360612504e+00 2.441551331610190889e+00 2.606776610424544671e+00 2.683697414772054479e+00 3.231088928820521566e+00
-1.976055761683013778e-01 2.996395718986751833e-01 3.492331968270156461e-01 4.878670543034785978e-01 5.370721565534933850e-01 5.646272117162959292e-01 6.166543898212363262e-01 7.485354762295942654e-01 8.830542522687909734e-01 9.310866909950912262e-01 1.000439317826952612e+00 1.175876057526222818e+00 1.197802068294373523e+00 1.304526845388350731e+00 1.314430445489239707e+00 1.405281505709541578e+00 1.426514590360744794e+00 1.551996866745488868e+00 1.686764411928579621e+00 1.861300067392405166e+00 1.914173003473473411e+00 1.999936096568064592e+00 2.055333722079702774e+00 2.065384416515108068e+00 2.185160826054617811e+00 2.300684980737970342e+00 2.487203541362936754e+00 2.648206579281697337e+00 2.758851914419389928e+00 3.237769100903309827e+00
-6.287066597969571680e-01 -2.171527514241860038e-02 3.933785164110040200e-01 4.377450506440450639e-01 5.390152090767945658e-01 5.576904562169069379e-01 6.383839631389426339e-01 7.793385320476095002e-01 9.382788371637383884e-01 9.509282858375445180e-01 1.036339349583817349e+00 1.171200941662546846e+00 1.191429446336991882e+00 1.299809020936200765e+00 1.402377003235320663e+00 1.402702464375932712e+00 1.480087383825297476e+00 1.589386944117821443e+00 1.680423043331964683e+00 1.861898087094017828e+00 1.903526227401509230e+00 2.012700171078436462e+00 2.025279633850343597e+00 2.042923382071736516e+00 2.204818733997446767e+00 2.309638701912672509e+00 2.553236629832211335e+00 2.679002196681500081e+00 2.786134365973724769e+00 3.200745800912726313e+00
-1.111877373035788930e+00 -8.733712225049873323e-01 3.597734355608116497e-01 4.539078166221544031e-01 5.624868322485596650e-01 6.273722118492283117e-01 6.681242826470876750e-01 8.749670108270177771e-01 9.615542262437473120e-01 1.067595460053720080e+00 1.095368168192126790e+00 1.192925154632821227e+00 1.203248779851259220e+00 1.305463646562792457e+00 1.392409492440501273e+00 1.633810916109657896e+00 1.658077690398368054e+00 1.691526081618381694e+00 1.736907179672267709e+00 1.844996020340629039e+00 1.889947247355203475e+00 2.006084779306434029e+00 2.016374524475436747e+00 2.038160924080293590e+00 2.221661358309845014e+00 2.329910922624343073e+00 2.552786336676959866e+00 2.688346397732986670e+00 2.812565349010548665e+00 3.122896616259690283e+00
-1.212262689247852299e+00 -1.085196306984928860e+00 3.217186411028252202e-01 4.617529375047287332e-01 5.629986949023835230e-01 6.704269842458449036e-01 6.761180917517484179e-01 9.263771436150667338e-01 9.673916686493960748e-01 1.076263119859457662e+00 1.170860523553003629e+00 1.210012053822286493e+00 1.220610906365567683e+00 1.294393239294746811e+00 1.402206530079247004e+00 1.660415128001730523e+00 1.701578636829792046e+00 1.753397073665201145e+00 1.826817219568681150e+00 1.833175873010883139e+00 1.886372368159564994e+00 2.002913419239756632e+00 2.016394370426556559e+00 2.038338160372204388e+00 2.232728522848313357e+00 2.344563269276294548e+00 2.560465326115451301e+00 2.628833191407978109e+00 2.867932616210886021e+00 3.066722786713274029e+00
-1.388385347565311845e+00 -8.859715062259970741e-01 1.867834918791475562e-01 2.750030950963655574e-01 5.677328530473970680e-01 6.988707341702060649e-01 7.338425083395655468e-01 8.498498035497893399e-01 9.668868040359226423e-01 1.012073818194405561e+00 1.174967532858664843e+00 1.212772577333670609e+00 1.213432128931303478e+00 1.302752578216953561e+00 1.446511770378856809e+00 1.451962914273966954e+00 1.637609756426493757e+00 1.641088690619452617e+00 1.729767071295811087e+00 1.765259696661373834e+00 1.878490105138521438e+00 1.949618402903161796e+00 1.991815123218000583e+00 2.067142073347074671e+00 2.272186932127004955e+00 2.283695421306339846e+00 2.447258865611739331e+00 2.526139189110818695e+00 2.789829609502087582e+00 3.202375008652251775e+00
-1.260231039136597175e+00 -7.663840760003752806e-01 1.852574077244338868e-01 3.177060448822686678e-01 5.658379322401904110e-01 6.820444185420474481e-01 7.232650750568538900e-01 8.269607399109395462e-01 9.636390593285480977e-01 1.000167697856157778e+00 1.122795543781657468e+00 1.191101311815616848e+00 1.206963598372365665e+00 1.300090117927239053e+00 1.423031531936323368e+00 1.449976306336015375e+00 1.635288688313824679e+00 1.640024410080615391e+00 1.653193337150283382e+00 1.699287805811678931e+00 1.873639913688834424e+00 1.947243237055762410e+00 1.996558257034777961e+00 2.063669398998318805e+00 2.273139841234206759e+00 2.299720096024785221e+00 2.448813406954517546e+00 2.536679749932276628e+00 2.831405328292067036e+00 3.210313321737471970e+00
-8.350255166997134770e-01 -2.824351397234993732e-01 1.751289913073425797e-01 3.977223710064783369e-01 5.582834540135098722e-01 6.146790327108658802e-01 6.746642700618457056e-01 8.003536873914198768e-01 9.113972449676790433e-01 9.513895311556436196e-01 1.060281120518521414e+00 1.155228467855495378e+00 1.194791846453264528e+00 1.292644062840857977e+00 1.402771696855802608e+00 1.440464336997322459e+00 1.444774029866976894e+00 1.514076677248208158e+00 1.629061104908983593e+00 1.650548855178870511e+00 1.867706992514939657e+00 1.941538885112902513e+00 2.009693294675629627e+00 2.052513079345313241e+00 2.261791161675188455e+00 2.335434624869446640e+00 2.449347622682553904e+00 2.562563809069322129e+00 2.904381777551815702e+00 3.224949087525935898e+00
1.929373223358030465e-01 2.049260579698073959e-01 4.846648458296907158e-01 5.433168889724887540e-01 5.522622867084424625e-01 5.527920753307565827e-01 5.764351451826054129e-01 8.125970583265816893e-01 8.317183718711961271e-01 9.299704873105316683e-01 1.042427735774919872e+00 1.132779373547604607e+00 1.199291365236389240e+00 1.233492275844517483e+00 1.288626687797162829e+00 1.370097402172433476e+00 1.414629830488951745e+00 1.438846108066169860e+00 1.623754035137161322e+00 1.675573073334480689e+00 1.868239335971757731e+00 1.934310071605762182e+00 2.025678269484864291e+00 2.035665961847428207e+00 2.239634089778571813e+00 2.369127656256065251e+00 2.447029520467724595e+00 2.579350211198167653e+00 2.930166598756480667e+00 3.229453930960433539e+00
-7.129075862023113164e-01 -4.303726954336740129e-01 1.964816935486609073e-01 4.034927261137438159e-01 5.417451134698737514e-01 5.684622943457846578e-01 6.241663859713807438e-01 8.287402777570700430e-01 8.354401199568659564e-01 9.616493568139929948e-01 1.025650850358338140e+00 1.126568835627189236e+00 1.201325984391868440e+00 1.291582165467741738e+00 1.377471301166006690e+00 1.439042203945130272e+00 1.452099749957536767e+00 1.624020711843897624e+00 1.638577631090254672e+00 1.705524682948840187e+00 1.875693174366201976e+00 1.924590859535314724e+00 2.017166398130640026e+00 2.040291740659609054e+00 2.223288798679015521e+00 2.378763446032608364e+00 2.450248319319911161e+00 2.570822535894541794e+00 2.874720954214026403e+00 3.215658206225701754e+00
-1.153254409869567620e+00 -8.515383548423340887e-01 1.548338544456355492e-01 3.474584969952790314e-01 5.573836347873587505e-01 5.693459605146833358e-01 7.356796361211251911e-01 8.457620490818106296e-01 8.673736810197852920e-01 9.680522443030769031e-01 1.018260755545479013e+00 1.134835880936953423e+00 1.206962957260240055e+00 1.296508186326798651e+00 1.455726817023135888e+00 1.499960273792868337e+00 1.556732625802172976e+00 1.629394663155043776e+00 1.732406426652952636e+00 1.890305831650309187e+00 1.897883493870157645e+00 1.909886476382397502e+00 2.002205250069569065e+00 2.055347402208265173e+00 2.219274466727443329e+00 2.360536288917206349e+00 2.453665850119642222e+00 2.552808147224034929e+00 2.756488955546037456e+00 3.189498814020221840e+00
-1.324315309156852472e+00 -9.359815470495271850e-01 1.325707926364216582e-01 3.222388732234546804e-01 5.529875621303194100e-01 5.696940818012533603e-01 7.394084435025710667e-01 8.622403769102953142e-01 8.695282520981254537e-01 9.662103552084375657e-01 1.032849208293526777e+00 1.129448863299552075e+00 1.209261318272846220e+00 1.295620554109879308e+00 1.475075443597646307e+00 1.530416945706701837e+00 1.631872182402560822e+00 1.632105813921801429e+00 1.750963888127510026e+00 1.890005662438915435e+00 1.910246473597818628e+00 1.969580698763901072e+00 1.992216942539652091e+00 2.077424504518779802e+00 2.221757239462459399e+00 2.332050409725017204e+00 2.428100163064045081e+00 2.568853181899863447e+00 2.647673920704606942e+00 3.165747043221068147e+00
-1.246430414279346532e+00 -7.733992661748976261e-01 1.285397312373937062e-01 3.588089284342583785e-01 4.986087971098671079e-01 5.688057515994949798e-01 6.931042084219564137e-01 8.234037727376465332e-01 8.297350537261075631e-01 9.588133894786623479e-01 1.012753322218310270e+00 1.113188233283589845e+00 1.202310251256502260e+00 1.282093765400954766e+00 1.469482449245673950e+00 1.525296746440181428e+00 1.592178847375398387e+00 1.627670644844515957e+00 1.757028145083956439e+00 1.867669636895141094e+00 1.872088163750531775e+00 1.924267720332792919e+00 1.985781182309168891e+00 2.072413199880363432e+00 2.214189227999635801e+00 2.315595851426109242e+00 2.388479450221407063e+00 2.597596862898094994e+00 2.642115958693094679e+00 3.155891950873436436e+00
-8.717053580696124682e-01 -2.055768325260233509e-01 9.133425830078831242e-02 3.164123232835186483e-01 4.190117033482983477e-01 5.652146258111728772e-01 6.485144614258243623e-01 7.362908999003223709e-01 8.043168529205281247e-01 9.416261545568532787e-01 9.442499210007075927e-01 1.108005270229498018e+00 1.192513040154487891e+00 1.268765109339375030e+00 1.452080998144871238e+00 1.454662637395851110e+00 1.509297367263976675e+00 1.595752183108901434e+00 1.622635182271539911e+00 1.759209754722139918e+00 1.847054661198385794e+00 1.928532773192009664e+00 1.982099928812550482e+00 2.066471489593980859e+00 2.198143249386968812e+00 2.329732806817759183e+00 2.368755043121665960e+00 2.573509766185743342e+00 2.724577309272612879e+00 3.158102451629015484e+00
-8.258956269400752326e-05 -1.983777674329116107e-08 2.379910623040792462e-08 4.453362021057532538e-01 5.513341868330119411e-01 5.797090648246042699e-01 6.215012023319306245e-01 6.995857540537330221e-01 8.078281014583424957e-01 8.940161131912011117e-01 9.035827474968434192e-01 1.107657991839296141e+00 1.201499987329787134e+00 1.264921615586928505e+00 1.328793909390266537e+00 1.339298191062639587e+00 1.444260300892762139e+00 1.503460297701509241e+00 1.620653490812234088e+00 1.761274986184516722e+00 1.837847146130305198e+00 1.928814801956369562e+00 1.980970380780609164e+00 2.065178288092197167e+00 2.190323432229121625e+00 2.344510308225963957e+00 2.362229192688591439e+00 2.563506940282186175e+00 2.758649187916050405e+00 3.161023272996049460e+00
-2.298323818209457026e-01 5.499772770751359952e-02 7.922489004455329775e-02 4.492435767395956403e-01 5.605263743159319967e-01 5.622129712135460755e-01 6.311697443626437254e-01 7.052649706881258806e-01 8.092529920168861635e-01 8.943309410839374030e-01 9.182437950048857322e-01 1.107868525565746998e+00 1.199529363508332613e+00 1.264582181420343954e+00 1.352873371077151887e+00 1.367428574115707507e+00 1.448581924977518476e+00 1.503267583396820317e+00 1.624994219255467831e+00 1.760942822085931336e+00 1.837518589208485320e+00 1.919548817211882641e+00 1.986633467444129719e+00 2.062485511712727870e+00 2.189899058368330209e+00 2.341477381659394119e+00 2.360258620490207182e+00 2.560055143897622454e+00 2.753414268352076366e+00 3.161451061454231493e+00
-3.912034428178466916e-01 1.147658117641872089e-01 1.424161386072480551e-01 4.598815268836450310e-01 5.255203093737025322e-01 5.737069114747559428e-01 6.480502836803873068e-01 7.183337869839974132e-01 8.135661826804710950e-01 8.919857401011662690e-01 9.525577014027885037e-01 1.108379728302342881e+00 1.199829356307066330e+00 1.268524796319246528e+00 1.393571553357452864e+00 1.446926392204832323e+00 1.466620343333192356e+00 1.505737633282786092e+00 1.640994575765631236e+00 1.760105919066442315e+00 1.836545042525252747e+00 1.898838491811183804e+00 1.996848863591478729e+00 2.054597494332897067e+00 2.188609491364895465e+00 2.332699675026069563e+00 2.354138347107485263e+00 2.550205960864419197e+00 2.737733367387982675e+00 3.162443744910767407e+00
-4.863209766793825106e-01 1.722931702461039938e-01 2.079040950671711685e-01 4.703255328281474856e-01 4.968971576655133449e-01 5.790677499468261935e-01 6.687490094569195076e-01 7.341106876870278075e-01 8.203958176124651613e-01 8.905969891248536330e-01 9.884888671751549394e-01 1.108963765541518987e+00 1.206976301599084200e+00 1.277238921667419813e+00 1.438392619870062950e+00 1.483179625946489999e+00 1.493872971860785714e+00 1.566473148590575626e+00 1.684123720518280631e+00 1.760806930896973377e+00 1.834630125411777168e+00 1.874628632908118542e+00 2.005277332857907879e+00 2.042178264063057469e+00 2.186370496246464068e+00 2.318911106878951411e+00 2.343520134760831652e+00 2.535296758794998606e+00 2.711777104340012290e+00 3.163221024369531786e+00
-5.235278739477178256e-01 2.260957105329051697e-01 2.754718842351321917e-01 4.641854226844616127e-01 4.982842503449426141e-01 5.865207687621020183e-01 6.930824039240977008e-01 7.518692436220366648e-01 8.294520596114954847e-01 8.927564068595620350e-01 1.020948279788757018e+00 1.109752262027103198e+00 1.220780659630176901e+00 1.289516392708682346e+00 1.456173244916130649e+00 1.489340416394878908e+00 1.547058473715564153e+00 1.623720568629081873e+00 1.738026483326539084e+00 1.801317093194404473e+00 1.827559059976495037e+00 1.862077081834749182e+00 2.009446778161851466e+00 2.027136722342352648e+00 2.182913572733821361e+00 2.301071679446650364e+00 2.328246540492245664e+00 2.517097223609044754e+00 2.676087739361592721e+00 3.162752033758638337e+00
-5.072247761547369338e-01 2.761574240847385897e-01 3.461412772656611292e-01 4.651587710111048102e-01 5.060050601109471469e-01 6.052849615066195899e-01 7.194771041136305278e-01 7.734209145821014930e-01 8.410713982316819770e-01 8.997469980650462107e-01 1.049321217578777832e+00 1.111718426180451580e+00 1.239828626556635616e+00 1.304269236381429664e+00 1.458448264480789236e+00 1.484395154467951228e+00 1.622065846020704916e+00 1.657011817402451515e+00 1.737904259234344106e+00 1.805109495968468147e+00 1.834646367974366976e+00 1.945475751304876377e+00 2.007229267850327403e+00 2.020991263365504498e+00 2.177582921676993077e+00 2.280520456314363731e+00 2.308454754208616677e+00 2.497500770168503692e+00 2.631845600377005212e+00 3.160047081765345212e+00
-4.362092286521817019e-01 3.233237926299459830e-01 4.194854880794471885e-01 4.732855379385914052e-01 5.196443845860154731e-01 6.367064610437691563e-01 7.458385020311590896e-01 8.012434891903623679e-01 8.562949308062498543e-01 9.122484149853965496e-01 1.072480141276519694e+00 1.117041963783659053e+00 1.262334656057553461e+00 1.320444734195142855e+00 1.452813931085716881e+00 1.477954601256094902e+00 1.676599636666428417e+00 1.701699519731933341e+00 1.731121155774824949e+00 1.779660586766784514e+00 1.837206576308399342e+00 1.970071292345084712e+00 2.004782880163423986e+00 2.109277540460817058e+00 2.169543684754246193e+00 2.259106419109085717e+00 2.285006647952690706e+00 2.478589887753150478e+00 2.581360498035218942e+00 3.154397355110118539e+00
-2.975258143861878035e-01 3.666854780391196611e-01 4.589241318755479249e-01 5.114236665642153401e-01 5.508500605357493640e-01 6.774881020138832088e-01 7.723724945133491060e-01 8.347486048586796326e-01 8.767037577182092978e-01 9.318775847897947662e-01 1.088480084603467679e+00 1.128747071750115349e+00 1.286391192252904547e+00 1.336976774601802642e+00 1.441577366849791320e+00 1.470274448113680021e+00 1.684406969046848834e+00 1.724401304088212017e+00 1.756017787755241422e+00 1.778936034241541453e+00 1.839955838806848654e+00 1.950390267076331563e+00 1.994477899862893588e+00 2.153406148722366353e+00 2.225017924612808784e+00 2.238038088018801108e+00 2.269508146013906824e+00 2.462866353146766052e+00 2.530569224340061041e+00 3.145501062110632517e+00
1.460171464447153622e-01 3.978569782103605901e-01 4.665167095900425998e-01 5.755384684932637329e-01 6.009540311743135632e-01 7.254282989230141920e-01 8.047631740263837541e-01 8.683453165229344517e-01 9.026663077725862738e-01 9.636285587542098297e-01 1.098879021351611307e+00 1.146828208450427988e+00 1.310074940098323815e+00 1.352524996829786996e+00 1.426825557690229340e+00 1.461851772759979573e+00 1.672648183918985509e+00 1.717627992363760514e+00 1.747061632786381047e+00 1.837893151973369887e+00 1.852272941885679813e+00 1.930055889231829802e+00 1.978224936894240171e+00 2.133780417702613175e+00 2.211788516982113428e+00 2.226339793692695412e+00 2.335965559298102789e+00 2.441640211438594221e+00 2.511347304459250473e+00 3.133468664640264301e+00
3.207459073834923458e-01 4.151094905884623598e-01 4.976555084284999819e-01 6.137890443209124136e-01 6.648047119485481771e-01 7.709579116070177651e-01 8.558576197632088434e-01 8.975443662250066623e-01 9.313774042149278731e-01 1.012858978775101670e+00 1.108251853556201816e+00 1.169666019283531533e+00 1.331367195630073663e+00 1.364740391817070408e+00 1.411775448552480050e+00 1.454226857394311345e+00 1.651002538223736771e+00 1.705488035212366693e+00 1.743288447929467466e+00 1.840416408059992071e+00 1.904603019189486490e+00 1.921911767083831490e+00 1.957375911522657441e+00 2.109625113801220309e+00 2.177114833399273142e+00 2.209092896439741605e+00 2.363965864572364683e+00 2.398031369467624518e+00 2.570171292251343331e+00 3.118732965344007013e+00
3.443778106843203846e-01 4.617618414447995923e-01 5.410021969526420671e-01 6.413919116207914550e-01 7.159269893139564855e-01 8.042918251938097063e-01 9.153250628322093796e-01 9.253017947437290891e-01 9.656144459173437999e-01 1.074412878656412662e+00 1.119465828653720463e+00 1.199911206727271251e+00 1.347550561646768230e+00 1.369900212393065475e+00 1.401725540255152280e+00 1.450876242981767206e+00 1.625294940749347550e+00 1.692536946390630348e+00 1.736350661348206259e+00 1.833625258166860617e+00 1.899871997189608086e+00 1.925293273083429568e+00 1.979083277137490215e+00 2.084802613950867745e+00 2.140456264444338341e+00 2.188216382653602743e+00 2.350021421565461122e+00 2.368332085085877114e+00 2.655797553223250951e+00 3.101905581302585091e+00
3.255135268350842215e-01 5.097001678376349432e-01 5.800996429537677024e-01 6.608900433862482382e-01 7.531847491276354445e-01 8.325917719289165353e-01 9.385272297907756300e-01 9.664248918158193646e-01 1.007964668705432443e+00 1.127824043652965624e+00 1.140957884615931617e+00 1.240799713164478790e+00 1.356129219046508849e+00 1.369378159343492829e+00 1.399737808918575466e+00 1.455752575943494387e+00 1.597843135179306540e+00 1.678853253550256053e+00 1.725045561695179641e+00 1.819927552591920739e+00 1.891060571224472353e+00 1.896952865134319710e+00 2.022042778525730888e+00 2.065923118291295157e+00 2.109932135188478775e+00 2.162033199474276302e+00 2.320702791849086566e+00 2.362819367537978721e+00 2.735137591855516970e+00 3.083633054208692048e+00
2.977367103788091107e-01 5.473281103886633581e-01 6.084254637129302701e-01 6.747761720169858091e-01 7.772121150650493915e-01 8.601450535304636658e-01 9.553222214432159909e-01 9.940387775331517295e-01 1.042088659655533434e+00 1.146773972092880012e+00 1.186986844619079662e+00 1.279936259653292829e+00 1.360861679993628615e+00 1.373966101520054162e+00 1.405422611134931055e+00 1.467076582719744282e+00 1.569973055032841014e+00 1.662450612779197812e+00 1.713137729312191881e+00 1.801275088561833604e+00 1.867082350836358540e+00 1.881963176129864301e+00 2.018553629908645508e+00 2.062718261418664323e+00 2.106087352923449618e+00 2.140134985345307772e+00 2.302931642363245324e+00 2.364690547274679311e+00 2.799827847325240704e+00 3.064516074317558125e+00
2.657182415423511301e-01 5.758564806864987506e-01 6.251919673681338718e-01 6.867704932558968967e-01 7.912732931421099236e-01 8.848642306441285577e-01 9.699034027737150065e-01 1.009006587814827771e+00 1.066160822272719910e+00 1.162743105119291354e+00 1.215006423876145769e+00 1.304178625003182157e+00 1.351093122888814557e+00 1.401200716612657216e+00 1.422429434869414422e+00 1.475868029411076199e+00 1.542235640463945456e+00 1.646461752652394361e+00 1.704896768159651632e+00 1.779658585268552029e+00 1.844635608489904932e+00 1.865339450518017639e+00 1.994946409224591433e+00 2.050942441799661786e+00 2.093560715651757942e+00 2.158383381804329648e+00 2.300126111631185299e+00 2.376036202217744808e+00 2.847390641544272682e+00 3.045152636822568315e+00
2.304475972661746974e-01 5.929766965592653261e-01 6.339104176544998470e-01 6.994049013340902787e-01 8.007414386035625053e-01 9.031801818391032022e-01 9.809737262423562365e-01 1.012713118806006118e+00 1.087246698471314055e+00 1.169605506106690340e+00 1.224307498737604361e+00 1.325872278334259136e+00 1.339376325883385510e+00 1.415639651726730897e+00 1.457433924288545457e+00 1.471759543135585879e+00 1.516369515568780191e+00 1.639503184012282233e+00 1.700023357506217803e+00 1.759157288067681790e+00 1.825678702889070859e+00 1.845919630840588077e+00 1.973979920791520071e+00 2.038163698190498696e+00 2.075144865864618104e+00 2.177335168287333644e+00 2.320306876152059328e+00 2.397511868836608606e+00 2.877146636979805105e+00 3.026310714613765995e+00
1.921554080200634784e-01 5.950609266403397157e-01 6.417971879214723341e-01 7.120248199793877131e-01 8.100933399555201309e-01 9.132945683408997262e-01 9.872375515684841396e-01 1.009968377448306809e+00 1.105975780914139728e+00 1.161950424100763435e+00 1.226155920625146445e+00 1.322858633754437685e+00 1.355125126811653313e+00 1.418942332542116436e+00 1.456461423290836166e+00 1.480898055033000649e+00 1.510250699039043187e+00 1.639546772560982912e+00 1.692494620996777055e+00 1.745453913677947666e+00 1.805625346721629665e+00 1.830423206325751506e+00 1.959062271295028523e+00 2.024272231357278518e+00 2.066503167131635621e+00 2.176523132469996735e+00 2.363034516335198898e+00 2.427217170585330930e+00 2.889580341079073467e+00 3.009024574902795290e+00
1.510063219768352227e-01 5.863184485706771643e-01 6.498678964550628212e-01 7.227461025938504147e-01 8.218276416038531318e-01 9.151301136243068512e-01 9.887981001705784534e-01 1.004989501562365328e+00 1.115484448929709327e+00 1.152144384925525067e+00 1.221742797605348541e+00 1.309495979321518622e+00 1.385312768949283679e+00 1.401523808476020205e+00 1.456775040183453829e+00 1.473167784597072316e+00 1.536654445367856336e+00 1.638668320150751478e+00 1.677120534120954298e+00 1.736367717286492196e+00 1.790236851397603468e+00 1.819987392820498373e+00 1.948693118769062371e+00 2.012408854689189841e+00 2.066649256935475076e+00 2.163972923359031686e+00 2.414390835554174330e+00 2.461095548954552292e+00 2.887094323260986251e+00 2.994189096135685624e+00
1.077519902137888952e-01 5.745456334966542178e-01 6.558479934518682830e-01 7.305260270154269042e-01 8.363364344196971834e-01 9.094091063866002189e-01 9.864330315844754837e-01 1.001173492208001781e+00 1.107097842572680957e+00 1.155886620886725336e+00 1.213397095270801307e+00 1.298127048753619173e+00 1.376765540502904894e+00 1.418447719164305898e+00 1.458082588469575169e+00 1.474470093553197358e+00 1.560884695032747516e+00 1.631667048553158805e+00 1.659682725511530732e+00 1.724137001259212543e+00 1.786940878690634005e+00 1.812113189707635463e+00 1.940687384453780640e+00 2.004865612090340754e+00 2.073529884109378330e+00 2.146565715812727593e+00 2.461194691538722168e+00 2.494224117719365363e+00 2.875125147297616479e+00 2.982195486231253856e+00
6.572314037462040348e-02 5.652028824804711249e-01 6.592866820346355849e-01 7.352377442613835523e-01 8.521076132111407020e-01 8.978604458672511113e-01 9.833245419066464210e-01 9.994074545321018910e-01 1.095264540721543778e+00 1.162627956391040662e+00 1.206851641366238015e+00 1.290365555332418479e+00 1.361015902944269662e+00 1.438789706190862550e+00 1.456382523427114828e+00 1.489181403947803073e+00 1.574195958538029183e+00 1.617233278362833815e+00 1.649576386788848437e+00 1.714167977853353397e+00 1.789530245487616744e+00 1.806232301004218055e+00 1.934996448705154082e+00 2.001054981884646811e+00 2.085253644590709499e+00 2.128271956967719092e+00 2.492500228583209854e+00 2.521007174024633368e+00 2.861818082689257636e+00 2.973849812051577945e+00
4.212119548297805355e-02 5.616853383873227079e-01 6.603935005889318699e-01 7.368391418335233922e-01 8.619087603451650592e-01 8.890727904048560948e-01 9.822189455079898268e-01 9.988639746793307461e-01 1.090480302461863893e+00 1.165059042256094246e+00 1.204748170229971826e+00 1.287539489446084318e+00 1.355505556309306359e+00 1.442737717777630602e+00 1.458027315460077800e+00 1.499875336596288244e+00 1.574713651031028006e+00 1.611011753550627423e+00 1.646483333153014206e+00 1.710756954144002417e+00 1.791364120195613419e+00 1.803670520141517741e+00 1.932883227486286160e+00 1.999906831060396017e+00 2.094408556953888390e+00 2.116938315815704019e+00 2.503055227183885290e+00 2.532012355616588106e+00 2.855954398605433209e+00 2.970767227509713670e+00
2.948920371465916235e-01 6.441486958460893586e-01 6.471561021950180681e-01 7.640918888823585720e-01 7.784883919720015921e-01 8.012668608571760220e-01 8.910907834187208332e-01 9.419898090920064693e-01 1.050048843630309481e+00 1.114682813258962790e+00 1.208547315503022856e+00 1.213835984616726815e+00 1.350255327687633899e+00 1.352139295412846831e+00 1.464568669765356157e+00 1.536673848159718414e+00 1.554016625279523778e+00 1.566716338721579449e+00 1.586125895185733992e+00 1.709265273770402160e+00 1.776845667573699883e+00 1.799659126120686459e+00 1.957263668953532321e+00 1.983073741590697603e+00 2.168357040933289515e+00 2.267052393756115780e+00 2.452572349069237045e+00 2.490960173383591325e+00 2.782381706084571249e+00 3.029783523884922225e+00
2.970999753248240172e-01 6.415686583665249909e-01 6.451525522041327010e-01 7.539061448527613063e-01 7.875956708864633171e-01 7.998320384525997584e-01 8.962632974436792743e-01 9.443998832261655263e-01 1.050219889163895415e+00 1.112845223199043998e+00 1.208004249117503370e+00 1.214437858744478183e+00 1.353614631730190476e+00 1.357893048951532400e+00 1.465788310538487238e+00 1.536307524968251847e+00 1.553330221662631905e+00 1.557917620324289043e+00 1.596251767269745825e+00 1.704524100940381981e+00 1.772651374097827137e+00 1.802031447380412876e+00 1.960779121316810203e+00 1.983752548970791896e+00 2.170135879211308350e+00 2.267498633339667613e+00 2.446978393616784153e+00 2.480015514319405590e+00 2.783972756379007318e+00 3.030826578419810957e+00
3.035791746157280313e-01 6.339985881195310258e-01 6.386563596813036314e-01 7.377615862401298852e-01 7.949824971958466824e-01 8.010981501905073410e-01 9.101225425594976493e-01 9.508589230572123130e-01 1.049386151667855316e+00 1.109364560097641395e+00 1.206076537378272695e+00 1.215751725089524671e+00 1.361998218293233309e+00 1.375149072333873956e+00 1.468294275794188142e+00 1.534447944956725429e+00 1.544563407177447889e+00 1.552495562002163654e+00 1.612588871444173400e+00 1.693748495760179607e+00 1.762464389798446884e+00 1.806880829736050131e+00 1.970109590277594025e+00 1.985826205787647236e+00 2.175167165537454483e+00 2.268379924721266594e+00 2.430883466170906004e+00 2.451500333259545972e+00 2.786041506861034467e+00 3.033747604094425121e+00
3.139133156547315173e-01 6.218874347788038159e-01 6.263396333943714867e-01 7.209798477326786470e-01 7.857818484421326133e-01 8.147946339668492577e-01 9.286472678606361164e-01 9.587835918763881748e-01 1.044592611092619805e+00 1.108180535876220896e+00 1.203008544116060730e+00 1.216483562774910432e+00 1.373913831147170361e+00 1.399246617478650423e+00 1.468767108972081514e+00 1.527564001581035225e+00 1.532262151088907620e+00 1.555167370300135632e+00 1.625759309771722005e+00 1.688275087251668305e+00 1.748879502284173881e+00 1.812361947055235678e+00 1.982848846431845224e+00 1.989581843443582798e+00 2.182382310182440666e+00 2.268123093787022260e+00 2.406291976662808363e+00 2.415782696362060999e+00 2.783189062456952190e+00 3.038044835046147085e+00
3.274651122852131890e-01 6.057653455259075503e-01 6.068295409919433059e-01 7.054356571604539772e-01 7.713952834093570354e-01 8.275697147666051245e-01 9.472470311789500386e-01 9.637546852899936400e-01 1.035343957466108744e+00 1.109290531320474615e+00 1.200731183343998865e+00 1.214754450124355234e+00 1.386375649932837240e+00 1.420905428652092795e+00 1.462640330756078910e+00 1.512236581576648975e+00 1.522889908235880441e+00 1.564651994821462777e+00 1.628834111830057330e+00 1.703925413705244418e+00 1.734509453028870940e+00 1.818363326956644377e+00 1.994183036612223070e+00 1.998934703039755734e+00 2.189523850785498382e+00 2.263910527928376215e+00 2.376825857244053708e+00 2.385026723651204161e+00 2.770944825704234837e+00 3.043193623941311543e+00
3.434435203772033818e-01 5.799053000097414978e-01 5.862436523530484278e-01 6.916588023575825916e-01 7.513314203375850431e-01 8.377395430863144865e-01 9.608577860153764139e-01 9.622838573983443222e-01 1.024658815598154638e+00 1.106962440724046370e+00 1.201237944932039392e+00 1.207710061903934262e+00 1.392411256448414791e+00 1.429798755519940956e+00 1.446352022207965771e+00 1.491122703100864255e+00 1.519332059723159212e+00 1.579429730048195868e+00 1.630495887104325137e+00 1.723705660215412827e+00 1.740186170885932748e+00 1.825426913354241787e+00 2.003332265380135535e+00 2.015527779903949490e+00 2.192482075586486001e+00 2.254206264602107268e+00 2.348414774119690573e+00 2.368162337739214252e+00 2.746759773476412647e+00 3.048880347095908050e+00
3.609415208753646853e-01 5.471049553971761847e-01 5.636038670154132069e-01 6.785370723072506882e-01 7.248993328674326886e-01 8.432243250834250414e-01 9.486933640602831508e-01 9.711832655154037930e-01 1.013892843074829742e+00 1.094547168102334211e+00 1.191105398788247394e+00 1.201694921462621801e+00 1.369258843585752006e+00 1.427677103331600916e+00 1.433708321626243398e+00 1.472607550712734081e+00 1.520202144852436543e+00 1.596769423579831093e+00 1.639332207468291447e+00 1.721686453639275083e+00 1.787625298788177997e+00 1.834361191405856850e+00 2.017136229561456773e+00 2.033369127820932043e+00 2.185799687177098161e+00 2.243011585106997607e+00 2.329631660717179198e+00 2.364956577351438494e+00 2.709843067440965036e+00 3.055089207566319409e+00
3.788487294904768210e-01 5.102688016632975776e-01 5.382036588003276112e-01 6.641876133962727469e-01 6.904066897933947011e-01 8.419837539148576910e-01 9.292869966536712045e-01 9.731982285916500608e-01 1.000380940167027166e+00 1.063346024606078410e+00 1.162648634117509072e+00 1.191142312446280327e+00 1.323379437734557351e+00 1.426169508899316041e+00 1.429963424598885924e+00 1.461083974704816324e+00 1.522241837484688887e+00 1.615476018491748489e+00 1.654340860919331746e+00 1.729018804463508197e+00 1.837517872645659800e+00 1.846213836718661572e+00 2.037453115081369059e+00 2.045559443001517597e+00 2.171234502186690118e+00 2.235222285120850305e+00 2.328093295341225666e+00 2.368801766967679523e+00 2.661259066639602544e+00 3.062041612833060977e+00
3.953220350876697764e-01 4.709423448832911752e-01 5.105005202619381510e-01 6.431449137293681062e-01 6.467363256770709556e-01 8.328756948999653797e-01 9.047259273512767708e-01 9.660557273537279110e-01 9.714756912978118608e-01 1.008629112147825913e+00 1.126672264852653704e+00 1.166758847342112437e+00 1.294603304288714174e+00 1.417162048749122105e+00 1.429927177448081954e+00 1.459403074936312716e+00 1.525935762069688728e+00 1.635652505384419531e+00 1.672975624985610921e+00 1.742823642521800886e+00 1.860242625226683044e+00 1.882754371054083498e+00 2.033735604906567573e+00 2.064866383974194974e+00 2.167532548443553697e+00 2.230720807696003671e+00 2.344837485721834369e+00 2.372896715435919734e+00 2.605112376162534549e+00 3.070046341346008401e+00
4.050154552456333712e-01 4.300767560908845266e-01 4.817870744012267559e-01 5.717206665359589879e-01 6.240450283030432033e-01 8.164369559987202374e-01 8.587362109622532769e-01 9.015300358140804216e-01 9.441947971368574999e-01 9.792186395527873177e-01 1.095699411301773951e+00 1.143914352709814120e+00 1.281227389427329388e+00 1.397467472429706037e+00 1.436359979233737150e+00 1.462341961347199959e+00 1.533100240941850823e+00 1.656687656808048636e+00 1.694256072614098718e+00 1.759500758656197483e+00 1.878290452557536572e+00 1.914385871078782442e+00 1.994171919604973420e+00 2.098237455574452071e+00 2.180135959072497798e+00 2.224055057716073147e+00 2.369156133935852449e+00 2.379378981788509595e+00 2.551848678620071365e+00 3.079331433354018266e+00
3.744365599517436860e-01 3.879538746097512814e-01 4.346652318473152588e-01 4.894386674859323993e-01 5.953118487785470370e-01 7.677975416071503023e-01 7.944949709975351881e-01 8.695107503595809195e-01 9.053632528424463422e-01 9.603483462906023949e-01 1.079868917844682974e+00 1.125062457218156453e+00 1.269830909855849121e+00 1.375271736600728545e+00 1.441667508484298033e+00 1.466566510616214458e+00 1.544415109300843802e+00 1.676863034889733761e+00 1.718115171606680036e+00 1.776353554479860763e+00 1.899217753549395704e+00 1.902710820243620704e+00 1.970390779892930100e+00 2.134261022950381559e+00 2.193198097258421519e+00 2.202810944521385927e+00 2.352022796981597441e+00 2.429532402411558767e+00 2.518760269239733063e+00 3.089917425326966782e+00
-2.244171058507138383e-02 3.441005562831237485e-01 3.836973568101584853e-01 4.843485383162230984e-01 5.614894633955352932e-01 6.953821010204402908e-01 7.686759785330579131e-01 8.485631259441704932e-01 8.593584757817466224e-01 9.432230920671597074e-01 1.076678124414006010e+00 1.106337981980705987e+00 1.256160835800151698e+00 1.352596036811224423e+00 1.444253350403043479e+00 1.471670833466743433e+00 1.558452666448430612e+00 1.694464041356847694e+00 1.744404453888191320e+00 1.791575595014898381e+00 1.835572571070374970e+00 1.922639298665878016e+00 1.983268792252685042e+00 2.132391800356329803e+00 2.185168437289710663e+00 2.200273102458869534e+00 2.335452726114017441e+00 2.489199159741421585e+00 2.511016802589483454e+00 3.101564469634972454e+00
-3.878539484826813433e-01 2.978460146334395153e-01 3.393074829459385433e-01 4.937658204672008000e-01 5.272031354192155961e-01 6.440310139754032992e-01 7.397668807999880913e-01 8.178726542203081928e-01 8.324899994290629879e-01 9.278049412323563505e-01 1.079805800900016433e+00 1.085153220743329650e+00 1.240683517240494638e+00 1.330736348997788143e+00 1.444500411120243299e+00 1.477400893500127044e+00 1.572630652737365464e+00 1.708212414565890791e+00 1.750716636162052309e+00 1.777013762620559101e+00 1.804073547345473871e+00 1.940052177144942158e+00 1.996856510734156043e+00 2.047398291362429568e+00 2.201814583976246187e+00 2.220093413732035170e+00 2.331612131109324970e+00 2.516803084311520333e+00 2.551272224552747492e+00 3.113792364501008603e+00
-5.019481669660610379e-01 2.491592697275147039e-01 2.903468896383211706e-01 5.002579654555722177e-01 5.007787447708282880e-01 6.071852346247553767e-01 7.096369310443332301e-01 7.857276062205472700e-01 8.210756722108324412e-01 9.146452754814766717e-01 1.060007939177637359e+00 1.085492577389211011e+00 1.225364161765245985e+00 1.310687229726236414e+00 1.443214932594604871e+00 1.483225254791944003e+00 1.583751938117383906e+00 1.667871337255652842e+00 1.715597357351349661e+00 1.805280343548947730e+00 1.812509516022516198e+00 1.894253731898553061e+00 2.001901627396583283e+00 2.006440556099410966e+00 2.200234121577970825e+00 2.256078509371940655e+00 2.335262018934866290e+00 2.527569782766402984e+00 2.609722034131620738e+00 3.125948265944492377e+00
-5.366793527451863000e-01 1.994402392095773191e-01 2.376408340127458552e-01 4.893956583620868717e-01 4.972880194736369885e-01 5.855600787796104711e-01 6.821252756078587387e-01 7.610417743402561053e-01 8.140284502885200002e-01 9.044221187808333395e-01 1.030233355533574979e+00 1.091819927600616635e+00 1.212183303533884704e+00 1.293282073460537474e+00 1.440676934162558931e+00 1.488427186448424866e+00 1.565246586978055632e+00 1.609745766312310034e+00 1.696934282347249079e+00 1.785126247433420854e+00 1.829975804802591588e+00 1.836770581021142545e+00 2.008460915206943476e+00 2.018100390241573283e+00 2.197310617811695010e+00 2.287937819704300768e+00 2.341496377949497720e+00 2.538999228953631171e+00 2.661046941309227254e+00 3.137291737988920470e+00
-5.064088972899409846e-01 1.500945764031387242e-01 1.822187796125629144e-01 4.824573161687625844e-01 4.989483666728054545e-01 5.776188869419469629e-01 6.600056002525359622e-01 7.404820900493382929e-01 8.103934411759732281e-01 8.978064757250051597e-01 9.956913361438186616e-01 1.097795878634060696e+00 1.202642379141492190e+00 1.279272804978849765e+00 1.434492140102028079e+00 1.491080288642625540e+00 1.492671540413910369e+00 1.596734517640440609e+00 1.611219492897254302e+00 1.759897061826979581e+00 1.831694016607043229e+00 1.867121774754192609e+00 2.006009330424660231e+00 2.036905901730028834e+00 2.194358975133984035e+00 2.313690029540406368e+00 2.348187396935397686e+00 2.549147118320433503e+00 2.702837134242209949e+00 3.147076966714029034e+00
-4.109066917279333153e-01 1.008688726656830625e-01 1.253283468373887488e-01 4.646336415636013184e-01 5.263469594810019636e-01 5.727790723474722734e-01 6.433673286185918050e-01 7.220599340229214569e-01 8.088192803948703880e-01 8.949755024838520479e-01 9.571065816620079048e-01 1.102813485558325812e+00 1.197979045147866906e+00 1.269418330760554436e+00 1.401987761443738600e+00 1.451339636989060544e+00 1.461360547932963216e+00 1.507224602734120067e+00 1.616249365435288299e+00 1.759270251125440332e+00 1.835021302303554203e+00 1.895272483571144972e+00 1.998156972462450831e+00 2.052178814799218820e+00 2.192097025406449795e+00 2.331795401334920914e+00 2.354590016645543127e+00 2.556959584234236527e+00 2.733575406700235799e+00 3.154625804010242618e+00
-2.429639075208688270e-01 5.084763570156051321e-02 6.961139577588586203e-02 4.509556049295957436e-01 5.604201654604147320e-01 5.616798658463802996e-01 6.300263347235040001e-01 7.065030583889534421e-01 8.081118823498568693e-01 8.946713384185747131e-01 9.200749735047195621e-01 1.106336437808513207e+00 1.198931118467260415e+00 1.264758973405305298e+00 1.356232485321979375e+00 1.369684373110936715e+00 1.445333354880554477e+00 1.503243201883860181e+00 1.619538214303294366e+00 1.760666363508476495e+00 1.837136327758094323e+00 1.918332967829438518e+00 1.987359196986258070e+00 2.061869972251765049e+00 2.190757674662405119e+00 2.341615673428463662e+00 2.359974691746250741e+00 2.561846889759462176e+00 2.752342530454598535e+00 3.159392998582105427e+00
-8.258956269400752326e-05 -1.983777674329116107e-08 2.379910623040792462e-08 4.453362021057532538e-01 5.513341868330119411e-01 5.797090648246042699e-01 6.215012023319306245e-01 6.995857540537330221e-01 8.078281014583424957e-01 8.940161131912011117e-01 9.035827474968434192e-01 1.107657991839296141e+00 1.201499987329787134e+00 1.264921615586928505e+00 1.328793909390266537e+00 1.339298191062639587e+00 1.444260300892762139e+00 1.503460297701509241e+00 1.620653490812234088e+00 1.761274986184516722e+00 1.837847146130305198e+00 1.928814801956369562e+00 1.980970380780609164e+00 2.065178288092197167e+00 2.190323432229121625e+00 2.344510308225963957e+00 2.362229192688591439e+00 2.563506940282186175e+00 2.758649187916050405e+00 3.161023272996049460e+00
