-1.454901881353414250e+00
-1.430633898415661021e+00
-1.406365915477908013e+00
-1.382097932540154783e+00
-1.357829949602401998e+00
-1.333561966664648768e+00
-1.309293983726895760e+00
-1.285026000789142531e+00
-1.260758017851389523e+00
-1.236490034913636515e+00
-1.212222051975883508e+00
-1.187954069038130278e+00
-1.163686086100377270e+00
-1.139418103162624263e+00
-1.115150120224871255e+00
-1.090882137287118026e+00
-1.066614154349365018e+00
-1.042346171411611788e+00
-1.018078188473859003e+00
-9.938102055361057729e-01
-9.695422225983525433e-01
-9.452742396605996467e-01
-9.210062567228465280e-01
-8.967382737850934094e-01
-8.724702908473404017e-01
-8.482023079095872831e-01
-8.239343249718342754e-01
-7.996663420340811568e-01
-7.753983590963281491e-01
-7.511303761585750305e-01
-7.268623932208219118e-01
-7.025944102830689042e-01
-6.783264273453157855e-01
-6.540584444075627779e-01
-6.297904614698096593e-01
-6.055224785320566516e-01
-5.812544955943035330e-01
-5.569865126565504143e-01
-5.327185297187974067e-01
-5.084505467810442880e-01
-4.841825638432911694e-01
-4.599145809055381617e-01
-4.356465979677849876e-01
-4.113786150300320354e-01
-3.871106320922788613e-01
-3.628426491545259092e-01
-3.385746662167727350e-01
-3.143066832790197829e-01
-2.900387003412666087e-01
-2.657707174035136011e-01
-2.415027344657604547e-01
-2.172347515280074748e-01
-1.929667685902543006e-01
-1.686987856525013485e-01
-1.444308027147481743e-01
-1.201628197769951945e-01
-9.589483683924202029e-02
-7.162685390148905429e-02
-4.735887096373588012e-02
-2.309088802598291759e-02
1.177094911770258960e-03
2.544507784952322604e-02
4.971306078727640021e-02
7.398104372502936621e-02
9.824902666278254038e-02
1.225170096005357145e-01
1.467849925382886944e-01
1.710529754760418686e-01
1.953209584137948207e-01
2.195889413515479949e-01
2.438569242893009748e-01
2.681249072270541212e-01
2.923928901648071288e-01
3.166608731025603030e-01
3.409288560403132551e-01
3.651968389780664292e-01
3.894648219158193814e-01
4.137328048535725555e-01
4.380007877913255077e-01
4.622687707290785153e-01
4.865367536668318560e-01
5.108047366045848081e-01
5.350727195423378157e-01
5.593407024800908234e-01
5.836086854178441641e-01
6.078766683555971717e-01
6.321446512933500683e-01
6.564126342311030760e-01
6.806806171688564167e-01
7.049486001066094243e-01
7.292165830443623209e-01
7.534845659821153285e-01
7.777525489198686692e-01
8.020205318576216769e-01
8.262885147953746845e-01
8.505564977331275811e-01
8.748244806708810328e-01
8.990924636086339294e-01
9.233604465463869371e-01
9.476284294841402778e-01
9.718964124218932854e-01
9.961643953596462930e-01
1.020432378297399190e+00
1.044700361235152641e+00
1.068968344172905649e+00
1.093236327110658435e+00
1.117504310048411442e+00
1.141772292986164894e+00
1.166040275923917902e+00
1.190308258861670909e+00
1.214576241799423695e+00
1.238844224737177147e+00
1.263112207674930154e+00
1.287380190612683162e+00
1.311648173550436169e+00
1.335916156488189399e+00
1.360184139425942407e+00
1.384452122363695414e+00
1.408720105301448422e+00
1.432988088239201652e+00
1.457256071176954659e+00
1.481524054114707667e+00
1.505792037052460675e+00
1.530060019990213904e+00
1.554328002927966912e+00
1.578595985865719920e+00
1.602863968803472927e+00
1.627131951741226379e+00
1.651399934678979164e+00
1.675667917616732172e+00
1.699935900554485624e+00
1.724203883492238631e+00
1.748471866429991639e+00
1.772739849367744425e+00
1.797007832305497876e+00
1.821275815243250884e+00
1.845543798181003892e+00
1.869811781118756677e+00
1.894079764056509907e+00
1.918347746994263359e+00
1.942615729932015922e+00
1.966883712869769374e+00
1.991151695807522604e+00
2.015419678745275167e+00
2.039687661683028619e+00
2.063955644620781182e+00
2.088223627558534634e+00
2.112491610496288086e+00
2.136759593434040649e+00
2.161027576371793657e+00
2.185295559309547109e+00
2.209563542247299672e+00
2.233831525185053124e+00
2.258099508122805688e+00
2.282367491060559139e+00
2.306635473998312591e+00
2.330903456936065155e+00
2.355171439873818606e+00
2.379439422811571170e+00
2.403707405749324177e+00
2.427975388687077629e+00
2.452243371624830193e+00
2.476511354562583644e+00
2.500779337500337096e+00
2.525047320438089660e+00
2.549315303375843111e+00
2.573583286313595675e+00
2.597851269251348683e+00
2.622119252189102134e+00
2.646387235126854698e+00
2.670655218064608150e+00
2.694923201002361601e+00
2.719191183940114165e+00
2.743459166877867617e+00
2.767727149815620180e+00
2.791995132753373632e+00
2.816263115691126639e+00
2.840531098628879203e+00
2.864799081566632655e+00
2.889067064504386106e+00
2.913335047442138670e+00
2.937603030379892122e+00
2.961871013317644685e+00
2.986138996255398137e+00
3.010406979193151589e+00
3.034674962130904152e+00
3.058942945068657160e+00
3.083210928006410612e+00
3.107478910944163175e+00
3.131746893881916627e+00
3.156014876819669190e+00
3.180282859757422642e+00
3.204550842695176094e+00
3.228818825632928657e+00
3.253086808570682109e+00
3.277354791508435117e+00
3.301622774446187680e+00
3.325890757383941132e+00
3.350158740321694584e+00
3.374426723259447591e+00
