-5.860700138740970039e-02
-4.181607716282467746e-02
-2.502515293823966147e-02
-8.234228713654643747e-03
8.556695510930377446e-03
2.534761973551540037e-02
4.213854396010040942e-02
5.892946818468543235e-02
7.572039240927046222e-02
9.251131663385547821e-02
1.093022408584405081e-01
1.260931650830255379e-01
1.428840893076105123e-01
1.596750135321955422e-01
1.764659377567805720e-01
1.932568619813656297e-01
2.100477862059506040e-01
2.268387104305356061e-01
2.436296346551206637e-01
2.604205588797056659e-01
2.772114831042907235e-01
2.940024073288757256e-01
3.107933315534607277e-01
3.275842557780457298e-01
3.443751800026307319e-01
3.611661042272157895e-01
3.779570284518007917e-01
3.947479526763858493e-01
4.115388769009708514e-01
4.283298011255559090e-01
4.451207253501409111e-01
4.619116495747258577e-01
4.787025737993108598e-01
4.954934980238960285e-01
5.122844222484809196e-01
5.290753464730658662e-01
5.458662706976510348e-01
5.626571949222359814e-01
5.794481191468209280e-01
5.962390433714060967e-01
6.130299675959910433e-01
6.298208918205759899e-01
6.466118160451611585e-01
6.634027402697461051e-01
6.801936644943312738e-01
6.969845887189162204e-01
7.137755129435011670e-01
7.305664371680863356e-01
7.473573613926712822e-01
7.641482856172562288e-01
7.809392098418412864e-01
7.977301340664262330e-01
8.145210582910111796e-01
8.313119825155963483e-01
8.481029067401812949e-01
8.648938309647664635e-01
8.816847551893514101e-01
8.984756794139363567e-01
9.152666036385215254e-01
9.320575278631064720e-01
9.488484520876916406e-01
9.656393763122765872e-01
9.824303005368615338e-01
9.992212247614467024e-01
1.016012148986031649e+00
1.032803073210616596e+00
1.049593997435201764e+00
1.066384921659786711e+00
1.083175845884371657e+00
1.099966770108956826e+00
1.116757694333541773e+00
1.133548618558126941e+00
1.150339542782711888e+00
1.167130467007296835e+00
1.183921391231881781e+00
1.200712315456466728e+00
1.217503239681051674e+00
1.234294163905636843e+00
1.251085088130221790e+00
1.267876012354806736e+00
1.284666936579391905e+00
1.301457860803976851e+00
1.318248785028561798e+00
1.335039709253146967e+00
1.351830633477731913e+00
1.368621557702317082e+00
1.385412481926902029e+00
1.402203406151486975e+00
1.418994330376072144e+00
1.435785254600657090e+00
1.452576178825242037e+00
1.469367103049827206e+00
1.486158027274412152e+00
1.502948951498997099e+00
1.519739875723582267e+00
1.536530799948167214e+00
1.553321724172752161e+00
1.570112648397337329e+00
1.586903572621922276e+00
1.603694496846507445e+00
1.620485421071092391e+00
1.637276345295677338e+00
1.654067269520262506e+00
1.670858193744847453e+00
1.687649117969432400e+00
1.704440042194017568e+00
1.721230966418602293e+00
1.738021890643187239e+00
1.754812814867772408e+00
1.771603739092357355e+00
1.788394663316942523e+00
1.805185587541527470e+00
1.821976511766112417e+00
1.838767435990697363e+00
1.855558360215282310e+00
1.872349284439867700e+00
1.889140208664452425e+00
1.905931132889037372e+00
1.922722057113622318e+00
1.939512981338207265e+00
1.956303905562792655e+00
1.973094829787377602e+00
1.989885754011962549e+00
2.006676678236547495e+00
2.023467602461132664e+00
2.040258526685717388e+00
2.057049450910302557e+00
2.073840375134887726e+00
2.090631299359472450e+00
2.107422223584057619e+00
2.124213147808642344e+00
2.141004072033227956e+00
2.157794996257812681e+00
2.174585920482397849e+00
2.191376844706982574e+00
2.208167768931567743e+00
2.224958693156152467e+00
2.241749617380738080e+00
2.258540541605322804e+00
2.275331465829907973e+00
2.292122390054492698e+00
2.308913314279077866e+00
2.325704238503663035e+00
2.342495162728248204e+00
2.359286086952832928e+00
2.376077011177418097e+00
2.392867935402002821e+00
2.409658859626587990e+00
2.426449783851173159e+00
2.443240708075758327e+00
2.460031632300343052e+00
2.476822556524928221e+00
2.493613480749512945e+00
2.510404404974098114e+00
2.527195329198683282e+00
2.543986253423268451e+00
2.560777177647853176e+00
2.577568101872437900e+00
2.594359026097023069e+00
2.611149950321608237e+00
2.627940874546193406e+00
2.644731798770778131e+00
2.661522722995363299e+00
2.678313647219948024e+00
2.695104571444533192e+00
2.711895495669118361e+00
2.728686419893703530e+00
2.745477344118288254e+00
2.762268268342873423e+00
2.779059192567458147e+00
2.795850116792043760e+00
2.812641041016628485e+00
2.829431965241213653e+00
2.846222889465798378e+00
2.863013813690383547e+00
2.879804737914968271e+00
2.896595662139553884e+00
2.913386586364138608e+00
2.930177510588723777e+00
2.946968434813308502e+00
2.963759359037893670e+00
2.980550283262478839e+00
2.997341207487064008e+00
3.014132131711648732e+00
3.030923055936233901e+00
3.047713980160818625e+00
3.064504904385403794e+00
3.081295828609988963e+00
3.098086752834573687e+00
3.114877677059158856e+00
3.131668601283743580e+00
3.148459525508328749e+00
3.165250449732913474e+00
3.182041373957499086e+00
3.198832298182083811e+00
3.215623222406668980e+00
3.232414146631253704e+00
3.249205070855838873e+00
3.265995995080424041e+00
3.282786919305008766e+00
