-3.010364363148639200e+00
-2.862370218832539948e+00
-2.714376074516441140e+00
-2.566381930200342776e+00
-2.418387785884243524e+00
-2.270393641568144272e+00
-2.122399497252045464e+00
-1.974405352935946878e+00
-1.826411208619847848e+00
-1.678417064303748818e+00
-1.530422919987649788e+00
-1.382428775671550980e+00
-1.234434631355451950e+00
-1.086440487039353364e+00
-9.384463427232541122e-01
-7.904521984071549712e-01
-6.424580540910562743e-01
-4.944639097749575218e-01
-3.464697654588583808e-01
-1.984756211427592398e-01
-5.048147682666051517e-02
9.751266748943820950e-02
2.455068118055373505e-01
3.935009561216364915e-01
5.414951004377351884e-01
6.894892447538339963e-01
8.374833890699326933e-01
9.854775333860322784e-01
1.133471677702130975e+00
1.281465822018229783e+00
1.429459966334329257e+00
1.577454110650428065e+00
1.725448254966526651e+00
1.873442399282625459e+00
2.021436543598724267e+00
2.169430687914823519e+00
2.317424832230922327e+00
2.465418976547021135e+00
2.613413120863120831e+00
2.761407265179219639e+00
2.909401409495318003e+00
3.057395553811416811e+00
3.205389698127515619e+00
3.353383842443615315e+00
3.501377986759714123e+00
3.649372131075812487e+00
3.797366275391912627e+00
3.945360419708010546e+00
4.093354564024109798e+00
4.241348708340208162e+00
4.389342852656307414e+00
4.537336996972406666e+00
4.685331141288505030e+00
4.833325285604604282e+00
4.981319429920704422e+00
5.129313574236801898e+00
5.277307718552901150e+00
5.425301862869001290e+00
5.573296007185098766e+00
5.721290151501198906e+00
5.869284295817298158e+00
6.017278440133395634e+00
6.165272584449495774e+00
6.313266728765593250e+00
6.461260873081693390e+00
6.609255017397792642e+00
6.757249161713890118e+00
6.905243306029990258e+00
7.053237450346087734e+00
7.201231594662187874e+00
7.349225738978287126e+00
7.497219883294384601e+00
7.645214027610484742e+00
7.793208171926583994e+00
7.941202316242682357e+00
8.089196460558781610e+00
8.237190604874880862e+00
8.385184749190978337e+00
8.533178893507079366e+00
8.681173037823176841e+00
8.829167182139276093e+00
8.977161326455375345e+00
9.125155470771472821e+00
9.273149615087573849e+00
9.421143759403671325e+00
9.569137903719770577e+00
9.717132048035869829e+00
9.865126192351967305e+00
1.001312033666806833e+01
1.016111448098416759e+01
1.030910862530026506e+01
1.045710276961636431e+01
1.060509691393246356e+01
1.075309105824856282e+01
1.090108520256466207e+01
1.104907934688075954e+01
1.119707349119685880e+01
1.134506763551295805e+01
1.149306177982905730e+01
1.164105592414515655e+01
1.178905006846125403e+01
1.193704421277735328e+01
1.208503835709345253e+01
1.223303250140955178e+01
1.238102664572564926e+01
1.252902079004174851e+01
1.267701493435784776e+01
1.282500907867394702e+01
1.297300322299004627e+01
1.312099736730614730e+01
1.326899151162224300e+01
1.341698565593834225e+01
1.356497980025444150e+01
1.371297394457054075e+01
1.386096808888664178e+01
1.400896223320273748e+01
1.415695637751883673e+01
1.430495052183493598e+01
1.445294466615103524e+01
1.460093881046713626e+01
1.474893295478323552e+01
1.489692709909933122e+01
1.504492124341543047e+01
1.519291538773152794e+01
1.534090953204762897e+01
1.548890367636372822e+01
1.563689782067982392e+01
1.578489196499592317e+01
1.593288610931202243e+01
1.608088025362812346e+01
1.622887439794422093e+01
1.637686854226031841e+01
1.652486268657641943e+01
1.667285683089251691e+01
1.682085097520861794e+01
1.696884511952471541e+01
1.711683926384081289e+01
1.726483340815691392e+01
1.741282755247301139e+01
1.756082169678911242e+01
1.770881584110520990e+01
1.785680998542131093e+01
1.800480412973740840e+01
1.815279827405350588e+01
1.830079241836960691e+01
1.844878656268570438e+01
1.859678070700180541e+01
1.874477485131790289e+01
1.889276899563400036e+01
1.904076313995010139e+01
1.918875728426619887e+01
1.933675142858229989e+01
1.948474557289840092e+01
1.963273971721449485e+01
1.978073386153059587e+01
1.992872800584669335e+01
2.007672215016279438e+01
2.022471629447889541e+01
2.037271043879498933e+01
2.052070458311109036e+01
2.066869872742718783e+01
2.081669287174328886e+01
2.096468701605938989e+01
2.111268116037548381e+01
2.126067530469158484e+01
2.140866944900768232e+01
2.155666359332378335e+01
2.170465773763988437e+01
2.185265188195597830e+01
2.200064602627207933e+01
2.214864017058817680e+01
2.229663431490427783e+01
2.244462845922037886e+01
2.259262260353647633e+01
2.274061674785257381e+01
2.288861089216867128e+01
2.303660503648477231e+01
2.318459918080087334e+01
2.333259332511697082e+01
2.348058746943306829e+01
2.362858161374916577e+01
2.377657575806526680e+01
2.392456990238136783e+01
2.407256404669746530e+01
2.422055819101356633e+01
2.436855233532966025e+01
2.451654647964576128e+01
2.466454062396186231e+01
2.481253476827795978e+01
2.496052891259406081e+01
2.510852305691015474e+01
2.525651720122625576e+01
2.540451134554235679e+01
2.555250548985845427e+01
2.570049963417455530e+01
2.584849377849064922e+01
2.599648792280675025e+01
2.614448206712285128e+01
2.629247621143894875e+01
2.644047035575504978e+01
