-7.530816572781021123e-02
-5.773406558289628787e-02
-4.015996543798236451e-02
-2.258586529306844462e-02
-5.011765148154521260e-03
1.256233499675940210e-02
3.013643514167332546e-02
4.771053528658724535e-02
6.528463543150117565e-02
8.285873557641509901e-02
1.004328357213290224e-01
1.180069358662429457e-01
1.355810360111568691e-01
1.531551361560707647e-01
1.707292363009847158e-01
1.883033364458986669e-01
2.058774365908125625e-01
2.234515367357264581e-01
2.410256368806404093e-01
2.585997370255543881e-01
2.761738371704682837e-01
2.937479373153821793e-01
3.113220374602961305e-01
3.288961376052100816e-01
3.464702377501239772e-01
3.640443378950378728e-01
3.816184380399518239e-01
3.991925381848657750e-01
4.167666383297796706e-01
4.343407384746935662e-01
4.519148386196075728e-01
4.694889387645214684e-01
4.870630389094353641e-01
5.046371390543492597e-01
5.222112391992631553e-01
5.397853393441771619e-01
5.573594394890910575e-01
5.749335396340049531e-01
5.925076397789189597e-01
6.100817399238328553e-01
6.276558400687467509e-01
6.452299402136606465e-01
6.628040403585745421e-01
6.803781405034885488e-01
6.979522406484024444e-01
7.155263407933163400e-01
7.331004409382303466e-01
7.506745410831442422e-01
7.682486412280581378e-01
7.858227413729720334e-01
8.033968415178859290e-01
8.209709416627999357e-01
8.385450418077138313e-01
8.561191419526277269e-01
8.736932420975417335e-01
8.912673422424556291e-01
9.088414423873695247e-01
9.264155425322834203e-01
9.439896426771973159e-01
9.615637428221111005e-01
9.791378429670252181e-01
9.967119431119391137e-01
1.014286043256853009e+00
1.031860143401766905e+00
1.049434243546680801e+00
1.067008343691594696e+00
1.084582443836508592e+00
1.102156543981422487e+00
1.119730644126336383e+00
1.137304744271250501e+00
1.154878844416164396e+00
1.172452944561078292e+00
1.190027044705992187e+00
1.207601144850906083e+00
1.225175244995819979e+00
1.242749345140733874e+00
1.260323445285647992e+00
1.277897545430561888e+00
1.295471645575475783e+00
1.313045745720389679e+00
1.330619845865303574e+00
1.348193946010217470e+00
1.365768046155131366e+00
1.383342146300045261e+00
1.400916246444959157e+00
1.418490346589873274e+00
1.436064446734787170e+00
1.453638546879701066e+00
1.471212647024614961e+00
1.488786747169528857e+00
1.506360847314442752e+00
1.523934947459356648e+00
1.541509047604270766e+00
1.559083147749184661e+00
1.576657247894098557e+00
1.594231348039012452e+00
1.611805448183926348e+00
1.629379548328840244e+00
1.646953648473754139e+00
1.664527748618668035e+00
1.682101848763581931e+00
1.699675948908496048e+00
1.717250049053409944e+00
1.734824149198323839e+00
1.752398249343237735e+00
1.769972349488151631e+00
1.787546449633065526e+00
1.805120549777979422e+00
1.822694649922893539e+00
1.840268750067807435e+00
1.857842850212721331e+00
1.875416950357635226e+00
1.892991050502549344e+00
1.910565150647463240e+00
1.928139250792377135e+00
1.945713350937291031e+00
1.963287451082204926e+00
1.980861551227118822e+00
1.998435651372032718e+00
2.016009751516946391e+00
2.033583851661860731e+00
2.051157951806774626e+00
2.068732051951688522e+00
2.086306152096602418e+00
2.103880252241516313e+00
2.121454352386430209e+00
2.139028452531344104e+00
2.156602552676258000e+00
2.174176652821171896e+00
2.191750752966085791e+00
2.209324853110999687e+00
2.226898953255913582e+00
2.244473053400827478e+00
2.262047153545741374e+00
2.279621253690655269e+00
2.297195353835569165e+00
2.314769453980483060e+00
2.332343554125397400e+00
2.349917654270311296e+00
2.367491754415225191e+00
2.385065854560139087e+00
2.402639954705052983e+00
2.420214054849966878e+00
2.437788154994880774e+00
2.455362255139794669e+00
2.472936355284708565e+00
2.490510455429622461e+00
2.508084555574536356e+00
2.525658655719450252e+00
2.543232755864364147e+00
2.560806856009278043e+00
2.578380956154191939e+00
2.595955056299106278e+00
2.613529156444020174e+00
2.631103256588934070e+00
2.648677356733847965e+00
2.666251456878761861e+00
2.683825557023675756e+00
2.701399657168589652e+00
2.718973757313503548e+00
2.736547857458417443e+00
2.754121957603331339e+00
2.771696057748245234e+00
2.789270157893159130e+00
2.806844258038073026e+00
2.824418358182986921e+00
2.841992458327900817e+00
2.859566558472814712e+00
2.877140658617728608e+00
2.894714758762642948e+00
2.912288858907556843e+00
2.929862959052470739e+00
2.947437059197384635e+00
2.965011159342298530e+00
2.982585259487212426e+00
3.000159359632126321e+00
3.017733459777040217e+00
3.035307559921954113e+00
3.052881660066868008e+00
3.070455760211781904e+00
3.088029860356695799e+00
3.105603960501609695e+00
3.123178060646523591e+00
3.140752160791437486e+00
3.158326260936351826e+00
3.175900361081265721e+00
3.193474461226179617e+00
3.211048561371093513e+00
3.228622661516007408e+00
3.246196761660921304e+00
3.263770861805835199e+00
3.281344961950749095e+00
3.298919062095662991e+00
3.316493162240576886e+00
3.334067262385490782e+00
3.351641362530404677e+00
3.369215462675318573e+00
3.386789562820232469e+00
3.404363662965146364e+00
3.421937763110060704e+00
