0.000000000000000000e+00
4.378068734379787080e-02
8.756137468759574161e-02
1.313420620313936193e-01
1.751227493751914832e-01
2.189034367189893471e-01
2.626841240627872387e-01
3.064648114065851026e-01
3.502454987503829664e-01
3.940261860941808303e-01
4.378068734379786942e-01
4.815875607817765580e-01
5.253682481255744774e-01
5.691489354693722857e-01
6.129296228131702051e-01
6.641953909616213902e-01
7.154611591100724644e-01
7.667269272585235385e-01
7.667269272585235385e-01
8.117044018528764004e-01
8.566818764472293735e-01
9.016593510415822355e-01
9.466368256359352085e-01
9.916143002302880705e-01
1.036591774824640932e+00
1.081569249418993905e+00
1.126546724013346878e+00
1.171524198607699851e+00
1.216501673202052602e+00
1.261479147796405575e+00
1.306456622390758326e+00
1.351434096985111299e+00
1.396411571579464272e+00
1.439339881870036475e+00
1.482268192160608677e+00
1.525196502451180880e+00
1.568124812741753082e+00
1.611053123032325285e+00
1.653981433322897487e+00
1.696909743613469690e+00
1.739838053904041892e+00
1.782766364194614095e+00
1.825694674485186297e+00
1.868622984775758500e+00
1.911551295066330702e+00
1.954479605356902905e+00
1.997407915647475107e+00
1.997407915647475107e+00
2.040968205031914895e+00
2.084528494416354683e+00
2.128088783800794470e+00
2.171649073185234258e+00
2.215209362569673601e+00
2.258769651954113833e+00
2.302329941338553176e+00
2.345890230722992964e+00
2.389450520107432752e+00
2.433010809491872539e+00
2.476571098876312327e+00
2.520131388260752114e+00
2.563691677645191902e+00
2.607251967029631690e+00
2.650812256414071477e+00
2.694372545798510821e+00
2.737932835182951052e+00
2.781493124567390396e+00
2.825388254934582122e+00
2.869283385301773848e+00
2.913178515668965574e+00
2.957073646036157744e+00
3.000968776403349469e+00
3.044863906770541195e+00
3.088759037137732921e+00
3.132654167504924647e+00
3.176549297872116817e+00
3.220444428239308543e+00
3.264339558606500269e+00
3.308234688973691995e+00
3.352129819340883721e+00
3.396024949708075447e+00
3.396024949708075447e+00
3.437747180883015119e+00
3.479469412057954791e+00
3.521191643232894464e+00
3.562913874407834136e+00
3.604636105582773364e+00
3.646358336757713037e+00
3.688080567932652709e+00
3.729802799107592381e+00
3.771525030282532054e+00
3.813247261457471726e+00
3.854969492632411399e+00
3.896691723807350627e+00
3.938413954982290299e+00
3.980136186157229972e+00
4.021858417332169644e+00
4.063580648507109316e+00
4.105302879682048989e+00
4.147025110856988661e+00
4.188747342031928333e+00
