-2.639988401572996413e+00
-2.497304372531909067e+00
-2.354620343490821721e+00
-2.211936314449733931e+00
-2.069252285408646586e+00
-1.926568256367559018e+00
-1.783884227326471672e+00
-1.641200198285384104e+00
-1.498516169244296536e+00
-1.355832140203209191e+00
-1.213148111162121623e+00
-1.070464082121034055e+00
-9.277800530799467094e-01
-7.850960240388592526e-01
-6.424119949977716848e-01
-4.997279659566841725e-01
-3.570439369155966602e-01
-2.143599078745091480e-01
-7.167587883342164956e-02
7.100815020766587660e-02
2.136921792487533889e-01
3.563762082898409012e-01
4.990602373309284134e-01
6.417442663720159812e-01
7.844282954131029939e-01
9.271123244541905617e-01
1.069796353495278129e+00
1.212480382536365697e+00
1.355164411577453043e+00
1.497848440618540611e+00
1.640532469659628179e+00
1.783216498700715746e+00
1.925900527741803092e+00
2.068584556782890882e+00
2.211268585823978228e+00
2.353952614865065573e+00
2.496636643906153363e+00
2.639320672947240709e+00
2.782004701988328499e+00
2.924688731029415845e+00
3.067372760070503190e+00
3.210056789111590980e+00
3.352740818152678326e+00
3.495424847193765672e+00
3.638108876234853462e+00
3.780792905275940807e+00
3.923476934317028597e+00
4.066160963358115943e+00
4.208844992399202845e+00
4.351529021440289746e+00
4.494213050481377536e+00
4.636897079522465326e+00
4.779581108563553116e+00
4.922265137604640906e+00
5.064949166645727807e+00
5.207633195686816485e+00
5.350317224727902499e+00
5.493001253768991177e+00
5.635685282810078078e+00
5.778369311851165868e+00
5.921053340892252770e+00
6.063737369933341448e+00
6.206421398974427461e+00
6.349105428015516139e+00
6.491789457056603041e+00
6.634473486097689943e+00
6.777157515138777732e+00
6.919841544179864634e+00
7.062525573220953312e+00
7.205209602262039326e+00
7.347893631303128004e+00
7.490577660344214905e+00
7.633261689385302695e+00
7.775945718426389597e+00
7.918629747467478275e+00
8.061313776508564288e+00
8.203997805549652966e+00
8.346681834590739868e+00
8.489365863631828546e+00
8.632049892672915448e+00
8.774733921714002349e+00
8.917417950755089251e+00
9.060101979796177929e+00
9.202786008837264831e+00
9.345470037878353509e+00
9.488154066919440410e+00
9.630838095960529088e+00
9.773522125001614214e+00
9.916206154042702892e+00
1.005889018308378979e+01
1.020157421212487847e+01
1.034425824116596537e+01
1.048694227020705405e+01
1.062962629924814095e+01
1.077231032828922785e+01
1.091499435733031476e+01
1.105767838637140166e+01
1.120036241541249034e+01
1.134304644445357724e+01
1.148573047349466592e+01
1.162841450253575104e+01
1.177109853157683972e+01
1.191378256061792662e+01
1.205646658965901530e+01
1.219915061870010220e+01
1.234183464774119088e+01
1.248451867678227956e+01
1.262720270582336468e+01
1.276988673486445158e+01
1.291257076390553848e+01
1.305525479294662894e+01
1.319793882198771584e+01
1.334062285102880274e+01
1.348330688006988964e+01
1.362599090911097832e+01
1.376867493815206522e+01
1.391135896719315213e+01
1.405404299623423903e+01
1.419672702527532948e+01
1.433941105431641638e+01
1.448209508335750151e+01
1.462477911239858841e+01
1.476746314143967886e+01
1.491014717048076577e+01
1.505283119952185267e+01
1.519551522856293957e+01
1.533819925760402825e+01
1.548088328664511515e+01
1.562356731568620205e+01
1.576625134472728895e+01
1.590893537376837585e+01
1.605161940280946453e+01
1.619430343185055321e+01
1.633698746089163834e+01
1.647967148993272701e+01
1.662235551897381569e+01
1.676503954801490082e+01
1.690772357705598949e+01
1.705040760609707462e+01
1.719309163513816685e+01
1.733577566417925198e+01
1.747845969322034065e+01
1.762114372226142578e+01
1.776382775130251446e+01
1.790651178034360314e+01
1.804919580938468826e+01
1.819187983842577694e+01
1.833456386746686562e+01
1.847724789650795429e+01
1.861993192554903942e+01
1.876261595459012455e+01
1.890529998363121678e+01
1.904798401267230190e+01
1.919066804171339058e+01
1.933335207075447570e+01
1.947603609979556794e+01
1.961872012883665306e+01
1.976140415787773819e+01
1.990408818691882686e+01
2.004677221595991554e+01
2.018945624500100422e+01
2.033214027404208935e+01
2.047482430308317802e+01
2.061750833212426315e+01
2.076019236116535183e+01
2.090287639020644050e+01
2.104556041924752563e+01
2.118824444828861431e+01
2.133092847732970299e+01
2.147361250637078811e+01
2.161629653541187679e+01
2.175898056445296191e+01
2.190166459349405415e+01
2.204434862253513927e+01
2.218703265157622795e+01
2.232971668061731307e+01
2.247240070965840175e+01
2.261508473869949043e+01
2.275776876774057556e+01
2.290045279678166423e+01
2.304313682582275291e+01
2.318582085486384159e+01
2.332850488390492671e+01
2.347118891294601184e+01
2.361387294198710407e+01
2.375655697102818920e+01
2.389924100006927787e+01
2.404192502911036300e+01
2.418460905815145523e+01
2.432729308719254036e+01
2.446997711623362548e+01
2.461266114527471416e+01
2.475534517431579928e+01
2.489802920335689151e+01
2.504071323239797664e+01
2.518339726143906532e+01
2.532608129048015044e+01
2.546876531952123912e+01
2.561144934856232780e+01
2.575413337760341292e+01
