-2.883566012320609939e+00
-2.737622921299919465e+00
-2.591679830279228547e+00
-2.445736739258538073e+00
-2.299793648237847155e+00
-2.153850557217156236e+00
-2.007907466196465762e+00
-1.861964375175775288e+00
-1.716021284155084370e+00
-1.570078193134393674e+00
-1.424135102113703200e+00
-1.278192011093012281e+00
-1.132248920072321585e+00
-9.863058290516310000e-01
-8.403627380309405259e-01
-6.944196470102494967e-01
-5.484765559895589115e-01
-4.025334649688683819e-01
-2.565903739481774082e-01
-1.106472829274868647e-01
3.529580809320369272e-02
1.812388991138946803e-01
3.271819901345852100e-01
4.731250811552757951e-01
6.190681721759667688e-01
7.650112631966573540e-01
9.109543542173478281e-01
1.056897445238038857e+00
1.202840536258728887e+00
1.348783627279420028e+00
1.494726718300110946e+00
1.640669809320800976e+00
1.786612900341492116e+00
1.932555991362183034e+00
2.078499082382873286e+00
2.224442173403564205e+00
2.370385264424255123e+00
2.516328355444945153e+00
2.662271446465636071e+00
2.808214537486326989e+00
2.954157628507017463e+00
3.100100719527708382e+00
3.246043810548399300e+00
3.391986901569089330e+00
3.537929992589780248e+00
3.683873083610471166e+00
3.829816174631162085e+00
3.975759265651853003e+00
4.121702356672543921e+00
4.267645447693233507e+00
4.413588538713923981e+00
4.559531629734615343e+00
4.705474720755305817e+00
4.851417811775997180e+00
4.997360902796687654e+00
5.143303993817379016e+00
5.289247084838068602e+00
5.435190175858759076e+00
5.581133266879450439e+00
5.727076357900140913e+00
5.873019448920832275e+00
6.018962539941523637e+00
6.164905630962212335e+00
6.310848721982903697e+00
6.456791813003594172e+00
6.602734904024285534e+00
6.748677995044976008e+00
6.894621086065665594e+00
7.040564177086356956e+00
7.186507268107047430e+00
7.332450359127738793e+00
7.478393450148429267e+00
7.624336541169120629e+00
7.770279632189810215e+00
7.916222723210500689e+00
8.062165814231191163e+00
8.208108905251883414e+00
8.354051996272573888e+00
8.499995087293264362e+00
8.645938178313954836e+00
8.791881269334645310e+00
8.937824360355335784e+00
9.083767451376026258e+00
9.229710542396718509e+00
9.375653633417408983e+00
9.521596724438097681e+00
9.667539815458789931e+00
9.813482906479480405e+00
9.959425997500170880e+00
1.010536908852086135e+01
1.025131217954155360e+01
1.039725527056224230e+01
1.054319836158293278e+01
1.068914145260362503e+01
1.083508454362431550e+01
1.098102763464500597e+01
1.112697072566569645e+01
1.127291381668638692e+01
1.141885690770707740e+01
1.156479999872776787e+01
1.171074308974846012e+01
1.185668618076915060e+01
1.200262927178983929e+01
1.214857236281053154e+01
1.229451545383122202e+01
1.244045854485191072e+01
1.258640163587260297e+01
1.273234472689329344e+01
1.287828781791398569e+01
1.302423090893467439e+01
1.317017399995536842e+01
1.331611709097605711e+01
1.346206018199674581e+01
1.360800327301743806e+01
1.375394636403812854e+01
1.389988945505882079e+01
1.404583254607950948e+01
1.419177563710019996e+01
1.433771872812089221e+01
1.448366181914158091e+01
1.462960491016227316e+01
1.477554800118296363e+01
1.492149109220365588e+01
1.506743418322434458e+01
1.521337727424503505e+01
1.535932036526572730e+01
1.550526345628641600e+01
1.565120654730711003e+01
1.579714963832779873e+01
1.594309272934848742e+01
1.608903582036917967e+01
1.623497891138987015e+01
1.638092200241056062e+01
1.652686509343125110e+01
1.667280818445194157e+01
1.681875127547263205e+01
1.696469436649332252e+01
1.711063745751401655e+01
1.725658054853470347e+01
1.740252363955539749e+01
1.754846673057608797e+01
1.769440982159677489e+01
1.784035291261746892e+01
1.798629600363815939e+01
1.813223909465884987e+01
1.827818218567954034e+01
1.842412527670023081e+01
1.857006836772092129e+01
1.871601145874161176e+01
1.886195454976230224e+01
1.900789764078299271e+01
1.915384073180368674e+01
1.929978382282437366e+01
1.944572691384506413e+01
1.959167000486575816e+01
1.973761309588644508e+01
1.988355618690713911e+01
2.002949927792782958e+01
2.017544236894851650e+01
2.032138545996921053e+01
2.046732855098990100e+01
2.061327164201059148e+01
2.075921473303128195e+01
2.090515782405197243e+01
2.105110091507266290e+01
2.119704400609335337e+01
2.134298709711404385e+01
2.148893018813473432e+01
2.163487327915542835e+01
2.178081637017611527e+01
2.192675946119680574e+01
2.207270255221749977e+01
2.221864564323818669e+01
2.236458873425888072e+01
2.251053182527957119e+01
2.265647491630025812e+01
2.280241800732095214e+01
2.294836109834164262e+01
2.309430418936233309e+01
2.324024728038302356e+01
2.338619037140371404e+01
2.353213346242440451e+01
2.367807655344509499e+01
2.382401964446578546e+01
2.396996273548647594e+01
2.411590582650716996e+01
2.426184891752785688e+01
2.440779200854854736e+01
2.455373509956924138e+01
2.469967819058992831e+01
2.484562128161062233e+01
2.499156437263131281e+01
2.513750746365200328e+01
2.528345055467269376e+01
2.542939364569338423e+01
2.557533673671407470e+01
2.572127982773476518e+01
2.586722291875545565e+01
2.601316600977614613e+01
2.615910910079684015e+01
