-7.761193362251351813e-01
-6.361760036513128824e-01
-4.962326710774906946e-01
-3.562893385036685623e-01
-2.163460059298462912e-01
-7.640267335602403398e-02
6.354065921779811221e-02
2.034839917916204666e-01
3.434273243654425989e-01
4.833706569392647867e-01
6.233139895130871411e-01
7.632573220869092179e-01
9.032006546607314057e-01
1.043143987234553816e+00
1.183087319808376225e+00
1.323030652382197969e+00
1.462973984956020379e+00
1.602917317529842789e+00
1.742860650103664755e+00
1.882803982677487165e+00
2.022747315251309352e+00
2.162690647825131318e+00
2.302633980398953728e+00
2.442577312972776138e+00
2.582520645546598104e+00
2.722463978120420514e+00
2.862407310694242923e+00
3.002350643268064445e+00
3.142293975841887299e+00
3.282237308415709265e+00
3.422180640989531231e+00
3.562123973563354085e+00
3.702067306137176050e+00
3.842010638710997572e+00
3.981953971284820426e+00
4.121897303858642836e+00
4.261840636432464358e+00
4.401783969006286767e+00
4.541727301580110066e+00
4.681670634153930699e+00
4.821613966727753997e+00
4.961557299301576407e+00
5.101500631875397929e+00
5.241443964449220339e+00
5.381387297023042748e+00
5.521330629596864270e+00
5.661273962170686680e+00
5.801217294744509978e+00
5.941160627318330612e+00
6.081103959892153910e+00
6.221047292465976319e+00
6.360990625039798729e+00
6.500933957613620251e+00
6.640877290187442661e+00
6.780820622761264183e+00
6.920763955335086592e+00
7.060707287908909890e+00
7.200650620482730524e+00
7.340593953056553822e+00
7.480537285630376232e+00
7.620480618204197754e+00
7.760423950778020163e+00
7.900367283351842573e+00
8.040310615925664095e+00
8.180253948499487393e+00
8.320197281073308915e+00
8.460140613647130436e+00
8.600083946220953734e+00
8.740027278794777033e+00
8.879970611368596778e+00
9.019913943942420076e+00
9.159857276516243374e+00
9.299800609090063119e+00
9.439743941663886417e+00
9.579687274237709715e+00
9.719630606811531237e+00
9.859573939385352759e+00
9.999517271959176057e+00
1.013946060453299758e+01
1.027940393710682088e+01
1.041934726968064240e+01
1.055929060225446392e+01
1.069923393482828722e+01
1.083917726740210874e+01
1.097912059997593026e+01
1.111906393254975356e+01
1.125900726512357686e+01
1.139895059769739660e+01
1.153889393027121990e+01
1.167883726284504320e+01
1.181878059541886472e+01
1.195872392799268624e+01
1.209866726056650954e+01
1.223861059314033106e+01
1.237855392571415258e+01
1.251849725828797588e+01
1.265844059086179740e+01
1.279838392343562070e+01
1.293832725600944222e+01
1.307827058858326552e+01
1.321821392115708704e+01
1.335815725373090856e+01
1.349810058630473186e+01
1.363804391887855338e+01
1.377798725145237668e+01
1.391793058402619820e+01
1.405787391660001973e+01
1.419781724917384302e+01
1.433776058174766455e+01
1.447770391432148607e+01
1.461764724689530937e+01
1.475759057946913266e+01
1.489753391204295419e+01
1.503747724461677393e+01
1.517742057719059900e+01
1.531736390976442230e+01
1.545730724233824382e+01
1.559725057491206712e+01
1.573719390748589042e+01
1.587713724005970839e+01
1.601708057263353169e+01
1.615702390520735321e+01
1.629696723778117828e+01
1.643691057035499981e+01
1.657685390292882488e+01
1.671679723550264285e+01
1.685674056807646437e+01
1.699668390065028944e+01
1.713662723322411097e+01
1.727657056579793249e+01
1.741651389837175756e+01
1.755645723094557908e+01
1.769640056351939705e+01
1.783634389609322213e+01
1.797628722866704365e+01
1.811623056124086872e+01
1.825617389381469025e+01
1.839611722638851177e+01
1.853606055896233329e+01
1.867600389153615481e+01
1.881594722410997633e+01
1.895589055668380141e+01
1.909583388925762293e+01
1.923577722183144445e+01
1.937572055440526597e+01
1.951566388697908749e+01
1.965560721955290902e+01
1.979555055212673409e+01
1.993549388470055561e+01
2.007543721727438069e+01
2.021538054984819865e+01
2.035532388242202018e+01
2.049526721499584525e+01
2.063521054756966677e+01
2.077515388014348829e+01
2.091509721271731337e+01
2.105504054529113134e+01
2.119498387786495286e+01
2.133492721043877793e+01
2.147487054301259946e+01
2.161481387558642453e+01
2.175475720816024605e+01
2.189470054073406402e+01
2.203464387330788909e+01
2.217458720588171062e+01
2.231453053845553214e+01
2.245447387102935721e+01
2.259441720360317873e+01
2.273436053617699670e+01
2.287430386875082178e+01
2.301424720132464330e+01
2.315419053389846837e+01
2.329413386647228990e+01
2.343407719904611142e+01
2.357402053161993294e+01
2.371396386419375446e+01
2.385390719676757598e+01
2.399385052934140106e+01
2.413379386191522258e+01
2.427373719448904410e+01
2.441368052706286562e+01
2.455362385963668714e+01
2.469356719221051222e+01
2.483351052478433374e+01
2.497345385735815526e+01
2.511339718993198034e+01
2.525334052250579830e+01
2.539328385507961983e+01
2.553322718765344490e+01
2.567317052022726642e+01
2.581311385280108794e+01
2.595305718537491302e+01
2.609300051794873099e+01
2.623294385052255606e+01
2.637288718309637758e+01
2.651283051567019911e+01
2.665277384824402418e+01
2.679271718081784570e+01
2.693266051339166722e+01
2.707260384596548874e+01
