-3.761187654470198094e+00
-3.638267062318195855e+00
-3.515346470166194059e+00
-3.392425878014192264e+00
-3.269505285862190469e+00
-3.146584693710188230e+00
-3.023664101558186434e+00
-2.900743509406184639e+00
-2.777822917254182400e+00
-2.654902325102180605e+00
-2.531981732950179254e+00
-2.409061140798177014e+00
-2.286140548646174775e+00
-2.163219956494172536e+00
-2.040299364342171184e+00
-1.917378772190169389e+00
-1.794458180038167150e+00
-1.671537587886165133e+00
-1.548616995734163337e+00
-1.425696403582161320e+00
-1.302775811430159525e+00
-1.179855219278157508e+00
-1.056934627126155712e+00
-9.340140349741536951e-01
-8.110934428221515669e-01
-6.881728506701498826e-01
-5.652522585181477544e-01
-4.423316663661460701e-01
-3.194110742141439419e-01
-1.964904820621422299e-01
-7.356988991014012935e-02
4.935070224186156179e-02
1.722712943938636831e-01
2.951918865458658114e-01
4.181124786978678842e-01
5.410330708498691799e-01
6.639536630018713081e-01
7.868742551538734364e-01
9.097948473058755647e-01
1.032715439457876805e+00
1.155636031609878822e+00
1.278556623761881061e+00
1.401477215913883079e+00
1.524397808065885318e+00
1.647318400217886447e+00
1.770238992369888686e+00
1.893159584521890704e+00
2.016080176673892943e+00
2.139000768825895182e+00
2.261921360977896089e+00
2.384841953129898329e+00
2.507762545281900568e+00
2.630683137433902363e+00
2.753603729585903714e+00
2.876524321737905954e+00
2.999444913889908193e+00
3.122365506041909988e+00
3.245286098193912228e+00
3.368206690345913579e+00
3.491127282497915818e+00
3.614047874649917613e+00
3.736968466801919853e+00
3.859889058953920760e+00
3.982809651105922999e+00
4.105730243257925238e+00
4.228650835409927033e+00
4.351571427561928829e+00
4.474492019713931512e+00
4.597412611865933307e+00
4.720333204017934214e+00
4.843253796169936010e+00
4.966174388321937805e+00
5.089094980473940488e+00
5.212015572625942283e+00
5.334936164777944079e+00
5.457856756929946762e+00
5.580777349081948557e+00
5.703697941233951241e+00
5.826618533385951260e+00
5.949539125537953055e+00
6.072459717689955738e+00
6.195380309841957533e+00
6.318300901993959329e+00
6.441221494145962012e+00
6.564142086297963807e+00
6.687062678449965603e+00
6.809983270601968286e+00
6.932903862753968305e+00
7.055824454905970988e+00
7.178745047057972783e+00
7.301665639209974579e+00
7.424586231361977262e+00
7.547506823513979057e+00
7.670427415665980853e+00
7.793348007817983536e+00
7.916268599969985331e+00
8.039189192121988015e+00
8.162109784273987145e+00
8.285030376425989829e+00
8.407950968577992512e+00
8.530871560729995196e+00
8.653792152881996103e+00
8.776712745033998786e+00
8.899633337186001469e+00
9.022553929338002376e+00
9.145474521490005060e+00
9.268395113642005967e+00
9.391315705794006874e+00
9.514236297946009557e+00
9.637156890098012241e+00
9.760077482250013148e+00
9.882998074402015831e+00
1.000591866655401851e+01
1.012883925870601942e+01
1.025175985085802211e+01
1.037468044301002301e+01
1.049760103516202570e+01
1.062052162731402660e+01
1.074344221946602929e+01
1.086636281161803197e+01
1.098928340377003288e+01
1.111220399592203556e+01
1.123512458807403824e+01
1.135804518022603737e+01
1.148096577237804006e+01
1.160388636453004274e+01
1.172680695668204365e+01
1.184972754883404633e+01
1.197264814098604901e+01
1.209556873313804992e+01
1.221848932529005261e+01
1.234140991744205529e+01
1.246433050959405620e+01
1.258725110174605888e+01
1.271017169389806156e+01
1.283309228605006247e+01
1.295601287820206515e+01
1.307893347035406784e+01
1.320185406250606697e+01
1.332477465465806787e+01
1.344769524681007056e+01
1.357061583896207324e+01
1.369353643111407415e+01
1.381645702326607683e+01
1.393937761541807951e+01
1.406229820757008042e+01
1.418521879972208311e+01
1.430813939187408579e+01
1.443105998402608670e+01
1.455398057617808938e+01
1.467690116833009206e+01
1.479982176048209297e+01
1.492274235263409565e+01
1.504566294478609834e+01
1.516858353693809924e+01
1.529150412909010193e+01
1.541442472124210106e+01
1.553734531339410374e+01
1.566026590554610465e+01
1.578318649769810733e+01
1.590610708985011001e+01
1.602902768200211270e+01
1.615194827415411538e+01
1.627486886630611451e+01
1.639778945845811720e+01
1.652071005061011988e+01
1.664363064276212256e+01
1.676655123491412525e+01
1.688947182706612793e+01
1.701239241921812706e+01
1.713531301137012974e+01
1.725823360352213243e+01
1.738115419567413511e+01
1.750407478782613779e+01
1.762699537997813692e+01
1.774991597213013605e+01
1.787283656428213874e+01
1.799575715643414142e+01
1.811867774858614411e+01
1.824159834073814679e+01
1.836451893289014947e+01
1.848743952504215216e+01
1.861036011719415129e+01
1.873328070934615397e+01
1.885620130149815665e+01
1.897912189365015934e+01
1.910204248580216202e+01
1.922496307795416470e+01
1.934788367010616383e+01
1.947080426225816652e+01
1.959372485441016920e+01
1.971664544656217188e+01
1.983956603871417457e+01
1.996248663086617370e+01
2.008540722301817283e+01
2.020832781517017551e+01
2.033124840732217820e+01
2.045416899947418088e+01
2.057708959162618356e+01
2.070001018377818625e+01
