-3.121262581385620738e+00
-2.964376977834555671e+00
-2.807491374283490160e+00
-2.650605770732424649e+00
-2.493720167181359582e+00
-2.336834563630294070e+00
-2.179948960079228559e+00
-2.023063356528163492e+00
-1.866177752977097981e+00
-1.709292149426032914e+00
-1.552406545874967403e+00
-1.395520942323901892e+00
-1.238635338772836825e+00
-1.081749735221771536e+00
-9.248641316707059135e-01
-7.679785281196406244e-01
-6.110929245685754463e-01
-4.542073210175102127e-01
-2.973217174664449791e-01
-1.404361139153793570e-01
1.644948963568586622e-02
1.733350931867510825e-01
3.302206967378167324e-01
4.871063002888819660e-01
6.439919038399471996e-01
8.008775073910123776e-01
9.577631109420776667e-01
1.114648714493142734e+00
1.271534318044208911e+00
1.428419921595274200e+00
1.585305525146339267e+00
1.742191128697404556e+00
1.899076732248469845e+00
2.055962335799534912e+00
2.212847939350600424e+00
2.369733542901665491e+00
2.526619146452730558e+00
2.683504750003796957e+00
2.840390353554862024e+00
2.997275957105927091e+00
3.154161560656992602e+00
3.311047164208057669e+00
3.467932767759122736e+00
3.624818371310188247e+00
3.781703974861254203e+00
3.938589578412319270e+00
4.095475181963384337e+00
4.252360785514449404e+00
4.409246389065515359e+00
4.566131992616580426e+00
4.723017596167645493e+00
4.879903199718710560e+00
5.036788803269775627e+00
5.193674406820841583e+00
5.350560010371906650e+00
5.507445613922971717e+00
5.664331217474038560e+00
5.821216821025103627e+00
5.978102424576168694e+00
6.134988028127233761e+00
6.291873631678299716e+00
6.448759235229364783e+00
6.605644838780429851e+00
6.762530442331494918e+00
6.919416045882559985e+00
7.076301649433625940e+00
7.233187252984691007e+00
7.390072856535756074e+00
7.546958460086821141e+00
7.703844063637886208e+00
7.860729667188951275e+00
8.017615270740016342e+00
8.174500874291082297e+00
8.331386477842148253e+00
8.488272081393214208e+00
8.645157684944280163e+00
8.802043288495344342e+00
8.958928892046410297e+00
9.115814495597474476e+00
9.272700099148540431e+00
9.429585702699606387e+00
9.586471306250670565e+00
9.743356909801736521e+00
9.900242513352800700e+00
1.005712811690386665e+01
1.021401372045493083e+01
1.037089932400599679e+01
1.052778492755706274e+01
1.068467053110812870e+01
1.084155613465919465e+01
1.099844173821025883e+01
1.115532734176132479e+01
1.131221294531239074e+01
1.146909854886345492e+01
1.162598415241452088e+01
1.178286975596558506e+01
1.193975535951665101e+01
1.209664096306771519e+01
1.225352656661878115e+01
1.241041217016984710e+01
1.256729777372091128e+01
1.272418337727197724e+01
1.288106898082304141e+01
1.303795458437410737e+01
1.319484018792517332e+01
1.335172579147623750e+01
1.350861139502730346e+01
1.366549699857836764e+01
1.382238260212943359e+01
1.397926820568049955e+01
1.413615380923156373e+01
1.429303941278262968e+01
1.444992501633369741e+01
1.460681061988476337e+01
1.476369622343582755e+01
1.492058182698689350e+01
1.507746743053795946e+01
1.523435303408902186e+01
1.539123863764008782e+01
1.554812424119115200e+01
1.570500984474221795e+01
1.586189544829328213e+01
1.601878105184434986e+01
1.617566665539541404e+01
1.633255225894647822e+01
1.648943786249754240e+01
1.664632346604861013e+01
1.680320906959967431e+01
1.696009467315073849e+01
1.711698027670180622e+01
1.727386588025287040e+01
1.743075148380393458e+01
1.758763708735499876e+01
1.774452269090606649e+01
1.790140829445713067e+01
1.805829389800819484e+01
1.821517950155926258e+01
1.837206510511032675e+01
1.852895070866139093e+01
1.868583631221245867e+01
1.884272191576352284e+01
1.899960751931458702e+01
1.915649312286565120e+01
1.931337872641671893e+01
1.947026432996778311e+01
1.962714993351885440e+01
1.978403553706991858e+01
1.994092114062098631e+01
2.009780674417205049e+01
2.025469234772311466e+01
2.041157795127418240e+01
2.056846355482524658e+01
2.072534915837631075e+01
2.088223476192737849e+01
2.103912036547844266e+01
2.119600596902950684e+01
2.135289157258057102e+01
2.150977717613163875e+01
2.166666277968270293e+01
2.182354838323376711e+01
2.198043398678483484e+01
2.213731959033589902e+01
2.229420519388696320e+01
2.245109079743802738e+01
2.260797640098909511e+01
2.276486200454015929e+01
2.292174760809122347e+01
2.307863321164229120e+01
2.323551881519335538e+01
2.339240441874441956e+01
2.354929002229548729e+01
2.370617562584655147e+01
2.386306122939761565e+01
2.401994683294867983e+01
2.417683243649974756e+01
2.433371804005081174e+01
2.449060364360187592e+01
2.464748924715294365e+01
2.480437485070400783e+01
2.496126045425507201e+01
2.511814605780613618e+01
2.527503166135720392e+01
2.543191726490826809e+01
2.558880286845933227e+01
2.574568847201040001e+01
2.590257407556146418e+01
2.605945967911252836e+01
2.621634528266359609e+01
2.637323088621466027e+01
2.653011648976572445e+01
2.668700209331678863e+01
2.684388769686785636e+01
2.700077330041892054e+01
2.715765890396998472e+01
2.731454450752105245e+01
2.747143011107211663e+01
2.762831571462318081e+01
2.778520131817424499e+01
2.794208692172531272e+01
2.809897252527638045e+01
