0.000000000000000000e+00
5.132426462238093290e-02
1.026485292447618658e-01
1.539727938671427987e-01
2.052970584895237316e-01
2.566213231119046645e-01
3.079455877342855974e-01
3.592698523566665303e-01
4.105941169790474632e-01
4.105941169790474632e-01
8.211882339580949264e-01
8.681813940610605407e-01
9.151745541640262660e-01
9.621677142669919913e-01
1.009160874369957606e+00
1.056154034472923220e+00
1.103147194575889056e+00
1.150140354678854671e+00
1.197133514781820285e+00
1.244126674884785899e+00
1.290712569599401727e+00
1.337298464314017554e+00
1.383884359028633382e+00
1.430470253743249209e+00
1.477056148457864815e+00
1.523642043172480864e+00
1.570227937887096470e+00
1.616813832601712297e+00
1.663399727316328125e+00
1.709985622030943953e+00
1.756571516745559780e+00
1.803157411460175608e+00
1.849743306174791435e+00
1.896329200889407041e+00
1.942915095604023090e+00
1.989500990318638696e+00
2.036086885033254745e+00
2.082672779747870351e+00
2.129258674462485956e+00
2.129258674462485956e+00
2.176289269440265794e+00
2.223319864418046077e+00
2.270350459395825915e+00
2.317381054373606197e+00
2.364411649351386036e+00
2.411442244329165874e+00
2.458472839306946156e+00
2.505503434284725994e+00
2.552534029262505832e+00
2.599564624240286115e+00
2.646595219218065953e+00
2.693625814195845791e+00
2.740656409173626074e+00
2.787687004151405912e+00
2.834717599129185750e+00
2.881748194106966032e+00
2.928778789084746315e+00
2.975809384062526153e+00
3.022839979040305991e+00
3.067154070310122993e+00
3.111468161579940439e+00
3.155782252849757441e+00
3.200096344119574443e+00
3.244410435389391445e+00
3.288724526659208891e+00
3.333038617929025893e+00
3.377352709198842895e+00
3.421666800468660341e+00
3.465980891738477343e+00
3.510294983008294345e+00
3.554609074278111791e+00
3.598923165547928793e+00
3.643237256817745795e+00
3.687551348087562797e+00
3.731865439357379799e+00
3.776179530627197245e+00
3.820493621897014247e+00
3.864807713166831249e+00
3.909121804436648695e+00
3.909121804436648695e+00
3.953810119968479864e+00
3.998498435500311032e+00
4.043186751032142645e+00
4.087875066563973370e+00
4.132563382095804982e+00
4.177251697627635707e+00
4.221940013159467320e+00
4.266628328691298933e+00
4.311316644223129657e+00
4.356004959754961270e+00
4.400693275286791994e+00
4.445381590818623607e+00
4.490069906350455220e+00
4.534758221882285945e+00
4.579446537414117557e+00
4.624134852945948282e+00
4.668823168477779895e+00
4.713511484009611507e+00
4.758199799541442232e+00
4.802888115073273845e+00
