-3.224374259382531527e+00
-3.079646395016584659e+00
-2.934918530650638235e+00
-2.790190666284691368e+00
-2.645462801918744500e+00
-2.500734937552797632e+00
-2.356007073186850764e+00
-2.211279208820904341e+00
-2.066551344454957029e+00
-1.921823480089010161e+00
-1.777095615723063515e+00
-1.632367751357116870e+00
-1.487639886991170002e+00
-1.342912022625223134e+00
-1.198184158259276266e+00
-1.053456293893329399e+00
-9.087284295273827528e-01
-7.640005651614361071e-01
-6.192727007954891283e-01
-4.745448364295420940e-01
-3.298169720635955038e-01
-1.850891076976488858e-01
-4.036124333170186540e-02
1.043666210342451550e-01
2.490944854001917452e-01
3.938223497661383354e-01
5.385502141320853697e-01
6.832780784980324595e-01
8.280059428639789942e-01
9.727338072299256400e-01
1.117461671595872952e+00
1.262189535961819598e+00
1.406917400327766243e+00
1.551645264693712889e+00
1.696373129059659535e+00
1.841100993425606847e+00
1.985828857791553492e+00
2.130556722157499916e+00
2.275284586523447672e+00
2.420012450889394096e+00
2.564740315255340963e+00
2.709468179621287387e+00
2.854196043987233811e+00
2.998923908353181567e+00
3.143651772719127990e+00
3.288379637085074414e+00
3.433107501451022170e+00
3.577835365816968594e+00
3.722563230182915461e+00
3.867291094548862329e+00
4.012018958914808309e+00
4.156746823280755621e+00
4.301474687646702932e+00
4.446202552012648468e+00
4.590930416378595780e+00
4.735658280744542203e+00
4.880386145110489515e+00
5.025114009476436827e+00
5.169841873842382363e+00
5.314569738208329674e+00
5.459297602574276986e+00
5.604025466940223410e+00
5.748753331306170722e+00
5.893481195672116257e+00
6.038209060038063569e+00
6.182936924404010881e+00
6.327664788769957305e+00
6.472392653135904617e+00
6.617120517501850152e+00
6.761848381867797464e+00
6.906576246233744776e+00
7.051304110599691199e+00
7.196031974965638511e+00
7.340759839331585823e+00
7.485487703697531359e+00
7.630215568063478671e+00
7.774943432429425982e+00
7.919671296795372406e+00
8.064399161161318830e+00
8.209127025527266142e+00
8.353854889893213453e+00
8.498582754259160765e+00
8.643310618625106301e+00
8.788038482991053613e+00
8.932766347356999148e+00
9.077494211722946460e+00
9.222222076088893772e+00
9.366949940454839307e+00
9.511677804820786619e+00
9.656405669186733931e+00
9.801133533552681243e+00
9.945861397918628555e+00
1.009058926228457587e+01
1.023531712665052140e+01
1.038004499101646871e+01
1.052477285538241425e+01
1.066950071974836156e+01
1.081422858411430887e+01
1.095895644848025441e+01
1.110368431284620172e+01
1.124841217721214903e+01
1.139314004157809634e+01
1.153786790594404366e+01
1.168259577030998919e+01
1.182732363467593650e+01
1.197205149904188382e+01
1.211677936340782935e+01
1.226150722777377489e+01
1.240623509213972397e+01
1.255096295650566951e+01
1.269569082087161682e+01
1.284041868523756591e+01
1.298514654960351145e+01
1.312987441396945698e+01
1.327460227833540607e+01
1.341933014270135160e+01
1.356405800706729714e+01
1.370878587143324623e+01
1.385351373579919176e+01
1.399824160016513730e+01
1.414296946453108639e+01
1.428769732889703192e+01
1.443242519326297923e+01
1.457715305762892477e+01
1.472188092199487386e+01
1.486660878636081939e+01
1.501133665072676493e+01
1.515606451509271402e+01
1.530079237945865955e+01
1.544552024382460509e+01
1.559024810819055418e+01
1.573497597255649971e+01
1.587970383692244702e+01
1.602443170128839611e+01
1.616915956565433987e+01
1.631388743002028718e+01
1.645861529438623094e+01
1.660334315875218181e+01
1.674807102311812912e+01
1.689279888748407288e+01
1.703752675185002374e+01
1.718225461621596750e+01
1.732698248058191481e+01
1.747171034494786213e+01
1.761643820931380944e+01
1.776116607367975320e+01
1.790589393804570406e+01
1.805062180241164782e+01
1.819534966677759513e+01
1.834007753114354600e+01
1.848480539550948976e+01
1.862953325987543707e+01
1.877426112424138438e+01
1.891898898860733169e+01
1.906371685297327545e+01
1.920844471733922276e+01
1.935317258170517007e+01
1.949790044607111739e+01
1.964262831043706470e+01
1.978735617480301201e+01
1.993208403916895932e+01
2.007681190353490308e+01
2.022153976790085395e+01
2.036626763226679770e+01
2.051099549663274502e+01
2.065572336099869233e+01
2.080045122536463964e+01
2.094517908973058340e+01
2.108990695409653071e+01
2.123463481846247802e+01
2.137936268282842533e+01
2.152409054719437265e+01
2.166881841156031996e+01
2.181354627592626727e+01
2.195827414029221103e+01
2.210300200465816189e+01
2.224772986902410565e+01
2.239245773339005297e+01
2.253718559775600028e+01
2.268191346212194759e+01
2.282664132648789490e+01
2.297136919085384221e+01
2.311609705521978952e+01
2.326082491958573328e+01
2.340555278395168415e+01
2.355028064831762791e+01
2.369500851268357522e+01
2.383973637704951898e+01
2.398446424141546984e+01
2.412919210578141360e+01
2.427391997014736091e+01
2.441864783451331178e+01
2.456337569887925554e+01
2.470810356324520285e+01
2.485283142761115016e+01
2.499755929197709747e+01
2.514228715634304123e+01
2.528701502070899210e+01
2.543174288507493586e+01
2.557647074944088317e+01
