0.000000000000000000e+00
7.396373209235219959e-02
1.479274641847043992e-01
2.218911962770566126e-01
2.958549283694087983e-01
3.698186604617609841e-01
4.437823925541132253e-01
5.177461246464654110e-01
5.917098567388175967e-01
6.656735888311697824e-01
7.396373209235219681e-01
8.136010530158741538e-01
8.875647851082264506e-01
9.615285172005786363e-01
1.035492249292930822e+00
1.109455981385282897e+00
1.109455981385282897e+00
1.184121202701113873e+00
1.258786424016944849e+00
1.333451645332775826e+00
1.408116866648607024e+00
1.482782087964438000e+00
1.557447309280268977e+00
1.632112530596100175e+00
1.706777751911931151e+00
1.781442973227762128e+00
1.850444565834572952e+00
1.919446158441383776e+00
1.988447751048194601e+00
2.057449343655005425e+00
2.126450936261816249e+00
2.195452528868627073e+00
2.264454121475437898e+00
2.333455714082248722e+00
2.402457306689059546e+00
2.471458899295870371e+00
2.540460491902681195e+00
2.609462084509492463e+00
2.678463677116302843e+00
2.752739306741620151e+00
2.827014936366937459e+00
2.901290565992254766e+00
2.975566195617572074e+00
3.049841825242889382e+00
3.124117454868206689e+00
3.198393084493524441e+00
3.272668714118841748e+00
3.339867413303089894e+00
3.407066112487337595e+00
3.474264811671585740e+00
3.541463510855833441e+00
3.608662210040081586e+00
3.675860909224329287e+00
3.743059608408577432e+00
3.810258307592825133e+00
3.877457006777073278e+00
3.944655705961320979e+00
4.024079391577257248e+00
4.103503077193193072e+00
4.182926762809128896e+00
4.262350448425064720e+00
4.327725769080523754e+00
4.393101089735982789e+00
4.458476410391441824e+00
4.523851731046901747e+00
4.589227051702360782e+00
4.654602372357819817e+00
4.719977693013278852e+00
4.785353013668737887e+00
4.850728334324196922e+00
4.916103654979655957e+00
4.981478975635114992e+00
5.046854296290574915e+00
5.114260525165482463e+00
5.181666754040390899e+00
5.249072982915298446e+00
5.316479211790206882e+00
5.383885440665114430e+00
5.439787388759345532e+00
5.495689336853576634e+00
5.551591284947808624e+00
5.607493233042039726e+00
5.663395181136270828e+00
5.719297129230501930e+00
5.775199077324733921e+00
5.831101025418965023e+00
5.887002973513196125e+00
5.942904921607427227e+00
5.998806869701658329e+00
6.054708817795890319e+00
6.110610765890121421e+00
6.166512713984352523e+00
6.222414662078583625e+00
6.278316610172815615e+00
6.334218558267046717e+00
6.334218558267046717e+00
6.408494187892364025e+00
6.482769817517681332e+00
6.557045447142998640e+00
6.631321076768315947e+00
