0.000000000000000000e+00
4.733785520851400280e-02
9.467571041702800561e-02
1.420135656255420153e-01
1.893514208340560112e-01
2.366892760425700071e-01
2.840271312510840307e-01
3.313649864595979988e-01
3.787028416681120224e-01
4.260406968766260460e-01
4.733785520851400141e-01
5.207164072936539823e-01
5.680542625021680614e-01
6.153921177106820295e-01
6.626677785902858053e-01
7.099434394698896922e-01
7.572191003494934680e-01
8.044947612290972438e-01
8.517704221087010197e-01
8.990460829883049065e-01
9.463217438679086824e-01
9.935974047475124582e-01
1.040873065627116345e+00
1.088148726506720010e+00
1.135424387386323897e+00
1.182700048265927784e+00
1.229975709145531670e+00
1.229975709145531670e+00
1.275445750010751444e+00
1.320915790875971441e+00
1.366385831741191215e+00
1.411855872606410989e+00
1.457325913471630763e+00
1.502795954336850759e+00
1.548265995202070533e+00
1.593736036067290307e+00
1.639206076932510303e+00
1.684676117797730077e+00
1.730146158662949851e+00
1.775616199528169847e+00
1.821086240393389399e+00
1.866556281258609395e+00
1.912026322123829170e+00
1.957496362989048944e+00
2.002966403854268940e+00
2.048436444719488492e+00
2.093906485584708488e+00
2.137939405758575884e+00
2.181972325932443280e+00
2.226005246106310675e+00
2.270038166280178071e+00
2.314071086454045467e+00
2.358104006627912863e+00
2.402136926801780259e+00
2.446169846975647655e+00
2.490202767149515051e+00
2.534235687323382447e+00
2.578268607497249842e+00
2.622301527671117238e+00
2.666334447844984634e+00
2.710367368018852030e+00
2.710367368018852030e+00
2.753578471874622124e+00
2.796789575730392219e+00
2.840000679586162313e+00
2.883211783441931964e+00
2.926422887297702058e+00
2.969633991153472152e+00
3.012845095009242247e+00
3.056056198865012341e+00
3.099267302720782435e+00
3.142478406576552530e+00
3.185689510432322180e+00
3.228900614288092275e+00
3.272111718143862369e+00
3.315322821999632463e+00
3.358533925855402558e+00
3.401745029711172208e+00
3.444956133566942302e+00
3.488167237422712397e+00
3.531378341278482491e+00
3.574589445134252585e+00
3.626034885172407130e+00
3.677480325210562118e+00
3.728925765248716662e+00
3.728925765248716662e+00
3.772993860502727781e+00
3.817061955756738900e+00
3.861130051010749575e+00
3.905198146264760695e+00
3.949266241518771814e+00
3.993334336772782933e+00
4.037402432026794052e+00
4.081470527280805172e+00
4.125538622534816291e+00
4.169606717788827410e+00
4.213674813042838529e+00
4.257742908296849649e+00
4.301811003550859880e+00
4.345879098804870999e+00
