2.000276677424601968e-02
1.177753210929767536e-01
2.155478754117074736e-01
3.133204297304382213e-01
4.110929840491689413e-01
5.088655383678997168e-01
6.066380926866304923e-01
7.044106470053611568e-01
8.021832013240918213e-01
8.999557556428225968e-01
9.977283099615531503e-01
1.095500864280283926e+00
1.193273418599014812e+00
1.291045972917745477e+00
1.388818527236476141e+00
1.486591081555207028e+00
1.584363635873937692e+00
1.682136190192668357e+00
1.779908744511399243e+00
1.877681298830129908e+00
1.975453853148860794e+00
2.073226407467591681e+00
2.170998961786322123e+00
2.268771516105053010e+00
2.366544070423783896e+00
2.464316624742514339e+00
2.562089179061245225e+00
2.659861733379976112e+00
2.757634287698706554e+00
2.855406842017437441e+00
2.953179396336168328e+00
3.050951950654898770e+00
3.148724504973629656e+00
3.246497059292360543e+00
3.344269613611090985e+00
3.442042167929821872e+00
3.539814722248552759e+00
3.637587276567283201e+00
3.735359830886014088e+00
3.833132385204744974e+00
3.930904939523475417e+00
4.028677493842205415e+00
4.126450048160936745e+00
4.224222602479667188e+00
4.321995156798397630e+00
4.419767711117128961e+00
4.517540265435859403e+00
4.615312819754589846e+00
4.713085374073321177e+00
4.810857928392051619e+00
4.908630482710782061e+00
5.006403037029513392e+00
5.104175591348243834e+00
5.201948145666974277e+00
5.299720699985705608e+00
5.397493254304436050e+00
5.495265808623166492e+00
5.593038362941897823e+00
5.690810917260628266e+00
5.788583471579358708e+00
5.886356025898090039e+00
5.984128580216820481e+00
6.081901134535550923e+00
6.179673688854282254e+00
6.277446243173012697e+00
6.375218797491743139e+00
6.472991351810474470e+00
6.570763906129204912e+00
6.668536460447935355e+00
6.766309014766666685e+00
6.864081569085397128e+00
6.961854123404127570e+00
7.059626677722858901e+00
7.157399232041589343e+00
7.255171786360319786e+00
7.352944340679051116e+00
7.450716894997781559e+00
7.548489449316512001e+00
7.646262003635243332e+00
7.744034557953972886e+00
7.841807112272704217e+00
7.939579666591435547e+00
8.037352220910165101e+00
8.135124775228897320e+00
8.232897329547627763e+00
8.330669883866358205e+00
8.428442438185088648e+00
8.526214992503820866e+00
8.623987546822549533e+00
8.721760101141281751e+00
8.819532655460012194e+00
8.917305209778742636e+00
9.015077764097473079e+00
9.112850318416205297e+00
9.210622872734933964e+00
9.308395427053666182e+00
9.406167981372396625e+00
9.503940535691127067e+00
9.601713090009857510e+00
9.699485644328589729e+00
9.797258198647318395e+00
9.895030752966050613e+00
9.992803307284781056e+00
1.009057586160351150e+01
1.018834841592224194e+01
1.028612097024097416e+01
1.038389352455970283e+01
1.048166607887843504e+01
1.057943863319716549e+01
1.067721118751589593e+01
1.077498374183462637e+01
1.087275629615335859e+01
1.097052885047208726e+01
1.106830140479081948e+01
1.116607395910954992e+01
1.126384651342828036e+01
1.136161906774701080e+01
1.145939162206574125e+01
1.155716417638447169e+01
1.165493673070320391e+01
1.175270928502193435e+01
1.185048183934066479e+01
1.194825439365939523e+01
1.204602694797812568e+01
1.214379950229685612e+01
1.224157205661558656e+01
1.233934461093431878e+01
1.243711716525304922e+01
1.253488971957177966e+01
1.263266227389051011e+01
1.273043482820924055e+01
1.282820738252797099e+01
1.292597993684670321e+01
1.302375249116543188e+01
1.312152504548416410e+01
1.321929759980289454e+01
1.331707015412162498e+01
1.341484270844035542e+01
1.351261526275908764e+01
1.361038781707781631e+01
1.370816037139654853e+01
1.380593292571527897e+01
1.390370548003400941e+01
1.400147803435273985e+01
1.409925058867147207e+01
1.419702314299020074e+01
1.429479569730893296e+01
1.439256825162766340e+01
1.449034080594639384e+01
1.458811336026512429e+01
1.468588591458385650e+01
1.478365846890258517e+01
1.488143102322131739e+01
1.497920357754004783e+01
1.507697613185877827e+01
1.517474868617750694e+01
1.527252124049624094e+01
1.537029379481496960e+01
1.546806634913370004e+01
1.556583890345243226e+01
1.566361145777116270e+01
1.576138401208989137e+01
1.585915656640862537e+01
1.595692912072735403e+01
1.605470167504608270e+01
1.615247422936481669e+01
1.625024678368354714e+01
1.634801933800227758e+01
1.644579189232100802e+01
1.654356444663973846e+01
1.664133700095846891e+01
1.673910955527720290e+01
1.683688210959592979e+01
1.693465466391466023e+01
1.703242721823339423e+01
1.713019977255212467e+01
1.722797232687085156e+01
1.732574488118958556e+01
1.742351743550831600e+01
1.752128998982704644e+01
1.761906254414577688e+01
1.771683509846450733e+01
1.781460765278323777e+01
1.791238020710197176e+01
1.801015276142069865e+01
1.810792531573942910e+01
1.820569787005816309e+01
1.830347042437689353e+01
1.840124297869562042e+01
1.849901553301435442e+01
1.859678808733308486e+01
1.869456064165181530e+01
1.879233319597054575e+01
1.889010575028927619e+01
1.898787830460800663e+01
1.908565085892674063e+01
1.918342341324546751e+01
1.928119596756419796e+01
1.937896852188293195e+01
1.947674107620166239e+01
