-4.273001206647036199e+00 -4.273001206646808825e+00 -4.273001206646680927e+00 -2.290748076890729157e-07 -1.998074442702101074e-07 -1.255653111042543136e-07 3.127946539903520229e+00 3.127946539903557088e+00 3.127946539903585954e+00 3.127946539903616596e+00 3.127946539903736500e+00 3.127946539903757817e+00 7.579153143521729419e+00 7.579153143521890179e+00 7.579153143521972780e+00 7.677908256514642815e+00 7.677908256514742291e+00 7.677908256514778707e+00 8.804768322065049446e+00 8.804768322065134711e+00 8.804768322065255504e+00 8.804768322065338992e+00 8.804768322065422481e+00 8.804768322065612551e+00 1.659453781237276715e+01 1.659453781237288794e+01 1.659453781237295189e+01 1.659453781237303005e+01 1.659453781237312597e+01 1.659453781237325742e+01 1.734883132189240484e+01 1.734883132189256472e+01 1.734883132189263577e+01 2.033285886189149494e+01 2.033285886189167257e+01 2.033285886189168323e+01
-4.231714702167521658e+00 -4.231581777818963275e+00 -4.025772884975681087e+00 -8.505394100629354304e-01 2.076390394470177536e-01 2.076390394477166945e-01 3.122568877542657440e+00 3.122568877542775123e+00 3.130897633946114755e+00 3.130942197422870610e+00 3.156246354465868986e+00 3.156246354465992443e+00 7.313733504426416232e+00 7.578897378061157042e+00 7.578897378061207668e+00 7.644194524908169974e+00 7.644194524908289878e+00 8.460230875589155985e+00 8.787398912292461617e+00 8.787462922933540810e+00 8.793939690733626691e+00 8.793939690733738601e+00 8.886179627063654607e+00 8.886179627063739872e+00 1.657507904491643203e+01 1.657507904491647466e+01 1.659972854663922348e+01 1.659972854663939756e+01 1.661150307137913273e+01 1.661240137428035979e+01 1.732136617493823394e+01 1.734658740543008548e+01 1.734658740543029509e+01 2.032348091040866578e+01 2.032422201450393473e+01 2.032551848172234799e+01
-4.106598853302026342e+00 -4.106086451522920733e+00 -3.183564218164538051e+00 -1.262117856826332263e+00 4.147919157659357148e-01 4.147919157661367762e-01 3.106375090966982278e+00 3.106375090967102626e+00 3.139519856106301354e+00 3.139680993116692687e+00 3.239311359200453655e+00 3.239311359200576224e+00 7.224535747783498607e+00 7.557249806528571590e+00 7.557249806528685276e+00 7.578404582961368874e+00 7.578404582961412395e+00 8.735498135036062095e+00 8.735738999179261555e+00 8.761927772948924442e+00 8.761927772949078985e+00 9.111554427141205892e+00 9.111554427141284052e+00 9.851268945681429301e+00 1.651679767454715630e+01 1.651679767454719538e+01 1.661504324033668567e+01 1.661504324033685975e+01 1.666157102392003253e+01 1.666492160157295288e+01 1.723895132199522706e+01 1.733988163074613098e+01 1.733988163074634059e+01 2.029575418153336841e+01 2.029852981401158019e+01 2.030396879096642593e+01
-3.893516817072289360e+00 -3.892435593478292155e+00 -1.050523727837292309e+00 -5.357516233824257679e-01 6.209277396424375262e-01 6.209277396424516260e-01 3.079185646553027400e+00 3.079185646553155298e+00 3.153145035565227516e+00 3.153449880923635984e+00 3.372039561150769416e+00 3.372039561150895537e+00 7.198075817076906802e+00 7.438055527590168303e+00 7.438055527590276661e+00 7.578476838877359789e+00 7.578476838877405086e+00 8.649727823160638707e+00 8.650214434926366991e+00 8.710124214175575474e+00 8.710124214175790414e+00 9.447043391605401297e+00 9.447043391605470575e+00 1.157650086000915479e+01 1.641996811783459975e+01 1.641996811783463883e+01 1.663973780735951635e+01 1.663973780735970109e+01 1.674229761738236633e+01 1.674896644541947666e+01 1.710149735620349887e+01 1.732878863607720987e+01 1.732878863607740527e+01 2.025089005902822592e+01 2.025645127360196796e+01 2.026960159316050891e+01
-3.584080260947701824e+00 -3.582334636408452955e+00 8.254276550126860013e-01 8.254276550127527257e-01 1.017181738991958184e+00 3.040711643760449334e+00 3.040711643760574123e+00 3.170737915148566621e+00 3.171157467439264632e+00 3.547083419568465068e+00 3.547083419568577867e+00 3.598734823853620313e+00 7.187808929295149696e+00 7.296735196981615879e+00 7.296735196981710025e+00 7.580380896280317415e+00 7.580380896280404457e+00 8.531332935266727091e+00 8.532066075814865869e+00 8.640751298427266747e+00 8.640751298427534977e+00 9.864258036238144456e+00 9.864258036238210181e+00 1.342926835253188145e+01 1.628501381779338431e+01 1.628501381779341273e+01 1.667266132783413468e+01 1.667266132783431587e+01 1.684972914358499807e+01 1.685956340887019778e+01 1.690875499365581192e+01 1.731342246966192633e+01 1.731342246966211107e+01 2.019087901705991328e+01 2.019915251597992167e+01 2.022466185798379001e+01
-3.162048873004657867e+00 -3.159674132330466900e+00 1.027545822052385871e+00 1.027545822052495783e+00 2.132749014184062375e+00 2.990572816293830094e+00 2.990572816293951330e+00 3.190997986321590929e+00 3.191455258070030609e+00 3.756075831973999524e+00 3.756075831974111434e+00 5.392360214893275661e+00 7.136355582449639634e+00 7.136355582449724011e+00 7.176648808462631202e+00 7.585747692443175261e+00 7.585747692443298718e+00 8.382394280609698711e+00 8.383289708005451146e+00 8.556728144731549079e+00 8.556728144731868824e+00 1.033975680675382058e+01 1.033975680675390052e+01 1.527299699496907515e+01 1.611245925764464104e+01 1.611245925764466591e+01 1.666017751249261991e+01 1.671237213988659320e+01 1.671237213988677439e+01 1.697854221335963842e+01 1.699021517611737409e+01 1.729392313100845158e+01 1.729392313100862566e+01 2.011846484712779670e+01 2.012838946266197482e+01 2.017214031223857162e+01
-2.592643573679307867e+00 -2.589852801780128111e+00 1.226379380218789450e+00 1.226379380218869386e+00 2.928327068454632087e+00 2.928327068454744886e+00 3.007667494146921250e+00 3.212476168954318201e+00 3.212869197123218168e+00 3.990674357894702151e+00 3.990674357894806068e+00 6.892922504251378868e+00 6.957975946718469196e+00 6.957975946718535809e+00 7.154284441831987529e+00 7.596440317856889557e+00 7.596440317857050317e+00 8.206276381646043561e+00 8.207157560155261322e+00 8.461502735834466549e+00 8.461502735834836031e+00 1.085272617092850211e+01 1.085272617092858383e+01 1.590287025453011083e+01 1.590287025453013747e+01 1.635475423119231664e+01 1.675727042638056119e+01 1.675727042638074238e+01 1.701395010531581775e+01 1.712216530223309263e+01 1.713324109359779968e+01 1.727044166930561175e+01 1.727044166930578228e+01 2.003714210898277415e+01 2.004667042108600938e+01 2.011565480948607743e+01
-1.775904696665014715e+00 -1.773181020871813507e+00 1.420854026404005710e+00 1.420854026404120951e+00 2.853514168380083760e+00 2.853514168380190341e+00 3.233690480185914762e+00 3.233921230704487115e+00 3.761151467117283431e+00 4.243242370126314889e+00 4.243242370126409924e+00 6.762586216747610735e+00 6.762586216747664025e+00 7.111990228998977592e+00 7.614398012758198497e+00 7.614398012758394785e+00 8.008398511178548063e+00 8.009002014777047762e+00 8.224029335533613150e+00 8.358861552229097214e+00 8.358861552229495118e+00 1.138478225726635173e+01 1.138478225726643878e+01 1.565679346341950939e+01 1.565679346341952893e+01 1.599084148123513849e+01 1.680572764944179909e+01 1.680572764944196962e+01 1.724312731699096091e+01 1.724312731699112788e+01 1.727282023689254231e+01 1.728007022989103803e+01 1.858337855314023557e+01 1.995120511680852715e+01 1.995751954105727322e+01 2.005957676954712454e+01
7.206202641614468662e-01 7.206202641634589234e-01 1.609732429420300148e+00 1.609732429420386746e+00 2.765714451764692328e+00 2.765714451764774040e+00 3.253229258186583372e+00 3.253229258186649542e+00 4.416619902384843144e+00 4.507179561235682641e+00 4.507179561235759913e+00 6.551502968744509658e+00 6.551502968744549626e+00 7.041594522918025234e+00 7.641464898589583221e+00 7.641464898589807930e+00 7.797528792115393514e+00 7.797528792115493879e+00 8.252726245773713387e+00 8.252726245774127278e+00 9.424580145043542245e+00 1.192038804340652369e+01 1.192038804340660718e+01 1.537471302936598860e+01 1.537471302936601880e+01 1.556602500789429122e+01 1.685619720716450942e+01 1.685619720716467285e+01 1.721212045026769033e+01 1.721212045026785376e+01 1.742143403290085857e+01 1.742143403290099002e+01 1.986586287121400218e+01 1.986586287121414429e+01 1.990382604944385747e+01 2.003380903919634193e+01
1.791650917478277982e+00 1.791650917478398330e+00 2.007449555831751553e+00 2.010970847144379015e+00 2.664619960552278233e+00 2.664619960552359501e+00 3.269582387100790744e+00 3.269835925351821881e+00 4.777001195442058368e+00 4.777001195442116988e+00 4.982167188827622439e+00 6.326297530261016711e+00 6.326297530261051349e+00 6.935829609877374402e+00 7.586865539911569201e+00 7.587798017182249666e+00 7.679213096057122989e+00 7.679213096057366350e+00 8.146945522434741349e+00 8.146945522435151688e+00 1.051136957233702240e+01 1.244708092315795511e+01 1.244708092315802972e+01 1.505705185358499243e+01 1.505705185358501907e+01 1.507705743559086109e+01 1.690729629151135072e+01 1.690729629151151414e+01 1.717755509173905892e+01 1.717755509173922235e+01 1.754748472789941616e+01 1.755744848716672024e+01 1.977848805665175647e+01 1.978737033825990466e+01 1.995508497449630170e+01 2.102317477390587186e+01
1.965185089804421192e+00 1.965185089804524443e+00 2.550110916028150321e+00 2.550110916028233810e+00 2.654336835625936697e+00 2.660109176310708090e+00 3.281994019657980655e+00 3.282473842461198554e+00 5.048259158112026412e+00 5.048259158112078815e+00 5.459515063275447666e+00 6.088671927864854894e+00 6.088671927864888644e+00 6.790245623593651025e+00 7.399061189395164106e+00 7.401133918349785290e+00 7.728770370397708867e+00 7.728770370397970879e+00 8.045092376771602716e+00 8.045092376771995291e+00 1.149370747430151596e+01 1.295535369686905192e+01 1.295535369686911409e+01 1.451995386249141262e+01 1.470426773268488851e+01 1.470426773268491161e+01 1.695785336605726101e+01 1.695785336605741733e+01 1.713957506766172401e+01 1.713957506766188388e+01 1.764804059334095498e+01 1.766879547086303859e+01 1.970429575116836673e+01 1.972296675041214442e+01 1.992077141495433423e+01 2.181827982560113455e+01
2.128936025693900724e+00 2.128936025693972667e+00 2.422327903862194542e+00 2.422327903862254050e+00 3.023105655060621455e+00 3.030534627419450011e+00 3.289737456887104283e+00 3.290372671583220221e+00 5.317299489703858129e+00 5.317299489703899873e+00 5.837733268419405874e+00 5.840483759415594278e+00 5.840483759415633358e+00 6.612619401627330973e+00 7.264642703173137761e+00 7.267737332285605589e+00 7.790654650558239247e+00 7.790654650558532346e+00 7.950289518755489837e+00 7.950289518755855767e+00 1.237759168143455746e+01 1.343804904647558374e+01 1.343804904647563170e+01 1.389075514676686574e+01 1.431728313199898395e+01 1.431728313199900882e+01 1.700690675219625447e+01 1.700690675219641790e+01 1.709838003084516700e+01 1.709838003084532687e+01 1.771340034765174565e+01 1.774278125875253664e+01 1.965359233311055220e+01 1.968018308600070654e+01 1.989870759739279649e+01 2.230367491795452750e+01
2.279280966371921568e+00 2.279280966371933115e+00 2.284068215630416621e+00 2.284068215630506327e+00 3.146080859806930086e+00 3.154146789126230921e+00 3.292368411266689776e+00 3.293058844290106091e+00 5.564858903646345389e+00 5.564858903646388910e+00 5.599983973856101471e+00 5.599983973856186736e+00 6.024434497260580557e+00 6.493055448638125782e+00 7.215069034565927630e+00 7.218589776713063344e+00 7.861134502540069846e+00 7.861134502540319424e+00 7.868573663819747210e+00 7.868573663820154884e+00 1.309890792285169425e+01 1.325427989480432345e+01 1.385495557581011639e+01 1.385495557581021409e+01 1.393267717500163982e+01 1.393267717500177483e+01 1.705061299532933461e+01 1.705061299532949803e+01 1.705734575782421913e+01 1.705734575782436835e+01 1.773613741168417945e+01 1.776885847940208407e+01 1.963544328545008355e+01 1.966511991286737882e+01 1.989114146684049089e+01 2.246681455993203969e+01
2.240538779544714032e+00 2.292857705971850457e+00 2.298023631859583471e+00 2.323841143330120040e+00 3.274396535214248782e+00 3.281975854684274996e+00 3.293604375789577876e+00 3.295514289399930075e+00 5.561355991637126017e+00 5.589787430525916534e+00 5.593679727184106554e+00 5.623161386074255752e+00 6.007045582632774661e+00 6.449957451882017523e+00 7.251288573858198916e+00 7.254692409434263745e+00 7.853811389025468159e+00 7.861110729387931428e+00 7.967722002234393308e+00 8.021828710646285998e+00 1.310374935298962562e+01 1.325862626077775275e+01 1.385516007820092810e+01 1.386793292181698689e+01 1.393310765157366227e+01 1.394841816575618587e+01 1.702934053739231857e+01 1.703587357908889288e+01 1.705777008624808033e+01 1.706255834601203603e+01 1.772975912106221941e+01 1.776017344953920229e+01 1.962241682205878490e+01 1.965088498737495826e+01 1.987012691971616363e+01 2.240818952692224286e+01
2.202733553331066130e+00 2.334195440789777809e+00 2.340317326655047214e+00 2.376123341002501110e+00 3.293495527028338365e+00 3.300239313339218050e+00 3.581493771253806635e+00 3.591887734563040890e+00 5.553280106052801202e+00 5.583807985032868793e+00 5.674085193320000720e+00 5.702007175121994287e+00 5.963458535522108583e+00 6.346016053481177366e+00 7.370268179801576558e+00 7.373282435481316455e+00 7.832075978810514982e+00 7.838965007343406732e+00 8.258600528271955454e+00 8.432214122190783812e+00 1.311790796812058346e+01 1.327131600945421397e+01 1.385575959076352781e+01 1.390507488545673098e+01 1.393437757401011545e+01 1.399368861114269968e+01 1.696552142280133779e+01 1.697145964279908270e+01 1.707829777040007713e+01 1.707880221782061980e+01 1.771007392026003657e+01 1.773427493096381369e+01 1.958338510091567741e+01 1.960940707034520614e+01 1.981058493247823193e+01 2.223744774806490909e+01
2.172578428582187637e+00 2.402385986740059209e+00 2.409792876482422130e+00 2.448909744445744607e+00 3.286426258284838031e+00 3.301396279840431269e+00 3.905279679139462168e+00 3.924169523017833505e+00 5.549392919344660946e+00 5.580981203940055480e+00 5.833296453954383232e+00 5.852682936200923614e+00 5.905851550303705899e+00 6.217505682850600124e+00 7.603904245226692282e+00 7.606127715951985557e+00 7.796661714934567833e+00 7.802884123133572380e+00 8.668278451683072205e+00 9.014375494022642599e+00 1.314030973546696224e+01 1.329132106377073086e+01 1.385672830274159395e+01 1.393643765035552917e+01 1.396079780363479372e+01 1.406230416216639689e+01 1.685914912367985607e+01 1.686410937906367380e+01 1.710462440064744527e+01 1.711211891831809595e+01 1.767574218229398042e+01 1.769185016693929313e+01 1.951900488102134190e+01 1.954460614327945933e+01 1.972240475225391521e+01 2.196983120138929024e+01
2.141295777509787168e+00 2.494297620343159938e+00 2.503169298631819917e+00 2.543347102179098762e+00 3.270482528818706491e+00 3.293094203991193236e+00 4.124020873886202310e+00 4.151624890004899981e+00 5.556365809333262185e+00 5.588239652743324015e+00 5.840834228881189638e+00 6.047788107068152286e+00 6.058950297914576844e+00 6.083225026297511384e+00 7.748137302377408275e+00 7.753582927472874253e+00 7.995740467788050587e+00 7.997255199073922682e+00 9.146296243198142051e+00 9.682728799905900630e+00 1.316923081292748066e+01 1.331698406315402750e+01 1.385808125762558873e+01 1.393926008688319662e+01 1.402519008194266092e+01 1.414292669791579726e+01 1.671021470969141376e+01 1.671382968535280256e+01 1.714032290925919355e+01 1.715480912556202142e+01 1.762557627370185642e+01 1.763483933396296877e+01 1.943313204409962580e+01 1.946370212211024153e+01 1.961883920426707562e+01 2.162997639331187827e+01
2.095034635631926712e+00 2.605893404753205633e+00 2.616310633982089850e+00 2.647061906406251275e+00 3.243718010307139910e+00 3.269475373464678203e+00 4.217935053534377587e+00 4.250622591022191976e+00 5.572372599512387836e+00 5.606523602634792880e+00 5.772535495112878223e+00 5.953995617486222081e+00 6.257847097603232989e+00 6.264023818855693371e+00 7.688620098749351151e+00 7.693093775495867703e+00 8.556835604313622667e+00 8.559680000617715834e+00 9.656330525370261597e+00 1.036765775795239009e+01 1.320236004772846350e+01 1.334606502245082993e+01 1.385997879116080611e+01 1.394293507138818811e+01 1.408351270728562810e+01 1.421806013839893623e+01 1.651873511014848361e+01 1.652064874858915999e+01 1.718198762726650841e+01 1.720181838694572818e+01 1.756016917801192179e+01 1.756768607227704493e+01 1.933749236859792475e+01 1.937786744751406687e+01 1.951047223369198846e+01 2.124995592591968574e+01
2.032035924594783882e+00 2.732871030457149519e+00 2.739021487157281776e+00 2.744860479016594912e+00 3.197292483746580594e+00 3.224048947645682173e+00 4.223259737105850675e+00 4.257596146054134501e+00 5.592079518746365885e+00 5.632546538415432735e+00 5.705676699957808573e+00 5.841617677048701829e+00 6.429578187975736547e+00 6.433443092862503043e+00 7.619187385561343895e+00 7.622652795595913133e+00 9.242863076082928231e+00 9.248183904169954062e+00 1.017312437253050028e+01 1.101773816296181607e+01 1.323680826335969662e+01 1.337572485778794551e+01 1.386292015538865918e+01 1.394784640777986873e+01 1.411645308371246443e+01 1.426476160770381796e+01 1.628470239001203979e+01 1.628485795708610340e+01 1.722351244902775136e+01 1.724577474616337014e+01 1.748392127869082913e+01 1.749856288078760613e+01 1.925107598218885485e+01 1.930209016876102268e+01 1.940240978526414750e+01 2.086529259419764770e+01
1.966273078334979552e+00 2.801638895050414302e+00 2.870974683189412069e+00 2.884560258933051902e+00 3.116704297162675275e+00 3.148790582516562075e+00 4.174557924630278194e+00 4.208486556190780270e+00 5.600392636445842953e+00 5.634495236221408909e+00 5.681201700223184048e+00 5.758028304058555591e+00 6.567225086876912421e+00 6.570085722147464224e+00 7.541544260944027300e+00 7.544047260093436513e+00 9.987161086856980674e+00 9.995203041272333166e+00 1.068125819427640089e+01 1.159939145680454686e+01 1.326896078759971687e+01 1.340233175158815726e+01 1.386811608052391165e+01 1.395500218130084313e+01 1.410220646780311249e+01 1.426029126867507735e+01 1.600648780190520526e+01 1.600915285603953819e+01 1.725735900573192794e+01 1.727882613966523806e+01 1.740617286162092725e+01 1.743810680467175800e+01 1.918993695024284207e+01 1.925181314455648618e+01 1.929901029838171667e+01 2.050922709647866782e+01
1.920676914022602988e+00 2.822156079771425574e+00 2.995483165027744477e+00 3.016213149134753913e+00 3.031456012017727186e+00 3.038298455705529477e+00 4.092722385900390947e+00 4.125149447050464602e+00 5.556703234163062888e+00 5.637364546940837329e+00 5.702711668095957087e+00 5.717226557756731609e+00 6.683955285416795178e+00 6.686374373221735112e+00 7.457344091367653860e+00 7.459050241450134955e+00 1.073545688588088254e+01 1.074662791390917960e+01 1.117316257758850995e+01 1.209463425697455108e+01 1.329395329787173274e+01 1.342083981483068555e+01 1.387826507120723640e+01 1.396670826140302069e+01 1.402116970182244948e+01 1.419372911009338623e+01 1.568750946513766209e+01 1.569335401615124326e+01 1.727727646004807838e+01 1.729816584860178352e+01 1.733988549528341494e+01 1.739257550390096796e+01 1.914835076215352672e+01 1.921719161495899186e+01 1.923481982906455912e+01 2.020783258966111262e+01
1.918045614139207267e+00 2.751290165667382048e+00 2.838971297366656543e+00 2.943947874225290917e+00 3.165013618832819287e+00 3.182026269461782686e+00 3.989419020899131141e+00 4.019787801963602192e+00 5.516748762061145506e+00 5.641973608390176587e+00 5.672528875843042329e+00 5.755127168196324305e+00 6.789529495519354363e+00 6.791745440639400222e+00 7.368139356520710948e+00 7.369397999696406742e+00 1.144902868860805967e+01 1.146451958829328532e+01 1.164583368317542522e+01 1.249641760869454465e+01 1.330422157953177376e+01 1.342310427474979484e+01 1.386213790744652918e+01 1.389932292225684307e+01 1.398807145273447183e+01 1.407602949051227093e+01 1.533190131055261851e+01 1.534221059590838543e+01 1.727773550143717785e+01 1.729915751758214171e+01 1.730568504949009778e+01 1.736275005392399962e+01 1.908299905817512254e+01 1.920033667022345369e+01 1.924270590427905603e+01 1.997907294702949343e+01
1.972047830432057003e+00 2.572368344181579669e+00 2.658562825315661460e+00 2.919013446193543526e+00 3.314297306574819579e+00 3.333230372128320518e+00 3.871331797934959962e+00 3.899390593189008491e+00 5.495600020601667524e+00 5.639305348847665655e+00 5.654554427399498095e+00 5.790236791179856013e+00 6.889687258835117234e+00 6.891782527800057068e+00 7.275368877206324747e+00 7.276646636029156845e+00 1.209492076009346206e+01 1.209675320188085124e+01 1.211787996953391477e+01 1.280218679091812461e+01 1.328565235750343199e+01 1.339345189361164223e+01 1.362641298750415508e+01 1.393785150131961004e+01 1.394475511046823080e+01 1.403056904779889180e+01 1.495056042984752409e+01 1.496820068539302184e+01 1.726241961256273427e+01 1.728568606418821929e+01 1.729316839284947349e+01 1.735860790012890931e+01 1.901533669537102611e+01 1.921914619470789987e+01 1.925353770463266656e+01 1.983306913798065807e+01
2.079128490438596710e+00 2.404144584706875420e+00 2.472485031248536025e+00 2.913023522619704320e+00 3.461404610279907423e+00 3.482411649337487258e+00 3.742599755960651198e+00 3.768287355506857672e+00 5.488162594879606004e+00 5.634870040271102276e+00 5.643753888606746649e+00 5.814653008318726890e+00 6.987481147222376343e+00 6.989446973473624425e+00 7.180408566363128742e+00 7.181946449907892216e+00 1.251733540353752261e+01 1.263187086357236311e+01 1.266967940189292996e+01 1.300486745128984190e+01 1.320820670950227971e+01 1.329839436296439814e+01 1.332953067827156524e+01 1.381980941556899545e+01 1.404424808082888809e+01 1.411964875029120137e+01 1.457133809115556566e+01 1.460262463282640510e+01 1.725681636629512994e+01 1.726861725397967007e+01 1.727923760141702303e+01 1.736871358834215684e+01 1.896932118608740581e+01 1.923976202443575900e+01 1.925325023238622535e+01 1.976385361439034938e+01
2.176602125467456350e+00 2.325777708783428377e+00 2.358781777891119535e+00 2.911480086685480195e+00 3.593685410144453751e+00 3.615769885265020633e+00 3.617020824152203495e+00 3.640286309959551936e+00 5.486873484385593969e+00 5.632864631391634624e+00 5.639867023311977867e+00 5.823390791041634706e+00 7.083694258479350303e+00 7.084663175193599116e+00 7.084991882410267117e+00 7.087391783995609984e+00 1.280698024509749899e+01 1.297828257789919704e+01 1.303973300104564181e+01 1.303985196066792795e+01 1.307966766187035468e+01 1.308030509727367452e+01 1.310529506703164948e+01 1.377020064158475243e+01 1.422102426903209960e+01 1.427724940126549136e+01 1.427729662647453601e+01 1.432885272592372239e+01 1.725573211198143753e+01 1.726214987258917333e+01 1.727307669040458293e+01 1.737385249694197142e+01 1.895311754650445124e+01 1.924563000844239724e+01 1.925256736225588483e+01 1.974599469376454763e+01
2.099450471669368934e+00 2.398202138985972010e+00 2.451897734849942889e+00 2.913029253954816156e+00 3.422274659514144890e+00 3.615944385587461340e+00 3.616521589403127290e+00 3.800964106603040626e+00 5.480971955483705749e+00 5.633031633624970169e+00 5.651451239285757211e+00 5.816389846281143861e+00 6.944007162650176923e+00 7.096610110268558813e+00 7.097657936414031532e+00 7.201428649885008859e+00 1.253844230163589479e+01 1.264208002828406663e+01 1.288788402212595052e+01 1.288822179710850691e+01 1.305839310363306538e+01 1.324993707424232170e+01 1.344003624549220532e+01 1.383225166590313293e+01 1.392308004042299885e+01 1.438375768257156828e+01 1.438404608333944878e+01 1.461021150191673534e+01 1.725787769297529906e+01 1.726710792178142739e+01 1.727765988718606138e+01 1.736933367586325971e+01 1.896758416730212460e+01 1.924712717490474745e+01 1.924728071717395039e+01 1.976013503222369039e+01
2.075624591571862521e+00 2.503549720163150472e+00 2.628934302169744885e+00 2.917995366856274142e+00 3.222423885207308381e+00 3.615785465580955815e+00 3.616291615738247422e+00 3.963491157284256161e+00 5.447959770821671377e+00 5.615665574500238399e+00 5.705531714059239867e+00 5.808244589395480162e+00 6.778466632053375740e+00 7.132245435542888146e+00 7.133063589423391804e+00 7.294893760374670855e+00 1.218243005618948516e+01 1.225467864686403097e+01 1.252201121605491352e+01 1.252242443527906879e+01 1.299077950449482088e+01 1.325056374650634972e+01 1.356218295357442472e+01 1.382441791711026546e+01 1.408338056946416827e+01 1.461467985491915655e+01 1.461487143105623865e+01 1.492090705554096530e+01 1.724909556566506552e+01 1.728205938075851122e+01 1.729622894313308024e+01 1.736119692979960050e+01 1.900975617968437703e+01 1.923820547425249927e+01 1.925254448368370319e+01 1.979194688915865896e+01
2.175195403074390299e+00 2.644617508473821932e+00 2.779898604808407114e+00 2.928591258737614833e+00 3.017903891178874254e+00 3.613422044126400667e+00 3.613806374313646597e+00 4.093807998533896431e+00 5.367815542233489445e+00 5.572237813663732275e+00 5.790481796887284816e+00 5.835698331553812679e+00 6.594448767535774358e+00 7.190870778849462575e+00 7.191390472663262479e+00 7.368509969074354515e+00 1.187325296753304471e+01 1.187650334929153750e+01 1.204042961191573013e+01 1.204100111241780624e+01 1.286771086102889683e+01 1.306423185508362650e+01 1.318671355149875879e+01 1.420003502238215454e+01 1.442359060811504534e+01 1.487195913148615567e+01 1.487206262087171282e+01 1.521416637974133934e+01 1.723482700303486581e+01 1.727460160070401685e+01 1.733061745135341170e+01 1.736152592960970154e+01 1.907582919905448193e+01 1.924147550968684683e+01 1.926215294897463792e+01 1.981634291638347278e+01
2.361530431852021383e+00 2.790145648853164850e+00 2.810942123842348206e+00 2.882787652001859602e+00 2.955554302810592393e+00 3.606261979960873276e+00 3.606479977513283419e+00 4.166680059466160380e+00 5.242030060519503820e+00 5.484652194813401493e+00 5.899882859145403557e+00 5.915020863222389735e+00 6.408712612123758312e+00 7.271065082295148585e+00 7.271307956018567609e+00 7.425399064036888319e+00 1.147810105936803993e+01 1.147956065125680958e+01 1.151725469604406271e+01 1.163594285867612932e+01 1.268020905896727690e+01 1.278565750962408565e+01 1.280031246342788798e+01 1.456249185581293126e+01 1.475310159162116186e+01 1.512009824193634522e+01 1.512014078684337015e+01 1.548850445102893936e+01 1.720874711061926021e+01 1.726206892125470205e+01 1.735602884834788284e+01 1.736733511709010713e+01 1.915922536586200664e+01 1.927167790073374221e+01 1.927699179768714188e+01 1.980305268882842640e+01
2.544147854359443350e+00 2.602965567443202843e+00 2.918190704407248148e+00 2.942970957987803615e+00 3.006065433920675378e+00 3.591593390549652653e+00 3.591655299122830325e+00 4.140883488881974550e+00 5.076129189179519052e+00 5.360207299924558910e+00 6.026773851317384967e+00 6.029817215237897265e+00 6.253904801932176127e+00 7.370317235195729566e+00 7.370376694211695501e+00 7.468532565033164872e+00 1.085139883478330169e+01 1.085145196413890645e+01 1.117670799051880692e+01 1.147143037536663712e+01 1.240627439977662050e+01 1.242500402197599563e+01 1.245590912991358756e+01 1.490919543171707140e+01 1.504543202189845097e+01 1.534844253775290035e+01 1.534845222765157224e+01 1.574355425037460954e+01 1.717073031248072823e+01 1.725532439053117528e+01 1.736167589599124383e+01 1.736401792376795683e+01 1.925089969074755913e+01 1.929852998945415621e+01 1.933698064223991508e+01 1.972144883916130809e+01
2.395029565602712740e+00 2.625668215922426718e+00 3.017764306691911536e+00 3.017764306692094500e+00 3.046671005723980308e+00 3.567127649413931234e+00 3.567127649413956991e+00 3.965808687892813378e+00 4.870658637499976962e+00 5.207622965832803708e+00 6.163905803950600060e+00 6.163905803950659568e+00 6.170975732069193143e+00 7.484338742911008424e+00 7.484338742911149644e+00 7.500596049161485368e+00 1.016109623645695237e+01 1.016109623645718329e+01 1.086309939553122916e+01 1.135488081540018079e+01 1.200824569056307745e+01 1.210738218690961610e+01 1.210738218690969070e+01 1.523832646475863761e+01 1.529667975317898154e+01 1.555426803162338523e+01 1.555426803162353622e+01 1.597930550745989464e+01 1.712745763097494489e+01 1.725378809853604523e+01 1.734266641375432982e+01 1.734266641375444706e+01 1.933017302181671582e+01 1.933017302181686503e+01 1.943234328779822206e+01 1.955708497910996968e+01
2.187937446855719337e+00 2.580953255575587413e+00 3.067038254763228444e+00 3.085742668710117709e+00 3.092582830639909464e+00 3.530947628726776699e+00 3.531321565728843925e+00 3.608135219500805402e+00 4.622007156151659579e+00 5.033278398196141090e+00 6.180193609353672457e+00 6.303042017101994965e+00 6.305862079262873898e+00 7.523944092167758946e+00 7.604663840465872404e+00 7.604714776210585114e+00 9.413755465170501324e+00 9.413778591065030454e+00 1.057637205169880801e+01 1.122571355803000337e+01 1.161032414651358913e+01 1.174059165066393007e+01 1.178514157242641858e+01 1.551082176853839023e+01 1.554850809311494331e+01 1.573759682943941485e+01 1.573760590462732090e+01 1.619593165466128681e+01 1.708244323937222120e+01 1.725571301610798969e+01 1.729955873511915954e+01 1.730120650364218093e+01 1.915892190564322561e+01 1.937825221537908860e+01 1.951731984715920376e+01 1.954395359023571288e+01
1.982274571969837806e+00 2.415421217113821406e+00 3.054326348846870598e+00 3.073585134558064702e+00 3.122999973762214054e+00 3.129117701190773815e+00 3.483362409070650312e+00 3.484426885566477949e+00 4.325232995657351864e+00 4.842128051115595078e+00 6.267353982987432737e+00 6.435160332442720232e+00 6.447803820248455331e+00 7.540596169009192273e+00 7.700978125527748297e+00 7.701127201130711697e+00 8.634194357101971917e+00 8.634256769203810578e+00 1.031564870406759127e+01 1.100051690478882449e+01 1.121708346209639551e+01 1.134301999882673861e+01 1.154334393182812946e+01 1.569460191836745011e+01 1.583855767895261657e+01 1.589944414611773560e+01 1.589950344591992071e+01 1.639368899305330274e+01 1.703624682419626168e+01 1.723640374789301433e+01 1.724039843779478431e+01 1.726097288002420882e+01 1.868419348120509582e+01 1.945052490450480320e+01 1.962584619043557410e+01 1.965943304414217963e+01
1.778403525854898248e+00 2.099230976181168273e+00 2.266613397126614693e+00 3.072589189818680566e+00 3.130794863994985633e+00 3.134777169197731528e+00 3.422649540464028473e+00 3.424534058226733624e+00 3.977863092843828774e+00 4.637616883008054636e+00 6.405258085533199086e+00 6.552453867035703539e+00 6.584980626021615713e+00 7.477529361040768485e+00 7.477761579139281523e+00 7.552412592811208469e+00 8.110412622010596095e+00 8.110606981827816142e+00 1.007862827649844562e+01 1.068182651155711227e+01 1.083357788602273608e+01 1.093478195779802853e+01 1.135015263390842577e+01 1.585489401890476202e+01 1.604109577893601823e+01 1.604114482459936042e+01 1.610756581394901943e+01 1.657283682843221229e+01 1.698754264947510251e+01 1.715874438980296190e+01 1.716467295719221298e+01 1.726533042258072470e+01 1.801897676257182113e+01 1.955172981700766499e+01 1.974556831629901410e+01 1.977336798450468436e+01
9.080504033629794858e-01 1.571501730967332700e+00 1.576465131064126446e+00 3.069522811989345623e+00 3.100640274393667628e+00 3.128793275737038471e+00 3.347118781429055279e+00 3.350152422471181612e+00 3.590036644649452047e+00 4.422481599431097088e+00 6.570749553546733956e+00 6.621369363905667882e+00 6.621875061050245925e+00 6.650442627275069185e+00 6.715168949102972462e+00 7.560389923929444755e+00 8.145889151744794887e+00 8.146304705349313835e+00 9.862331874655101416e+00 1.033486375853122929e+01 1.046533124638314227e+01 1.053477324220032330e+01 1.112389646130264431e+01 1.599716209492637198e+01 1.616406731434844346e+01 1.616407124683247787e+01 1.635404352159631358e+01 1.673357531707049617e+01 1.691933053774366158e+01 1.702914102996451717e+01 1.707230656161745586e+01 1.718922102518212114e+01 1.730706000765153618e+01 1.967897961819508978e+01 1.986089647731591157e+01 1.988194265988131448e+01
-1.825227182755172928e+00 5.421006401997654489e-01 1.376310947663926809e+00 2.927669776591975914e+00 3.068242966267349381e+00 3.122215979013733822e+00 3.246843295643318417e+00 3.251240530476293689e+00 3.270401957299523765e+00 4.200254827590968354e+00 5.592587460393895427e+00 5.593627391777385327e+00 6.728742502841373430e+00 6.751973671232028629e+00 6.837711532094258082e+00 7.565995213743803127e+00 8.267316376029688385e+00 8.267807512886026444e+00 9.663830174389550720e+00 9.994928285259362610e+00 1.011830045821491986e+01 1.015864651616305281e+01 1.083076305746089929e+01 1.605568874023745707e+01 1.612481424010572439e+01 1.626951087804248886e+01 1.626951897670431890e+01 1.657686746604232653e+01 1.687600454426035057e+01 1.689109603813616545e+01 1.698242538942340829e+01 1.701603860111289634e+01 1.729073958449929549e+01 1.982091343551731555e+01 1.996629568643807318e+01 1.998267122516194050e+01
-2.672001723451097988e+00 -1.312054794775964650e+00 1.177533323102616158e+00 2.460302582747977418e+00 3.063884220341899667e+00 3.070017671451226615e+00 3.071225697097955010e+00 3.118415129678265174e+00 3.175000999320184647e+00 3.976393884893556052e+00 4.483669183888590482e+00 4.485632159674436181e+00 6.790947910507314056e+00 6.935718749059180510e+00 6.952494644330350582e+00 7.569967068496782581e+00 8.393229990761017945e+00 8.393721879633979199e+00 9.480825329976509508e+00 9.677427341009932960e+00 9.798796354053129321e+00 9.817866128380304147e+00 1.047075070505687933e+01 1.482861208508785822e+01 1.623930951055181993e+01 1.635861406065302859e+01 1.635862578823521574e+01 1.677455835930782158e+01 1.683182472474413416e+01 1.689391744054620759e+01 1.692429771645626957e+01 1.700010721582111017e+01 1.729975933620671924e+01 1.996157789987971398e+01 2.005952461387417429e+01 2.007336651983262499e+01
-3.236286243491536041e+00 -1.773534557012380386e+00 9.787023663755431979e-01 1.861357654513182247e+00 2.344171724265389667e+00 2.351046193099848303e+00 3.079210545290926415e+00 3.117544961088873912e+00 3.143260561097128925e+00 3.605614368118910118e+00 3.606971491988802736e+00 3.758624357737893273e+00 6.844677767691495163e+00 7.059184812268398446e+00 7.115602405720738766e+00 7.572888159099892214e+00 8.510005695342810483e+00 8.510437138302972215e+00 9.312124821861853974e+00 9.390311810189304609e+00 9.513341143587911830e+00 9.519833941626748341e+00 1.005722226049081058e+01 1.345571512639547862e+01 1.634060043046660837e+01 1.643237385684036767e+01 1.643238471758799335e+01 1.677262962808136848e+01 1.681109332756806651e+01 1.683861200447258355e+01 1.694554937505785830e+01 1.710575432945314489e+01 1.731063925078730037e+01 2.008619498241440482e+01 2.014004007825828069e+01 2.015194189481109888e+01
-3.640701690056045603e+00 -1.908021559454301963e+00 -1.405573670680554166e+00 -1.405346180335221407e+00 7.897966657582792260e-01 1.166922179988428177e+00 3.091112787781306270e+00 3.118872688727670983e+00 3.128367048244861781e+00 3.329770961816431285e+00 3.330680304128834646e+00 3.556687150319453483e+00 6.902349696775979204e+00 7.156949496519361631e+00 7.285050583297342897e+00 7.575119734758247070e+00 8.611613773698028496e+00 8.611943158660617215e+00 9.132827638598792319e+00 9.158160329416288548e+00 9.268443938752518818e+00 9.268863564893392137e+00 9.612405367355645325e+00 1.199790961584691651e+01 1.642756970548815687e+01 1.649162065059498516e+01 1.649162854012663715e+01 1.671600978195142417e+01 1.673775541519708199e+01 1.676016822474595358e+01 1.708824225681842535e+01 1.719273014469248295e+01 1.732195124239161643e+01 2.018536832660082325e+01 2.020754069077230852e+01 2.021695144952707679e+01
-3.929227879592996686e+00 -2.975518286209204444e+00 -2.975324195973878094e+00 -1.765192979735776602e+00 1.001380438366622355e-01 5.899606129583564451e-01 3.104555760156945787e+00 3.121495676958347953e+00 3.123349635836552896e+00 3.226866890966035406e+00 3.227994950198588953e+00 3.381727604688382627e+00 6.982601643300355043e+00 7.244999749240348841e+00 7.436965505763314610e+00 7.576841370962710265e+00 8.694190937245224404e+00 8.694401874410806030e+00 8.865714757135590318e+00 9.021785888384345142e+00 9.067380823533591538e+00 9.070286494239036656e+00 9.196910404319384114e+00 1.054244480201408507e+01 1.649841436581147036e+01 1.653702353302081107e+01 1.653702812406799438e+01 1.666624623149803952e+01 1.667715354100287328e+01 1.669248450248591098e+01 1.720110811516856941e+01 1.726077048904330979e+01 1.733253166345639684e+01 2.025628454504782638e+01 2.026139672122163660e+01 2.026769231025067697e+01
-4.123688083132583948e+00 -3.743898357381925557e+00 -3.743866982019687928e+00 -1.364395035502556475e+00 -6.778251792230847173e-01 3.931970570877680871e-01 3.116693644920187189e+00 3.124129717079300761e+00 3.124499802916477886e+00 3.169676086770092382e+00 3.170358936025512442e+00 3.245325149082697980e+00 7.111192785528187343e+00 7.325588615949899740e+00 7.562002725760359922e+00 7.578104483255643231e+00 8.478212722737916707e+00 8.755018535327293350e+00 8.755121030072059440e+00 8.909529991231893931e+00 8.910652475709158082e+00 8.924332168882605387e+00 8.947376605624747015e+00 9.225407869252425286e+00 1.655104878263206913e+01 1.656909469050619776e+01 1.656909669642218574e+01 1.662749005172031147e+01 1.663191680546106710e+01 1.663977056712861824e+01 1.728280077897147393e+01 1.730960725541751444e+01 1.734118434225934990e+01 2.030075518163070214e+01 2.030134543310265371e+01 2.030392544657632925e+01
-4.236169962777077025e+00 -4.146035621748309197e+00 -4.146033832555418464e+00 -7.468491155583902863e-01 -4.880477078263660839e-01 1.966147258909544948e-01 3.125013911473709438e+00 3.126698454101220825e+00 3.126962350894250342e+00 3.138167368483130826e+00 3.138365688674576770e+00 3.158082746688918085e+00 7.317342962865267531e+00 7.418056612783487935e+00 7.578886414833979401e+00 7.647163584423929628e+00 8.032616574351646221e+00 8.190434871536785622e+00 8.792240877140416799e+00 8.792267875608095196e+00 8.832654908498245305e+00 8.834899455818213454e+00 8.837589027454450630e+00 8.837675559018325799e+00 1.658354313022978488e+01 1.658819476579383334e+01 1.658819525187242405e+01 1.660293798122489761e+01 1.660398252727016555e+01 1.660612146207203565e+01 1.733226594156839795e+01 1.733901186791738525e+01 1.734685632801999944e+01 2.032477783511702896e+01 2.032541126839349843e+01 2.032563188681615429e+01
-4.273001206647036199e+00 -4.273001206646808825e+00 -4.273001206646680927e+00 -2.290748076890729157e-07 -1.998074442702101074e-07 -1.255653111042543136e-07 3.127946539903520229e+00 3.127946539903557088e+00 3.127946539903585954e+00 3.127946539903616596e+00 3.127946539903736500e+00 3.127946539903757817e+00 7.579153143521729419e+00 7.579153143521890179e+00 7.579153143521972780e+00 7.677908256514642815e+00 7.677908256514742291e+00 7.677908256514778707e+00 8.804768322065049446e+00 8.804768322065134711e+00 8.804768322065255504e+00 8.804768322065338992e+00 8.804768322065422481e+00 8.804768322065612551e+00 1.659453781237276715e+01 1.659453781237288794e+01 1.659453781237295189e+01 1.659453781237303005e+01 1.659453781237312597e+01 1.659453781237325742e+01 1.734883132189240484e+01 1.734883132189256472e+01 1.734883132189263577e+01 2.033285886189149494e+01 2.033285886189167257e+01 2.033285886189168323e+01
-4.184244149344139352e+00 -4.184188229781526935e+00 -4.184188229781300450e+00 -6.116283386772959352e-01 -6.116283386772545239e-01 -2.953899872039595920e-01 3.124406510754305977e+00 3.124730005465881533e+00 3.124730005465968574e+00 3.144346544476307237e+00 3.145338556085712778e+00 3.145338556085798043e+00 7.372835212775732394e+00 7.372835212775819436e+00 7.468682018374046550e+00 7.934470837199143922e+00 7.934470837199246951e+00 8.077983281196727816e+00 8.819434371671601269e+00 8.819434371671730943e+00 8.819931359723545583e+00 8.820437765805825947e+00 8.820458450662769678e+00 8.820458450663030803e+00 1.658883120839293923e+01 1.658883120839304937e+01 1.659012045748785980e+01 1.660061546449317049e+01 1.660061546449334813e+01 1.660363163247141216e+01 1.733602990155630152e+01 1.734220910739713872e+01 1.734220910739724886e+01 2.032572456979194087e+01 2.032594778325645279e+01 2.032594778325663754e+01
-3.908081325029233000e+00 -3.907855425032224606e+00 -3.907855425032033203e+00 -1.140253228141118846e+00 -1.140253228141026032e+00 -2.474176025978893079e-01 3.114159277319532571e+00 3.115420187369764893e+00 3.115420187369850158e+00 3.194054485413185152e+00 3.196937851716926016e+00 3.196937851717001067e+00 7.182369708460342395e+00 7.182369708460428548e+00 7.384254700059817544e+00 8.256340493602154496e+00 8.256340493602277064e+00 8.817143001127755397e+00 8.864202475037606277e+00 8.864202475037940232e+00 8.867123736445952531e+00 8.872828221669784909e+00 8.872828221669861293e+00 8.979103182855141085e+00 1.657208740177993889e+01 1.657208740178004192e+01 1.657695600807307557e+01 1.661827067295736882e+01 1.661827067295753935e+01 1.662967766657030211e+01 1.729807895444590571e+01 1.732241650791361565e+01 1.732241650791373999e+01 2.030422530316921836e+01 2.030422530316939600e+01 2.030430709957533608e+01
-3.407404275903904711e+00 -3.406959382982387652e+00 -3.406959382982250428e+00 -1.523266645846873990e+00 -1.523266645846737433e+00 7.097365579383142498e-01 3.098271403887955522e+00 3.101364093834464875e+00 3.101364093834539037e+00 3.279040914401320173e+00 3.281981806687908954e+00 3.281981806687982672e+00 7.040902268032509070e+00 7.040902268032602329e+00 7.291184595799864887e+00 8.554386881948021326e+00 8.554386881948172316e+00 8.913311923216985733e+00 8.938124712561529961e+00 8.938124712561915430e+00 8.943879410512700190e+00 8.986764405950413703e+00 8.986764405950500745e+00 1.010029864449542281e+01 1.654535487852993469e+01 1.654535487853001285e+01 1.655529665424108288e+01 1.664584576196477528e+01 1.664584576196494936e+01 1.666922037178810356e+01 1.723629562546929606e+01 1.728967352490791143e+01 1.728967352490804288e+01 2.026513221331046921e+01 2.026513221331062553e+01 2.026856624105321103e+01
-2.576895041047980506e+00 -2.576895041047815305e+00 -2.576745325016053467e+00 -1.722702523472488645e+00 -1.722702523472330993e+00 1.325742025754395703e+00 3.078353787001665509e+00 3.084940198854692728e+00 3.084940198854767779e+00 3.402884955668621814e+00 3.402884955668679101e+00 3.404568914555744286e+00 6.932885647889835745e+00 6.932885647889917458e+00 7.181206160942332772e+00 8.775783684159939924e+00 8.775783684160092690e+00 9.003498427592175446e+00 9.039844703756479305e+00 9.039844703756857669e+00 9.049190165974982492e+00 9.196345129449166933e+00 9.196345129449234435e+00 1.138382649423796877e+01 1.651013621464884196e+01 1.651013621464889880e+01 1.652552884071918982e+01 1.668081421435154255e+01 1.668081421435171308e+01 1.671727415405256778e+01 1.715274007289716351e+01 1.724433763742556280e+01 1.724433763742569781e+01 2.020564106741299781e+01 2.020564106741315413e+01 2.021843596218706196e+01
-1.738863198355646622e+00 -1.738863198355482087e+00 -8.083337478829675238e-01 -7.562204859790233602e-01 -7.562204859782166722e-01 1.914338303238948935e+00 3.056334202529077171e+00 3.068791743313304732e+00 3.068791743313382892e+00 3.575736513524829796e+00 3.575736513524854665e+00 3.587499036504468108e+00 6.842688911471877411e+00 6.842688911471956459e+00 7.058370592029805657e+00 8.941813916315176414e+00 8.941813916315304311e+00 9.117131161530567240e+00 9.167986631287512012e+00 9.167986631287853072e+00 9.181055958034216147e+00 9.468594180147452022e+00 9.468594180147512418e+00 1.268002203719001209e+01 1.646808589422717972e+01 1.646808589422721525e+01 1.648812795527384267e+01 1.672008202475453587e+01 1.672008202475470995e+01 1.676828412077845343e+01 1.705005349220232702e+01 1.718688484518456505e+01 1.718688484518471071e+01 2.012370370392547159e+01 2.012370370392560659e+01 2.015379913717449512e+01
-1.521975998481057468e+00 -1.521975998480904924e+00 2.235182019764477168e+00 2.386516106149192407e+00 2.386516106149472627e+00 2.582164191488295568e+00 3.034182366082946114e+00 3.055106140589944452e+00 3.055106140590020392e+00 3.872262976125112832e+00 3.872262976125203426e+00 3.895078783785467014e+00 6.761351148615963425e+00 6.761351148616025597e+00 6.930264195914005221e+00 9.103683769711846452e+00 9.103683769711947704e+00 9.256965286042907692e+00 9.321066442798905172e+00 9.321066442799212481e+00 9.337086006886421430e+00 9.744845525600675629e+00 9.744845525600769776e+00 1.390578678314166794e+01 1.642069794537299288e+01 1.642069794537303196e+01 1.644360499761742744e+01 1.676031308694973987e+01 1.676031308694991750e+01 1.681699078133790692e+01 1.693151697418332091e+01 1.711787886457566543e+01 1.711787886457581465e+01 2.001954991783162185e+01 2.001954991783173909e+01 2.007443267868896797e+01
-1.026381771440603163e+00 -1.026381771440416646e+00 2.828612210868765242e+00 3.013627141595865755e+00 3.040877531309018167e+00 3.040877531309110537e+00 3.197108183554798977e+00 3.197108183554987271e+00 3.300346431271794057e+00 4.465440460143217827e+00 4.465440460143462076e+00 4.494986820880839673e+00 6.692860414506395905e+00 6.692860414506441202e+00 6.810339675186122044e+00 9.281022970734399635e+00 9.281022970734495559e+00 9.425640738517239825e+00 9.497389299096598236e+00 9.497389299096866466e+00 9.514593581673695510e+00 9.999913264361930842e+00 9.999913264362078280e+00 1.500628984333116733e+01 1.636905152232342076e+01 1.636905152232346694e+01 1.639245349120930584e+01 1.679700271934130740e+01 1.679820912337797267e+01 1.679820912337814320e+01 1.686378802850878600e+01 1.703793532918138709e+01 1.703793532918154696e+01 1.989632489031016860e+01 1.989632489031026097e+01 1.997995829806315626e+01
7.377403906573496428e-01 7.377403906574584447e-01 2.995910585918862612e+00 3.033243301235508227e+00 3.033243301235593936e+00 3.246689311716670190e+00 3.531103104091913636e+00 3.531103104092079725e+00 3.665068608201742961e+00 5.230337027491970048e+00 5.230337027492222290e+00 5.275512990285991854e+00 6.676692135400489114e+00 6.676692135400548622e+00 6.738697860836687425e+00 9.478838705861228675e+00 9.478838705861317493e+00 9.625466395145256371e+00 9.694849424464205612e+00 9.694849424464431209e+00 9.710681998582948893e+00 1.022483848632607639e+01 1.022483848632625936e+01 1.594215684066286087e+01 1.631365520793109880e+01 1.631365520793114854e+01 1.633510512276770754e+01 1.665807153391300943e+01 1.683067402031735327e+01 1.683067402031752025e+01 1.690473960880509097e+01 1.694771644423675028e+01 1.694771644423690660e+01 1.975970572030125894e+01 1.975970572030133354e+01 1.986987037046408489e+01
1.489910580387179273e+00 1.489910580387218353e+00 2.981621583785622143e+00 3.024515144780977050e+00 3.024515144781055209e+00 3.574315977500403640e+00 3.730347600786845241e+00 3.730347600787002449e+00 3.925216577266530837e+00 5.776735419618334255e+00 5.776735419618449718e+00 5.846164966965016418e+00 6.876018249944976013e+00 6.876018249945155425e+00 6.881510179097709567e+00 9.698929633774129755e+00 9.698929633774216796e+00 9.857730399068584504e+00 9.910771158086745913e+00 9.910771158086935984e+00 9.922316377928407150e+00 1.041698677916620142e+01 1.041698677916639326e+01 1.625439982925017546e+01 1.625439982925023230e+01 1.627190186798090110e+01 1.647822532843223797e+01 1.667861386697671833e+01 1.684550821715937374e+01 1.684550821715946256e+01 1.685731257997142052e+01 1.685731257997152355e+01 1.699733033581190611e+01 1.961647533182983594e+01 1.961647533182989278e+01 1.974371297923954316e+01
1.938651250319197716e+00 1.938651250319245456e+00 2.970640348259274255e+00 3.014070423402149146e+00 3.014070423402218424e+00 3.805062916797906869e+00 3.880411153196113627e+00 3.880411153196240193e+00 4.177950022934208363e+00 5.904330406160859468e+00 5.904330406160907430e+00 5.960676034262037071e+00 7.427205491101426915e+00 7.434880088813104138e+00 7.434880088813375032e+00 9.942207443746195139e+00 9.942207443746259088e+00 1.012236355596919779e+01 1.014189870797331494e+01 1.014189870797348547e+01 1.014637796879592457e+01 1.057976861670005775e+01 1.057976861670024071e+01 1.619062339761940805e+01 1.619062339761946134e+01 1.620309090999804269e+01 1.633815071596004387e+01 1.673825237180749426e+01 1.673825237180764702e+01 1.685844473209835570e+01 1.686941962209740709e+01 1.686941962209756340e+01 1.741858142612401039e+01 1.947249881692739848e+01 1.947249881692745888e+01 1.960143530816545265e+01
2.241953779006329750e+00 2.241953779006407466e+00 2.962204718577532425e+00 3.000660504169668563e+00 3.000660504169730292e+00 3.952623941263768259e+00 3.992394904158955260e+00 3.992394904159056512e+00 4.428295138403041342e+00 5.841453955580629298e+00 5.841453955580693247e+00 5.873235826993602693e+00 8.116481404983343140e+00 8.121173547971856976e+00 8.121173547972121654e+00 1.020595756093033479e+01 1.020595756093037565e+01 1.037969873447941538e+01 1.038460937188578370e+01 1.038460937188593647e+01 1.041831320997846255e+01 1.072640833467292509e+01 1.072640833467307431e+01 1.612131731540454282e+01 1.612131731540459256e+01 1.612884674905183147e+01 1.618047903436163892e+01 1.662082884573511166e+01 1.662082884573525732e+01 1.687069502045793712e+01 1.687069502045809699e+01 1.687196731029915497e+01 1.784698618573926154e+01 1.933093759691259450e+01 1.933093759691265134e+01 1.944389988765834687e+01
2.444668210692411137e+00 2.444668210692486632e+00 2.955085139812594353e+00 2.984183285149142328e+00 2.984183285149200504e+00 4.034671200362894616e+00 4.058079068422225433e+00 4.058079068422305369e+00 4.659307854287874306e+00 5.735732472828335204e+00 5.735732472828414252e+00 5.747993698237436000e+00 8.791649692594340593e+00 8.794149822697582053e+00 8.794149822697820085e+00 1.047387799894170790e+01 1.047387799894177718e+01 1.061907382629528129e+01 1.063480902985847365e+01 1.063480902985861221e+01 1.074460407373485715e+01 1.088928494046081852e+01 1.088928494046090556e+01 1.602217115709699158e+01 1.604551343276183317e+01 1.604551343276188646e+01 1.604932284535367870e+01 1.649586769100667638e+01 1.649586769100681849e+01 1.685742465028202375e+01 1.685742465028218007e+01 1.685848176417489697e+01 1.814529568108214974e+01 1.919153613180888485e+01 1.919153613180895235e+01 1.927350323658770392e+01
2.574263946396369462e+00 2.574263946396465830e+00 2.947834933546528369e+00 2.965732523077131866e+00 2.965732523077194482e+00 4.052821750525785305e+00 4.065126321278324184e+00 4.065126321278396127e+00 4.863223678854347476e+00 5.634916141069783890e+00 5.636338286902759620e+00 5.636338286902848438e+00 9.413556759693964437e+00 9.414283635693896812e+00 9.414283635694093988e+00 1.070628577292450778e+01 1.070628577292461081e+01 1.086124910086892648e+01 1.088293289312429835e+01 1.088293289312442091e+01 1.110144391686376331e+01 1.113137673910362402e+01 1.113137673910366132e+01 1.586741783540386130e+01 1.596282911843582397e+01 1.596282911843587726e+01 1.596473330359208198e+01 1.636456079977693179e+01 1.636456079977707390e+01 1.682750217010751470e+01 1.682766430753848041e+01 1.682766430753863318e+01 1.832273986829139290e+01 1.905129772064261218e+01 1.905129772064266547e+01 1.909493273267241165e+01
2.652519687940509741e+00 2.652519687940608328e+00 2.939071545975733279e+00 2.946907903603534606e+00 2.946907903603599443e+00 4.003040925256167171e+00 4.007042750707639378e+00 4.007042750707708656e+00 5.038923128154091380e+00 5.558631453652699506e+00 5.566100742901029186e+00 5.566100742901124221e+00 9.966394656993749379e+00 9.966394656993903922e+00 9.967238813306613210e+00 1.089077179712408316e+01 1.089077179712421284e+01 1.110288029544252453e+01 1.112039259187758233e+01 1.112039259187770668e+01 1.148312994583854696e+01 1.148312994583864644e+01 1.148994152254031142e+01 1.571989909421881393e+01 1.587403912995137212e+01 1.587403912995146271e+01 1.587546390454822287e+01 1.622843356405558524e+01 1.622843356405573800e+01 1.677899056533630429e+01 1.677947210250302135e+01 1.677947210250315280e+01 1.839850395257180082e+01 1.890615512806599341e+01 1.890615512806605736e+01 1.891621973353752040e+01
2.698197243416180502e+00 2.698197243416276869e+00 2.927743737288345027e+00 2.928948816325608107e+00 2.928948816325684934e+00 3.890081688014332961e+00 3.890291184818178039e+00 3.890291184818250869e+00 5.187185333955971700e+00 5.527801833274853749e+00 5.531436191395411761e+00 5.531436191395513902e+00 1.044589004706823054e+01 1.044589004706836377e+01 1.044651238491594292e+01 1.106627075349594413e+01 1.106627075349610578e+01 1.134046004183096024e+01 1.134633627202856054e+01 1.134633627202867956e+01 1.190507898819486421e+01 1.190507898819500454e+01 1.190909722705327667e+01 1.558307804709700406e+01 1.578147874142036500e+01 1.578147874142047868e+01 1.578221147668363322e+01 1.608944827994573146e+01 1.608944827994587712e+01 1.671070430460057921e+01 1.671082723452999730e+01 1.671082723453012520e+01 1.839014320756363574e+01 1.874985924508405333e+01 1.875286215274459778e+01 1.875286215274465107e+01
2.726783214227800123e+00 2.726783214227902263e+00 2.912636432248840279e+00 2.912636432248926432e+00 2.913345885873968033e+00 3.731901144475853638e+00 3.732568929034137284e+00 3.732568929034210559e+00 5.308361709568148790e+00 5.526357724065062094e+00 5.526357724065153576e+00 5.537114495746799037e+00 1.085334941825495392e+01 1.085473242197167743e+01 1.085473242197180355e+01 1.126166380101682485e+01 1.126166380101700426e+01 1.155489536254808947e+01 1.155489536254819605e+01 1.157020906700864593e+01 1.235191780140353757e+01 1.236070882632775714e+01 1.236070882632792589e+01 1.546001336104608193e+01 1.568615078649673045e+01 1.568908603444345395e+01 1.568908603444361205e+01 1.595008974971208637e+01 1.595008974971225690e+01 1.661961054474352295e+01 1.661961054474362598e+01 1.661967331193287833e+01 1.831350169057129662e+01 1.859046687129436748e+01 1.859046687129441366e+01 1.860926451160929673e+01
2.748939935627695341e+00 2.748939935627814357e+00 2.896049387590499347e+00 2.898838327969007977e+00 2.898838327969105677e+00 3.552187746379216637e+00 3.554614512336484289e+00 3.554614512336569554e+00 5.402704701705292045e+00 5.540420702311314116e+00 5.540420702311386059e+00 5.575196604027711444e+00 1.119571262802464773e+01 1.119600062965989729e+01 1.119600062966001097e+01 1.148673103208696666e+01 1.148673103208714252e+01 1.174034036090084854e+01 1.174034036090093913e+01 1.178793058376584924e+01 1.280553137347690473e+01 1.282500742591846610e+01 1.282500742591864196e+01 1.535312567261904881e+01 1.558912674563573120e+01 1.560191563654857916e+01 1.560191563654878344e+01 1.581349006109311262e+01 1.581349006109328492e+01 1.650315287443671153e+01 1.650365688259503116e+01 1.650365688259511643e+01 1.819441965439963127e+01 1.842111486861765357e+01 1.842111486861771397e+01 1.849476073934884468e+01
2.769869250615430545e+00 2.769869250615546896e+00 2.876730065193341179e+00 2.888541131370378601e+00 2.888541131370478965e+00 3.372423609247634513e+00 3.374583160415349781e+00 3.374583160415430605e+00 5.474160653477846417e+00 5.564310863913394023e+00 5.564310863913466854e+00 5.628306489714556271e+00 1.147721468094422370e+01 1.147721468094432318e+01 1.148210995905390952e+01 1.173034930588985070e+01 1.173034930589000524e+01 1.190068794586345291e+01 1.190068794586354528e+01 1.198883715243402825e+01 1.325540303365993999e+01 1.328061090196637117e+01 1.328061090196654348e+01 1.526401420351403715e+01 1.549386127401563051e+01 1.552499161903931046e+01 1.552499161903956448e+01 1.568369352698394614e+01 1.568369352698411134e+01 1.635943179169914075e+01 1.636091624658404342e+01 1.636091624658412158e+01 1.806513421175737122e+01 1.825023555107237172e+01 1.825023555107245343e+01 1.839581351068038018e+01
2.790452438450526707e+00 2.790452438450645722e+00 2.856880097821142162e+00 2.882092267546160880e+00 2.882092267546264797e+00 3.207184063983789191e+00 3.207184063983871347e+00 3.209073066541429764e+00 5.530238049996270000e+00 5.591218516419136364e+00 5.591218516419184326e+00 5.682271903764457122e+00 1.171345193345419666e+01 1.171345193345431035e+01 1.171767506889397659e+01 1.194767488783556786e+01 1.194767488783567622e+01 1.205092861348949818e+01 1.205092861348955502e+01 1.216738778028688017e+01 1.368878825563732704e+01 1.371646872628108582e+01 1.371646872628123504e+01 1.519338123006281549e+01 1.540413756626406894e+01 1.546132606036324120e+01 1.546132606036352541e+01 1.556639214698789964e+01 1.556639214698808082e+01 1.618831129757950649e+01 1.618975907264790592e+01 1.618975907264796632e+01 1.794686150540977110e+01 1.808625807248936823e+01 1.808625807248947126e+01 1.830802221676567854e+01
2.809329091347525065e+00 2.809329091347645413e+00 2.838405910336013971e+00 2.878056012477866688e+00 2.878056012477966163e+00 3.065062322098910386e+00 3.065062322098988545e+00 3.073615789202406301e+00 5.575636956403427824e+00 5.616400577411001294e+00 5.616400577411045703e+00 5.727824214316163065e+00 1.190365861703597261e+01 1.191009857974509956e+01 1.191009857974523101e+01 1.207591341889766845e+01 1.207591341889772707e+01 1.222854392438203952e+01 1.222854392438215143e+01 1.231723427974229423e+01 1.409537160081220719e+01 1.412608906671866649e+01 1.412608906671878195e+01 1.514118368268437109e+01 1.532486478403572505e+01 1.540773755300877035e+01 1.540773755300904213e+01 1.547188857231850534e+01 1.547188857231869719e+01 1.598945812911061459e+01 1.598945812911067144e+01 1.599121398944612693e+01 1.784987041000221097e+01 1.793993512119909894e+01 1.793993512119921263e+01 1.823345354877528735e+01
2.823332199725520297e+00 2.824534858337008902e+00 2.824534858337132359e+00 2.870885478742644992e+00 2.870885478742748909e+00 2.961955487867149017e+00 2.961955487867210302e+00 2.973281820000237552e+00 5.610605113393880572e+00 5.636570659217888135e+00 5.636570659217932544e+00 5.761083757087176238e+00 1.203880329291306062e+01 1.205727899089006883e+01 1.205727899089022159e+01 1.214930815530981967e+01 1.214930815530990138e+01 1.238776064520942199e+01 1.238776064520956588e+01 1.243146912579833163e+01 1.446513685731587451e+01 1.450562687182518751e+01 1.450562687182526211e+01 1.510746761181667175e+01 1.526183385229011691e+01 1.535162827264252172e+01 1.535162827264267627e+01 1.541733154182873911e+01 1.541733154182898424e+01 1.576118563323039901e+01 1.576118563323045585e+01 1.577184543000259076e+01 1.777882416741143246e+01 1.782321313996913403e+01 1.782321313996928680e+01 1.817614669668356697e+01
2.813455966089953630e+00 2.832654313428716542e+00 2.832654313428786264e+00 2.850853972863974128e+00 2.850853972864031416e+00 2.911984563234700563e+00 2.915130261163688896e+00 2.915130261163699998e+00 5.633099358146083091e+00 5.649527414330312247e+00 5.649527414330348662e+00 5.781016500604298614e+00 1.212102162778689696e+01 1.213715420927872835e+01 1.213715420927890065e+01 1.220268891121114407e+01 1.220268891121118671e+01 1.249197647320772830e+01 1.249197647320789351e+01 1.250341843586373081e+01 1.477611107471532392e+01 1.485068276934521592e+01 1.485068276934525144e+01 1.509692463224420322e+01 1.522092380569647041e+01 1.529850567420841578e+01 1.529850567420855967e+01 1.539463249393850219e+01 1.539463249393881661e+01 1.551462539190103129e+01 1.551462539190109879e+01 1.554317848593397500e+01 1.773572145210533080e+01 1.774747990314576995e+01 1.774747990314593693e+01 1.813995298241488641e+01
2.810016461426611212e+00 2.827928619847278391e+00 2.827928619847389413e+00 2.843956878654484211e+00 2.843956878654668952e+00 2.891409287109925064e+00 2.906881619898847635e+00 2.906881619898865843e+00 5.640905105689332899e+00 5.653987520925539911e+00 5.653987520925576327e+00 5.787625965920546456e+00 1.214863486274292015e+01 1.215778757989683534e+01 1.215778757989701830e+01 1.222684954601010254e+01 1.222684954601012564e+01 1.252803727452304372e+01 1.252810068608816785e+01 1.252810068608833483e+01 1.492322033073652854e+01 1.510273530882964188e+01 1.510273530882972537e+01 1.511961882082272979e+01 1.520670412411320704e+01 1.521118986521529060e+01 1.521118986521536165e+01 1.535784119941159354e+01 1.535784119941184045e+01 1.539389701063820404e+01 1.539389701063846516e+01 1.539759562392242920e+01 1.772118296847178343e+01 1.772118296847194330e+01 1.772129735530227634e+01 1.812756564674809923e+01
2.813463321484652724e+00 2.833534942591570793e+00 2.834779643395860305e+00 2.847520398898791605e+00 2.852008595889040432e+00 2.901872977078219229e+00 2.912378684588171840e+00 2.919698226301730593e+00 5.634908668841926094e+00 5.649419915863961528e+00 5.649751977684554838e+00 5.781784164500524348e+00 1.212227229195392120e+01 1.213774515332726089e+01 1.214393856440910469e+01 1.219050926778221822e+01 1.221860665294283876e+01 1.248069035586461517e+01 1.250464050700734830e+01 1.251474143292027286e+01 1.478926358316814316e+01 1.485785909844630304e+01 1.492947572177881277e+01 1.502830223191980608e+01 1.521347657268451137e+01 1.529453514335430597e+01 1.535265433236440025e+01 1.536988110092628190e+01 1.540490641137876437e+01 1.545976370767596642e+01 1.552101828009174334e+01 1.553583982213793213e+01 1.773392637617196854e+01 1.774440090188986119e+01 1.774454678051813872e+01 1.813853801209933181e+01
2.818241743936940047e+00 2.833693056004942701e+00 2.841702727027385578e+00 2.864520300742346759e+00 2.867519123021769367e+00 2.910124003623197897e+00 2.971100712697666069e+00 2.974026400518279711e+00 5.616021840989622760e+00 5.637170686409379350e+00 5.637668356936281100e+00 5.764257099588829369e+00 1.203126563032426155e+01 1.207160429789641221e+01 1.208305234861263244e+01 1.209222537773310080e+01 1.220767899806340218e+01 1.234589722272062318e+01 1.244197300550513141e+01 1.248009797039177826e+01 1.448955473828948293e+01 1.453189175651193388e+01 1.474725282907120771e+01 1.486984131036632206e+01 1.522211308600002866e+01 1.535707867144085270e+01 1.536761593283982030e+01 1.544457661991419961e+01 1.551005518485300527e+01 1.559783643666436248e+01 1.577481571189816201e+01 1.577936931084879468e+01 1.777148554102623734e+01 1.781160565832466247e+01 1.781256559027630004e+01 1.817123897945496935e+01
2.822027279481870377e+00 2.834192908335374739e+00 2.846707656090731842e+00 2.873263761112252457e+00 2.877299371794988847e+00 2.926795862694962835e+00 3.082850458933913629e+00 3.083594683197869557e+00 5.585138224047240030e+00 5.616529706217636253e+00 5.620891536393828325e+00 5.735058657229044954e+00 1.186822293077630874e+01 1.190604542000050259e+01 1.195208346401279620e+01 1.198943628599282718e+01 1.214327398476547692e+01 1.219583397642220035e+01 1.235476060421928324e+01 1.242747935436011630e+01 1.414936761480703886e+01 1.419836089602315710e+01 1.456741087694099690e+01 1.469663099623168812e+01 1.521516029961237138e+01 1.533087089202777697e+01 1.546907565184351085e+01 1.551972274518152339e+01 1.566761299415801645e+01 1.574279826777248203e+01 1.600926408024346870e+01 1.602437105731887712e+01 1.783251859253953597e+01 1.791424010913197407e+01 1.792205344519730303e+01 1.822502722495445227e+01
2.823229984079676846e+00 2.841573279269622443e+00 2.849482930639206213e+00 2.877849035469045358e+00 2.878223133391149435e+00 2.960070337744646451e+00 3.232786126742266841e+00 3.235054921683501394e+00 5.545976097023069151e+00 5.588047604685155711e+00 5.600106301645738860e+00 5.694330797372281872e+00 1.163519105199238091e+01 1.166285205092434474e+01 1.178045085669826442e+01 1.183958001304829466e+01 1.189791087802462144e+01 1.215583482134054449e+01 1.224915142891783937e+01 1.233647759871045224e+01 1.381284066869153904e+01 1.388739227925241870e+01 1.438891104008173016e+01 1.452100163091998120e+01 1.518723451206285979e+01 1.529209932893306600e+01 1.559314045445259289e+01 1.562438383546192888e+01 1.582148693343503432e+01 1.588522297478343326e+01 1.622643893048149266e+01 1.624811695431883152e+01 1.791498611128445262e+01 1.804165511072892869e+01 1.806720888093939692e+01 1.829929661336128177e+01
2.822083435377610527e+00 2.846177462717783158e+00 2.849118154470319908e+00 2.880549152449703776e+00 2.886294236919270784e+00 3.005834804406283478e+00 3.410762219514632321e+00 3.415761403176215349e+00 5.503346400239328418e+00 5.551613836541460678e+00 5.576185057690283386e+00 5.642911454821259554e+00 1.134434602863532859e+01 1.135976887304356353e+01 1.156774821948772924e+01 1.162911155772372140e+01 1.164614907944202571e+01 1.204104242701825811e+01 1.212121101313786653e+01 1.216085170222338974e+01 1.352695044285928816e+01 1.364279373313200772e+01 1.421625982158969492e+01 1.434939476440758632e+01 1.514059164778230837e+01 1.524153876282183084e+01 1.573075290556683292e+01 1.574767820678443719e+01 1.596955922975737252e+01 1.602335170850783186e+01 1.642513451367975108e+01 1.645017256985980580e+01 1.801653143197783891e+01 1.818304269382915095e+01 1.823815224663457002e+01 1.839699647426448337e+01
2.816133633763580502e+00 2.830649156725144611e+00 2.840513646605190790e+00 2.903210775631576368e+00 2.905896959233211785e+00 3.058113073687331429e+00 3.607833509546930273e+00 3.615839395402311141e+00 5.462775709377232225e+00 5.506614242435262874e+00 5.545892635863658882e+00 5.586649163936291629e+00 1.101011957107178318e+01 1.101213834084918730e+01 1.132456874637640176e+01 1.134389811501726797e+01 1.141269201623947893e+01 1.179652538728062439e+01 1.186004330771020676e+01 1.196485675108530877e+01 1.334561505849790564e+01 1.350022483933699036e+01 1.405345694037123216e+01 1.418669277882886171e+01 1.507809936294323627e+01 1.518060228338603679e+01 1.587433792283441392e+01 1.588122814263621763e+01 1.611055725434400898e+01 1.615669511134232295e+01 1.660612628065004159e+01 1.663158372019149667e+01 1.813476026013466225e+01 1.832948958278057106e+01 1.840516883668741599e+01 1.854151483795805433e+01
2.799406087320606140e+00 2.802659579952273994e+00 2.821374039048930360e+00 2.938565398352518176e+00 2.940337839894069827e+00 3.109967059018539093e+00 3.815961466517761025e+00 3.826871144995807938e+00 5.429754032834753552e+00 5.451930667987794799e+00 5.488084717334115403e+00 5.550986875093313344e+00 1.063660884640637860e+01 1.064557808327653987e+01 1.104404580544253278e+01 1.105895412831758051e+01 1.114433574038002206e+01 1.140897915104464033e+01 1.143816574304565670e+01 1.177583479489040741e+01 1.328082799728582053e+01 1.345177694931049217e+01 1.390339797752278450e+01 1.403641530587010067e+01 1.500211999186868717e+01 1.511059614256629402e+01 1.601824622676533849e+01 1.601929119539051882e+01 1.624338772999681169e+01 1.628474156543053653e+01 1.677066036502763069e+01 1.679400586305704124e+01 1.826739337204585212e+01 1.847480312534403168e+01 1.853500866102772093e+01 1.876122087139149031e+01
2.756717762167942620e+00 2.778704637915391462e+00 2.790511350600252793e+00 2.981946675009889525e+00 2.986174716210320046e+00 3.152320131232010159e+00 4.028062334479139750e+00 4.041678850086613650e+00 5.386133309096571509e+00 5.391657014902691003e+00 5.425726816561186716e+00 5.536734115726462235e+00 1.024640632890684877e+01 1.026224529668823493e+01 1.073179656513634761e+01 1.077556600618054894e+01 1.084754422573698562e+01 1.091413517505416131e+01 1.092824667992246646e+01 1.155213667586397008e+01 1.329615556090613637e+01 1.346348884259353618e+01 1.376774853826696443e+01 1.390056238151887946e+01 1.491457434792102532e+01 1.503210673725824797e+01 1.615763555438671162e+01 1.615846742481299358e+01 1.636694634963419404e+01 1.640650233684227643e+01 1.692009431826391008e+01 1.693940733515215769e+01 1.841225899666878973e+01 1.861545310554542709e+01 1.864920981581885684e+01 1.903131363375239715e+01
2.702578692571000030e+00 2.743941394247609633e+00 2.747188189567272953e+00 3.031583125135808743e+00 3.037061572141037669e+00 3.174966240749531821e+00 4.237999950625714440e+00 4.254271759154670818e+00 5.301515467955420391e+00 5.307795401265246404e+00 5.424722512209558367e+00 5.536277061666542210e+00 9.851924371932469171e+00 9.870565079550017273e+00 1.034685532510117056e+01 1.034713770025806667e+01 1.041065160306093773e+01 1.048971859280602281e+01 1.053342651374367911e+01 1.129348624043197091e+01 1.335317383028860760e+01 1.350714406450156879e+01 1.364725336235453135e+01 1.377979186110660947e+01 1.481709473129047083e+01 1.494488810617160901e+01 1.629214359659769329e+01 1.629286055787603615e+01 1.648016523918009923e+01 1.652041019178492220e+01 1.705573878845610380e+01 1.706985047151468748e+01 1.856714320958921860e+01 1.874997693632885998e+01 1.876112218926894926e+01 1.933621486250090271e+01
2.637485658562364499e+00 2.692200909924314267e+00 2.698950246218534410e+00 3.078220601870345963e+00 3.089503468401905373e+00 3.172356763081505715e+00 4.440603510511008878e+00 4.459772689675235213e+00 5.197196185757448461e+00 5.215760103824834459e+00 5.453934155610710377e+00 5.551921248760012695e+00 9.461979737402229418e+00 9.480214014574260162e+00 9.733037344640043997e+00 9.735344012664635116e+00 1.008394906217707643e+01 1.018662146314543371e+01 1.020734537563529543e+01 1.100072359427591806e+01 1.342612040868356083e+01 1.354355233969175387e+01 1.356561928448210175e+01 1.367388295222203709e+01 1.471126969833780684e+01 1.484827705448776136e+01 1.641745391150275424e+01 1.642183061271477840e+01 1.658220763613017823e+01 1.662453715222422446e+01 1.717867726821442531e+01 1.718726532219286796e+01 1.872955322117732990e+01 1.887392301623315305e+01 1.887814739756871418e+01 1.967025577404115211e+01
2.562452217441547386e+00 2.628147022767310492e+00 2.646205060826002597e+00 3.083525194875059050e+00 3.140218982390736713e+00 3.172317142949524715e+00 4.631755811195404249e+00 4.654299769738054593e+00 5.084666432660900348e+00 5.109095995208186913e+00 5.506748522095532117e+00 5.587960399531888278e+00 9.082576657654414021e+00 9.090824923395160795e+00 9.094206474127247475e+00 9.101234551257137539e+00 9.756739899828584583e+00 9.879391865996892008e+00 9.881171492977887993e+00 1.067558624434041015e+01 1.343781036175851362e+01 1.351932452549728758e+01 1.358220439566758131e+01 1.362889585491313049e+01 1.459894834333033842e+01 1.474196752093855700e+01 1.653301462889655227e+01 1.654199472673724358e+01 1.667271070847046488e+01 1.671707636082142301e+01 1.728956523433260983e+01 1.729322900701724564e+01 1.889645409502256257e+01 1.898832581028917943e+01 1.900013142361830276e+01 2.002825184014905346e+01
2.480348835816200914e+00 2.558850241831419403e+00 2.589313713426102392e+00 3.013041602948953734e+00 3.186374940251923249e+00 3.206464380282852744e+00 4.808045268340678469e+00 4.834612400304876267e+00 4.963338631416834623e+00 4.986575435969220926e+00 5.574123136152974389e+00 5.650410954627002269e+00 8.431511872637496907e+00 8.442398347635029054e+00 8.727094273791340839e+00 8.739013966422790602e+00 9.434205072882942744e+00 9.556730728882484982e+00 9.574888997596248785e+00 1.032105179188617505e+01 1.336286860667520493e+01 1.350397056658724360e+01 1.359100392558817205e+01 1.369095111536086051e+01 1.448251349148804756e+01 1.462683939369889607e+01 1.663799721741843030e+01 1.665121705739807467e+01 1.675193317862287756e+01 1.679687436258024746e+01 1.738852389072927096e+01 1.738880026413460911e+01 1.906388029071500867e+01 1.910367838553433728e+01 1.911581852131904213e+01 2.040304090290795713e+01
2.396956084493935268e+00 2.488466901881536408e+00 2.532113173719300114e+00 2.904698016933634719e+00 3.225753096622983040e+00 3.242200692079998170e+00 4.823169486842296294e+00 4.842346950583393372e+00 4.972105515424447120e+00 5.000459985075193181e+00 5.645906062146130111e+00 5.742355316481916105e+00 7.780465555273091027e+00 7.795984545078384009e+00 8.396087117429283708e+00 8.403991946418583936e+00 9.122381257900206819e+00 9.245247886190743003e+00 9.271261232561432308e+00 9.942152550279088175e+00 1.329587367866265701e+01 1.343838858850047835e+01 1.365853996700063355e+01 1.374814539345805642e+01 1.436503805308687376e+01 1.450550403137273925e+01 1.673187628490752132e+01 1.674801620659724932e+01 1.682069122394170790e+01 1.686372254676740567e+01 1.747445861391960875e+01 1.747523191313941737e+01 1.921338296358822717e+01 1.922443983561318603e+01 1.923156974063142144e+01 2.078465681186016667e+01
2.320882304054627809e+00 2.420977265149578450e+00 2.478032171512286830e+00 2.779235513400307500e+00 3.256837393612248555e+00 3.270128195205141530e+00 4.659150960614406145e+00 4.670370143894575499e+00 5.115921922241205344e+00 5.146971543164672092e+00 5.719424160190182960e+00 5.857028600927211670e+00 7.162275530730934925e+00 7.182091552354347819e+00 8.097678278238346294e+00 8.101853322814251968e+00 8.828044555355008427e+00 8.949664570592208435e+00 8.974900857189176406e+00 9.547029772177737073e+00 1.323972701817694109e+01 1.338456647171974012e+01 1.371602541866364966e+01 1.379839021115893694e+01 1.425027977786010247e+01 1.438235393930868256e+01 1.681431349595096947e+01 1.683157441158548906e+01 1.688007622514876260e+01 1.691827036725560518e+01 1.754920010950421272e+01 1.755016583907569938e+01 1.932239192087432755e+01 1.932451103588016394e+01 1.938607722774972686e+01 2.116031249312135643e+01
2.261801963555596817e+00 2.360413784920404989e+00 2.429739581584446917e+00 2.652027557732057783e+00 3.278865264190284012e+00 3.288781171673222481e+00 4.447367376394591787e+00 4.451840034667602808e+00 5.243569655441372213e+00 5.274813851661104280e+00 5.792909068297392494e+00 5.985808061990736562e+00 6.614214255730095360e+00 6.637110227681834118e+00 7.837028788304498228e+00 7.838164617750286389e+00 8.558617483301313555e+00 8.674121478103728577e+00 8.692155201983151613e+00 9.147978209530092997e+00 1.319407864008853259e+01 1.334154707908080972e+01 1.376245806117394288e+01 1.384065818794192282e+01 1.414251761713348898e+01 1.426313172164250354e+01 1.688503399714513620e+01 1.690163547288549850e+01 1.693106148273443168e+01 1.696167903050366377e+01 1.761010377740883115e+01 1.761552223676640949e+01 1.941403292468264041e+01 1.942044324168046998e+01 1.952858729899691070e+01 2.151509001092162876e+01
2.227221605740286492e+00 2.311268082629655662e+00 2.388836229783508625e+00 2.535824958538121177e+00 3.291912901815232662e+00 3.298472954106405286e+00 4.169719026265340744e+00 4.170104774562890526e+00 5.354022708396048991e+00 5.382572730468752731e+00 5.862707167807504227e+00 6.120245149854211419e+00 6.178298396973607609e+00 6.202823115006062871e+00 7.617369456435581831e+00 7.618406535714465910e+00 8.322011611094595196e+00 8.423138270748737000e+00 8.431798631768858243e+00 8.762289435503207713e+00 1.315827095122799939e+01 1.330830713626839668e+01 1.379818904908208665e+01 1.387463852893191252e+01 1.404626781883226627e+01 1.415421730806128586e+01 1.694373316935965335e+01 1.695832109435963275e+01 1.697414916050070488e+01 1.699524413436527581e+01 1.765803323140109171e+01 1.766995863617781026e+01 1.949081835786762440e+01 1.950518654068907409e+01 1.965284936514051140e+01 2.183315347186263722e+01
2.219011522954587701e+00 2.277872656915710614e+00 2.355554759927258601e+00 2.439180499940155844e+00 3.297074033978508734e+00 3.300591336062609127e+00 3.832471587122665557e+00 3.836246986011721205e+00 5.446052084087090961e+00 5.468879161943266176e+00 5.877619391024107465e+00 5.896537028246364720e+00 5.925500317182652132e+00 6.255953483195751730e+00 7.442783210784435610e+00 7.445169893487071811e+00 8.126387248655198903e+00 8.203067764076108048e+00 8.205436894433983497e+00 8.412743860917629490e+00 1.313155102613144898e+01 1.328381577936391267e+01 1.382420727116410397e+01 1.390045702289644325e+01 1.396593718141812523e+01 1.406187149231350908e+01 1.699003810333236686e+01 1.700193572342474724e+01 1.700918479288864305e+01 1.702013568467246429e+01 1.769357976826655943e+01 1.771290395936898321e+01 1.955281154851965297e+01 1.957377697449037157e+01 1.975434985048929093e+01 2.209918564257755946e+01
2.231940356516958435e+00 2.262524436352395973e+00 2.328599786179092135e+00 2.365645181354711468e+00 3.296632465373884990e+00 3.297733014691146547e+00 3.495230467461786894e+00 3.501391411771295203e+00 5.516664345330099195e+00 5.531707655135562618e+00 5.698809501748867135e+00 5.712081547397511727e+00 5.976475550830729233e+00 6.374967625379448499e+00 7.316692088066810484e+00 7.319801450163074819e+00 7.979793804146419589e+00 8.024260745206763801e+00 8.027053772803945719e+00 8.127394370779708055e+00 1.311315867605966723e+01 1.326712075424030246e+01 1.384169367413774765e+01 1.390525527641622361e+01 1.391864659088659018e+01 1.399159233555085002e+01 1.702353056095109096e+01 1.703281359755079549e+01 1.703541154344835817e+01 1.703727693610163030e+01 1.771773470204928458e+01 1.774389201489316648e+01 1.959831469667188486e+01 1.962410814450861807e+01 1.982947133992784572e+01 2.229976382419082626e+01
2.255928607077033465e+00 2.264392617038438082e+00 2.305255062255679999e+00 2.314394229331997010e+00 3.240849924076970812e+00 3.248140921243734880e+00 3.294655019846302491e+00 3.294655395289198818e+00 5.558934169539917924e+00 5.565582758321115264e+00 5.613307209710896473e+00 5.619452800388462066e+00 6.011629417752178739e+00 6.460976947356857458e+00 7.240532543545111999e+00 7.243965581500372508e+00 7.889708062423672175e+00 7.903351183575288097e+00 7.910876525358121469e+00 7.937211399323046201e+00 1.310242985646569558e+01 1.325744555212738263e+01 1.385170384164256419e+01 1.386772036276196474e+01 1.392917535865658252e+01 1.394763418478883565e+01 1.704381659825635964e+01 1.704730926636323218e+01 1.705122695594262083e+01 1.705177226578155114e+01 1.773162226621252913e+01 1.776260285894641200e+01 1.962610121223641002e+01 1.965480732322299318e+01 1.987559314755188922e+01 2.242449234726091234e+01
2.279280966371921568e+00 2.279280966371933115e+00 2.284068215630416621e+00 2.284068215630506327e+00 3.146080859806930086e+00 3.154146789126230921e+00 3.292368411266689776e+00 3.293058844290106091e+00 5.564858903646345389e+00 5.564858903646388910e+00 5.599983973856101471e+00 5.599983973856186736e+00 6.024434497260580557e+00 6.493055448638125782e+00 7.215069034565927630e+00 7.218589776713063344e+00 7.861134502540069846e+00 7.861134502540319424e+00 7.868573663819747210e+00 7.868573663820154884e+00 1.309890792285169425e+01 1.325427989480432345e+01 1.385495557581011639e+01 1.385495557581021409e+01 1.393267717500163982e+01 1.393267717500177483e+01 1.705061299532933461e+01 1.705061299532949803e+01 1.705734575782421913e+01 1.705734575782436835e+01 1.773613741168417945e+01 1.776885847940208407e+01 1.963544328545008355e+01 1.966511991286737882e+01 1.989114146684049089e+01 2.246681455993203969e+01
2.176602125467456350e+00 2.325777708783428377e+00 2.358781777891119535e+00 2.911480086685480195e+00 3.593685410144453751e+00 3.615769885265020633e+00 3.617020824152203495e+00 3.640286309959551936e+00 5.486873484385593969e+00 5.632864631391634624e+00 5.639867023311977867e+00 5.823390791041634706e+00 7.083694258479350303e+00 7.084663175193599116e+00 7.084991882410267117e+00 7.087391783995609984e+00 1.280698024509749899e+01 1.297828257789919704e+01 1.303973300104564181e+01 1.303985196066792795e+01 1.307966766187035468e+01 1.308030509727367452e+01 1.310529506703164948e+01 1.377020064158475243e+01 1.422102426903209960e+01 1.427724940126549136e+01 1.427729662647453601e+01 1.432885272592372239e+01 1.725573211198143753e+01 1.726214987258917333e+01 1.727307669040458293e+01 1.737385249694197142e+01 1.895311754650445124e+01 1.924563000844239724e+01 1.925256736225588483e+01 1.974599469376454763e+01
2.189193748384014260e+00 2.335410253882066911e+00 2.367037823083818271e+00 2.910434924802021595e+00 3.597264179477447144e+00 3.629199941082232872e+00 3.638237008995699018e+00 3.656020377741990401e+00 5.452882728053263683e+00 5.610831969388310192e+00 5.616012515205031086e+00 5.784149809637858297e+00 7.181268630529838326e+00 7.182210470501151356e+00 7.199232162040710925e+00 7.208497900794829327e+00 1.278723082097741148e+01 1.299765699583405976e+01 1.304215607643436314e+01 1.304583450994208071e+01 1.307654735997590301e+01 1.307782511143499882e+01 1.312813465824986459e+01 1.372331583264955412e+01 1.424567189007570178e+01 1.429653946252838814e+01 1.429670624531992296e+01 1.437268508352607554e+01 1.724284424135556293e+01 1.724907480648762714e+01 1.725975382773589573e+01 1.735978320141868636e+01 1.893419470121537529e+01 1.922693184860642646e+01 1.923379798583536271e+01 1.971683694132613951e+01
2.225748011499824042e+00 2.363299525198085504e+00 2.391174278747821180e+00 2.907439415628986890e+00 3.612827962635985823e+00 3.658372707663914980e+00 3.677148315422210434e+00 3.691737401670082797e+00 5.379533500143693914e+00 5.562025284832540883e+00 5.562571733087910530e+00 5.700902067200054546e+00 7.455549775112372934e+00 7.456512733435110896e+00 7.506253419665480209e+00 7.534497487767746193e+00 1.273376002956599962e+01 1.300777266151702882e+01 1.301397610079241041e+01 1.305472055216002580e+01 1.311684733944629322e+01 1.311892429257032688e+01 1.319140255566484399e+01 1.361210307206373038e+01 1.431397154748283818e+01 1.435181776809041487e+01 1.435225256396288707e+01 1.447492128676881862e+01 1.720423746452658165e+01 1.720991865928223419e+01 1.721991220317334381e+01 1.731769283466365295e+01 1.887856410759351178e+01 1.917151781095234853e+01 1.917817277351263883e+01 1.963145564530869791e+01
2.282717775930629411e+00 2.406617036804720833e+00 2.429326009292623656e+00 2.902869930795048070e+00 3.625462480751632910e+00 3.678193471118115454e+00 3.703110334763775935e+00 3.720481315847828263e+00 5.312782924501262549e+00 5.510589396450479960e+00 5.515886157238741205e+00 5.623385332663377589e+00 7.866626498061489059e+00 7.869429736698411837e+00 7.948241263809456392e+00 8.003742733829033895e+00 1.265935091701872928e+01 1.294449698372256918e+01 1.295084009850147844e+01 1.314562656871570923e+01 1.319814215989565476e+01 1.319951800278726495e+01 1.329070349639174253e+01 1.347446480481970177e+01 1.441289894432181384e+01 1.443665237644192700e+01 1.443730399452331170e+01 1.459815831324115543e+01 1.714007210614471077e+01 1.714488180439288811e+01 1.715391196519195915e+01 1.724792223730628393e+01 1.878959615396031779e+01 1.908142933711057765e+01 1.908774002229451128e+01 1.949606638529037284e+01
2.354748944374843500e+00 2.461240456843904578e+00 2.478584387235339470e+00 2.897259725017788501e+00 3.614401944508037978e+00 3.666065689982494380e+00 3.692782488742798463e+00 3.717768829009121756e+00 5.278799966234312357e+00 5.479821971678172865e+00 5.489793278658687825e+00 5.575217288095887902e+00 8.378348269916743973e+00 8.382575932656383344e+00 8.480481471070014265e+00 8.563519630104647007e+00 1.257690728771008359e+01 1.286486093883064186e+01 1.287100480488675558e+01 1.326533133765675387e+01 1.330974547033899924e+01 1.331073668603553983e+01 1.332900644128233125e+01 1.341939590896863521e+01 1.452862864253649455e+01 1.454316081611247746e+01 1.454384975070110819e+01 1.472460261197229414e+01 1.705057945066019798e+01 1.705427889800038344e+01 1.706227829438985211e+01 1.715100363278276063e+01 1.867275718228165005e+01 1.896007471033142977e+01 1.896591828654332446e+01 1.932079185834340507e+01
2.435608811927916673e+00 2.522442042794539763e+00 2.535382905891913286e+00 2.891233485816391724e+00 3.567879117301735903e+00 3.612453089598533396e+00 3.636232224520913103e+00 3.673422813141839161e+00 5.283775335984481458e+00 5.475932119953593080e+00 5.487171668269644975e+00 5.559960939775089983e+00 8.955894192474747939e+00 8.960958655100153436e+00 9.066466837734013851e+00 9.169834822394850704e+00 1.249625071350355476e+01 1.277551733020530556e+01 1.278117571794422958e+01 1.318464798915744041e+01 1.340775466322941156e+01 1.344782931448947494e+01 1.344880369746843307e+01 1.356920149583257640e+01 1.464990775744740681e+01 1.466347257537340809e+01 1.466404054578660521e+01 1.484636860712596196e+01 1.693600450120331757e+01 1.693852032945665087e+01 1.694557623549474101e+01 1.702761952046724048e+01 1.853536114870776785e+01 1.881225494899012673e+01 1.881752186019420137e+01 1.911917762792809938e+01
2.519103849555587971e+00 2.585551886816153999e+00 2.595919326956053652e+00 2.885458754798237102e+00 3.486534469450271345e+00 3.520717634984793065e+00 3.538474248709788217e+00 3.590112766733009053e+00 5.321154262927796808e+00 5.493740109778480374e+00 5.503103245914959807e+00 5.571903264909397357e+00 9.566061811376778579e+00 9.571313125706199187e+00 9.672259909315865656e+00 9.784408262275091417e+00 1.242373092282907621e+01 1.268193914868894900e+01 1.268698936160606117e+01 1.304685247062564635e+01 1.356719464370155315e+01 1.360851644381576797e+01 1.360987828171555236e+01 1.373195899577164347e+01 1.476847052949271699e+01 1.479015264618938730e+01 1.479056144816360785e+01 1.495931234655762232e+01 1.679653280777406366e+01 1.679809067443310155e+01 1.680425439554317180e+01 1.687857442622001969e+01 1.838617674734575402e+01 1.864422491277273508e+01 1.864882063748578034e+01 1.890725145047925437e+01
2.599630738744640457e+00 2.646476730685154433e+00 2.656476114834806612e+00 2.880632387119927973e+00 3.379589642322361254e+00 3.401482055850819197e+00 3.412917932286314127e+00 3.477545973933005907e+00 5.379035535894995945e+00 5.523163703160040683e+00 5.530017591661877674e+00 5.602871557413391379e+00 1.017799104895926909e+01 1.018277215162398974e+01 1.026627389596013096e+01 1.037361938262550964e+01 1.236278625603086390e+01 1.258925645413095395e+01 1.259377684796571018e+01 1.291960628240373588e+01 1.373949788567737862e+01 1.378791890798373743e+01 1.378999204530020428e+01 1.390172318543224073e+01 1.487844891894688537e+01 1.491624548820511009e+01 1.491657051894041075e+01 1.506086173247703464e+01 1.663224198144082777e+01 1.663349807589975171e+01 1.663857547155821237e+01 1.670481289372531108e+01 1.823484477252342018e+01 1.846378794758023290e+01 1.846763046676207409e+01 1.870190881831037544e+01
2.672251593837863481e+00 2.702050280615816646e+00 2.713604835700170970e+00 2.877554324449282497e+00 3.259361629109546854e+00 3.267840147320735245e+00 3.274907786042344338e+00 3.348211830624157948e+00 5.445516851676380554e+00 5.555466479484373110e+00 5.561108104310631184e+00 5.644449599606530477e+00 1.076308473238326258e+01 1.076670799862929329e+01 1.081966940461444082e+01 1.090807067453034129e+01 1.231461789851847577e+01 1.250285243675907942e+01 1.250705861626833482e+01 1.280618812216945557e+01 1.392318433715601600e+01 1.398259114534493541e+01 1.398559042934056684e+01 1.407708291884655338e+01 1.497579453051764276e+01 1.503524956560416825e+01 1.503564691060314829e+01 1.514923289422938701e+01 1.644317797656624691e+01 1.644514334562312641e+01 1.644889285582274852e+01 1.650751951428098607e+01 1.809107045708992700e+01 1.828037617343828813e+01 1.828339627414168334e+01 1.851855283082412740e+01
2.732330874228693585e+00 2.750218212717157051e+00 2.764183211613718605e+00 2.877365051229839654e+00 3.133226502780878775e+00 3.135531397416319255e+00 3.141669553927792347e+00 3.215492611832232672e+00 5.510900032737679588e+00 5.585626722538183486e+00 5.591385093204135792e+00 5.688624413294339099e+00 1.129308956039159639e+01 1.129393189925007590e+01 1.130705571647403218e+01 1.136287052744390991e+01 1.227881300194221659e+01 1.242936357489395327e+01 1.243344162583463408e+01 1.270938373013937728e+01 1.412001189090978670e+01 1.419031080870216321e+01 1.419422845374101527e+01 1.426250824201323297e+01 1.505780497862600420e+01 1.514119237503479987e+01 1.514183475832150449e+01 1.522311402892522736e+01 1.622973692792994527e+01 1.623265624168069721e+01 1.623707499283991140e+01 1.628833198782479741e+01 1.796363624370416190e+01 1.810499175332533994e+01 1.810715903402439153e+01 1.836839986053486484e+01
2.775957936351103772e+00 2.789125299523106616e+00 2.805276787067658706e+00 2.881779955236047908e+00 3.010840299980724222e+00 3.014674659147587032e+00 3.031530916117139096e+00 3.093013182903304958e+00 5.567906309805084497e+00 5.611167476982741320e+00 5.617522279595357659e+00 5.728877959650871432e+00 1.170199544363465094e+01 1.171598902616480586e+01 1.173487008881320826e+01 1.173811660952969760e+01 1.225394018438669264e+01 1.238031810406147848e+01 1.238407096653291006e+01 1.263153749800038916e+01 1.433352068760660813e+01 1.441080331607382092e+01 1.441535599792512912e+01 1.446628858343674473e+01 1.512276466652268425e+01 1.522865739842796806e+01 1.522966843299968964e+01 1.528152363085896148e+01 1.599362367130830442e+01 1.599668644470587786e+01 1.600663984232986436e+01 1.604974536778901850e+01 1.785945579336347677e+01 1.794981027639560267e+01 1.795117336417183651e+01 1.825656749712276650e+01
2.802739534105160857e+00 2.815295394558936071e+00 2.833194364724237246e+00 2.891185157737512945e+00 2.913797123934871891e+00 2.918348705237647334e+00 2.946464475689299256e+00 2.993948588575328085e+00 5.610978833956949074e+00 5.631148898975705919e+00 5.637412819448747392e+00 5.760581768563685756e+00 1.196495044448987422e+01 1.199330411151780318e+01 1.203263038908858995e+01 1.203457786073844460e+01 1.223813303698121402e+01 1.238737218375307414e+01 1.238941616133093149e+01 1.257453545256754879e+01 1.456364476521630813e+01 1.464544744138435206e+01 1.465032842871440977e+01 1.469365304096167790e+01 1.516966237194174205e+01 1.529215322727342397e+01 1.529357773142475274e+01 1.532374271523127085e+01 1.574007589230902937e+01 1.574307872303943512e+01 1.576330026906996196e+01 1.579610715108214869e+01 1.778304467350948670e+01 1.782724682298679753e+01 1.782794825008179274e+01 1.818218301135684811e+01
2.813094513739841318e+00 2.827729491375031046e+00 2.838798220283593743e+00 2.854588120830273912e+00 2.859249803081874930e+00 2.899851651768569294e+00 2.902512488467484442e+00 2.929473074795283072e+00 5.634786321597566427e+00 5.646726944152829830e+00 5.649791448286162421e+00 5.780728303869561380e+00 1.210785941724810222e+01 1.213773056284950336e+01 1.214262983140527297e+01 1.216857129640322555e+01 1.222955666406257436e+01 1.247597563835318724e+01 1.247612109950011927e+01 1.253976595181086751e+01 1.479287481006713101e+01 1.489358996935798274e+01 1.489849842063877183e+01 1.493737484936854187e+01 1.519795805293757951e+01 1.531644713730753615e+01 1.531842741713968437e+01 1.534928603319746721e+01 1.549034084111104193e+01 1.549287975661464678e+01 1.552713874691434803e+01 1.553823289336155788e+01 1.773668701003773762e+01 1.774841525744322013e+01 1.774868043748550761e+01 1.814073879236273257e+01
2.810016461426611212e+00 2.827928619847278391e+00 2.827928619847389413e+00 2.843956878654484211e+00 2.843956878654668952e+00 2.891409287109925064e+00 2.906881619898847635e+00 2.906881619898865843e+00 5.640905105689332899e+00 5.653987520925539911e+00 5.653987520925576327e+00 5.787625965920546456e+00 1.214863486274292015e+01 1.215778757989683534e+01 1.215778757989701830e+01 1.222684954601010254e+01 1.222684954601012564e+01 1.252803727452304372e+01 1.252810068608816785e+01 1.252810068608833483e+01 1.492322033073652854e+01 1.510273530882964188e+01 1.510273530882972537e+01 1.511961882082272979e+01 1.520670412411320704e+01 1.521118986521529060e+01 1.521118986521536165e+01 1.535784119941159354e+01 1.535784119941184045e+01 1.539389701063820404e+01 1.539389701063846516e+01 1.539759562392242920e+01 1.772118296847178343e+01 1.772118296847194330e+01 1.772129735530227634e+01 1.812756564674809923e+01
