-1.551309168385202656e-04 -9.258097144244848155e-08 8.920329168145311193e-08 4.424544643126481880e+00 4.424549507315634678e+00 1.014822090958020695e+01 1.141008756516088773e+01 1.276643959485990187e+01 1.276646583008905367e+01 1.279987350336962670e+01 1.279988460586559818e+01 1.554078340095953159e+01
4.275591583678424179e-01 4.555383318248580338e-01 8.628138667870957068e-01 4.418564855398781965e+00 4.463561028673772135e+00 1.013498250743676898e+01 1.141298478659076565e+01 1.267098867346600066e+01 1.275702440538439397e+01 1.281159152221752962e+01 1.309240650092307945e+01 1.550564850237271664e+01
9.046674920644529605e-01 9.301507284605072812e-01 1.691655358315890867e+00 4.465643480480371075e+00 4.576559645904002771e+00 1.009518829937419326e+01 1.142269188897902943e+01 1.270258452257976067e+01 1.274188625644656803e+01 1.283335265244749834e+01 1.360488318889614057e+01 1.540175693335802976e+01
1.341040160925343283e+00 1.432445764272806787e+00 2.530760161753198734e+00 4.695021670321970042e+00 4.752439044695963233e+00 1.002866413035772908e+01 1.144036598785589298e+01 1.272813984495212480e+01 1.282572962204118916e+01 1.285749065908777133e+01 1.426453221263528803e+01 1.523379123158930248e+01
1.758432198302007032e+00 1.952930032115698156e+00 3.371974882127031226e+00 4.975552050214766098e+00 5.179068127636632823e+00 9.935167244135881148e+00 1.146610814824551561e+01 1.271692243406989853e+01 1.288197446364884691e+01 1.300682102790112893e+01 1.497842570707873833e+01 1.502128722052796128e+01
2.150821323205075686e+00 2.487732999259963940e+00 4.208208881643354715e+00 5.228452278773123574e+00 5.887499477710536055e+00 9.814334639253170067e+00 1.149966817144912135e+01 1.270835109126977436e+01 1.290559907398243844e+01 1.322196116570508728e+01 1.474120814860317275e+01 1.571095725622519090e+01
2.512469031199216829e+00 3.025157477724595090e+00 5.030365562726366591e+00 5.493966794969236567e+00 6.728353686288466307e+00 9.665739623016399662e+00 1.154090819413558044e+01 1.270221678994140824e+01 1.292740413245959985e+01 1.344780779979259755e+01 1.445387538170007780e+01 1.637241984136882067e+01
2.838008336801475462e+00 3.556240058113131930e+00 5.756376116565134815e+00 5.826189046149734097e+00 7.596673559861007341e+00 9.489330845505763889e+00 1.158985143737123913e+01 1.269815579213997481e+01 1.294664576028543834e+01 1.362470404938776980e+01 1.421634819818109285e+01 1.694013963486724350e+01
3.122533080867403221e+00 4.074297187359263717e+00 6.001919077326236973e+00 6.580665133212391105e+00 8.395590776833415703e+00 9.287330505998907526e+00 1.164654939297230740e+01 1.269573303465274527e+01 1.296282703438024342e+01 1.355697676304284194e+01 1.424334112334771163e+01 1.739266484699299653e+01
3.361687077151833236e+00 4.570670156294241337e+00 6.218921119914876172e+00 7.276527914320327639e+00 8.984558428511894235e+00 9.125949868328023129e+00 1.171074395348910357e+01 1.269449910413384863e+01 1.297571883955377103e+01 1.330063925216688325e+01 1.449995365936345593e+01 1.772121499538026512e+01
3.551751541997178574e+00 5.030271622484209892e+00 6.397792518224431291e+00 7.892016583144368269e+00 8.805452004231131724e+00 9.523838896395059095e+00 1.178099915266420794e+01 1.269403177438049113e+01 1.298532568977601720e+01 1.303540086887327476e+01 1.481618363621978851e+01 1.792982511681411495e+01
3.689728233019005987e+00 5.425583355944549879e+00 6.531010773097569277e+00 8.366671577658443937e+00 8.613850633817916602e+00 9.770827292017154164e+00 1.185247476179167592e+01 1.269395700890062706e+01 1.281501746233603178e+01 1.299192000079429299e+01 1.512206794642749585e+01 1.803686252946278046e+01
3.773413950140756423e+00 5.708726864857702310e+00 6.613140943823599294e+00 8.345937672266105167e+00 8.821245693931926368e+00 9.849187972636338273e+00 1.191241496739459649e+01 1.266563296862020493e+01 1.269423650545383353e+01 1.299569768490819754e+01 1.535000621890735495e+01 1.807504274120339005e+01
3.801460507042613735e+00 5.815007211754982919e+00 6.640886420212789965e+00 8.279402484334536183e+00 8.959612629908647818e+00 9.851640927263504821e+00 1.193751494887216502e+01 1.261143420095733170e+01 1.269418120010149309e+01 1.299692744443449754e+01 1.543540466179493897e+01 1.808181846045066621e+01
3.943094036457572837e+00 5.840838672492685291e+00 6.720001450138429533e+00 8.256063616206812839e+00 8.931827551106220398e+00 9.840098075925411081e+00 1.193668928272636087e+01 1.260566651209316902e+01 1.267938906997527759e+01 1.302146848929814027e+01 1.542421570100185413e+01 1.796050036986411413e+01
4.327736787827956455e+00 5.918097037306996988e+00 6.947818122809909624e+00 8.188252664226860489e+00 8.851873816590497768e+00 9.800558086564317151e+00 1.193925119285735370e+01 1.258741664103232338e+01 1.266093326828091570e+01 1.308820432565172176e+01 1.538195454611761726e+01 1.760685301927742685e+01
4.863787709933768078e+00 6.046334977520546161e+00 7.287650748507735976e+00 8.088298974047839707e+00 8.727755825312625504e+00 9.725816996875511933e+00 1.195640400975563900e+01 1.255415013646461375e+01 1.268554167393514831e+01 1.319546588384135077e+01 1.529015377231369222e+01 1.705247060231970124e+01
5.452092118457194658e+00 6.224787570225680078e+00 7.600868543095487873e+00 8.042130030595981083e+00 8.572282342640310304e+00 9.623642326628262467e+00 1.199544297975856999e+01 1.250289320965829809e+01 1.278874704070202206e+01 1.335508140098723828e+01 1.513518120075629803e+01 1.635215000052210854e+01
5.997815006339324739e+00 6.451384910962182140e+00 7.558302233117018432e+00 8.270085702334517563e+00 8.416702625049351738e+00 9.534946960582166398e+00 1.205586302905129159e+01 1.243096855042816351e+01 1.298335193616491523e+01 1.358430023665877684e+01 1.491827405149724761e+01 1.558685942346761166e+01
6.394744641055020828e+00 6.721858427832228422e+00 7.327317382339358254e+00 8.320700365347917682e+00 8.447976803428927539e+00 9.527163868843166128e+00 1.213590344814034161e+01 1.233940433752905186e+01 1.323696964775628793e+01 1.390457714835475933e+01 1.466028138855409857e+01 1.487000196856534373e+01
6.536017284528583993e+00 7.029259288508083792e+00 7.030110299551010300e+00 8.384116129144372209e+00 8.386090026597155855e+00 9.560067630393623617e+00 1.223409943420455370e+01 1.223552229147936110e+01 1.338762573309336013e+01 1.428811906407180565e+01 1.442468142456734626e+01 1.442785078667945164e+01
6.433009368587061516e+00 6.727094488122513205e+00 7.322309539455043037e+00 8.209225814682071132e+00 8.554428499649329609e+00 9.483105154889893029e+00 1.214168615521260186e+01 1.233914682097132953e+01 1.331361534158992832e+01 1.402322414839672682e+01 1.434173685309337998e+01 1.485558362658273523e+01
6.179605598264682698e+00 6.388586067895273501e+00 7.626894623201960322e+00 7.968945337034837095e+00 8.737418103471128461e+00 9.250513462164940748e+00 1.205136743049806292e+01 1.246428910923659927e+01 1.313232278691049260e+01 1.375143780400439653e+01 1.435669901129744197e+01 1.529160787464725502e+01
5.835346716991276494e+00 6.018193277960052434e+00 7.681208981798549829e+00 7.931155565512301386e+00 8.863731717129500254e+00 8.884204132274319932e+00 1.196475466341074423e+01 1.259693884262519425e+01 1.294522752673154109e+01 1.352309426918932900e+01 1.439851974216218977e+01 1.564602214671186076e+01
5.432354335842220827e+00 5.619248884318554182e+00 7.348596675560267855e+00 8.218442627356781216e+00 8.419702253915795964e+00 8.901224386572488712e+00 1.188170649005760815e+01 1.262297704126657827e+01 1.292443482166633295e+01 1.333639679567366798e+01 1.442209841702479878e+01 1.589106553936112221e+01
4.988569083885038502e+00 5.194909373284477105e+00 6.970254016357811722e+00 7.892878476242922936e+00 8.442451192617543398e+00 8.872532054099851351e+00 1.180263478046201442e+01 1.252221194744906896e+01 1.311301337543452306e+01 1.318502339539320545e+01 1.440935522746830699e+01 1.601254567473231560e+01
4.516247649421575971e+00 4.748049851327191817e+00 6.548406943538519265e+00 7.332658914458813904e+00 8.432080900381341948e+00 8.944734898024371716e+00 1.172857645964229434e+01 1.244137310876890368e+01 1.306250429082275311e+01 1.336148864962102323e+01 1.435656750719568109e+01 1.600639306688261954e+01
4.025561969674279261e+00 4.281373436002770205e+00 6.094287509861910479e+00 6.756091419956788080e+00 8.171065355028188648e+00 9.142865244659970969e+00 1.166085458527043706e+01 1.239900085970237420e+01 1.296379467518559103e+01 1.362726643342825028e+01 1.427341810728519356e+01 1.587663819777064234e+01
3.525912421647523498e+00 3.798044434319674423e+00 5.628256281445149334e+00 6.169492782426072353e+00 7.790651778819870366e+00 9.349843251327802918e+00 1.160070368073233915e+01 1.238945948597837798e+01 1.288527307575771452e+01 1.384261370628163412e+01 1.421747795661303293e+01 1.563421865937192656e+01
3.026228786880539534e+00 3.302804733489482558e+00 5.162903175545149104e+00 5.585610451024876077e+00 7.334030155247241112e+00 9.538157676835652410e+00 1.154900162841241951e+01 1.240504730683169754e+01 1.282421040507588295e+01 1.382958818038404836e+01 1.436148573755228597e+01 1.529632897019641291e+01
2.534793392829683079e+00 2.802666625704710590e+00 4.650649132224193849e+00 5.074919067753183022e+00 6.824449625034337608e+00 9.701912946176612706e+00 1.150614618946203471e+01 1.243889000137951228e+01 1.277829105365123574e+01 1.367431504535174192e+01 1.461722637932021129e+01 1.488611224684516543e+01
2.058800217439179292e+00 2.305811163779970752e+00 4.014586257255317037e+00 4.732521148617648166e+00 6.284640850409798141e+00 9.839723713811304506e+00 1.147207272578781989e+01 1.248495091152926051e+01 1.274538163733835461e+01 1.348947700944269812e+01 1.443252996466518212e+01 1.487244461767656745e+01
1.603728058617062135e+00 1.818722421749964679e+00 3.290150344188396581e+00 4.532871680253123259e+00 5.742830963452077775e+00 9.951593082236051657e+00 1.144636737265885884e+01 1.253795450388681232e+01 1.272358284185561317e+01 1.330449624304534950e+01 1.397016041852229939e+01 1.509990969195429678e+01
1.172578379618480771e+00 1.343584641552296066e+00 2.513440667380772098e+00 4.437118127453872241e+00 5.236298657885535057e+00 1.003796447528000613e+01 1.142838471533125322e+01 1.259387635401515837e+01 1.271164732675062226e+01 1.313460335808525414e+01 1.353833558888149646e+01 1.528721450332096943e+01
7.650707453370668709e-01 8.772229564061713170e-01 1.701758596309241200e+00 4.411500689649316520e+00 4.812752074583042550e+00 1.009931966838460404e+01 1.141724569629227126e+01 1.265097834795273712e+01 1.271022137820934539e+01 1.298969305105317140e+01 1.317817293322030814e+01 1.542634015818990889e+01
3.769756990777569650e-01 4.062405942993109753e-01 8.716978386903181386e-01 4.418074971022895703e+00 4.526445038388577480e+00 1.013600939244100907e+01 1.141167231241981561e+01 1.271086677656054142e+01 1.272556180999982978e+01 1.287439949204588174e+01 1.292436387077028392e+01 1.551191245630944593e+01
-1.551309168385202656e-04 -9.258097144244848155e-08 8.920329168145311193e-08 4.424544643126481880e+00 4.424549507315634678e+00 1.014822090958020695e+01 1.141008756516088773e+01 1.276643959485990187e+01 1.276646583008905367e+01 1.279987350336962670e+01 1.279988460586559818e+01 1.554078340095953159e+01
-4.108880491616618835e-01 5.081000525283012603e-01 5.081001125797881546e-01 4.397741974667891185e+00 4.397746729712323166e+00 9.915182426525307235e+00 1.204702626290922396e+01 1.276798333135743491e+01 1.276801670186294402e+01 1.280029233136673916e+01 1.280030395281448641e+01 1.569753362011426212e+01
9.841094002128830676e-01 1.008600017663636939e+00 1.008600074061891450e+00 4.317618004016742006e+00 4.317622456558756205e+00 9.533541239389796473e+00 1.277233127887653552e+01 1.277233307345369617e+01 1.280144121177569794e+01 1.280145131904594713e+01 1.338946838474500467e+01 1.614191939606320148e+01
1.494194609228267856e+00 1.494194849251938351e+00 2.312295246589472608e+00 4.185008322528858571e+00 4.185012319879433562e+00 9.099689281048387812e+00 1.277870885901453590e+01 1.277871987949822952e+01 1.280301025737275644e+01 1.280302154367521617e+01 1.487353145966870294e+01 1.682346855774878236e+01
1.958123950630321852e+00 1.958124393572577171e+00 3.591240850345856384e+00 4.001258079283710245e+00 4.001261484072651697e+00 8.603691742006489562e+00 1.278601023934853842e+01 1.278602299566492384e+01 1.280452577920393331e+01 1.280453759731501862e+01 1.611583370180373009e+01 1.769576618904146059e+01
2.394343042504306407e+00 2.394343786886413028e+00 3.768174178939164509e+00 3.768177037646370575e+00 4.741195463644205965e+00 8.039414477950998617e+00 1.279306458374966304e+01 1.279307772903699281e+01 1.280541417405816951e+01 1.280542643047908058e+01 1.694820401201016580e+01 1.860468056248659607e+01
2.797596644395252685e+00 2.797597793926469567e+00 3.487997486050684603e+00 3.487999716846949649e+00 5.733951334896834062e+00 7.402291069587790595e+00 1.279887510116450322e+01 1.279888818593038913e+01 1.280509966992413418e+01 1.280511233440609331e+01 1.742076467895260805e+01 1.927022748361708793e+01
3.162327184048204565e+00 3.162328823244201725e+00 3.164490859355188146e+00 3.164492523573258609e+00 6.419176180027859502e+00 6.835729569424071173e+00 1.280232563725606987e+01 1.280233829084832387e+01 1.280361053687590278e+01 1.280362373115688612e+01 1.757640881209403361e+01 1.950965985231016120e+01
3.200058685607787723e+00 3.202197309872378828e+00 3.236624254741923501e+00 3.248980832006933106e+00 6.417293677974508448e+00 6.833476506871034140e+00 1.280296350401258110e+01 1.280423753155478117e+01 1.283192809762411635e+01 1.284917873583950154e+01 1.754765306234213185e+01 1.944552855929282842e+01
3.308950148234326871e+00 3.311017999028834424e+00 3.461827186767350906e+00 3.483617811845031831e+00 6.415937464495717890e+00 6.829069975365007927e+00 1.280479649261297936e+01 1.280603478728468403e+01 1.291464146802591095e+01 1.297228813059588859e+01 1.746573662188747278e+01 1.925755890632352418e+01
3.477484952592368117e+00 3.479446890483971266e+00 3.813523442415067688e+00 3.839501729811424457e+00 6.429419789561489296e+00 6.830535530368086583e+00 1.280767003414682748e+01 1.280885190155111530e+01 1.302290467863935142e+01 1.314555906933250284e+01 1.734375374182307539e+01 1.895968666443554085e+01
3.690115605933392828e+00 3.691948005179846781e+00 4.233101296613162035e+00 4.274572830593435846e+00 6.487925729065483260e+00 6.855908046715422977e+00 1.281133492646759819e+01 1.281244407860983259e+01 1.311855264051627579e+01 1.332669895181946806e+01 1.720308257573240951e+01 1.857738475420041624e+01
3.930393834929796881e+00 3.932081875300702745e+00 4.622497023649579262e+00 4.723532422492138672e+00 6.646756929462975805e+00 6.943890201535849016e+00 1.281548524873889683e+01 1.281651112801593584e+01 1.316043890474514022e+01 1.346292072128122719e+01 1.707054277857887215e+01 1.815067384119273086e+01
4.182967221319725759e+00 4.184501383717607936e+00 4.883426705632569309e+00 5.074180215404860306e+00 6.970201309058939643e+00 7.161678322385123252e+00 1.281979457268467115e+01 1.282073360368385195e+01 1.311594281024115283e+01 1.349511074786319753e+01 1.697090689766596228e+01 1.773513244882769868e+01
4.434431187806026742e+00 4.435804613453331768e+00 4.979704461637848745e+00 5.228265478769065666e+00 7.460818389794741989e+00 7.558795190861499869e+00 1.282394912392816977e+01 1.282481028092251663e+01 1.297354647779410008e+01 1.337123288969289092e+01 1.691647279301904661e+01 1.739172107774074405e+01
4.673477329585532303e+00 4.674684395648451840e+00 4.949490461419120635e+00 5.180156377183303462e+00 8.047743888082759867e+00 8.092562652020738767e+00 1.274799996151550197e+01 1.282777853695532677e+01 1.282848842170175097e+01 1.307649866722438148e+01 1.690209188462900869e+01 1.715836016640437478e+01
4.840026066797259219e+00 4.890742195504953038e+00 4.891780083093808074e+00 4.974979624345566620e+00 8.653298158480602353e+00 8.673882923077780305e+00 1.247294868238513388e+01 1.265586103491153835e+01 1.283093899806079285e+01 1.283164506452241049e+01 1.691039259582386833e+01 1.702855683449095991e+01
4.640760626257492305e+00 4.695055964524279979e+00 5.078589292538600475e+00 5.079451352978879619e+00 9.217179819071699143e+00 9.232559282613150842e+00 1.216116004078907764e+01 1.222061244515342082e+01 1.283346521044025401e+01 1.283410405907324758e+01 1.691689696184182878e+01 1.697348560669106021e+01
4.237781109083509357e+00 4.521666345025139755e+00 5.230921820770926267e+00 5.231610359475483918e+00 9.697593996039007180e+00 9.714920986423123850e+00 1.174841722878332106e+01 1.195622666177568227e+01 1.283532642168804117e+01 1.283592169434506047e+01 1.690088021444481825e+01 1.696896165226179320e+01
3.814146908351639720e+00 4.366728827625951048e+00 5.343064974019057445e+00 5.343588748184637360e+00 1.006313167577537193e+01 1.007884983772667553e+01 1.141581338532303214e+01 1.177161091916389779e+01 1.283657209938024302e+01 1.283713775745477648e+01 1.688041275809666075e+01 1.697483953686612779e+01
3.477769645482629457e+00 4.257075026267941098e+00 5.411692606836831843e+00 5.412081375909187919e+00 1.028725418928335067e+01 1.030084490755832682e+01 1.121117123858623010e+01 1.166610782946971803e+01 1.283727685107908023e+01 1.283782534330920022e+01 1.686529396351612675e+01 1.697786074574350934e+01
3.346806448150918989e+00 4.217299992193324520e+00 5.434795505100312951e+00 5.435126381573254228e+00 1.036057480540131337e+01 1.037489186244275530e+01 1.114375550663059755e+01 1.163361357389341855e+01 1.283750365841841301e+01 1.283804653440395960e+01 1.685962758238665415e+01 1.697853393444301773e+01
3.364739312577113672e+00 4.185351040428722413e+00 5.548376979581384205e+00 5.557027773820749417e+00 1.034287662593919066e+01 1.035314738720138372e+01 1.118683021673217937e+01 1.164578643604832919e+01 1.286076734344998762e+01 1.286571220355011747e+01 1.681389248445844942e+01 1.692789380443264236e+01
3.426806299307221693e+00 4.123430182975838854e+00 5.857943225283114508e+00 5.876001787719697056e+00 1.028666475843124672e+01 1.029653616143547801e+01 1.130182612433781308e+01 1.168166877517723279e+01 1.293074899710408054e+01 1.294566628164475475e+01 1.668067049802135671e+01 1.678057400625683115e+01
3.536841888294564917e+00 4.072964728804693735e+00 6.297958468875518356e+00 6.316129886334398869e+00 1.019422451151442566e+01 1.020765766380315043e+01 1.145958950900752704e+01 1.173862938303727965e+01 1.304668459504325639e+01 1.307053695999618270e+01 1.647163064515826036e+01 1.655014978217554500e+01
3.676459389613844664e+00 4.044567552191303150e+00 6.804412921798377312e+00 6.818783202765792417e+00 1.006846831581710511e+01 1.008089550273752621e+01 1.163125986672978129e+01 1.181083897217718715e+01 1.320429715408388560e+01 1.323047893229565553e+01 1.620547953163761434e+01 1.625865578815450263e+01
3.816606421791946868e+00 4.033275133219278885e+00 7.320594204076380507e+00 7.332963088586642364e+00 9.909983409200618709e+00 9.918516763305149198e+00 1.179219430996340989e+01 1.188873096076381408e+01 1.339159460225139853e+01 1.341362561283896326e+01 1.590773903361860775e+01 1.593654456336812686e+01
3.932046806524948757e+00 4.031124823535331636e+00 7.788252876023061155e+00 7.799952096474315866e+00 9.732596525989032799e+00 9.738109326018271616e+00 1.192223650650782041e+01 1.195967404986251204e+01 1.358563411793230458e+01 1.360204526983885565e+01 1.561286641190346280e+01 1.562541123015352795e+01
4.006256340731852994e+00 4.031722986003185127e+00 8.132098841478383022e+00 8.140418586357442976e+00 9.580031325628461047e+00 9.584591660175977523e+00 1.200367192565102492e+01 1.201194755629746247e+01 1.374837583365753879e+01 1.375869500949121083e+01 1.537504508153689642e+01 1.538402977690020990e+01
4.031648540045368989e+00 4.031656468967727669e+00 8.261142472907083700e+00 8.262258130128746103e+00 9.522466428075262002e+00 9.524590500128258697e+00 1.202583444216453756e+01 1.203604235587901883e+01 1.381854189846947456e+01 1.382100192448627496e+01 1.528002180866337234e+01 1.528673592481037424e+01
4.050524696944739489e+00 4.064578134388083797e+00 8.149156868422435807e+00 8.149862354800452735e+00 9.549761241217835206e+00 9.557047894466085936e+00 1.203541925570403492e+01 1.205633825664530967e+01 1.375463495796183011e+01 1.375774014196741390e+01 1.535574040842576160e+01 1.536871866652389507e+01
4.108115607114982915e+00 4.160192758954518233e+00 7.877338619662953789e+00 7.880905058353010695e+00 9.570415737260455913e+00 9.583919990315019177e+00 1.206703734815356377e+01 1.211830724095796796e+01 1.360456504281928147e+01 1.361076967474451394e+01 1.554315631935383024e+01 1.557268589225818189e+01
4.200097205302013137e+00 4.307900650592920044e+00 7.516490176556881231e+00 7.523632737738269682e+00 9.522049019940075354e+00 9.541061722146128687e+00 1.212309406267712220e+01 1.222110916388840351e+01 1.343357016340034882e+01 1.344618987752724948e+01 1.577761566976309027e+01 1.583319726611577316e+01
4.318942550482685050e+00 4.489801935085279361e+00 7.101007579631688493e+00 7.112693342105376182e+00 9.384792649957555355e+00 9.408935836731165736e+00 1.220271941930757009e+01 1.235840201746827205e+01 1.327970328711440473e+01 1.330328236632651162e+01 1.601661174709980173e+01 1.611169018263217367e+01
4.454852683563360394e+00 4.685566908765996352e+00 6.650673844887294628e+00 6.668410905640306474e+00 9.160867554884418951e+00 9.190016025866484028e+00 1.230174934865656944e+01 1.251285715012882882e+01 1.315762061010948436e+01 1.320166579697806775e+01 1.623847397166643347e+01 1.639258482384420645e+01
4.596653319915467328e+00 4.874901984776204955e+00 6.181656262740239605e+00 6.208465013780249286e+00 8.861272487611916659e+00 8.895808637489071913e+00 1.241184519871191760e+01 1.265106209314493668e+01 1.306994574923198016e+01 1.315742822465625039e+01 1.643429330990612414e+01 1.667438644726406238e+01
4.730585767427379906e+00 5.032496587051824122e+00 5.711500750323134312e+00 5.757708207068154671e+00 8.499537946095545138e+00 8.541263213077721517e+00 1.252034080074653666e+01 1.273248740127991852e+01 1.301520233997927356e+01 1.318381489423818920e+01 1.660329037341809411e+01 1.696347567234938936e+01
4.825691727480281301e+00 5.062890645942821344e+00 5.273236467805569205e+00 5.412675843910622397e+00 8.090302782824316807e+00 8.144415753210672904e+00 1.261199628954749663e+01 1.275689589964552617e+01 1.299139696799285026e+01 1.325244824198714610e+01 1.674988636692716781e+01 1.726818831185829950e+01
4.697047874920857069e+00 4.757054043657219289e+00 5.058178619813777033e+00 5.370342902013202746e+00 7.652206530879117174e+00 7.730865824144704135e+00 1.267563934450584107e+01 1.275841836503528626e+01 1.299291164601356741e+01 1.330696103127883489e+01 1.688110086007448274e+01 1.759280176711866517e+01
4.342344065309807988e+00 4.374645632148840946e+00 5.056314834152936477e+00 5.352400640602775539e+00 7.215464471047809525e+00 7.342419219020199783e+00 1.271335213154559618e+01 1.275733802823239493e+01 1.300400063572862130e+01 1.331626262953619211e+01 1.700386588377438457e+01 1.793349546644735426e+01
4.002487524163419685e+00 4.030104435249075578e+00 4.989665318675481132e+00 5.211936241242774770e+00 6.832135241009992477e+00 7.039938847127245047e+00 1.273649847062382889e+01 1.275979989080678223e+01 1.300500160371484704e+01 1.327547356155212377e+01 1.712257594767966395e+01 1.827823713866890998e+01
3.717424049263261754e+00 3.741647196166958178e+00 4.777597875734469035e+00 4.908485586006481327e+00 6.566978978681048851e+00 6.867282673789357972e+00 1.275392441477354488e+01 1.276636830062913397e+01 1.298542576916689839e+01 1.319443955476796226e+01 1.723761433176687063e+01 1.860988940353824006e+01
3.496310112548133286e+00 3.515417303753821443e+00 4.416805519496328714e+00 4.481152643374303857e+00 6.438846668703210874e+00 6.803898957982316809e+00 1.276919156511725006e+01 1.277562349586874291e+01 1.294645270613487931e+01 1.309016117557123593e+01 1.734538265648562572e+01 1.891005672139363369e+01
3.338507765411370176e+00 3.350823642736296737e+00 3.982552821528463571e+00 4.011654221241578888e+00 6.401549761939383743e+00 6.798595978274310170e+00 1.278272203072526203e+01 1.278556450988953763e+01 1.289700343741716182e+01 1.298205947238897551e+01 1.743962926136366676e+01 1.916192245598838895e+01
3.236952164177267388e+00 3.242195599026600039e+00 3.570957687796470825e+00 3.583116264964374853e+00 6.403485396497445414e+00 6.813910896894283198e+00 1.279361133803758932e+01 1.279427442654012914e+01 1.284929209780664650e+01 1.288881665092645790e+01 1.751331229537636958e+01 1.935178293798458782e+01
3.181539471785744144e+00 3.181752764421337698e+00 3.272485236121362995e+00 3.276917048473463545e+00 6.414188865692182162e+00 6.829543518218648579e+00 1.280007991547153523e+01 1.280081463331593206e+01 1.281507350211414753e+01 1.282594725213057529e+01 1.756027584304117184e+01 1.946969162136064213e+01
3.162327184048204565e+00 3.162328823244201725e+00 3.164490859355188146e+00 3.164492523573258609e+00 6.419176180027859502e+00 6.835729569424071173e+00 1.280232563725606987e+01 1.280233829084832387e+01 1.280361053687590278e+01 1.280362373115688612e+01 1.757640881209403361e+01 1.950965985231016120e+01
3.346806448150918989e+00 4.217299992193324520e+00 5.434795505100312951e+00 5.435126381573254228e+00 1.036057480540131337e+01 1.037489186244275530e+01 1.114375550663059755e+01 1.163361357389341855e+01 1.283750365841841301e+01 1.283804653440395960e+01 1.685962758238665415e+01 1.697853393444301773e+01
3.265327087044050280e+00 4.589608641014723212e+00 5.160761362962032806e+00 5.694213642397290442e+00 1.025632969233558711e+01 1.043838711823504362e+01 1.097525320178874075e+01 1.183575668229599387e+01 1.280848391356366811e+01 1.286766024573526046e+01 1.668888366598509521e+01 1.713914500071017244e+01
3.387565803259371400e+00 4.880729942973855096e+00 5.294826559645485986e+00 5.931176927173940072e+00 1.009315130902773028e+01 1.047231742246134623e+01 1.076645772919878219e+01 1.215445680044915733e+01 1.278089157974845591e+01 1.289694322006368132e+01 1.646750264531547003e+01 1.733338990028115489e+01
3.829045338987940639e+00 4.605956164182757995e+00 6.034471379646004330e+00 6.140045351919066974e+00 9.874190348969200670e+00 1.046129205569328491e+01 1.069648538400457838e+01 1.243038394771928168e+01 1.275596881548188399e+01 1.292439546864283706e+01 1.624807720591288174e+01 1.751589937592601842e+01
4.349541040635497957e+00 4.427686326766825609e+00 6.316321030113483559e+00 6.705381727390681945e+00 9.626002609549187738e+00 1.038820345562901259e+01 1.081373292446947332e+01 1.261786325446523804e+01 1.273454476282910441e+01 1.294881496116676622e+01 1.603642317411187790e+01 1.768539067448639912e+01
4.126281812389652970e+00 5.008419424577580159e+00 6.456611111166594696e+00 7.277709883087096543e+00 9.381530233919837869e+00 1.026452177572336311e+01 1.108854718534033523e+01 1.270553510069377445e+01 1.271758289249371998e+01 1.296909889796201298e+01 1.583258550307727042e+01 1.783865540525360061e+01
3.951670930591875130e+00 5.456869182003222463e+00 6.558457285632813161e+00 7.758314629701216880e+00 9.169228156351437065e+00 1.010017129368999456e+01 1.145112794606178142e+01 1.270349680297874606e+01 1.270915396174253509e+01 1.298431018268519388e+01 1.564235554304805831e+01 1.796574524789732052e+01
3.839961800337401421e+00 5.726567895317630885e+00 6.620201080985872011e+00 8.126399772791430109e+00 9.017961865329763071e+00 9.931775781899952804e+00 1.178683477077016484e+01 1.265413614870392678e+01 1.269683767957474707e+01 1.299373514695388643e+01 1.549388225315818524e+01 1.805141600112619926e+01
3.801460507042613735e+00 5.815007211754982919e+00 6.640886420212789965e+00 8.279402484334536183e+00 8.959612629908647818e+00 9.851640927263504821e+00 1.193751494887216502e+01 1.261143420095733170e+01 1.269418120010149309e+01 1.299692744443449754e+01 1.543540466179493897e+01 1.808181846045066621e+01
6.536017284528583993e+00 7.029259288508083792e+00 7.030110299551010300e+00 8.384116129144372209e+00 8.386090026597155855e+00 9.560067630393623617e+00 1.223409943420455370e+01 1.223552229147936110e+01 1.338762573309336013e+01 1.428811906407180565e+01 1.442468142456734626e+01 1.442785078667945164e+01
6.587009832399631115e+00 6.793240292937889002e+00 6.794282078134347813e+00 8.539365598270023838e+00 8.541423454710086460e+00 9.531331115289548350e+00 1.221811456032599530e+01 1.222084548269610416e+01 1.339831046776717294e+01 1.427559417796458163e+01 1.447269244849501568e+01 1.447611457060012796e+01
6.274443755029954772e+00 6.275664433103245621e+00 6.734531460958395499e+00 8.827274001302386708e+00 8.829989427765102761e+00 9.445524216168788456e+00 1.217695371520251513e+01 1.218375745888252482e+01 1.342984108286391098e+01 1.423893413285946608e+01 1.460251370193629405e+01 1.460773624249802971e+01
5.664135809613747519e+00 5.665245531036155135e+00 6.963608976076927526e+00 9.091112249104231324e+00 9.093775873357444084e+00 9.303977289328750899e+00 1.212827354751120268e+01 1.213624462476278509e+01 1.348069313884355402e+01 1.418073769346151281e+01 1.478200769399875725e+01 1.478764721093924628e+01
5.056937782937205306e+00 5.057866852496704979e+00 7.253286517066509731e+00 9.109284708923427232e+00 9.291313013879682003e+00 9.292883007237705328e+00 1.208627780445712752e+01 1.209053154859651613e+01 1.354846776648667372e+01 1.410490627032300992e+01 1.497231909975718267e+01 1.497544415084977842e+01
4.529964560614685887e+00 4.530676151764899018e+00 7.580506197792575840e+00 8.865793753996877413e+00 9.424783345954271141e+00 9.425737286152251926e+00 1.205490121450222318e+01 1.205715933124820438e+01 1.363006313348310705e+01 1.401613890117256567e+01 1.513558674870670195e+01 1.513731711991981044e+01
4.163935343948446999e+00 4.164330867887985121e+00 7.923132280137476613e+00 8.580127967818272694e+00 9.498872236464334762e+00 9.500639214876978045e+00 1.203308328591897869e+01 1.204106729469907933e+01 1.372184200195919779e+01 1.391944585759111064e+01 1.524260039634407882e+01 1.524786007832581625e+01
4.031648540045368989e+00 4.031656468967727669e+00 8.261142472907083700e+00 8.262258130128746103e+00 9.522466428075262002e+00 9.524590500128258697e+00 1.202583444216453756e+01 1.203604235587901883e+01 1.381854189846947456e+01 1.382100192448627496e+01 1.528002180866337234e+01 1.528673592481037424e+01
