-7.556500953239337903e-01
-6.535554722862363386e-01
-5.514608492485386648e-01
-4.493662262108410466e-01
-3.472716031731434283e-01
-2.451769801354458378e-01
-1.430823570977482750e-01
-4.098773406005062903e-02
6.110688897764693372e-02
1.632015120153444965e-01
2.652961350530421702e-01
3.673907580907397330e-01
4.694853811284372402e-01
5.715800041661348585e-01
6.736746272038326433e-01
7.757692502415300950e-01
8.778638732792276578e-01
9.799584963169251095e-01
1.082053119354623005e+00
1.184147742392320346e+00
1.286242365430018131e+00
1.388336988467715472e+00
1.490431611505413256e+00
1.592526234543110819e+00
1.694620857580808160e+00
1.796715480618505945e+00
1.898810103656203285e+00
2.000904726693901292e+00
2.102999349731598855e+00
2.205093972769296418e+00
2.307188595806993980e+00
2.409283218844691543e+00
2.511377841882389106e+00
2.613472464920087113e+00
2.715567087957784231e+00
2.817661710995482238e+00
2.919756334033179357e+00
3.021850957070877364e+00
3.123945580108574482e+00
3.226040203146272489e+00
3.328134826183970052e+00
3.430229449221667171e+00
3.532324072259364733e+00
3.634418695297062740e+00
3.736513318334760303e+00
3.838607941372457866e+00
3.940702564410156317e+00
4.042797187447853879e+00
4.144891810485550998e+00
4.246986433523249005e+00
4.349081056560946124e+00
4.451175679598644130e+00
4.553270302636341249e+00
4.655364925674039256e+00
4.757459548711736375e+00
4.859554171749434381e+00
4.961648794787132388e+00
5.063743417824829507e+00
5.165838040862526626e+00
5.267932663900225521e+00
5.370027286937922639e+00
5.472121909975619758e+00
5.574216533013316877e+00
5.676311156051014883e+00
5.778405779088712890e+00
5.880500402126410009e+00
5.982595025164108016e+00
6.084689648201805134e+00
6.186784271239503141e+00
6.288878894277200260e+00
6.390973517314898267e+00
6.493068140352595385e+00
6.595162763390293392e+00
6.697257386427991399e+00
6.799352009465688518e+00
6.901446632503386525e+00
7.003541255541083643e+00
7.105635878578781650e+00
7.207730501616479657e+00
7.309825124654175887e+00
7.411919747691874782e+00
7.514014370729572789e+00
7.616108993767268132e+00
7.718203616804966138e+00
7.820298239842663257e+00
7.922392862880361264e+00
8.024487485918060159e+00
8.126582108955755501e+00
8.228676731993454396e+00
8.330771355031151515e+00
8.432865978068848634e+00
8.534960601106547529e+00
8.637055224144244647e+00
8.739149847181941766e+00
8.841244470219640661e+00
8.943339093257337780e+00
9.045433716295034898e+00
9.147528339332732017e+00
9.249622962370430912e+00
9.351717585408128031e+00
9.453812208445825149e+00
9.555906831483522268e+00
9.658001454521219387e+00
9.760096077558918282e+00
9.862190700596615400e+00
9.964285323634312519e+00
1.006637994667201141e+01
1.016847456970970853e+01
1.027056919274740565e+01
1.037266381578510455e+01
1.047475843882279989e+01
1.057685306186049878e+01
1.067894768489819768e+01
1.078104230793589302e+01
1.088313693097359192e+01
1.098523155401129081e+01
1.108732617704898615e+01
1.118942080008668505e+01
1.129151542312438217e+01
1.139361004616207929e+01
1.149570466919977818e+01
1.159779929223747352e+01
1.169989391527517242e+01
1.180198853831287131e+01
1.190408316135056666e+01
1.200617778438826555e+01
1.210827240742596267e+01
1.221036703046365979e+01
1.231246165350135868e+01
1.241455627653905580e+01
1.251665089957675292e+01
1.261874552261445004e+01
1.272084014565214893e+01
1.282293476868984605e+01
1.292502939172754317e+01
1.302712401476524207e+01
1.312921863780293918e+01
1.323131326084063630e+01
1.333340788387833342e+01
1.343550250691603054e+01
1.353759712995372944e+01
1.363969175299142655e+01
1.374178637602912367e+01
1.384388099906682257e+01
1.394597562210451969e+01
1.404807024514221681e+01
1.415016486817991570e+01
1.425225949121761104e+01
1.435435411425530994e+01
1.445644873729300883e+01
1.455854336033070595e+01
1.466063798336840129e+01
1.476273260640610019e+01
1.486482722944379731e+01
1.496692185248149620e+01
1.506901647551919332e+01
1.517111109855689222e+01
1.527320572159458756e+01
1.537530034463228468e+01
1.547739496766998357e+01
1.557948959070768069e+01
1.568158421374537959e+01
1.578367883678307848e+01
1.588577345982077205e+01
1.598786808285847094e+01
1.608996270589616984e+01
1.619205732893386696e+01
1.629415195197156407e+01
1.639624657500926119e+01
1.649834119804695831e+01
1.660043582108465543e+01
1.670253044412235610e+01
1.680462506716005322e+01
1.690671969019775034e+01
1.700881431323544746e+01
1.711090893627314458e+01
1.721300355931084169e+01
1.731509818234854237e+01
1.741719280538623948e+01
1.751928742842393660e+01
1.762138205146163017e+01
1.772347667449933084e+01
1.782557129753702796e+01
1.792766592057472508e+01
1.802976054361242575e+01
1.813185516665011932e+01
1.823394978968781643e+01
1.833604441272551711e+01
1.843813903576321422e+01
1.854023365880091134e+01
1.864232828183861201e+01
1.874442290487630558e+01
1.884651752791400270e+01
1.894861215095169982e+01
1.905070677398940049e+01
1.915280139702709761e+01
1.925489602006479473e+01
1.935699064310249184e+01
1.945908526614018896e+01
1.956117988917788608e+01
