0.000000000000000000e+00
3.833992368456189126e-02
7.667984736912378252e-02
1.150197710536856738e-01
1.533596947382475650e-01
1.916996184228094702e-01
2.300395421073713476e-01
2.683794657919332249e-01
3.067193894764951301e-01
3.422781189112703570e-01
3.778368483460455840e-01
4.133955777808208110e-01
4.489543072155960379e-01
4.845130366503712649e-01
5.200717660851466029e-01
5.556304955199218298e-01
5.911892249546970568e-01
6.267479543894722838e-01
6.623066838242475107e-01
6.978654132590227377e-01
7.334241426937979647e-01
7.689828721285731916e-01
8.045416015633484186e-01
8.401003309981236455e-01
8.756590604328988725e-01
8.756590604328988725e-01
9.107229988228473516e-01
9.457869372127959418e-01
9.808508756027444209e-01
1.015914813992693011e+00
1.050978752382641490e+00
1.086042690772589969e+00
1.121106629162538448e+00
1.156170567552487149e+00
1.191234505942435629e+00
1.226298444332384108e+00
1.261362382722332587e+00
1.296426321112281066e+00
1.331490259502229545e+00
1.366554197892178024e+00
1.401618136282126725e+00
1.436682074672075204e+00
1.471746013062023684e+00
1.506809951451972385e+00
1.541556530398655145e+00
1.576303109345337905e+00
1.611049688292020665e+00
1.645796267238703425e+00
1.680542846185385963e+00
1.715289425132068724e+00
1.750036004078751484e+00
1.784782583025434244e+00
1.819529161972117004e+00
1.819529161972117004e+00
1.856244807498744542e+00
1.892960453025371859e+00
1.929676098551999397e+00
1.966391744078626935e+00
2.003107389605254252e+00
2.039823035131881568e+00
2.076538680658509328e+00
2.113254326185136645e+00
2.149969971711763961e+00
2.183234069847148628e+00
2.216498167982533740e+00
2.249762266117918408e+00
2.283026364253303520e+00
2.316290462388688187e+00
2.349554560524072855e+00
2.382818658659457967e+00
2.416082756794842634e+00
2.449346854930227302e+00
2.482610953065612414e+00
2.515875051200997081e+00
2.549139149336381749e+00
2.582403247471766861e+00
2.615667345607151528e+00
2.648931443742536640e+00
2.682195541877921308e+00
2.715459640013306419e+00
2.748723738148691087e+00
2.748723738148691087e+00
2.781613669208605977e+00
2.814503600268521311e+00
2.847393531328436200e+00
2.880283462388351090e+00
2.913173393448266424e+00
2.946063324508181314e+00
2.978953255568096203e+00
3.011843186628011537e+00
3.044733117687926427e+00
3.077623048747841761e+00
3.110512979807756651e+00
3.143402910867671540e+00
3.176292841927586874e+00
3.209182772987501764e+00
3.242072704047416654e+00
3.274962635107331987e+00
3.307852566167246877e+00
3.340742497227162211e+00
