-3.455207552424368611e+00
-3.332141554705162712e+00
-3.209075556985956812e+00
-3.086009559266750912e+00
-2.962943561547545013e+00
-2.839877563828339113e+00
-2.716811566109133214e+00
-2.593745568389927314e+00
-2.470679570670721414e+00
-2.347613572951515515e+00
-2.224547575232309615e+00
-2.101481577513103272e+00
-1.978415579793897372e+00
-1.855349582074691694e+00
-1.732283584355485573e+00
-1.609217586636279895e+00
-1.486151588917073774e+00
-1.363085591197867874e+00
-1.240019593478661752e+00
-1.116953595759456297e+00
-9.938875980402502863e-01
-8.708216003210442757e-01
-7.477556026018382651e-01
-6.246896048826322545e-01
-5.016236071634262439e-01
-3.785576094442206219e-01
-2.554916117250146113e-01
-1.324256140058085729e-01
-9.359616286602567489e-03
1.137063814326034483e-01
2.367723791518090426e-01
3.598383768710150532e-01
4.829043745902210638e-01
6.059703723094270744e-01
7.290363700286330850e-01
8.521023677478390956e-01
9.751683654670451062e-01
1.098234363186251006e+00
1.221300360905456239e+00
1.344366358624662361e+00
1.467432356343868260e+00
1.590498354063074382e+00
1.713564351782280282e+00
1.836630349501486403e+00
1.959696347220692303e+00
2.082762344939898203e+00
2.205828342659104546e+00
2.328894340378310446e+00
2.451960338097516345e+00
2.575026335816721357e+00
2.698092333535927700e+00
2.821158331255133600e+00
2.944224328974339500e+00
3.067290326693545399e+00
3.190356324412751743e+00
3.313422322131957642e+00
3.436488319851163542e+00
3.559554317570369442e+00
3.682620315289575785e+00
3.805686313008780797e+00
3.928752310727986696e+00
4.051818308447193040e+00
4.174884306166398495e+00
4.297950303885605727e+00
4.421016301604811183e+00
4.544082299324015750e+00
4.667148297043222982e+00
4.790214294762428437e+00
4.913280292481634781e+00
5.036346290200840237e+00
5.159412287920046580e+00
5.282478285639252036e+00
5.405544283358459268e+00
5.528610281077663835e+00
5.651676278796871067e+00
5.774742276516076522e+00
5.897808274235281090e+00
6.020874271954488322e+00
6.143940269673693777e+00
6.267006267392900121e+00
6.390072265112105576e+00
6.513138262831311920e+00
6.636204260550517375e+00
6.759270258269724607e+00
6.882336255988929175e+00
7.005402253708136406e+00
7.128468251427341862e+00
7.251534249146546429e+00
7.374600246865753661e+00
7.497666244584958228e+00
7.620732242304166348e+00
7.743798240023370028e+00
7.866864237742576371e+00
7.989930235461783603e+00
8.112996233180989947e+00
8.236062230900193626e+00
8.359128228619400858e+00
8.482194226338608090e+00
8.605260224057811769e+00
8.728326221777017224e+00
8.851392219496224456e+00
8.974458217215431688e+00
9.097524214934635367e+00
9.220590212653842599e+00
9.343656210373048054e+00
9.466722208092255286e+00
9.589788205811458965e+00
9.712854203530666197e+00
9.835920201249873429e+00
9.958986198969077108e+00
1.008205219668828256e+01
1.020511819440748980e+01
1.032818419212669703e+01
1.045125018984590071e+01
1.057431618756510794e+01
1.069738218528431339e+01
1.082044818300352063e+01
1.094351418072272430e+01
1.106658017844193154e+01
1.118964617616113877e+01
1.131271217388034245e+01
1.143577817159954790e+01
1.155884416931875514e+01
1.168191016703795881e+01
1.180497616475716605e+01
1.192804216247637328e+01
1.205110816019557873e+01
1.217417415791478241e+01
1.229724015563398964e+01
1.242030615335319688e+01
1.254337215107240056e+01
1.266643814879160601e+01
1.278950414651081324e+01
1.291257014423002047e+01
1.303563614194922415e+01
1.315870213966843139e+01
1.328176813738763862e+01
1.340483413510684407e+01
1.352790013282604775e+01
1.365096613054525498e+01
1.377403212826446222e+01
1.389709812598366589e+01
1.402016412370287135e+01
1.414323012142207858e+01
1.426629611914128581e+01
1.438936211686048949e+01
1.451242811457969673e+01
1.463549411229890218e+01
1.475856011001810941e+01
1.488162610773731309e+01
1.500469210545652032e+01
1.512775810317572756e+01
1.525082410089493123e+01
1.537389009861413669e+01
1.549695609633334392e+01
1.562002209405255115e+01
1.574308809177175483e+01
1.586615408949096206e+01
1.598922008721016752e+01
1.611228608492937653e+01
1.623535208264857843e+01
1.635841808036778389e+01
1.648148407808699289e+01
1.660455007580619480e+01
1.672761607352540381e+01
1.685068207124460926e+01
1.697374806896381472e+01
1.709681406668302017e+01
1.721988006440222563e+01
1.734294606212143464e+01
1.746601205984064009e+01
1.758907805755984555e+01
1.771214405527905100e+01
1.783521005299825646e+01
1.795827605071746191e+01
1.808134204843666737e+01
1.820440804615587638e+01
1.832747404387508183e+01
1.845054004159428374e+01
1.857360603931349274e+01
1.869667203703269820e+01
1.881973803475190721e+01
1.894280403247110911e+01
1.906587003019031457e+01
1.918893602790952357e+01
1.931200202562872548e+01
1.943506802334793448e+01
1.955813402106713994e+01
1.968120001878634540e+01
1.980426601650555085e+01
1.992733201422475631e+01
2.005039801194396532e+01
2.017346400966317077e+01
2.029653000738237623e+01
2.041959600510158168e+01
2.054266200282078714e+01
2.066572800053999259e+01
2.078879399825919805e+01
2.091185999597840706e+01
2.103492599369761251e+01
