0.000000000000000000e+00
2.900188285165999219e-02
5.800376570331998438e-02
8.700564855497996963e-02
1.160075314066399688e-01
1.450094142582999679e-01
1.740112971099599393e-01
2.030131799616199384e-01
2.320150628132799375e-01
2.610169456649399367e-01
2.900188285165999358e-01
3.189238524492423177e-01
3.478288763818846996e-01
3.767339003145271370e-01
4.056389242471695189e-01
4.345439481798119008e-01
4.634489721124542827e-01
4.923539960450966646e-01
5.212590199777390465e-01
5.501640439103814284e-01
5.790690678430239213e-01
5.790690678430239213e-01
6.063208506407443688e-01
6.335726334384648162e-01
6.608244162361852636e-01
6.880761990339057110e-01
7.153279818316261585e-01
7.425797646293466059e-01
7.698315474270670533e-01
7.970833302247875007e-01
8.243351130225079482e-01
8.515868958202283956e-01
8.788386786179487320e-01
9.060904614156692904e-01
9.333422442133896269e-01
9.605940270111101853e-01
9.878458098088305217e-01
1.015016060032401191e+00
1.042186310255971637e+00
1.069356560479542306e+00
1.096526810703112753e+00
1.123697060926683422e+00
1.150867311150253869e+00
1.178037561373824538e+00
1.205207811597395207e+00
1.232378061820965653e+00
1.259548312044536322e+00
1.286718562268106769e+00
1.313888812491677438e+00
1.341059062715248107e+00
1.368229312938818554e+00
1.395399563162389223e+00
1.395399563162389223e+00
1.421719426745049475e+00
1.448039290327709505e+00
1.474359153910369757e+00
1.500679017493029788e+00
1.526998881075690040e+00
1.553318744658350070e+00
1.579638608241010322e+00
1.605958471823670353e+00
1.632278335406330605e+00
1.658598198988990635e+00
1.684918062571650887e+00
1.711237926154311140e+00
1.737557789736971170e+00
1.763877653319631422e+00
1.790197516902291452e+00
1.816517380484951705e+00
1.842837244067611735e+00
1.869157107650271987e+00
1.895476971232932240e+00
1.921687124633255861e+00
1.947897278033579482e+00
1.974107431433903326e+00
2.000317584834226725e+00
2.026527738234550569e+00
2.052737891634874412e+00
2.078948045035197811e+00
2.105158198435521655e+00
2.131368351835845054e+00
2.157578505236168898e+00
2.183788658636492741e+00
2.183788658636492741e+00
2.209294359922158169e+00
2.234800061207824040e+00
2.260305762493489468e+00
2.285811463779155339e+00
2.311317165064820767e+00
2.336822866350486638e+00
2.362328567636152066e+00
2.387834268921817937e+00
2.413339970207483365e+00
2.438845671493148792e+00
2.464351372778814664e+00
2.489857074064480091e+00
2.515362775350145963e+00
2.540868476635811390e+00
2.566374177921477262e+00
2.591879879207142690e+00
