-1.773354918332369634e-01
-4.990138813262599143e-02
7.753271556798496666e-02
2.049668192685959178e-01
3.324009229692068690e-01
4.598350266698178479e-01
5.872691303704288268e-01
7.147032340710397502e-01
8.421373377716506736e-01
9.695714414722617080e-01
1.097005545172872631e+00
1.224439648873483666e+00
1.351873752574094478e+00
1.479307856274705513e+00
1.606741959975316547e+00
1.734176063675927359e+00
1.861610167376538394e+00
1.989044271077149650e+00
2.116478374777760685e+00
2.243912478478371497e+00
2.371346582178982310e+00
2.498780685879593566e+00
2.626214789580204378e+00
2.753648893280815191e+00
2.881082996981426447e+00
3.008517100682037260e+00
3.135951204382648072e+00
3.263385308083259329e+00
3.390819411783870141e+00
3.518253515484480953e+00
3.645687619185092210e+00
3.773121722885703022e+00
3.900555826586313835e+00
4.027989930286924647e+00
4.155424033987535459e+00
4.282858137688147160e+00
4.410292241388757972e+00
4.537726345089368785e+00
4.665160448789979597e+00
4.792594552490590409e+00
4.920028656191201222e+00
5.047462759891812922e+00
5.174896863592423735e+00
5.302330967293034547e+00
5.429765070993645359e+00
5.557199174694256172e+00
5.684633278394866984e+00
5.812067382095478685e+00
5.939501485796089497e+00
6.066935589496700310e+00
6.194369693197311122e+00
6.321803796897921934e+00
6.449237900598532747e+00
6.576672004299144447e+00
6.704106107999755260e+00
6.831540211700366072e+00
6.958974315400976884e+00
7.086408419101587697e+00
7.213842522802198509e+00
7.341276626502810210e+00
7.468710730203421022e+00
7.596144833904030946e+00
7.723578937604642647e+00
7.851013041305254347e+00
7.978447145005864272e+00
8.105881248706474196e+00
8.233315352407085896e+00
8.360749456107697597e+00
8.488183559808309298e+00
8.615617663508919222e+00
8.743051767209530922e+00
8.870485870910142623e+00
8.997919974610752547e+00
9.125354078311362471e+00
9.252788182011974172e+00
9.380222285712585872e+00
9.507656389413195797e+00
9.635090493113805721e+00
9.762524596814417421e+00
9.889958700515029122e+00
1.001739280421564082e+01
1.014482690791625075e+01
1.027226101161686245e+01
1.039969511531747415e+01
1.052712921901808407e+01
1.065456332271869400e+01
1.078199742641930570e+01
1.090943153011991740e+01
1.103686563382052732e+01
1.116429973752113725e+01
1.129173384122174895e+01
1.141916794492236065e+01
1.154660204862297235e+01
1.167403615232358227e+01
1.180147025602419397e+01
1.192890435972480567e+01
1.205633846342541560e+01
1.218377256712602552e+01
1.231120667082663722e+01
1.243864077452724892e+01
1.256607487822785885e+01
1.269350898192846877e+01
1.282094308562908047e+01
1.294837718932969217e+01
1.307581129303030387e+01
1.320324539673091380e+01
1.333067950043152550e+01
1.345811360413213720e+01
1.358554770783274712e+01
1.371298181153335705e+01
1.384041591523396875e+01
1.396785001893458045e+01
1.409528412263519037e+01
1.422271822633580030e+01
1.435015233003641200e+01
1.447758643373702370e+01
1.460502053743763540e+01
1.473245464113824532e+01
1.485988874483885702e+01
1.498732284853946872e+01
1.511475695224007687e+01
1.524219105594068679e+01
1.536962515964129672e+01
1.549705926334191020e+01
1.562449336704252012e+01
1.575192747074313004e+01
1.587936157444374352e+01
1.600679567814435345e+01
1.613422978184496515e+01
1.626166388554557329e+01
1.638909798924618499e+01
1.651653209294679669e+01
1.664396619664740840e+01
1.677140030034802010e+01
1.689883440404863180e+01
1.702626850774924350e+01
1.715370261144985164e+01
1.728113671515046335e+01
1.740857081885107149e+01
1.753600492255168675e+01
1.766343902625229489e+01
1.779087312995290660e+01
1.791830723365351830e+01
1.804574133735413000e+01
1.817317544105473814e+01
1.830060954475534984e+01
1.842804364845596155e+01
1.855547775215657325e+01
1.868291185585718495e+01
1.881034595955779309e+01
1.893778006325840835e+01
1.906521416695901650e+01
1.919264827065962820e+01
1.932008237436023634e+01
1.944751647806084804e+01
1.957495058176145974e+01
1.970238468546207145e+01
1.982981878916268315e+01
1.995725289286329485e+01
2.008468699656390655e+01
2.021212110026451469e+01
2.033955520396512640e+01
2.046698930766573454e+01
2.059442341136634980e+01
2.072185751506695794e+01
2.084929161876756964e+01
2.097672572246818135e+01
2.110415982616879305e+01
2.123159392986940119e+01
2.135902803357001289e+01
2.148646213727062459e+01
2.161389624097123630e+01
2.174133034467184800e+01
2.186876444837245614e+01
2.199619855207307140e+01
2.212363265577367955e+01
2.225106675947429125e+01
2.237850086317489939e+01
2.250593496687551109e+01
2.263336907057612279e+01
2.276080317427673450e+01
2.288823727797734264e+01
2.301567138167795790e+01
2.314310548537856960e+01
2.327053958907917774e+01
2.339797369277978945e+01
2.352540779648039759e+01
2.365284190018101285e+01
2.378027600388162099e+01
2.390771010758223269e+01
2.403514421128284440e+01
2.416257831498345610e+01
2.429001241868406424e+01
2.441744652238467594e+01
2.454488062608528764e+01
2.467231472978589935e+01
2.479974883348651105e+01
2.492718293718711919e+01
2.505461704088773445e+01
2.518205114458833904e+01
