0.000000000000000000e+00
3.663209166848301751e-02
7.326418333696603502e-02
1.098962750054490456e-01
1.465283666739320700e-01
1.831604583424150945e-01
2.197925500108980912e-01
2.564246416793811156e-01
2.930567333478641401e-01
3.296888250163471645e-01
3.663209166848301890e-01
4.029530083533132134e-01
4.395851000217961824e-01
4.762171916902792068e-01
5.128492833587622313e-01
5.494813750272452557e-01
5.861387206234675018e-01
6.227960662196896369e-01
6.594534118159118830e-01
6.961107574121340180e-01
7.327681030083562641e-01
7.694254486045783992e-01
8.060827942008006453e-01
8.427401397970228913e-01
8.427401397970228913e-01
8.771990823890285505e-01
9.116580249810340986e-01
9.461169675730397577e-01
9.805759101650453058e-01
1.015034852757050965e+00
1.049493795349056624e+00
1.083952737941062283e+00
1.118411680533067720e+00
1.152870623125073379e+00
1.187329565717079038e+00
1.221788508309084698e+00
1.256247450901090357e+00
1.290706393493096016e+00
1.325165336085101675e+00
1.359624278677107112e+00
1.394083221269112771e+00
1.428542163861118430e+00
1.463001106453123867e+00
1.499396260614308529e+00
1.535791414775492969e+00
1.572186568936677631e+00
1.608581723097862071e+00
1.644976877259046733e+00
1.681372031420231394e+00
1.717767185581415834e+00
1.754162339742600496e+00
1.790557493903784936e+00
1.826952648064969598e+00
1.826952648064969598e+00
1.862784351185140297e+00
1.898616054305311218e+00
1.934447757425481917e+00
1.970279460545652839e+00
2.006111163665823316e+00
2.041942866785994237e+00
2.077774569906165159e+00
2.113606273026335636e+00
2.149437976146506557e+00
2.185269679266677478e+00
2.221101382386848400e+00
2.256933085507018877e+00
2.292764788627189798e+00
2.328596491747360275e+00
2.364428194867531197e+00
2.400259897987702118e+00
2.436091601107873039e+00
2.470965433268337286e+00
2.505839265428801976e+00
2.540713097589266223e+00
2.575586929749730469e+00
2.610460761910194716e+00
2.645334594070659406e+00
2.680208426231123653e+00
2.715082258391587899e+00
2.749956090552052146e+00
2.784829922712516836e+00
2.784829922712516836e+00
2.818024129525670052e+00
2.851218336338823267e+00
2.884412543151976482e+00
2.917606749965129698e+00
2.950800956778282913e+00
2.983995163591436572e+00
3.017189370404589788e+00
3.050383577217743003e+00
3.083577784030896218e+00
3.116771990844049434e+00
3.149966197657202649e+00
3.183160404470355864e+00
3.216354611283509080e+00
3.249548818096662295e+00
3.282743024909815510e+00
3.315937231722968725e+00
3.349131438536121941e+00
3.382325645349275156e+00
