-1.245075039778717196e-01
7.358439124872911095e-03
1.392243822276175436e-01
2.710903253303622029e-01
4.029562684331068345e-01
5.348222115358515216e-01
6.666881546385960977e-01
7.985540977413406738e-01
9.304200408440853609e-01
1.062285983946829937e+00
1.194151927049574624e+00
1.326017870152319311e+00
1.457883813255063776e+00
1.589749756357808685e+00
1.721615699460553151e+00
1.853481642563297616e+00
1.985347585666042303e+00
2.117213528768786990e+00
2.249079471871531233e+00
2.380945414974275920e+00
2.512811358077021051e+00
2.644677301179765294e+00
2.776543244282509981e+00
2.908409187385254668e+00
3.040275130487998911e+00
3.172141073590744043e+00
3.304007016693488730e+00
3.435872959796233417e+00
3.567738902898977660e+00
3.699604846001722347e+00
3.831470789104467478e+00
3.963336732207212609e+00
4.095202675309956852e+00
4.227068618412701539e+00
4.358934561515446227e+00
4.490800504618190914e+00
4.622666447720934713e+00
4.754532390823680288e+00
4.886398333926424975e+00
5.018264277029168774e+00
5.150130220131914349e+00
5.281996163234658148e+00
5.413862106337402835e+00
5.545728049440148411e+00
5.677593992542892209e+00
5.809459935645636897e+00
5.941325878748381584e+00
6.073191821851126271e+00
6.205057764953870958e+00
6.336923708056615645e+00
6.468789651159360332e+00
6.600655594262105019e+00
6.732521537364849706e+00
6.864387480467594393e+00
6.996253423570339081e+00
7.128119366673083768e+00
7.259985309775827567e+00
7.391851252878573142e+00
7.523717195981317829e+00
7.655583139084061628e+00
7.787449082186806315e+00
7.919315025289550114e+00
8.051180968392296577e+00
8.183046911495040376e+00
8.314912854597785952e+00
8.446778797700529751e+00
8.578644740803273550e+00
8.710510683906019125e+00
8.842376627008764700e+00
8.974242570111508499e+00
9.106108513214252298e+00
9.237974456316997873e+00
9.369840399419741672e+00
9.501706342522487247e+00
9.633572285625232823e+00
9.765438228727976622e+00
9.897304171830720421e+00
1.002917011493346422e+01
1.016103605803620979e+01
1.029290200113895537e+01
1.042476794424169917e+01
1.055663388734444474e+01
1.068849983044718854e+01
1.082036577354993234e+01
1.095223171665267792e+01
1.108409765975542349e+01
1.121596360285816729e+01
1.134782954596091109e+01
1.147969548906365667e+01
1.161156143216640046e+01
1.174342737526914426e+01
1.187529331837189162e+01
1.200715926147463541e+01
1.213902520457737921e+01
1.227089114768012479e+01
1.240275709078286859e+01
1.253462303388561239e+01
1.266648897698835796e+01
1.279835492009110354e+01
1.293022086319384734e+01
1.306208680629659113e+01
1.319395274939933671e+01
1.332581869250208229e+01
1.345768463560482608e+01
1.358955057870757166e+01
1.372141652181031546e+01
1.385328246491305926e+01
1.398514840801580306e+01
1.411701435111855041e+01
1.424888029422129421e+01
1.438074623732403801e+01
1.451261218042678358e+01
1.464447812352952738e+01
1.477634406663227118e+01
1.490821000973501675e+01
1.504007595283776055e+01
1.517194189594050435e+01
1.530380783904324993e+01
1.543567378214599373e+01
1.556753972524873930e+01
1.569940566835148132e+01
1.583127161145422868e+01
1.596313755455697070e+01
1.609500349765971805e+01
1.622686944076246363e+01
1.635873538386520565e+01
1.649060132696795122e+01
1.662246727007069325e+01
1.675433321317343882e+01
1.688619915627618795e+01
1.701806509937892997e+01
1.714993104248167555e+01
1.728179698558441757e+01
1.741366292868716315e+01
1.754552887178990872e+01
1.767739481489265074e+01
1.780926075799539987e+01
1.794112670109814189e+01
1.807299264420088747e+01
1.820485858730362949e+01
1.833672453040637507e+01
1.846859047350912064e+01
1.860045641661186266e+01
1.873232235971461179e+01
1.886418830281735382e+01
1.899605424592009939e+01
1.912792018902284497e+01
1.925978613212558699e+01
1.939165207522833256e+01
1.952351801833107814e+01
1.965538396143382371e+01
1.978724990453656574e+01
1.991911584763931131e+01
2.005098179074205689e+01
2.018284773384479891e+01
2.031471367694754449e+01
2.044657962005029006e+01
2.057844556315303564e+01
2.071031150625578121e+01
2.084217744935852323e+01
2.097404339246126881e+01
2.110590933556401083e+01
2.123777527866675641e+01
2.136964122176950553e+01
2.150150716487224756e+01
2.163337310797499313e+01
2.176523905107773516e+01
2.189710499418048073e+01
2.202897093728322275e+01
2.216083688038597188e+01
2.229270282348871746e+01
2.242456876659145948e+01
2.255643470969420505e+01
2.268830065279694708e+01
2.282016659589969265e+01
2.295203253900243823e+01
2.308389848210518380e+01
2.321576442520792938e+01
2.334763036831067140e+01
2.347949631141341698e+01
2.361136225451615900e+01
2.374322819761890457e+01
2.387509414072165015e+01
2.400696008382439572e+01
2.413882602692714130e+01
2.427069197002988332e+01
2.440255791313262890e+01
2.453442385623537447e+01
2.466628979933811650e+01
2.479815574244086207e+01
2.493002168554360765e+01
2.506188762864635322e+01
2.519375357174909524e+01
2.532561951485184082e+01
2.545748545795458639e+01
2.558935140105732842e+01
2.572121734416007754e+01
2.585308328726281957e+01
2.598494923036556514e+01
2.611681517346831072e+01
