0.000000000000000000e+00
3.409753009395456030e-02
6.819506018790912061e-02
1.022925902818636879e-01
1.363901203758182412e-01
1.704876504697727946e-01
2.045851805637273757e-01
2.386827106576819291e-01
2.727802407516364824e-01
3.068777708455910358e-01
3.409753009395455892e-01
3.750728310335001425e-01
4.091703611274547514e-01
4.432678912214093048e-01
4.773654213153638581e-01
5.114629514093184115e-01
5.464636725891751645e-01
5.814643937690320286e-01
6.164651149488887816e-01
6.514658361287456456e-01
6.864665573086023986e-01
7.214672784884592627e-01
7.564679996683160157e-01
7.914687208481727687e-01
7.914687208481727687e-01
8.252955543425726237e-01
8.591223878369725897e-01
8.929492213313725557e-01
9.267760548257724107e-01
9.606028883201722657e-01
9.944297218145722317e-01
1.028256555308972198e+00
1.062083388803372053e+00
1.095910222297771908e+00
1.129737055792171763e+00
1.163563889286571840e+00
1.197390722780971695e+00
1.231217556275371550e+00
1.265044389769771627e+00
1.298871223264171482e+00
1.332698056758571337e+00
1.366524890252971192e+00
1.398607237141153758e+00
1.430689584029336103e+00
1.462771930917518670e+00
1.494854277805701237e+00
1.526936624693883804e+00
1.559018971582066149e+00
1.591101318470248716e+00
1.623183665358431282e+00
1.655266012246613627e+00
1.687348359134796194e+00
1.687348359134796194e+00
1.720420520994444313e+00
1.753492682854092433e+00
1.786564844713740552e+00
1.819637006573388671e+00
1.852709168433036790e+00
1.885781330292684910e+00
1.918853492152333029e+00
1.951925654011981148e+00
1.984997815871629268e+00
2.018069977731277387e+00
2.051142139590925506e+00
2.084214301450573625e+00
2.117286463310221745e+00
2.150358625169869864e+00
2.183430787029517983e+00
2.216502948889166102e+00
2.249575110748814222e+00
2.282647272608462341e+00
2.316022806873502038e+00
2.349398341138541735e+00
2.382773875403580988e+00
2.416149409668620684e+00
2.449524943933660381e+00
2.482900478198700078e+00
2.516276012463739775e+00
2.549651546728779028e+00
2.583027080993818725e+00
2.583027080993818725e+00
2.613370139995140562e+00
2.643713198996462399e+00
2.674056257997784236e+00
2.704399316999106073e+00
2.734742376000427466e+00
2.765085435001749303e+00
2.795428494003071140e+00
2.825771553004392977e+00
2.856114612005714815e+00
2.886457671007036652e+00
2.916800730008358489e+00
2.947143789009680326e+00
2.977486848011001719e+00
3.007829907012323556e+00
3.038172966013645393e+00
3.068516025014967230e+00
3.098859084016289067e+00
3.129202143017610904e+00
3.159545202018932741e+00
