-2.169248391874732118e-01
-1.993934385688125033e-01
-1.818620379501517670e-01
-1.643306373314910585e-01
-1.467992367128303499e-01
-1.292678360941696136e-01
-1.117364354755089051e-01
-9.420503485684818268e-02
-7.667363423818747414e-02
-5.914223361952676561e-02
-4.161083300086603626e-02
-2.407943238220532772e-02
-6.548031763544620923e-03
1.098336885511611190e-02
2.851476947377684298e-02
4.604617009243752723e-02
6.357757071109824965e-02
8.110897132975898594e-02
9.864037194841966671e-02
1.161717725670804030e-01
1.337031731857411254e-01
1.512345738044018062e-01
1.687659744230625425e-01
1.862973750417232788e-01
2.038287756603839596e-01
2.213601762790446958e-01
2.388915768977054044e-01
2.564229775163660574e-01
2.739543781350268770e-01
2.914857787536875300e-01
3.090171793723482385e-01
3.265485799910090026e-01
3.440799806096697111e-01
3.616113812283303641e-01
3.791427818469911282e-01
3.966741824656518367e-01
4.142055830843124897e-01
4.317369837029733093e-01
4.492683843216339623e-01
4.667997849402946708e-01
4.843311855589554349e-01
5.018625861776161434e-01
5.193939867962767964e-01
5.369253874149375605e-01
5.544567880335982135e-01
5.719881886522589776e-01
5.895195892709197416e-01
6.070509898895803946e-01
6.245823905082410477e-01
6.421137911269019227e-01
6.596451917455625757e-01
6.771765923642233398e-01
6.947079929828839928e-01
7.122393936015446458e-01
7.297707942202054099e-01
7.473021948388660629e-01
7.648335954575269380e-01
7.823649960761875910e-01
7.998963966948483550e-01
8.174277973135090081e-01
8.349591979321696611e-01
8.524905985508303141e-01
8.700219991694911892e-01
8.875533997881519532e-01
9.050848004068126063e-01
9.226162010254732593e-01
9.401476016441339123e-01
9.576790022627948984e-01
9.752104028814555514e-01
9.927418035001162044e-01
1.010273204118776968e+00
1.027804604737437622e+00
1.045336005356098275e+00
1.062867405974759150e+00
1.080398806593419803e+00
1.097930207212080456e+00
1.115461607830741109e+00
1.132993008449401762e+00
1.150524409068062637e+00
1.168055809686723512e+00
1.185587210305384165e+00
1.203118610924044818e+00
1.220650011542705471e+00
1.238181412161366124e+00
1.255712812780026777e+00
1.273244213398687652e+00
1.290775614017348305e+00
1.308307014636009180e+00
1.325838415254669833e+00
1.343369815873330486e+00
1.360901216491991139e+00
1.378432617110652014e+00
1.395964017729312667e+00
1.413495418347973320e+00
1.431026818966633973e+00
1.448558219585294626e+00
1.466089620203955501e+00
1.483621020822616376e+00
1.501152421441277030e+00
1.518683822059937683e+00
1.536215222678598336e+00
1.553746623297258989e+00
1.571278023915919864e+00
1.588809424534580517e+00
1.606340825153241170e+00
1.623872225771902045e+00
1.641403626390562698e+00
1.658935027009223351e+00
1.676466427627884004e+00
1.693997828246544657e+00
1.711529228865205310e+00
1.729060629483866407e+00
1.746592030102527060e+00
1.764123430721187713e+00
1.781654831339848588e+00
1.799186231958509241e+00
1.816717632577169894e+00
1.834249033195830547e+00
1.851780433814491200e+00
1.869311834433151853e+00
1.886843235051812506e+00
1.904374635670473381e+00
1.921906036289134034e+00
1.939437436907795131e+00
1.956968837526456007e+00
1.974500238145116660e+00
1.992031638763777313e+00
2.009563039382437744e+00
2.027094440001098619e+00
2.044625840619759494e+00
2.062157241238419925e+00
2.079688641857080800e+00
2.097220042475741231e+00
2.114751443094402106e+00
2.132282843713062981e+00
2.149814244331723856e+00
2.167345644950384287e+00
2.184877045569045162e+00
2.202408446187706037e+00
2.219939846806366468e+00
2.237471247425027343e+00
2.255002648043687774e+00
2.272534048662348649e+00
2.290065449281009080e+00
2.307596849899669955e+00
2.325128250518330386e+00
2.342659651136991705e+00
2.360191051755652580e+00
2.377722452374313011e+00
2.395253852992973886e+00
2.412785253611634317e+00
2.430316654230295192e+00
2.447848054848955623e+00
2.465379455467616499e+00
2.482910856086276929e+00
2.500442256704937805e+00
2.517973657323598680e+00
2.535505057942259111e+00
2.553036458560920430e+00
2.570567859179580861e+00
2.588099259798241736e+00
2.605630660416902167e+00
2.623162061035563042e+00
2.640693461654223473e+00
2.658224862272884348e+00
2.675756262891545223e+00
2.693287663510205654e+00
2.710819064128866529e+00
2.728350464747526960e+00
2.745881865366188279e+00
2.763413265984848710e+00
2.780944666603509585e+00
2.798476067222170016e+00
2.816007467840830891e+00
2.833538868459491766e+00
2.851070269078152197e+00
2.868601669696813072e+00
2.886133070315473503e+00
2.903664470934134378e+00
2.921195871552794809e+00
2.938727272171455684e+00
2.956258672790116560e+00
2.973790073408777435e+00
2.991321474027438310e+00
3.008852874646098741e+00
3.026384275264759616e+00
3.043915675883420047e+00
3.061447076502080922e+00
3.078978477120741353e+00
3.096509877739402228e+00
3.114041278358063103e+00
3.131572678976723534e+00
3.149104079595384409e+00
3.166635480214045284e+00
3.184166880832706159e+00
3.201698281451366590e+00
3.219229682070027465e+00
3.236761082688687896e+00
3.254292483307348771e+00
3.271823883926009202e+00
