0.000000000000000000e+00
4.533438087612762235e-02
9.066876175225524470e-02
1.360031426283828671e-01
1.813375235045104894e-01
2.266719043806381118e-01
2.720062852567657341e-01
3.173406661328933565e-01
3.626750470090209788e-01
4.055771226780251482e-01
4.484791983470293730e-01
4.913812740160335424e-01
5.342833496850377673e-01
5.771854253540419366e-01
6.200875010230461060e-01
6.629895766920503863e-01
7.058916523610545557e-01
7.461888798065012818e-01
7.864861072519481189e-01
8.267833346973948450e-01
8.670805621428416821e-01
9.073777895882884081e-01
9.476750170337351342e-01
9.879722444791819713e-01
1.028269471924628808e+00
1.068566699370075535e+00
1.111468775039079704e+00
1.154370850708083873e+00
1.197272926377088043e+00
1.240175002046092212e+00
1.283077077715096603e+00
1.325979153384100773e+00
1.368881229053104942e+00
1.411783304722109111e+00
1.453206110022047248e+00
1.494628915321985607e+00
1.536051720621923744e+00
1.577474525921862103e+00
1.618897331221800240e+00
1.660320136521738599e+00
1.700617363967185325e+00
1.740914591412632051e+00
1.781211818858078999e+00
1.821509046303525725e+00
1.861806273748972451e+00
1.902103501194419177e+00
1.942400728639865903e+00
1.982697956085312851e+00
2.022995183530759356e+00
2.061130361903207309e+00
2.099265540275655706e+00
2.137400718648103659e+00
2.175535897020552056e+00
2.213671075393000010e+00
2.251806253765448407e+00
2.289941432137896360e+00
2.328076610510344757e+00
2.366211788882792710e+00
2.402479293583694719e+00
2.438746798284596728e+00
2.475014302985499182e+00
2.511281807686401191e+00
2.547549312387303200e+00
2.583816817088205209e+00
2.620084321789107218e+00
2.656351826490009671e+00
2.692619331190911680e+00
2.728886835891813689e+00
2.767022014264261642e+00
2.805157192636710040e+00
2.843292371009157993e+00
2.881427549381606390e+00
2.919562727754054343e+00
2.957697906126502740e+00
2.995833084498950694e+00
3.033968262871399091e+00
3.072103441243847044e+00
3.072103441243847044e+00
3.107608702929508304e+00
3.143113964615169564e+00
3.178619226300831269e+00
3.214124487986492529e+00
3.249629749672153789e+00
3.285135011357815049e+00
3.320640273043476309e+00
3.320640273043476309e+00
3.356145534729137569e+00
3.391650796414798830e+00
3.427156058100460534e+00
3.462661319786121794e+00
3.498166581471783054e+00
3.533671843157444314e+00
3.569177104843105575e+00
3.569177104843105575e+00
3.610599910143043711e+00
3.652022715442981848e+00
3.693445520742920429e+00
3.734868326042858566e+00
3.776291131342796703e+00
3.817713936642734840e+00
