-1.797913331558969319e-01
-6.025623614923127092e-02
5.927886085743438310e-02
1.788139578641000649e-01
2.983490548707656842e-01
4.178841518774313313e-01
5.374192488840969784e-01
6.569543458907626254e-01
7.764894428974282725e-01
8.960245399040939196e-01
1.015559636910759567e+00
1.135094733917425103e+00
1.254629830924090861e+00
1.374164927930756619e+00
1.493700024937422155e+00
1.613235121944087913e+00
1.732770218950753449e+00
1.852305315957419207e+00
1.971840412964084965e+00
2.091375509970750723e+00
2.210910606977416037e+00
2.330445703984081796e+00
2.449980800990747554e+00
2.569515897997413312e+00
2.689050995004079070e+00
2.808586092010744384e+00
2.928121189017410142e+00
3.047656286024075900e+00
3.167191383030741658e+00
3.286726480037406972e+00
3.406261577044072730e+00
3.525796674050738488e+00
3.645331771057404247e+00
3.764866868064069561e+00
3.884401965070735319e+00
4.003937062077400633e+00
4.123472159084066391e+00
4.243007256090731261e+00
4.362542353097397907e+00
4.482077450104063665e+00
4.601612547110728535e+00
4.721147644117395181e+00
4.840682741124060051e+00
4.960217838130725809e+00
5.079752935137391567e+00
5.199288032144057325e+00
5.318823129150723084e+00
5.438358226157387953e+00
5.557893323164054600e+00
5.677428420170720358e+00
5.796963517177385228e+00
5.916498614184050986e+00
6.036033711190716744e+00
6.155568808197382502e+00
6.275103905204048260e+00
6.394639002210713130e+00
6.514174099217379776e+00
6.633709196224044646e+00
6.753244293230710404e+00
6.872779390237377051e+00
6.992314487244041921e+00
7.111849584250707679e+00
7.231384681257372549e+00
7.350919778264039195e+00
7.470454875270704953e+00
7.589989972277370711e+00
7.709525069284035581e+00
7.829060166290701339e+00
7.948595263297367985e+00
8.068130360304031967e+00
8.187665457310698613e+00
8.307200554317363483e+00
8.426735651324030130e+00
8.546270748330695000e+00
8.665805845337359870e+00
8.785340942344026516e+00
8.904876039350693162e+00
9.024411136357358032e+00
9.143946233364022902e+00
9.263481330370689548e+00
9.383016427377354418e+00
9.502551524384021064e+00
9.622086621390687711e+00
9.741621718397350804e+00
9.861156815404017451e+00
9.980691912410682320e+00
1.010022700941734897e+01
1.021976210642401561e+01
1.033929720343067871e+01
1.045883230043734535e+01
1.057836739744401200e+01
1.069790249445067687e+01
1.081743759145734352e+01
1.093697268846400839e+01
1.105650778547067326e+01
1.117604288247733990e+01
1.129557797948400655e+01
1.141511307649067142e+01
1.153464817349733629e+01
1.165418327050400116e+01
1.177371836751066780e+01
1.189325346451733445e+01
1.201278856152399932e+01
1.213232365853066419e+01
1.225185875553733084e+01
1.237139385254399571e+01
1.249092894955066235e+01
1.261046404655732900e+01
1.272999914356399209e+01
1.284953424057065874e+01
1.296906933757732361e+01
1.308860443458399025e+01
1.320813953159065690e+01
1.332767462859731999e+01
1.344720972560398664e+01
1.356674482261065329e+01
1.368627991961731816e+01
1.380581501662398480e+01
1.392535011363064967e+01
1.404488521063731454e+01
1.416442030764398119e+01
1.428395540465064784e+01
1.440349050165731271e+01
1.452302559866397758e+01
1.464256069567064245e+01
1.476209579267730909e+01
1.488163088968397574e+01
1.500116598669064061e+01
1.512070108369730725e+01
1.524023618070397390e+01
1.535977127771064055e+01
1.547930637471730364e+01
1.559884147172397029e+01
1.571837656873063516e+01
1.583791166573730180e+01
1.595744676274396845e+01
1.607698185975063510e+01
1.619651695675729641e+01
1.631605205376396484e+01
1.643558715077062971e+01
1.655512224777729458e+01
1.667465734478396300e+01
1.679419244179062431e+01
1.691372753879729274e+01
1.703326263580395761e+01
1.715279773281062248e+01
1.727233282981729090e+01
1.739186792682395577e+01
1.751140302383062064e+01
1.763093812083728551e+01
1.775047321784395393e+01
1.787000831485061880e+01
1.798954341185728367e+01
1.810907850886395209e+01
1.822861360587061341e+01
1.834814870287728183e+01
1.846768379988394670e+01
1.858721889689061157e+01
1.870675399389728000e+01
1.882628909090394131e+01
1.894582418791060974e+01
1.906535928491727461e+01
1.918489438192393948e+01
1.930442947893060790e+01
1.942396457593727277e+01
1.954349967294393764e+01
1.966303476995060251e+01
1.978256986695726738e+01
1.990210496396393580e+01
2.002164006097060067e+01
2.014117515797726554e+01
2.026071025498393041e+01
2.038024535199059528e+01
2.049978044899726370e+01
2.061931554600392857e+01
2.073885064301059344e+01
2.085838574001725831e+01
2.097792083702392318e+01
2.109745593403059161e+01
2.121699103103725648e+01
2.133652612804392135e+01
2.145606122505058622e+01
2.157559632205725109e+01
2.169513141906391951e+01
2.181466651607058438e+01
2.193420161307724925e+01
2.205373671008391767e+01
2.217327180709057899e+01
2.229280690409724741e+01
2.241234200110391228e+01
2.253187709811057715e+01
2.265141219511724557e+01
2.277094729212391044e+01
2.289048238913057531e+01
2.301001748613724018e+01
2.312955258314390505e+01
2.324908768015057348e+01
2.336862277715723835e+01
2.348815787416390322e+01
2.360769297117057164e+01
