0.000000000000000000e+00
7.483338683054345519e-02
1.496667736610869104e-01
2.245001604916303517e-01
2.993335473221738208e-01
3.741669341527172898e-01
4.490003209832607034e-01
5.238337078138042280e-01
5.956188627988412421e-01
6.674040177838783672e-01
7.391891727689154923e-01
8.109743277539525064e-01
8.827594827389895205e-01
9.545446377240266456e-01
1.026329792709063771e+00
1.098114947694100785e+00
1.169900102679137799e+00
1.240326239721068591e+00
1.310752376762999161e+00
1.381178513804929953e+00
1.451604650846860523e+00
1.522030787888791314e+00
1.592456924930722106e+00
1.662883061972652676e+00
1.733309199014583468e+00
1.803735336056514260e+00
1.874161473098444830e+00
1.944587610140375622e+00
2.015478443399639108e+00
2.086369276658902816e+00
2.157260109918166080e+00
2.228150943177429788e+00
2.299041776436693052e+00
2.369932609695956760e+00
2.440823442955220024e+00
2.511714276214483732e+00
2.582605109473747440e+00
2.582605109473747440e+00
2.655875962795062772e+00
2.729146816116378105e+00
2.802417669437692993e+00
2.875688522759008325e+00
2.948959376080323658e+00
3.022230229401638546e+00
3.095501082722953878e+00
3.168771936044269211e+00
3.242042789365584543e+00
3.314081143384598693e+00
3.386119497403612844e+00
3.458157851422626994e+00
3.530196205441641144e+00
3.602234559460654850e+00
3.674272913479669000e+00
3.746311267498683151e+00
3.818349621517697301e+00
3.890387975536711451e+00
3.962426329555725601e+00
4.034464683574739752e+00
4.034464683574739752e+00
4.102337364805708653e+00
4.170210046036677554e+00
4.238082727267647343e+00
4.305955408498616244e+00
4.373828089729585145e+00
4.441700770960554934e+00
4.509573452191523835e+00
4.577446133422492736e+00
4.577446133422492736e+00
4.646034654274989073e+00
4.714623175127484522e+00
4.783211695979980860e+00
4.851800216832476309e+00
4.920388737684972646e+00
4.988977258537468984e+00
5.057565779389964433e+00
5.126154300242460771e+00
5.194742821094956220e+00
5.263331341947452557e+00
5.331919862799948007e+00
5.401880417678040835e+00
5.471840972556134552e+00
5.541801527434227381e+00
5.611762082312321098e+00
5.681722637190413927e+00
5.751683192068506756e+00
5.821643746946600473e+00
5.891604301824693302e+00
5.961564856702787019e+00
6.031525411580879847e+00
6.031525411580879847e+00
6.097100863608377885e+00
6.162676315635875923e+00
6.228251767663374849e+00
6.293827219690872887e+00
6.359402671718370925e+00
6.424978123745868963e+00
6.490553575773367001e+00
6.556129027800865039e+00
6.621704479828363077e+00
6.687279931855862003e+00
