0.000000000000000000e+00
8.788716520417534650e-02
1.757743304083506930e-01
2.636614956125260534e-01
3.515486608167013860e-01
4.394358260208767186e-01
5.273229912250521068e-01
6.152101564292273839e-01
7.030973216334027720e-01
7.909844868375781601e-01
8.788716520417534372e-01
9.667588172459288254e-01
1.054645982450104214e+00
1.142533147654279491e+00
1.230420312858454768e+00
1.318307478062630267e+00
1.406194643266805544e+00
1.494081808470980821e+00
1.581968973675156320e+00
1.669856138879331597e+00
1.757743304083506874e+00
1.840604118077019846e+00
1.923464932070532818e+00
2.006325746064046012e+00
2.089186560057559205e+00
2.172047374051071955e+00
2.254908188044585149e+00
2.337769002038098343e+00
2.420629816031611092e+00
2.503490630025123842e+00
2.586351444018637036e+00
2.669212258012150230e+00
2.752073072005662979e+00
2.834933885999176173e+00
2.917794699992689367e+00
3.000655513986202116e+00
3.087108459794432047e+00
3.173561405602662422e+00
3.260014351410892353e+00
3.346467297219122283e+00
3.432920243027352658e+00
3.519373188835582589e+00
3.605826134643812964e+00
3.685723557556699781e+00
3.765620980469586154e+00
3.845518403382472972e+00
3.925415826295359789e+00
4.005313249208246162e+00
4.085210672121132980e+00
4.165108095034019797e+00
4.245005517946906615e+00
4.324902940859793432e+00
4.404800363772679361e+00
4.484697786685566179e+00
4.564595209598452996e+00
4.644492632511339814e+00
4.724390055424226631e+00
4.804287478337112560e+00
4.884184901249999378e+00
4.964082324162886195e+00
5.043979747075773012e+00
5.123877169988659830e+00
5.203774592901546647e+00
5.283672015814433465e+00
5.363569438727319394e+00
5.436681921662771977e+00
5.509794404598224560e+00
5.582906887533677143e+00
5.656019370469129726e+00
5.729131853404583197e+00
5.802244336340035780e+00
5.875356819275488363e+00
5.948469302210940945e+00
6.021581785146393528e+00
6.094694268081846111e+00
6.167806751017298694e+00
6.240919233952751277e+00
6.314031716888203860e+00
6.387144199823657331e+00
6.460256682759109914e+00
6.533369165694562497e+00
6.606481648630015080e+00
6.606481648630015080e+00
6.682127976212216325e+00
6.757774303794417570e+00
6.833420631376618815e+00
6.909066958958820059e+00
6.984713286541021304e+00
7.060359614123223437e+00
7.136005941705424682e+00
7.211652269287625927e+00
7.211652269287625927e+00
7.287298596869827172e+00
7.362944924452028417e+00
7.438591252034229662e+00
7.514237579616430907e+00
7.589883907198633040e+00
7.665530234780834284e+00
7.741176562363035529e+00
7.816822889945236774e+00
