-3.417529471408491393e+00
-3.296396937875531563e+00
-3.175264404342571734e+00
-3.054131870809612348e+00
-2.932999337276652518e+00
-2.811866803743692689e+00
-2.690734270210732859e+00
-2.569601736677772585e+00
-2.448469203144812756e+00
-2.327336669611852926e+00
-2.206204136078893541e+00
-2.085071602545933711e+00
-1.963939069012973659e+00
-1.842806535480014052e+00
-1.721674001947054222e+00
-1.600541468414094393e+00
-1.479408934881134563e+00
-1.358276401348174733e+00
-1.237143867815214682e+00
-1.116011334282255296e+00
-9.948788007492953556e-01
-8.737462672163355260e-01
-7.526137336833755853e-01
-6.314812001504157557e-01
-5.103486666174558151e-01
-3.892161330844963740e-01
-2.680835995515364889e-01
-1.469510660185765760e-01
-2.581853248561667702e-02
9.531400104734322198e-02
2.164465345803026908e-01
3.375790681132626037e-01
4.587116016462224888e-01
5.798441351791823184e-01
7.009766687121422590e-01
8.221092022451021997e-01
9.432417357780620293e-01
1.064374269311021859e+00
1.185506802843981022e+00
1.306639336376940852e+00
1.427771869909900682e+00
1.548904403442860733e+00
1.670036936975820563e+00
1.791169470508780392e+00
1.912302004041740444e+00
2.033434537574700052e+00
2.154567071107660325e+00
2.275699604640620155e+00
2.396832138173579985e+00
2.517964671706538926e+00
2.639097205239498756e+00
2.760229738772458585e+00
2.881362272305418859e+00
3.002494805838378689e+00
3.123627339371338518e+00
3.244759872904298348e+00
3.365892406437258177e+00
3.487024939970218007e+00
3.608157473503177837e+00
3.729290007036137222e+00
3.850422540569096608e+00
3.971555074102057326e+00
4.092687607635016711e+00
4.213820141167976985e+00
4.334952674700936370e+00
4.456085208233894868e+00
4.577217741766856030e+00
4.698350275299814527e+00
4.819482808832775689e+00
4.940615342365735074e+00
5.061747875898695348e+00
5.182880409431654734e+00
5.304012942964615007e+00
5.425145476497574393e+00
5.546278010030534666e+00
5.667410543563494052e+00
5.788543077096453437e+00
5.909675610629413711e+00
6.030808144162373097e+00
6.151940677695333370e+00
6.273073211228292756e+00
6.394205744761253030e+00
6.515338278294212415e+00
6.636470811827173577e+00
6.757603345360132074e+00
6.878735878893093236e+00
6.999868412426051734e+00
7.121000945959011119e+00
7.242133479491972281e+00
7.363266013024930778e+00
7.484398546557891940e+00
7.605531080090850438e+00
7.726663613623811599e+00
7.847796147156770097e+00
7.968928680689731259e+00
8.090061214222689756e+00
8.211193747755650918e+00
8.332326281288610303e+00
8.453458814821569689e+00
8.574591348354529075e+00
8.695723881887488460e+00
8.816856415420449622e+00
8.937988948953409007e+00
9.059121482486370169e+00
9.180254016019327779e+00
9.301386549552288940e+00
9.422519083085248326e+00
9.543651616618207711e+00
9.664784150151168873e+00
9.785916683684126482e+00
9.907049217217087644e+00
1.002818175075004703e+01
1.014931428428300819e+01
1.027044681781596580e+01
1.039157935134892696e+01
1.051271188488188635e+01
1.063384441841484751e+01
1.075497695194780690e+01
1.087610948548076450e+01
1.099724201901372567e+01
1.111837455254668505e+01
1.123950708607964621e+01
1.136063961961260560e+01
1.148177215314556499e+01
1.160290468667852437e+01
1.172403722021148553e+01
1.184516975374444669e+01
1.196630228727740430e+01
1.208743482081036369e+01
1.220856735434332485e+01
1.232969988787628246e+01
1.245083242140924362e+01
1.257196495494220301e+01
1.269309748847516417e+01
1.281423002200812178e+01
1.293536255554108294e+01
1.305649508907404410e+01
1.317762762260700349e+01
1.329876015613996110e+01
1.341989268967292226e+01
1.354102522320588342e+01
1.366215775673884103e+01
1.378329029027180042e+01
1.390442282380476158e+01
1.402555535733772274e+01
1.414668789087068035e+01
1.426782042440363973e+01
1.438895295793660090e+01
1.451008549146956206e+01
1.463121802500251967e+01
1.475235055853548083e+01
1.487348309206844021e+01
1.499461562560139782e+01
1.511574815913435899e+01
1.523688069266732015e+01
1.535801322620028131e+01
1.547914575973323714e+01
1.560027829326619830e+01
1.572141082679915947e+01
1.584254336033212063e+01
1.596367589386507824e+01
1.608480842739803762e+01
1.620594096093099878e+01
1.632707349446395639e+01
1.644820602799691756e+01
1.656933856152987872e+01
1.669047109506283988e+01
1.681160362859579749e+01
1.693273616212875510e+01
1.705386869566171626e+01
1.717500122919467742e+01
1.729613376272763503e+01
1.741726629626059619e+01
1.753839882979355735e+01
1.765953136332651496e+01
1.778066389685947613e+01
1.790179643039243729e+01
1.802292896392539490e+01
1.814406149745835251e+01
1.826519403099131367e+01
1.838632656452427483e+01
1.850745909805723599e+01
1.862859163159019360e+01
1.874972416512315476e+01
1.887085669865611592e+01
1.899198923218907353e+01
1.911312176572203470e+01
1.923425429925499230e+01
1.935538683278795347e+01
1.947651936632091108e+01
1.959765189985387224e+01
1.971878443338683340e+01
1.983991696691979456e+01
1.996104950045275217e+01
2.008218203398571333e+01
2.020331456751867449e+01
2.032444710105162855e+01
2.044557963458458971e+01
2.056671216811755087e+01
2.068784470165051204e+01
