-1.620324471573754243e-07 -8.162238680518632861e-08 1.238192512162719587e-07 8.352047354739219998e+00 8.352047354739335461e+00 8.352047354739411844e+00
-1.168798563063873530e+00 -7.135813382417025563e-01 7.776395814017432739e-01 8.364369611242430835e+00 8.590493537188120143e+00 8.735007994680879406e+00
-1.858225448172964089e+00 -8.255891289291521495e-01 1.546219193814320159e+00 8.400763738122380531e+00 9.165707670840230747e+00 9.659744700235242121e+00
-1.886748977602455524e+00 1.293685826220548396e+00 2.296784892288730617e+00 8.459556457465074786e+00 9.831804873540868073e+00 1.078582299313573323e+01
-8.814277977039266521e-01 2.765654466051830518e+00 3.020593461056718887e+00 8.538100395701622602e+00 1.041297450710576378e+01 1.190766832233262740e+01
2.134757482317072519e+00 3.709216653389971974e+00 4.140516790137528602e+00 8.632961528726852407e+00 1.081011090084440696e+01 1.291646442565610720e+01
3.404291115354006081e+00 4.354649817629351105e+00 5.409131700831131262e+00 8.740136303650311689e+00 1.097191357878161178e+01 1.375152988961977663e+01
4.402315908630293428e+00 4.949434561524699738e+00 6.532331713307033105e+00 8.855261631467534755e+00 1.087762218946534354e+01 1.438025429796502053e+01
5.209245041248062869e+00 5.486808219987822532e+00 7.481343606784180977e+00 8.973781461924989600e+00 1.052948230469817581e+01 1.479105666601573255e+01
5.856914260316839815e+00 5.960889229702732273e+00 8.241381939106911858e+00 9.091043539155732489e+00 9.950938185434656802e+00 1.499099909146377740e+01
6.366889449434997239e+00 6.366889449435056747e+00 8.798628038981759047e+00 9.202325023086093125e+00 9.202325023086238787e+00 1.500487487834272038e+01
6.701307151638874693e+00 6.736976820307613245e+00 8.300389084066129186e+00 9.238397678131956781e+00 9.302829478564145660e+00 1.487446694762692445e+01
6.780224578522452639e+00 6.962009695129215636e+00 7.628974888664123988e+00 9.387747698784762562e+00 9.494031400419894240e+00 1.465708304003476492e+01
6.159463257258527058e+00 7.148102888815977884e+00 7.608318920549725917e+00 9.452490515803633642e+00 9.642765139225859983e+00 1.442189530092395877e+01
5.542827510841331851e+00 7.259550964986765109e+00 7.728747048753943361e+00 9.493136895759674232e+00 9.714970017114850975e+00 1.424116451438354503e+01
5.302409850620778187e+00 7.296647301289957532e+00 7.778542591203279954e+00 9.507004863970008657e+00 9.735818176973022986e+00 1.417325315685244291e+01
5.593706096867009592e+00 7.332382935145376202e+00 7.854847046871888061e+00 9.459507474632571800e+00 9.804519462943499519e+00 1.412056994022158918e+01
6.292075897865871070e+00 7.429448786126735094e+00 8.109914516085639846e+00 9.410653502706159301e+00 9.920808285722737097e+00 1.396331519151108225e+01
7.031206159574200143e+00 7.572505704298730933e+00 8.588110215603773412e+00 9.439682361951055256e+00 1.003011989583441022e+01 1.370466613239247344e+01
7.538076630296449032e+00 7.778846243358864321e+00 9.099113473012957698e+00 9.684815003961615432e+00 1.015497687116072534e+01 1.335210593874163543e+01
7.750234904060185670e+00 8.097130678537514115e+00 9.248482336279165494e+00 1.014397430069998052e+01 1.048301104707594966e+01 1.291965516048529494e+01
7.806191058018794315e+00 8.409851545102853265e+00 9.198018233154208190e+00 1.039640648813159807e+01 1.107725216872004381e+01 1.243302186090527961e+01
7.754687260984878705e+00 8.640876603084334917e+00 9.067451117220876711e+00 1.054381874732175639e+01 1.151726055504098589e+01 1.202660507520690203e+01
7.694037805093970839e+00 8.721896490631053211e+00 9.022858931187499820e+00 1.078565635878635831e+01 1.111640963485774947e+01 1.208250472082474225e+01
7.502931832082086139e+00 8.682114375317418364e+00 9.098378097211696769e+00 1.015458102911778049e+01 1.133479753237074483e+01 1.237835635211870766e+01
7.249138950248358526e+00 8.653146703796446459e+00 9.077854292678761539e+00 9.631796349978909433e+00 1.159558082968600168e+01 1.261906373476437260e+01
7.033060712327061204e+00 8.646277925387225949e+00 8.851124084363396705e+00 9.497145123578356163e+00 1.176312970851286366e+01 1.277247374903473087e+01
6.947473337691592477e+00 8.655201160264351046e+00 8.723043202614546132e+00 9.490418998627554004e+00 1.182047786518090682e+01 1.282502502130748567e+01
6.872475694699157422e+00 8.789112398107347346e+00 9.135386446779534708e+00 9.374859697830157046e+00 1.211405695453615472e+01 1.277169955193098794e+01
6.699214388574367796e+00 8.678897350916878750e+00 9.083246639634463548e+00 9.544629282333119136e+00 1.158505327237023685e+01 1.364891183807568709e+01
6.431777132593464508e+00 8.471382638710498014e+00 8.713541239358523427e+00 9.714326419621977848e+00 1.111088921271019281e+01 1.458408050823441648e+01
5.999914467035465826e+00 8.209810202265858337e+00 8.340431894886544129e+00 9.700947037329230582e+00 1.082267235046832177e+01 1.541099291138940330e+01
5.366266645057045537e+00 7.605764697620766235e+00 8.419428501021119615e+00 9.572203356812964969e+00 1.070283086781768134e+01 1.601971129902300817e+01
4.629115090143769429e+00 6.960889572349882926e+00 8.684990537868632288e+00 9.346851870982327171e+00 1.069707699026534264e+01 1.634080106627108364e+01
3.919035723055668718e+00 6.318738404209826243e+00 8.965848038934318254e+00 9.046126898524880389e+00 1.076997797866061291e+01 1.634678269172790266e+01
3.278749297941303098e+00 5.689334944008220596e+00 8.384539004325096911e+00 9.423838632914995017e+00 1.084298536946805669e+01 1.604920204657938854e+01
2.607365611934762128e+00 5.051923366494142975e+00 7.585442627201037347e+00 9.759804580623393733e+00 1.081301123272070797e+01 1.548982470825063551e+01
1.635384510537619907e+00 4.359883210227970984e+00 6.563053782618406551e+00 1.000099472369975295e+01 1.060843868283750879e+01 1.472178285557564692e+01
-1.275273632927626855e+00 3.531109935539391564e+00 5.340498927710118693e+00 1.008966229247815427e+01 1.022472733608895901e+01 1.378332167448951928e+01
-2.265882390994388818e+00 2.368143188794572307e+00 4.037131189545048571e+00 9.725310639088039721e+00 9.974055122703614273e+00 1.268568058181348590e+01
-2.551493723288899229e+00 -8.529384902220685793e-01 2.869272106060644312e+00 9.206518519478864349e+00 9.634966078740585971e+00 1.143752983513784827e+01
-2.248970855479556441e+00 -1.882774818786096871e+00 1.858885156100102964e+00 8.760061497030653399e+00 9.120264592774130818e+00 1.010209456443611309e+01
-1.391354310475186207e+00 -1.351767825479387675e+00 9.167260625049578060e-01 8.458661565021154516e+00 8.593034388521669342e+00 8.898258634999592687e+00
-1.620324471573754243e-07 -8.162238680518632861e-08 1.238192512162719587e-07 8.352047354739219998e+00 8.352047354739335461e+00 8.352047354739411844e+00
-2.435831564607833677e+00 -6.836331193026330411e-01 9.574781988041847214e-01 8.620001807784854364e+00 8.714302178398346754e+00 8.940154942555800233e+00
-3.791882440684841260e+00 1.865704986009409372e-01 2.074964607263217076e+00 9.225565081309383686e+00 9.643592138515673540e+00 9.965784710390559908e+00
-4.112088481975406218e+00 1.803846733540255709e+00 3.337723117933447448e+00 9.804853835794032690e+00 1.072521228807389981e+01 1.092617904097366655e+01
-3.578158457244536628e+00 2.848415778900355022e+00 4.636778786098280314e+00 1.012459004358832360e+01 1.101018118804601897e+01 1.241891682301119637e+01
-2.129883830547099510e+00 3.560540014655145580e+00 5.866049600813702192e+00 1.010591588564722620e+01 1.081266513458299272e+01 1.398450749147380101e+01
2.238420795556807619e+00 4.007940319852046684e+00 6.973241774201142107e+00 9.776033912378627733e+00 1.022866102419593126e+01 1.546396181312978158e+01
3.735778481479595126e+00 4.340047107818133298e+00 7.948692383575255427e+00 9.241846001934156618e+00 9.429587774463918493e+00 1.670200999055355595e+01
4.619562471606981191e+00 4.706797158899772349e+00 8.576392197517185068e+00 8.656983109874856197e+00 8.897674606527136376e+00 1.758545113788568415e+01
5.111185480923495561e+00 5.128559476667524208e+00 8.192056084525390247e+00 8.203730053399238997e+00 9.634379671601418949e+00 1.806784237834209961e+01
5.298689887554559164e+00 5.460407620076931146e+00 8.102047653112434134e+00 8.211520989249669000e+00 1.034878127182800611e+01 1.818025904151857119e+01
5.415824981106062808e+00 5.605812034714534597e+00 8.336299629898066499e+00 8.462505263342674056e+00 1.097661966828756519e+01 1.803295048161815828e+01
5.556285923639310731e+00 5.647569180252544285e+00 8.631196340749090368e+00 8.690639691526495625e+00 1.143886707718798057e+01 1.780546004581013975e+01
5.624869071811708920e+00 5.657009841661168714e+00 8.755023059235954364e+00 8.775825525718511599e+00 1.161503613394759604e+01 1.769758214302364152e+01
5.681031144984429737e+00 5.744891528559261218e+00 8.748031013958467383e+00 8.831582904215236951e+00 1.158306185949142630e+01 1.759945243171023677e+01
5.795456792138885760e+00 6.037170516487633698e+00 8.724209675580736345e+00 9.000292300002495693e+00 1.148977497623265975e+01 1.730879483785719231e+01
5.959014708874961208e+00 6.477270298442835639e+00 8.692385087769357810e+00 9.266646556913334720e+00 1.134486276581620245e+01 1.683684253185210622e+01
6.149311118502906126e+00 7.003485300011604409e+00 8.664929099312420391e+00 9.596461672408374000e+00 1.117457568764010034e+01 1.620249109698024981e+01
6.345081913305191890e+00 7.550511633431949754e+00 8.659368397275020612e+00 9.895737180813915401e+00 1.106222935962209775e+01 1.543274918586973143e+01
6.531823187380140894e+00 8.040866570102313204e+00 8.707132412441184854e+00 9.954423294395835953e+00 1.120545486610546426e+01 1.456395751043443276e+01
6.701769920436426276e+00 8.366231892213573218e+00 8.864805990676391190e+00 9.737598055835329447e+00 1.162903722217878411e+01 1.364596152934279338e+01
6.850098756406612921e+00 8.520645728151476916e+00 9.012192132646541509e+00 9.481745059604554271e+00 1.211617078477875609e+01 1.278443530270454609e+01
6.968961865380052245e+00 8.595385923175870246e+00 8.775059661145652612e+00 9.500708162530800749e+00 1.178623189601707644e+01 1.284199803546073149e+01
7.062772060530738472e+00 8.589503263792215293e+00 8.941077747435121736e+00 9.468767936234060656e+00 1.171139699762102993e+01 1.280031099469743339e+01
7.296932993830348657e+00 8.585464020788716510e+00 9.287795460213883914e+00 9.475282811960918039e+00 1.153307056581884282e+01 1.266068316014409412e+01
7.598020136202493724e+00 8.551299978536301083e+00 9.267472988635567788e+00 1.002782924184647051e+01 1.128287419944040693e+01 1.243660446614783233e+01
7.805675121883280276e+00 8.561535535449669609e+00 9.153618847703077321e+00 1.062955876850407400e+01 1.112546597317317953e+01 1.215700787384175641e+01
7.754687260984878705e+00 8.640876603084334917e+00 9.067451117220876711e+00 1.054381874732175639e+01 1.151726055504098589e+01 1.202660507520690203e+01
7.792818944898908917e+00 8.729985792641393516e+00 9.054678100843885247e+00 1.086086312782592778e+01 1.139811886073744596e+01 1.166924014878056148e+01
7.629985665640351300e+00 8.755408720517866783e+00 9.166221442962969590e+00 1.036952316637504623e+01 1.144169707196316210e+01 1.209144727690141252e+01
7.370203501698641801e+00 8.634095555964087509e+00 9.378299992120917139e+00 9.842777565595010714e+00 1.129204292308109281e+01 1.287282692943223950e+01
7.081206637942199400e+00 8.400480964900712166e+00 9.322070459280094923e+00 9.686759056708401872e+00 1.112039080291911652e+01 1.369639157450000155e+01
6.792949629990126859e+00 8.065731699848736724e+00 9.033348622715099197e+00 9.804079573883601739e+00 1.099442216317231846e+01 1.450851650968875006e+01
6.521223335674757315e+00 7.648266550478989068e+00 8.851711048264032655e+00 9.771450923776672681e+00 1.099255101979431437e+01 1.527498310030546058e+01
6.275178786748440984e+00 7.188519762098901644e+00 8.760381995876642236e+00 9.590753941741304800e+00 1.110601926500625147e+01 1.596846516211663136e+01
6.060423565882754104e+00 6.727413105648944125e+00 8.728388571085465841e+00 9.350112445727278399e+00 1.126005036386097835e+01 1.656642997484783209e+01
5.881781993082089599e+00 6.304183926540519955e+00 8.730615297537340780e+00 9.115529052216896133e+00 1.140533106420872755e+01 1.705056100181957390e+01
5.745283682029037386e+00 5.959506067881393143e+00 8.747024088047934853e+00 8.925719594856923678e+00 1.151911345298380240e+01 1.740659840502080158e+01
5.657778411402805574e+00 5.733380598606489187e+00 8.761586812292014415e+00 8.804948230070465343e+00 1.159068310071431718e+01 1.762432262247876125e+01
5.624869071811708920e+00 5.657009841661168714e+00 8.755023059235954364e+00 8.775825525718511599e+00 1.161503613394759604e+01 1.769758214302364152e+01
5.652999561564337583e+00 5.747342426708618390e+00 8.766702033624650170e+00 8.802086858291323423e+00 1.158856314495754880e+01 1.761869225162590169e+01
5.734988490112193027e+00 6.005242818593473864e+00 8.740449997950420880e+00 8.939943239176514567e+00 1.151090899959543634e+01 1.738442297271585346e+01
5.863778224232872205e+00 6.396380268619956233e+00 8.700524270637236768e+00 9.158148715260432837e+00 1.138824460918890225e+01 1.700200287619912842e+01
6.028103146523237754e+00 6.875723205246440095e+00 8.652948819387349388e+00 9.436092329926175637e+00 1.123529249384518991e+01 1.648359056578766157e+01
6.213277352109648710e+00 7.396424575841530569e+00 8.606454625435214112e+00 9.728647637195706466e+00 1.109081233948617928e+01 1.584651882657487398e+01
6.402549616266601795e+00 7.914255390140099600e+00 8.572046672266994349e+00 9.921710196969547368e+00 1.106259192892250098e+01 1.511383900676782055e+01
6.579506971365062462e+00 8.387827621664552424e+00 8.561258206781461766e+00 9.871340245646246458e+00 1.128848748614952235e+01 1.431561579633544490e+01
6.731730797428817858e+00 8.582664047826126463e+00 8.768502583608475121e+00 9.643937150338707909e+00 1.170172740168668923e+01 1.349336077357515329e+01
6.854043375820599415e+00 8.638179945028349849e+00 8.920309064470366422e+00 9.449209883182541958e+00 1.212872873952443165e+01 1.274856439888244886e+01
6.947473337691592477e+00 8.655201160264351046e+00 8.723043202614546132e+00 9.490418998627554004e+00 1.182047786518090682e+01 1.282502502130748567e+01
6.968961865380052245e+00 8.595385923175870246e+00 8.775059661145652612e+00 9.500708162530800749e+00 1.178623189601707644e+01 1.284199803546073149e+01
6.970175824126420672e+00 8.242312118188081627e+00 8.446220552675617554e+00 9.539545829182316083e+00 1.118150875764015595e+01 1.327859174830249955e+01
6.820207946167571755e+00 7.920780966391560263e+00 8.095316148185400351e+00 9.509852233901590068e+00 1.069407691976140207e+01 1.363653506885536615e+01
6.436968837935832966e+00 7.675159960872793619e+00 7.861388572234420558e+00 9.452926172722969866e+00 1.032509649673212770e+01 1.389439620148973376e+01
5.914774130275738173e+00 7.478954733720580172e+00 7.785334671938083595e+00 9.427160462340381741e+00 1.004631518114594080e+01 1.405871759369839857e+01
5.474414049541943328e+00 7.345282487888256107e+00 7.776067937355250592e+00 9.461555619135157968e+00 9.837106616129561942e+00 1.414627509643110059e+01
5.302409850620778187e+00 7.296647301289957532e+00 7.778542591203279954e+00 9.507004863970008657e+00 9.735818176973022986e+00 1.417325315685244291e+01
