1.662678648978925589e+00 2.108509933761012256e+00 2.733217594801278683e+00 2.838406276987229138e+00 3.068939510176774021e+00 3.618154553606769408e+00 4.098348129129259831e+00 4.332299846686094469e+00 4.517073022897218237e+00 5.199200496721813280e+00 5.688387232705101049e+00 6.288432281141497882e+00 6.514336663829533691e+00 7.284012464373645024e+00 7.544731342229110460e+00 8.141635063441592379e+00 8.644105502291878906e+00 8.994661077708558494e+00 9.387712011684190117e+00 1.007493204201413484e+01 1.132101188893102339e+01 1.154300488306565065e+01 1.217615427831642627e+01 1.299834948120181011e+01 1.335919628993765862e+01 1.405530785720584674e+01 1.445936296038434676e+01 1.527475202902229867e+01 1.570512157395658903e+01 1.701600475425030723e+01 1.737101710331698001e+01 1.785687096242199345e+01 1.978997510319495845e+01 2.069150370475698963e+01 2.311882347866145082e+01 2.557229882985807023e+01
1.638307880041352194e+00 2.078540837090653515e+00 2.732013375894627671e+00 2.850065073869588517e+00 3.060910977063169724e+00 3.612598646466151475e+00 4.077540559760373107e+00 4.293973013274002604e+00 4.539645643348736215e+00 5.204315498296083753e+00 5.703540821250245862e+00 6.283769546399632588e+00 6.515324441988536996e+00 7.282128791625959607e+00 7.554514897355001146e+00 8.132033417024459254e+00 8.634587413003167455e+00 9.000937886155879752e+00 9.395393000830516428e+00 1.007440103620196403e+01 1.132263919527494522e+01 1.153985516893027885e+01 1.216718553381204693e+01 1.299262901392329361e+01 1.335926579956722726e+01 1.404738811254474662e+01 1.446450369932517610e+01 1.525744799451679690e+01 1.571113022324293418e+01 1.701308661470515915e+01 1.736957432518802946e+01 1.785769015307911900e+01 1.978469229501170545e+01 2.066382330617967966e+01 2.309377457236459108e+01 2.550834884068135011e+01
1.568380766973201057e+00 1.990982032154946069e+00 2.731738465393900306e+00 2.870263883095315105e+00 3.037786651836326790e+00 3.574456965138456788e+00 4.016772607788319682e+00 4.225629503508505636e+00 4.597111701225766289e+00 5.213508469008502288e+00 5.743703742224026243e+00 6.267900432640719721e+00 6.522510919788829575e+00 7.276878784710988590e+00 7.579070054643191057e+00 8.106141842296366917e+00 8.610273017737457124e+00 9.014449235151943185e+00 9.417213885341666924e+00 1.007316921048776059e+01 1.132595996407560257e+01 1.153251005086306513e+01 1.214109671777735855e+01 1.297414185307502343e+01 1.335953907462596746e+01 1.402291674767248431e+01 1.447936571273225326e+01 1.521121017345631010e+01 1.572650908018441207e+01 1.700021101249251387e+01 1.736696987193681352e+01 1.786046512054429414e+01 1.976087980395844212e+01 2.058187438872634090e+01 2.301882903357713772e+01 2.533132406578294393e+01
1.460397458497161960e+00 1.853057737105125335e+00 2.728667223186449498e+00 2.833910767497335836e+00 3.025554272017725310e+00 3.458360202643906867e+00 3.974137847435711191e+00 4.175949311235860328e+00 4.676406865001855984e+00 5.219449228996547063e+00 5.795620079825326343e+00 6.240219940994514047e+00 6.543465481875701428e+00 7.267534515293645470e+00 7.607423810314575263e+00 8.072046690837945349e+00 8.579129553416919407e+00 9.024913154412820049e+00 9.449564190185560264e+00 1.007186386947194023e+01 1.132696204308889776e+01 1.152649338715509231e+01 1.210009227163943102e+01 1.293879511295786244e+01 1.336030988054862512e+01 1.398062509275285947e+01 1.450176801039224905e+01 1.514891469454162731e+01 1.574589745939279695e+01 1.696815818385271868e+01 1.736554806971046716e+01 1.786607196521448060e+01 1.968791952936268785e+01 2.045804546653528533e+01 2.289722557034986394e+01 2.508206669711035985e+01
1.322444762560864850e+00 1.675252648362989927e+00 2.569475491670131895e+00 2.772473873728856564e+00 3.054732495720470009e+00 3.322097574106079421e+00 3.994608441204986260e+00 4.140373645887258647e+00 4.765388234555245184e+00 5.222677428878322203e+00 5.842292732590615323e+00 6.209164777777131938e+00 6.581437338583461027e+00 7.251173607261351073e+00 7.628104604686736678e+00 8.040343964464449655e+00 8.547204957699918282e+00 9.024724589579738776e+00 9.486878041797586647e+00 1.007031832164813068e+01 1.132205120713553903e+01 1.152743119033741337e+01 1.204703909071365864e+01 1.287970508375859247e+01 1.336189947833643643e+01 1.392031261615500526e+01 1.452750133610339844e+01 1.508433039460076053e+01 1.576340559745672998e+01 1.690860250415165922e+01 1.736287294045146012e+01 1.787552694931358843e+01 1.950254774919152467e+01 2.033713065000137732e+01 2.274170640248879494e+01 2.481409544550979263e+01
1.160722790613681221e+00 1.467829959537088724e+00 2.145240473952645832e+00 2.780468780744643098e+00 3.080342315513630247e+00 3.263666296081776608e+00 4.034828566356630120e+00 4.125461986848541152e+00 4.851358218797760635e+00 5.229295824621283728e+00 5.865053613213022210e+00 6.190959168341638730e+00 6.635134806583661948e+00 7.225647410327361797e+00 7.634194582804561868e+00 8.018295213334988958e+00 8.518048346652015823e+00 9.010996371822225015e+00 9.522764264931115719e+00 1.006645072801234875e+01 1.131204751750791360e+01 1.153604079075471134e+01 1.198430021267239098e+01 1.278775516795116829e+01 1.336303318982927024e+01 1.384477585131983446e+01 1.455126549101863453e+01 1.502862479676804064e+01 1.576999809392370011e+01 1.681586971151490673e+01 1.735094719291427623e+01 1.788887465155526613e+01 1.916249069220134515e+01 2.026918180551654203e+01 2.257685054916544942e+01 2.457168957104898155e+01
9.765170366876381181e-01 1.236406916401528111e+00 1.582134588616158855e+00 2.793690893084630034e+00 3.071571266296670988e+00 3.284021025512721792e+00 4.025308781931230762e+00 4.173725127131207913e+00 4.921736520037059748e+00 5.248018110418705362e+00 5.853078972568080296e+00 6.195408678312908535e+00 6.700615644497205814e+00 7.193870249100356773e+00 7.627081553098896016e+00 8.004156427241339244e+00 8.493638159579724345e+00 8.984612914030041253e+00 9.551558740440963646e+00 1.005504345803419497e+01 1.130145740895182094e+01 1.154669603171412540e+01 1.191241941646402402e+01 1.265324365495429859e+01 1.335717670150259551e+01 1.376417330267531547e+01 1.456855696921233445e+01 1.498835064414495299e+01 1.574662295411727087e+01 1.668798550305064410e+01 1.732118415298794289e+01 1.790331019005950708e+01 1.873671193359151133e+01 2.024981458805020296e+01 2.242835229341815406e+01 2.437514615075684787e+01
7.067068582350489736e-01 9.126472070236162359e-01 1.043686342765243635e+00 2.806180453574450340e+00 3.045974366097255359e+00 3.338962728018381565e+00 3.986394616426427007e+00 4.250814879862978124e+00 4.969233707329594019e+00 5.284071046963579654e+00 5.814766041236354432e+00 6.213785449014554096e+00 6.768498270280746354e+00 7.166716770535282777e+00 7.614347126544469546e+00 7.990081772515008396e+00 8.473875701181691866e+00 8.949116391161728856e+00 9.569730682882475747e+00 1.002577207608696952e+01 1.129333667328925550e+01 1.154598062742321396e+01 1.183187822368836351e+01 1.247308556482684416e+01 1.333027413441712916e+01 1.370136322124702488e+01 1.457721322621124038e+01 1.496444636519483851e+01 1.565757797930937478e+01 1.654499873941065857e+01 1.727081232601972260e+01 1.790986889546821459e+01 1.836223970280076045e+01 2.025434801045505750e+01 2.230998101651271526e+01 2.422523433274589166e+01
-4.966822751627918975e-01 6.304881402647214417e-01 7.726019206874398249e-01 2.816592673670007763e+00 3.019319237385558630e+00 3.401035751656769968e+00 3.941547838687912808e+00 4.324463717412440289e+00 5.000345535954167531e+00 5.329471031170467832e+00 5.765272603097559845e+00 6.234620213044604675e+00 6.818678643217694457e+00 7.162439133178105877e+00 7.605090449150397447e+00 7.971481421045899296e+00 8.454232550954131398e+00 8.910347667256644399e+00 9.576322433860422478e+00 9.961917520985274166e+00 1.128419443209738837e+01 1.149702642012858078e+01 1.176406887132088386e+01 1.227168791279408744e+01 1.327587236427035755e+01 1.367800384837981653e+01 1.457728110651865983e+01 1.495344895060989288e+01 1.548096049107827277e+01 1.644117934907910694e+01 1.720850834446880384e+01 1.788619373596879214e+01 1.814272084097535043e+01 2.026732331062475012e+01 2.222341489676150772e+01 2.411569704940566439e+01
-6.551581748169508224e-01 4.180152047062944409e-01 5.195647923127262313e-01 2.824154998955694218e+00 2.996558882274392044e+00 3.458400447850680681e+00 3.898249492481636214e+00 4.382134668070479577e+00 5.030185279997126280e+00 5.365154965582858537e+00 5.716859890952243894e+00 6.256425986356948243e+00 6.830770568599687564e+00 7.190723178767647994e+00 7.608096634555490567e+00 7.952755273476745046e+00 8.424669900167922165e+00 8.876469675202466547e+00 9.570878416994903048e+00 9.851848591054981341e+00 1.124759320245389205e+01 1.139015247014489951e+01 1.175312252463195151e+01 1.210155448379969734e+01 1.321450937764626943e+01 1.368685032473492669e+01 1.456991093075710886e+01 1.495069343084779057e+01 1.527570768206525642e+01 1.639839728722920853e+01 1.715097188325912470e+01 1.782614951715698126e+01 1.807338366192269419e+01 2.028072159537175523e+01 2.216525822489511555e+01 2.404074309452492031e+01
-4.248231877464795914e-01 2.077733089500157782e-01 2.695471139207211708e-01 2.828350596704336528e+00 2.980763143926312253e+00 3.500787260694156799e+00 3.864867588939362442e+00 4.416990777374221189e+00 5.064457618745094258e+00 5.375707928271376446e+00 5.682279762478521512e+00 6.279240398679482915e+00 6.814360235510807051e+00 7.227918631271393224e+00 7.625085481394898501e+00 7.944538559332687377e+00 8.380587901251072225e+00 8.855628918104532232e+00 9.548634550720105807e+00 9.734301635789183393e+00 1.115285484644065761e+01 1.134451486893413730e+01 1.178329879658309487e+01 1.198586944187967696e+01 1.317055681803632972e+01 1.370491908387937308e+01 1.455879240905876770e+01 1.495286853059558752e+01 1.512700938374259074e+01 1.638953412063132120e+01 1.711170927653978779e+01 1.777898276445778336e+01 1.806134151126482124e+01 2.029023073286452572e+01 2.213187873794647942e+01 2.399685902719728148e+01
-1.148625291640435015e-03 -5.469997931567565806e-04 -2.511105437098845895e-07 2.829550363283691805e+00 2.974991653430626215e+00 3.516866057619732366e+00 3.851873170440252014e+00 4.428203207040568579e+00 5.083073075174152855e+00 5.372427336953754740e+00 5.670482697881864986e+00 6.290742808280151088e+00 6.802391376794392208e+00 7.243437902513480076e+00 7.636679997004550025e+00 7.945923549760492755e+00 8.353552158629481639e+00 8.849462795160757622e+00 9.526509940803080667e+00 9.690104296359001168e+00 1.110651426398139918e+01 1.133816599204400966e+01 1.181006371632770247e+01 1.193484258980276991e+01 1.315506369943921783e+01 1.371341517839868906e+01 1.455297147040387351e+01 1.495569930549343773e+01 1.507384105796141860e+01 1.638939662199383207e+01 1.709786112950896353e+01 1.776320305419020684e+01 1.806015533989618049e+01 2.029363186450790835e+01 2.212099957508406334e+01 2.398238628801796324e+01
1.439512306134396735e-01 2.569817001532851974e-01 4.341006124340160421e-01 2.817255749266990072e+00 2.984973328199559184e+00 3.487955607620123022e+00 3.857299473086963637e+00 4.418359374457693889e+00 5.055222492101485443e+00 5.421170222959253771e+00 5.634730400573632281e+00 6.296440425163575050e+00 6.789886757541419904e+00 7.264264938965045104e+00 7.638544372307523922e+00 7.932092722321316458e+00 8.417713027499388545e+00 8.853226294957231346e+00 9.565255875303535049e+00 9.759729350643578272e+00 1.108155224818517226e+01 1.131504572345349935e+01 1.184963736706598958e+01 1.204676240681775745e+01 1.315780027822722786e+01 1.371565899543173650e+01 1.458793039775179778e+01 1.493925533945061801e+01 1.508874731292767812e+01 1.639973098939482554e+01 1.710297894344540737e+01 1.775689083735658613e+01 1.807744745408624709e+01 2.029516888431862398e+01 2.211434789064772133e+01 2.400240774596278115e+01
3.457217008494002930e-01 5.151357478764171383e-01 8.701204857838198414e-01 2.789078999871303033e+00 3.006524254227474824e+00 3.441816307017447674e+00 3.864299485397645562e+00 4.395808184360567417e+00 5.012769859651784898e+00 5.503415240277772291e+00 5.567026253759482124e+00 6.310235251638673049e+00 6.775017774101662837e+00 7.285733779506422536e+00 7.641341773525470060e+00 7.920178038952142785e+00 8.493049627332643681e+00 8.865638684201741171e+00 9.574464387104271168e+00 1.001185654240203071e+01 1.101769477260127950e+01 1.126071800916192522e+01 1.197439129533704794e+01 1.236874153839536916e+01 1.316625665663208267e+01 1.373080917394232792e+01 1.470652155471673694e+01 1.491403727713895577e+01 1.511905168456596726e+01 1.643005437463021678e+01 1.711882213045236156e+01 1.774563114084111604e+01 1.812790894971712774e+01 2.030012362089884448e+01 2.209640015487796916e+01 2.405781911149514229e+01
5.763478335882448178e-01 7.664525299034333772e-01 1.316766797341283990e+00 2.756399961594519610e+00 3.023692381165753229e+00 3.439787098429855750e+00 3.866057373565888522e+00 4.370745027598884391e+00 4.976252045083967346e+00 5.459867713035554182e+00 5.624499730133584841e+00 6.327678429017431938e+00 6.773489274970017071e+00 7.279341021902209441e+00 7.640930312695940252e+00 7.925398949966343309e+00 8.499147249178982122e+00 8.878958506855699540e+00 9.550605605966707046e+00 1.024738806493266630e+01 1.094617168911768701e+01 1.120755980395265716e+01 1.212058211487805615e+01 1.282481077158315230e+01 1.318100215642329331e+01 1.378788884235351730e+01 1.482154973263653197e+01 1.504003748791189032e+01 1.517596898676632655e+01 1.647934603048431157e+01 1.714667240140344617e+01 1.774810329364675709e+01 1.821724391437128787e+01 2.030986331870656159e+01 2.207201401393556850e+01 2.413662943407753758e+01
8.156361347683014351e-01 1.008893605243458502e+00 1.751802324044296588e+00 2.724035098922818143e+00 3.023794283816651163e+00 3.505863165173291218e+00 3.866575212813107232e+00 4.348356884952869983e+00 4.933190498402111324e+00 5.401716542577283064e+00 5.711179309389455838e+00 6.346176240489395326e+00 6.782687996219189941e+00 7.251733838702237200e+00 7.636027988753114393e+00 7.941487108220641744e+00 8.465531724822923820e+00 8.885550990932749471e+00 9.514671019979537903e+00 1.032370019928708516e+01 1.090604953524435139e+01 1.117126368261082447e+01 1.225791602709221806e+01 1.312735421340523345e+01 1.320384802285760806e+01 1.390526481441931672e+01 1.480671348830636624e+01 1.514206262477309295e+01 1.562959925570645581e+01 1.655006626059966379e+01 1.718710628053458933e+01 1.779122711170337823e+01 1.838384779738260733e+01 2.032826084665419586e+01 2.204657363397474157e+01 2.422387499493265750e+01
1.044597955619506191e+00 1.239340013979190358e+00 2.137453467013012087e+00 2.698986068971409580e+00 3.010001930237637513e+00 3.615684918710746487e+00 3.880208326544596797e+00 4.331906086600331385e+00 4.873163038693116178e+00 5.373274821195599849e+00 5.790144686723153633e+00 6.363916415616715838e+00 6.796924356721509852e+00 7.213033110810347814e+00 7.628346792728634362e+00 7.960526249003973653e+00 8.421908629204217789e+00 8.887292897164902783e+00 9.474075971967847565e+00 1.027411912621486678e+01 1.089166920919100789e+01 1.116027321752854462e+01 1.238056299683351824e+01 1.320447866979255913e+01 1.324705810260870109e+01 1.401481129784620805e+01 1.479062080923630162e+01 1.515792908194633881e+01 1.617692159917868011e+01 1.665604629128043968e+01 1.723349455676633113e+01 1.789086626143081205e+01 1.873871685852588342e+01 2.036710033885530180e+01 2.202428407306396707e+01 2.430574481707913748e+01
1.252348115272848172e+00 1.452053187820704583e+00 2.403875543051114949e+00 2.708831242301118269e+00 3.007997704180319420e+00 3.700229474004846697e+00 3.945201559388173074e+00 4.325022939730607696e+00 4.798978561218482319e+00 5.370915432791681710e+00 5.859780966716106043e+00 6.379449778412826788e+00 6.807772457945302058e+00 7.172030330682598986e+00 7.622025968992205414e+00 7.977160395087183886e+00 8.382861544038140877e+00 8.888625043091639810e+00 9.434241678751705606e+00 1.017500331544743375e+01 1.087074528143223695e+01 1.117531929162037585e+01 1.248626981261852720e+01 1.320678031765550919e+01 1.328054137090583886e+01 1.407585608601293181e+01 1.478707234919550473e+01 1.516288550043024586e+01 1.645267768897402050e+01 1.679013896068976308e+01 1.726867207869323551e+01 1.800103227614707890e+01 1.933099074041296106e+01 2.046973840989400983e+01 2.200753994477720354e+01 2.437219425951287377e+01
1.433249599145526521e+00 1.636652583916605952e+00 2.484891738143642836e+00 2.745002740797825247e+00 3.087428067726176728e+00 3.720747129521908114e+00 4.064043984216449523e+00 4.330856406103264611e+00 4.722975113523392388e+00 5.384309505685498820e+00 5.920156553361899832e+00 6.392006190235148821e+00 6.801754431837825798e+00 7.139549522330191245e+00 7.621757409339047662e+00 7.989739320280544455e+00 8.353015767790065382e+00 8.892105778508605951e+00 9.400150397578787675e+00 1.007107151809909062e+01 1.084022589671260661e+01 1.120368235815836044e+01 1.257361780934622608e+01 1.318383410813058454e+01 1.331128747848178051e+01 1.410043275052690426e+01 1.479479127280817607e+01 1.516174133553804992e+01 1.656754605301106054e+01 1.687887167381732212e+01 1.728631829255966323e+01 1.808216498049148413e+01 1.983734795839712461e+01 2.077593385387891445e+01 2.199696803716827986e+01 2.441811109520827472e+01
1.582331608164331938e+00 1.777026228366001215e+00 2.492747991823808906e+00 2.714732664870536993e+00 3.236279064572160635e+00 3.714875341366608019e+00 4.168479662777757611e+00 4.345088537082345326e+00 4.663640444106188276e+00 5.403405201968690896e+00 5.971673800093724616e+00 6.401736726824823087e+00 6.770489282416869870e+00 7.123988448794541739e+00 7.628866982644166406e+00 7.999052718402116291e+00 8.331834052912988398e+00 8.897140321158158116e+00 9.375647394326385609e+00 9.983884424923045842e+00 1.081048068543914908e+01 1.123200151937485813e+01 1.264086768842298092e+01 1.315326563385394820e+01 1.333954045541167943e+01 1.410510471661970655e+01 1.480785773435025021e+01 1.515752584282803817e+01 1.663390337424109333e+01 1.691722925780902642e+01 1.729371351490376085e+01 1.813621564204574810e+01 2.002983971374020200e+01 2.128331560508291176e+01 2.199189688240177176e+01 2.444358184505842857e+01
1.689452348074256260e+00 1.856460408480635982e+00 2.511583525173758602e+00 2.650493542218269383e+00 3.352716950876605040e+00 3.706243732797520618e+00 4.232531343608813224e+00 4.345339500427296997e+00 4.638385876529246055e+00 5.419370578124564908e+00 6.010591161090574452e+00 6.408803680542783709e+00 6.729308034548246553e+00 7.121037444178350384e+00 7.638584527878404806e+00 8.005459541972308912e+00 8.318516903061764722e+00 8.901341198903748975e+00 9.361979531354613471e+00 9.926114239876602241e+00 1.078966670302651920e+01 1.125202984277800411e+01 1.268466093285256235e+01 1.312833509605056292e+01 1.335946255738291555e+01 1.410249613190214291e+01 1.481931176583661092e+01 1.515325629634629578e+01 1.667406714344580365e+01 1.692938936757924040e+01 1.729677857861090473e+01 1.816789964724705086e+01 2.008643247567433932e+01 2.168572663062902706e+01 2.199148452814134558e+01 2.445355895347286435e+01
1.731680430713521179e+00 1.877993353284137079e+00 2.541607542973132183e+00 2.602157491192199856e+00 3.394857623450888706e+00 3.702856120503705828e+00 4.259060475969558723e+00 4.334122072148988813e+00 4.635780077529352283e+00 5.425533036422505617e+00 6.026020794753675247e+00 6.411701651027154725e+00 6.709868972774632567e+00 7.121286682223797015e+00 7.643095615584948099e+00 8.007868431394365771e+00 8.313838167741884888e+00 8.902908653358638347e+00 9.357801136211671533e+00 9.905855716700742164e+00 1.078225723875969422e+01 1.125921522111807960e+01 1.270014514630662106e+01 1.311865881076330531e+01 1.336665112716025661e+01 1.410068270631124498e+01 1.482380092390858017e+01 1.515148442921544181e+01 1.668809747852681014e+01 1.693145003517775748e+01 1.729766004873637186e+01 1.817843546316212056e+01 2.009972208125473614e+01 2.182945204295518593e+01 2.199394940647093577e+01 2.445556732992848126e+01
1.701211745350653892e+00 2.368725345631928381e+00 2.642958752470770722e+00 2.842519193918917164e+00 3.472733123816418743e+00 3.625338723002670793e+00 4.071086013252887881e+00 4.496933103515961427e+00 5.096469172930160774e+00 5.407310353523320678e+00 5.610105778726675041e+00 5.900531548133146842e+00 6.049695508655724474e+00 6.656480116042078343e+00 7.906277974704370770e+00 8.236724643460121342e+00 8.665294975157079804e+00 8.690870544676124965e+00 9.307159055398106062e+00 9.695247786994752204e+00 1.130243729431713717e+01 1.176932827196606723e+01 1.223892637289710628e+01 1.236238278050936223e+01 1.371990325166033742e+01 1.407419310857280692e+01 1.455859038188681076e+01 1.459993457545944651e+01 1.534190361268061586e+01 1.650515237516308176e+01 1.751490562019423436e+01 1.829724959848686439e+01 1.985502783940223637e+01 2.127002326450241654e+01 2.288289406477234778e+01 2.506884916484141712e+01
1.701563989340243443e+00 2.355827008209759210e+00 2.643997210918393570e+00 2.840129154570242953e+00 3.448932223467812808e+00 3.662700148802618738e+00 4.090557007760547314e+00 4.488954907546077067e+00 5.063626081257750045e+00 5.393390560280281854e+00 5.623427619213256179e+00 5.884998013405525086e+00 6.093800848310853446e+00 6.670258516851757413e+00 7.910584210780514880e+00 8.236907187099271610e+00 8.658490215189448946e+00 8.687430911091119867e+00 9.309150247399285760e+00 9.706112483539396152e+00 1.129155843594864983e+01 1.178710792401220075e+01 1.223884280879619446e+01 1.236779595784331143e+01 1.372490647420781862e+01 1.407639274219549641e+01 1.455005610094191582e+01 1.464377285755959512e+01 1.534672140278846619e+01 1.650453344581457316e+01 1.751497297637732586e+01 1.829577687703732281e+01 1.985483643536974085e+01 2.125419271435808710e+01 2.288891550689693233e+01 2.504100501813196544e+01
1.700864369682277166e+00 2.318266351944016979e+00 2.645678345214407923e+00 2.832033838408269943e+00 3.406755512622664295e+00 3.745322496876322571e+00 4.143578193539450005e+00 4.460716255880774916e+00 4.972870570954434299e+00 5.360838116571949641e+00 5.640442809722306272e+00 5.894713029853873465e+00 6.182845581628002130e+00 6.704790070078051833e+00 7.921509189141550777e+00 8.236658553539948358e+00 8.619421260558411291e+00 8.697470796139853633e+00 9.323484652638049042e+00 9.735634052358987489e+00 1.126839795947786271e+01 1.183043714012013226e+01 1.223679851032809829e+01 1.238427961848954695e+01 1.372727978372875413e+01 1.409284921390511514e+01 1.455048864243253703e+01 1.473688571453749852e+01 1.536322781018610861e+01 1.650354974441532008e+01 1.751468516769482520e+01 1.829085605153990812e+01 1.985406951744347381e+01 2.120812549707465422e+01 2.290102864149695705e+01 2.496080137116241815e+01
1.692863974311745290e+00 2.255443894135759297e+00 2.644648435628940586e+00 2.818055105587111253e+00 3.366709837323326848e+00 3.851156828136515831e+00 4.214844854923703643e+00 4.399826724376680431e+00 4.840737489692194195e+00 5.319879489183959365e+00 5.665129067812755714e+00 5.943947776457472187e+00 6.288169068411893825e+00 6.746041989833944541e+00 7.933894379536756247e+00 8.232640941655731126e+00 8.556255474148313667e+00 8.719137083428631030e+00 9.365132265030636560e+00 9.777770084486656188e+00 1.124760373306450489e+01 1.188412833132766799e+01 1.222979877850271002e+01 1.241120064740837670e+01 1.370895339699875670e+01 1.413077229208116492e+01 1.456184125409377828e+01 1.484658108080009953e+01 1.539902455703931317e+01 1.650414848622949648e+01 1.751266821087569880e+01 1.828113635939583759e+01 1.985137776185688097e+01 2.113485746769568863e+01 2.290343798078077597e+01 2.483861479745901590e+01
1.667177596622410718e+00 2.160515090229432555e+00 2.639672050764712008e+00 2.801143096127704180e+00 3.332602529784508771e+00 3.961388653479449573e+00 4.273534440333822459e+00 4.306342856399371755e+00 4.695932356108926342e+00 5.282431758729269511e+00 5.709984978227027774e+00 6.009625929977517877e+00 6.397321782021438530e+00 6.783864455122711412e+00 7.941624716451102906e+00 8.218008097846368543e+00 8.487552651575484219e+00 8.745133899141954714e+00 9.439130251652375847e+00 9.826972544657817110e+00 1.123567370057371839e+01 1.194089880437615037e+01 1.221622311774961211e+01 1.244667056875014666e+01 1.366976436177512966e+01 1.417482633839024331e+01 1.458081660115708900e+01 1.493730633938830010e+01 1.546677046426223612e+01 1.650770576873864215e+01 1.750692782112376733e+01 1.826489077747149992e+01 1.984269653774029152e+01 2.103596240713728349e+01 2.287517593954691719e+01 2.469299774120456803e+01
1.613461067415819405e+00 2.022918524671468710e+00 2.631687076269892955e+00 2.786119366460594549e+00 3.301254900510887769e+00 3.998320034898728892e+00 4.162798154814353779e+00 4.372085231069466893e+00 4.579109635479302831e+00 5.251975657954329968e+00 5.760273279132243296e+00 6.080120684314958446e+00 6.500982989287289904e+00 6.818037221871338538e+00 7.939061519141347389e+00 8.186985858978143682e+00 8.430097009326638968e+00 8.770092810591222587e+00 9.534488492660521786e+00 9.877890728631900430e+00 1.123216708613256465e+01 1.199647949356239174e+01 1.219532690866154390e+01 1.248916163641712274e+01 1.361755370599286685e+01 1.420486327874816190e+01 1.460505210871892423e+01 1.498525176456147712e+01 1.556907303615106208e+01 1.651335318517781303e+01 1.749521328758651961e+01 1.824073401222259250e+01 1.981968683330969228e+01 2.090834083549578892e+01 2.279683558435633017e+01 2.455048153154466561e+01
1.525215359379277658e+00 1.834492332487643873e+00 2.613446935954636619e+00 2.777909151896537754e+00 3.262584362857048337e+00 3.815960409366591310e+00 4.173693716840606527e+00 4.410263150361870110e+00 4.553006092595847321e+00 5.224777976253410117e+00 5.796496435681016912e+00 6.143354136827769985e+00 6.593217025427258626e+00 6.858725355871707841e+00 7.920193209290568248e+00 8.146228401381218731e+00 8.389854545090445370e+00 8.789970615273205112e+00 9.631704114203762046e+00 9.924055335771605257e+00 1.123429813920783182e+01 1.204211764043062516e+01 1.216696246312342744e+01 1.253645583044581890e+01 1.355754450842155734e+01 1.420912129128053003e+01 1.463173739781787930e+01 1.499577767040648624e+01 1.568648211255685432e+01 1.651714927011154899e+01 1.747536883431197197e+01 1.820835475042901308e+01 1.976597453417099359e+01 2.074550569723358251e+01 2.266363497570345586e+01 2.443773859097577983e+01
1.394810953517033880e+00 1.596887714089764820e+00 2.557526421278923046e+00 2.780174079570818524e+00 3.202851287722028761e+00 3.595863532640203530e+00 4.187716188124013250e+00 4.371901693120546994e+00 4.648342316834149557e+00 5.197988015297223541e+00 5.807375979028212676e+00 6.189396208101080710e+00 6.664020226219536269e+00 6.920830892694797676e+00 7.880771245132272007e+00 8.112494029966978104e+00 8.361490376487125786e+00 8.802772279189895244e+00 9.715240144768923614e+00 9.958085101658564753e+00 1.123992645791495093e+01 1.206182495917007280e+01 1.213522274845654714e+01 1.258136014080138310e+01 1.349249262841180297e+01 1.418339389428052399e+01 1.465769084489697249e+01 1.498571789139974264e+01 1.579464643974535498e+01 1.651214660109256727e+01 1.744554923862217422e+01 1.816886890571313984e+01 1.964570697862590265e+01 2.055516011021256517e+01 2.249986543598148359e+01 2.436583584644480638e+01
1.173856653650579673e+00 1.355453849671327760e+00 2.419362351990645088e+00 2.789380300235484000e+00 3.122867339340605231e+00 3.436208870190387454e+00 4.173510820415972766e+00 4.342912957232109683e+00 4.767122365420212837e+00 5.171545412644950268e+00 5.790514874358387409e+00 6.218765365934255662e+00 6.706818488496864461e+00 7.005728896054013610e+00 7.825977404290282102e+00 8.092686411984393757e+00 8.340405749558968296e+00 8.808858352811929748e+00 9.777810798610065746e+00 9.974097024139448209e+00 1.124813420124443120e+01 1.203485041862384186e+01 1.211228843763660556e+01 1.260936556606747772e+01 1.342447082898039312e+01 1.412862633252201761e+01 1.468024518018823166e+01 1.496688129909707854e+01 1.587472567123871947e+01 1.648921974519774025e+01 1.740431873010728836e+01 1.812434771696408831e+01 1.939996067820944603e+01 2.038771143144385434e+01 2.234842630522244633e+01 2.432417504253962193e+01
7.922114054737802169e-01 1.165498772718115639e+00 2.174595484441581572e+00 2.795578081726087571e+00 3.060114161544352118e+00 3.350402805273488216e+00 4.137755669025112049e+00 4.336455753140984193e+00 4.884936592788734266e+00 5.148185088318714797e+00 5.750551204158068863e+00 6.236806498582263103e+00 6.729367576161208397e+00 7.095170509386071522e+00 7.767885226074512595e+00 8.080740789895244802e+00 8.327771225661638965e+00 8.810695459071176572e+00 9.815318530922148454e+00 9.970498121973770722e+00 1.125843815361974620e+01 1.197004711577126201e+01 1.208625453467056232e+01 1.260140415216064014e+01 1.335561746561713825e+01 1.405011001019692962e+01 1.469693148738206290e+01 1.494540796639193658e+01 1.590480206697868404e+01 1.644201921069180017e+01 1.735115539828602849e+01 1.807627750730537031e+01 1.902337617835432226e+01 2.029274168449823179e+01 2.223761278066679736e+01 2.429179381767374224e+01
-1.360043437135954325e-01 9.840795461400161370e-01 1.852258454767160778e+00 2.795573743634488295e+00 3.030475857709674425e+00 3.316124811386502724e+00 4.089022167605075531e+00 4.345178241211129055e+00 4.994332368234180919e+00 5.137301052876008356e+00 5.696050121295457735e+00 6.247841283097755216e+00 6.741791037562565592e+00 7.171862845116988794e+00 7.715977014642517950e+00 8.068305073339276490e+00 8.326796534357541191e+00 8.811883843504304537e+00 9.820034109262774535e+00 9.951775294977361241e+00 1.127023839651868009e+01 1.188073172936762845e+01 1.204301460169907045e+01 1.253673537069942157e+01 1.328914303360413740e+01 1.395788955878880522e+01 1.470373660093249946e+01 1.492569512482391225e+01 1.584465786248103392e+01 1.638518951258621925e+01 1.728856074943993804e+01 1.802306218956563555e+01 1.862513732417015078e+01 2.025834430559516619e+01 2.216940795897681582e+01 2.425087835401296132e+01
-6.395009771955317834e-01 7.965696645061006720e-01 1.493425622300215139e+00 2.796247444096239487e+00 3.015845070638760728e+00 3.323370182185109822e+00 4.032580254971864342e+00 4.362608304319475216e+00 5.058410424874712596e+00 5.180473062083579272e+00 5.637349124494503982e+00 6.255854739313351232e+00 6.751165429924349759e+00 7.227635033492116001e+00 7.674852245185212141e+00 8.050549025864780717e+00 8.335981285069811619e+00 8.815751550875686959e+00 9.782521664609443945e+00 9.924065441354976258e+00 1.128285345269102180e+01 1.176129105132720554e+01 1.198420724955610339e+01 1.240066484065596342e+01 1.323159083372907574e+01 1.386720131756287344e+01 1.469404719902716572e+01 1.491300492983133630e+01 1.566543978014492033e+01 1.635548284588453427e+01 1.722474928466143851e+01 1.795813020273763172e+01 1.832884536113585483e+01 2.025595923853115821e+01 2.213339413055654603e+01 2.419360805036458828e+01
-7.051758385368188664e-01 6.034494057584876003e-01 1.122258503649805617e+00 2.803422552049624095e+00 3.003383903445690173e+00 3.365431689010497607e+00 3.973080885991396638e+00 4.384132261645136808e+00 5.067985680275293170e+00 5.282443690779149215e+00 5.589861282411699328e+00 6.264923141819239483e+00 6.762444977108709843e+00 7.259675231260249717e+00 7.646429297032854677e+00 8.025690704128797037e+00 8.347948875884837250e+00 8.823898778370148577e+00 9.708659013752516387e+00 9.880534132017048776e+00 1.129499913621867435e+01 1.159250964866529365e+01 1.191941921529687498e+01 1.221747308555857181e+01 1.319070089812703550e+01 1.379403361813042217e+01 1.466252492696026444e+01 1.491190164113969097e+01 1.543205077485217736e+01 1.635690614298607670e+01 1.717014536667437596e+01 1.788116563812912929e+01 1.817049602927707497e+01 2.026691624068292796e+01 2.211866717082289568e+01 2.412360484828641205e+01
-5.862046217258551906e-01 4.079003365788817503e-01 7.486645485748685269e-01 2.815169094830827223e+00 2.990675941210488187e+00 3.428895923250550037e+00 3.916234420150741080e+00 4.405508060340464382e+00 5.072501406657314860e+00 5.360784706906116526e+00 5.586157388645585087e+00 6.276470601164700014e+00 6.777912273628023954e+00 7.266603527057683642e+00 7.632721868638822293e+00 7.993623694974995253e+00 8.355069936943484876e+00 8.835089758789381520e+00 9.621206514710781477e+00 9.810680592225777374e+00 1.129379620736936474e+01 1.138926212034656693e+01 1.186225474230856314e+01 1.205907354792350006e+01 1.316777477498256665e+01 1.374603752910382148e+01 1.461468360048647064e+01 1.492275163344709910e+01 1.523854017486580226e+01 1.637083469334323027e+01 1.713020139206220094e+01 1.781517593398041299e+01 1.809997692990758011e+01 2.028030990697810765e+01 2.211646012027227215e+01 2.405383849053996315e+01
-3.376512988946299143e-01 2.150610935751706698e-01 3.751704383422012068e-01 2.825494366987800099e+00 2.979665727116432627e+00 3.490143048046311147e+00 3.870754562637024332e+00 4.421905525046772922e+00 5.079422055617278886e+00 5.375841052216627780e+00 5.638527949767360603e+00 6.286789239249864103e+00 6.794523259219740652e+00 7.253653006680488069e+00 7.633179101358040342e+00 7.961014732263410387e+00 8.355136739086182374e+00 8.845275285764381934e+00 9.551773704011713662e+00 9.729525613645096271e+00 1.117282924616452355e+01 1.133656917168891631e+01 1.182371272753790770e+01 1.196522077724200805e+01 1.315771071607759346e+01 1.372095374921052091e+01 1.457067625927016152e+01 1.494206749916436472e+01 1.511827304667534300e+01 1.638411937540665519e+01 1.710600159582735103e+01 1.777585255986504365e+01 1.806914876754056110e+01 2.029012255972856948e+01 2.211925025135454703e+01 2.400174677317840377e+01
-1.148625291640435015e-03 -5.469997931567565806e-04 -2.511105437098845895e-07 2.829550363283691805e+00 2.974991653430626215e+00 3.516866057619732366e+00 3.851873170440252014e+00 4.428203207040568579e+00 5.083073075174152855e+00 5.372427336953754740e+00 5.670482697881864986e+00 6.290742808280151088e+00 6.802391376794392208e+00 7.243437902513480076e+00 7.636679997004550025e+00 7.945923549760492755e+00 8.353552158629481639e+00 8.849462795160757622e+00 9.526509940803080667e+00 9.690104296359001168e+00 1.110651426398139918e+01 1.133816599204400966e+01 1.181006371632770247e+01 1.193484258980276991e+01 1.315506369943921783e+01 1.371341517839868906e+01 1.455297147040387351e+01 1.495569930549343773e+01 1.507384105796141860e+01 1.638939662199383207e+01 1.709786112950896353e+01 1.776320305419020684e+01 1.806015533989618049e+01 2.029363186450790835e+01 2.212099957508406334e+01 2.398238628801796324e+01
-3.896458009867199701e-01 1.740350780617624382e-01 3.640109052198461370e-01 2.822856190117351449e+00 2.977642129707573471e+00 3.488611239222830562e+00 3.833463663244224939e+00 4.407777396331794328e+00 5.091882800562818723e+00 5.400082351969283323e+00 5.631861912735612208e+00 6.284414772813043726e+00 6.799195265139782229e+00 7.258035697639019901e+00 7.630332012556989341e+00 7.951598429550167602e+00 8.401835953340608398e+00 8.915543077757231316e+00 9.544260767859411132e+00 9.713751030205724390e+00 1.110551680418240217e+01 1.138726952805812509e+01 1.184193527573519766e+01 1.199270918321698254e+01 1.316140028630543846e+01 1.371539380940543751e+01 1.457624949581660800e+01 1.495358055149190868e+01 1.507830966277035323e+01 1.638716137827746167e+01 1.710686089975156676e+01 1.777711433641852068e+01 1.808030321484525160e+01 2.028657136022122742e+01 2.211834955549657522e+01 2.399842064709148559e+01
-7.135071283238930695e-01 3.772485719896278011e-01 7.189678688561895736e-01 2.806557222770252213e+00 2.991125230993338935e+00 3.422279289928928048e+00 3.794161364687501425e+00 4.376523124840709045e+00 5.108900918208885145e+00 5.438385306359255544e+00 5.567918358109048782e+00 6.272789559026612061e+00 6.791957963886500416e+00 7.276819070395747602e+00 7.630949473207726541e+00 7.983240236675749557e+00 8.467186869461558629e+00 9.088802088079702912e+00 9.571608099752262788e+00 9.795796681697224173e+00 1.110416668241500915e+01 1.149890516804791396e+01 1.195003662421854784e+01 1.215938467546039092e+01 1.318821765021651693e+01 1.372393646556440494e+01 1.464781890959306310e+01 1.495428040212865994e+01 1.508939908812505060e+01 1.637936095015324511e+01 1.713467975465118442e+01 1.781478603332596222e+01 1.814566429500653655e+01 2.026731979013743157e+01 2.211153867509782955e+01 2.404237175015040506e+01
-8.797660906322054553e-01 5.780446009283065623e-01 1.082810405971434742e+00 2.798946190477018980e+00 3.020997424540819321e+00 3.359813893512773930e+00 3.759258476101099866e+00 4.364874033965288724e+00 5.132608542365874271e+00 5.388856517971110982e+00 5.583590764411157537e+00 6.263216318801380744e+00 6.780865210104325413e+00 7.263616712041286227e+00 7.652589979841140533e+00 8.037721168589460063e+00 8.501460693449967465e+00 9.283111294460873353e+00 9.588084427172683277e+00 9.917582473616800343e+00 1.110652372408688038e+01 1.159069024651176605e+01 1.212619418693999407e+01 1.240453163797640457e+01 1.325739495696552872e+01 1.374564415093037084e+01 1.475476280942551099e+01 1.499396979783427852e+01 1.510269204412652400e+01 1.636377231122197173e+01 1.718195626606920001e+01 1.786489570956329587e+01 1.827274481381334681e+01 2.024167394288960864e+01 2.210386915037144817e+01 2.410381611832476523e+01
-7.765581690967968687e-01 7.812836824944332514e-01 1.443155426269873587e+00 2.814303294651378629e+00 3.062663812221948056e+00 3.326814546005288253e+00 3.742934210251823490e+00 4.375293347166383739e+00 5.146289485716017076e+00 5.319794824710654346e+00 5.633597533385339418e+00 6.255605011802571447e+00 6.765562733955574615e+00 7.217220386750209826e+00 7.677400693727590486e+00 8.102162009675932808e+00 8.516350557229932505e+00 9.424432663063681659e+00 9.608870172477468330e+00 1.003649480831863627e+01 1.111456254255162968e+01 1.164071094358863867e+01 1.227434797561896751e+01 1.264761732131341709e+01 1.338256053955178437e+01 1.378291127819459305e+01 1.482392808426668651e+01 1.510732435258539930e+01 1.517265880848355941e+01 1.633942906583106591e+01 1.724506053403326433e+01 1.791358352533159604e+01 1.848923257808693066e+01 2.021911650419676931e+01 2.210045149362948891e+01 2.417136439099710898e+01
2.689186886735002169e-01 9.953744371255773826e-01 1.784425990164215881e+00 2.842979638595349190e+00 3.095824494513187197e+00 3.333702003892169863e+00 3.753681481077614457e+00 4.403723537242754560e+00 5.095160182003859006e+00 5.299166571424993144e+00 5.703460931691803459e+00 6.248820215966746083e+00 6.748147176469266206e+00 7.151984814752605502e+00 7.689416409560854149e+00 8.166845071399716716e+00 8.525315214958951060e+00 9.478777489649679922e+00 9.653169559890837803e+00 1.012994889916086549e+01 1.112730381677327607e+01 1.166666800683248439e+01 1.234919562829046669e+01 1.280557877641026820e+01 1.352231117308152442e+01 1.381943272592426197e+01 1.484963357980337584e+01 1.511337463874413345e+01 1.544903451906844616e+01 1.630842448239994980e+01 1.731335033724892725e+01 1.795184425490702296e+01 1.881807019871594377e+01 2.021197041095379987e+01 2.210755489395516804e+01 2.423908316623741044e+01
9.651336102315917209e-01 1.265727774064651534e+00 2.090479549636981016e+00 2.870460786566037203e+00 3.095097029552747347e+00 3.389194479804800597e+00 3.793359511236687354e+00 4.446957168317815956e+00 4.996029978473409905e+00 5.283361366438690254e+00 5.808469557294807295e+00 6.243088439763537778e+00 6.731200924825612830e+00 7.077747309198064940e+00 7.684471150189802202e+00 8.220719777146724638e+00 8.539212467265571149e+00 9.472110106592609213e+00 9.698943404791776857e+00 1.017947554161192691e+01 1.114274883932060334e+01 1.168090572655632364e+01 1.237239201126794796e+01 1.288740750396563506e+01 1.361096332351314508e+01 1.384284033212576226e+01 1.485673057861768953e+01 1.510575372888979295e+01 1.570822411097312532e+01 1.627665054863142657e+01 1.737303972832588528e+01 1.797775092932507235e+01 1.923712961610825189e+01 2.023446990156258352e+01 2.213136981541970982e+01 2.431100952019079742e+01
1.235848540073583912e+00 1.613954690341565801e+00 2.351707083597008197e+00 2.883831850160008425e+00 3.077630808303668530e+00 3.475037150007485920e+00 3.855312252527720140e+00 4.500019314426158878e+00 4.887533862587040367e+00 5.229229187874138596e+00 5.934190574888670078e+00 6.237684148385945093e+00 6.714704455437572328e+00 7.000129002853308080e+00 7.660292006893508976e+00 8.254951568786484728e+00 8.563686392391138824e+00 9.428520614523410615e+00 9.726333285439958232e+00 1.016537809758853861e+01 1.115956580857693581e+01 1.169573446048242715e+01 1.237281700283208608e+01 1.293235648220306189e+01 1.361284638321306240e+01 1.387890355678130128e+01 1.483107926859456072e+01 1.508169350139022669e+01 1.587570071231328406e+01 1.625661306986370747e+01 1.741708977234026534e+01 1.799311726239338682e+01 1.965016169646018440e+01 2.030565619237428265e+01 2.217529032215362150e+01 2.440017416439168585e+01
1.408078980496668908e+00 1.900520514184002252e+00 2.569396892760540840e+00 2.866509639485530503e+00 3.086093347317012014e+00 3.560395902339770213e+00 3.935336002618021300e+00 4.548898731631814130e+00 4.791284066305056655e+00 5.137576018776098152e+00 6.041285099360949928e+00 6.230574947934431229e+00 6.693021413586805579e+00 6.924253559711251782e+00 7.614234639825161466e+00 8.270129731680963658e+00 8.594247770363491412e+00 9.339051395351678053e+00 9.736391807913799212e+00 1.008814003598035391e+01 1.117807864772347060e+01 1.172420474723198858e+01 1.236863202186920141e+01 1.296479570518124191e+01 1.356418026767235219e+01 1.392173824918363145e+01 1.476350801021043324e+01 1.503876008682101428e+01 1.594048132384789263e+01 1.626342334948736834e+01 1.744855368693925968e+01 1.799932509000213443e+01 1.993702596251786829e+01 2.044471380797974902e+01 2.223528857877704823e+01 2.451881268409852765e+01
1.543079103746836767e+00 2.082052580439766931e+00 2.730024108557447260e+00 2.843842472220927231e+00 3.131340547007470665e+00 3.616753343233135798e+00 4.037022897661008081e+00 4.554723794872606923e+00 4.742148292159911627e+00 5.026093584372786083e+00 6.073354590243484452e+00 6.231213543912419439e+00 6.655408650500428180e+00 6.856395782273447814e+00 7.549824193123205518e+00 8.273929257989497188e+00 8.619582729014211964e+00 9.188193188480527240e+00 9.732459723994267620e+00 9.987284895785434102e+00 1.119979289134746026e+01 1.177000146777738010e+01 1.236955758382389270e+01 1.299021298961108428e+01 1.352285788018555479e+01 1.394450116103350013e+01 1.466944902160549802e+01 1.497539236656539785e+01 1.594146176351186739e+01 1.628383273985098256e+01 1.747404352716992548e+01 1.799648932318909189e+01 2.008568280449582844e+01 2.060701576497771370e+01 2.229851336307785203e+01 2.466278439200771189e+01
1.648402469455613417e+00 2.159063132137623686e+00 2.756823482174578732e+00 2.895437302439452409e+00 3.210705724121956095e+00 3.632308340117463175e+00 4.148725172863736432e+00 4.498629910254803299e+00 4.741307575107681416e+00 4.941825869653293957e+00 5.993964867575418687e+00 6.233676773592344844e+00 6.598795761153799511e+00 6.800230458408681677e+00 7.483013017526695343e+00 8.273839240207834678e+00 8.625215380721924063e+00 8.997880609971700139e+00 9.717680210097750404e+00 9.908375132437273081e+00 1.122445495841309615e+01 1.182430650528085003e+01 1.238114375493076480e+01 1.300385783959924524e+01 1.351928589466527697e+01 1.393364829889413237e+01 1.458019842685752288e+01 1.489045075627330483e+01 1.592692176205285648e+01 1.629118893412213964e+01 1.749784158458397698e+01 1.798583671741066325e+01 2.017045994413440724e+01 2.072163839974347255e+01 2.235237421738267471e+01 2.480675202569163673e+01
1.716644343982259624e+00 2.149919070681296507e+00 2.745646599860828374e+00 2.913488609033796806e+00 3.314628241342777670e+00 3.627923794731735097e+00 4.212993719312655649e+00 4.427056766988368253e+00 4.741152691791280738e+00 4.954734665728391718e+00 5.833203291354392306e+00 6.189434959521445734e+00 6.540792942480817551e+00 6.756945999446597462e+00 7.432485978774725943e+00 8.273689593092194983e+00 8.580748335172055263e+00 8.848374033206576783e+00 9.698093494113171786e+00 9.860611442100356783e+00 1.124847832299827211e+01 1.187470663401146176e+01 1.240558641405619511e+01 1.300463497342922103e+01 1.355352931029083408e+01 1.389282221329822775e+01 1.451938409532329644e+01 1.478707686344140271e+01 1.591677976950160911e+01 1.627888008757929938e+01 1.752069278136653452e+01 1.797120951021246782e+01 2.023077819866949412e+01 2.078178182763401693e+01 2.239355055581650689e+01 2.492087572457889166e+01
1.721169170832077544e+00 2.114417161413285839e+00 2.727978545602373739e+00 2.889507784954707947e+00 3.401964328797659753e+00 3.638795599327415253e+00 4.186574769928641082e+00 4.358715417788056712e+00 4.777600766507161367e+00 5.061096785870657477e+00 5.639422458463727139e+00 6.086116698649831847e+00 6.499566590458838000e+00 6.729971983264664281e+00 7.402179349331619918e+00 8.272166582097380427e+00 8.478064039203088598e+00 8.794321724975905141e+00 9.680008607500340645e+00 9.834450139569741012e+00 1.126731055867232989e+01 1.191298683220100685e+01 1.243891047826443597e+01 1.299898918737487463e+01 1.359419053927451948e+01 1.385583427916763277e+01 1.448872941394758840e+01 1.467534071116432770e+01 1.591246431509290105e+01 1.625547857272799845e+01 1.754058949757158459e+01 1.795763098299888227e+01 2.027772648812959133e+01 2.080701316525584232e+01 2.242419107992700233e+01 2.499108800213198123e+01
1.665192289606212794e+00 2.117445064372183605e+00 2.685869917564831511e+00 2.879643707036682265e+00 3.457699452268287121e+00 3.662386970422516708e+00 4.130082844518458529e+00 4.300423289355386203e+00 4.822963549604132538e+00 5.216073113117234428e+00 5.470607266467333751e+00 5.957424715052154873e+00 6.476655021100679477e+00 6.717758375933560622e+00 7.386308930088892666e+00 8.264115282627271242e+00 8.395251376199642124e+00 8.784164003476337967e+00 9.666989393083602167e+00 9.822427405524365440e+00 1.127851904523407889e+01 1.193617301188736946e+01 1.246930368567776526e+01 1.299364039230379753e+01 1.360042222775491716e+01 1.386396333886051124e+01 1.447870389599911078e+01 1.457676998548862812e+01 1.591077840688554978e+01 1.623455968063201382e+01 1.755429303671857255e+01 1.794869630349901612e+01 2.031049865800167353e+01 2.081474617188308684e+01 2.244455109200240273e+01 2.502319285581078745e+01
1.631871623822984008e+00 2.130389881630283977e+00 2.659713697210007943e+00 2.881447184677449425e+00 3.480236302962838035e+00 3.671676283498197968e+00 4.103514872411515135e+00 4.276926104244617832e+00 4.843252180179970168e+00 5.321174091441282172e+00 5.379505368059479764e+00 5.888417549165356313e+00 6.469310323429200871e+00 6.714607045713130162e+00 7.381229100869829196e+00 8.256341448394103111e+00 8.369509891950789537e+00 8.783059736455658850e+00 9.662093077293626209e+00 9.819241451624217021e+00 1.128211437408286955e+01 1.194387943641897287e+01 1.248183000259868969e+01 1.299167381395596266e+01 1.359297835554166944e+01 1.388124950415074466e+01 1.448017766869592471e+01 1.453133111779393083e+01 1.591022079056495464e+01 1.622643094403177955e+01 1.755917563767050993e+01 1.794567672081095822e+01 2.032269584520173211e+01 2.081598693605173267e+01 2.245192031371097485e+01 2.503149901051310522e+01
1.834886288764403739e+00 2.006755694197608353e+00 2.443556273338595375e+00 3.190241752836833644e+00 3.281161807992728718e+00 3.669419609701417340e+00 4.402918348451515307e+00 4.751198800671451394e+00 4.848316796864831524e+00 5.257167216459461834e+00 5.562683529249247805e+00 6.032317108030788688e+00 6.644172916169628351e+00 6.936532711596629319e+00 7.680472507246443925e+00 7.995263967826738316e+00 8.733448236570737322e+00 9.318656201337638834e+00 9.682217287561341479e+00 1.027826975017483058e+01 1.055014118503072318e+01 1.142423951156059836e+01 1.249268419470479508e+01 1.288340563731006405e+01 1.354219282924206347e+01 1.383984610892769140e+01 1.438142110654706229e+01 1.460178088469350222e+01 1.572081442245106686e+01 1.638692182059859803e+01 1.662239780734083539e+01 1.813167441184834772e+01 2.038681931175246476e+01 2.106619107589057549e+01 2.225343867009530996e+01 2.422805907543451553e+01
1.804944970749737587e+00 2.034727331426279928e+00 2.425213106628221205e+00 3.128599411000082320e+00 3.352597437162334604e+00 3.646732615411270029e+00 4.404659760280606129e+00 4.718721881506185767e+00 4.877156869163565389e+00 5.242404683390001097e+00 5.576397428832072123e+00 6.055671546178245102e+00 6.642942055563055170e+00 6.936633742818099080e+00 7.665622154868400706e+00 7.986991469805693633e+00 8.715615809478622467e+00 9.324889623077616818e+00 9.678400941928266832e+00 1.026789587014522098e+01 1.055698662363754892e+01 1.143159532283500823e+01 1.246863751650146490e+01 1.288819213785585660e+01 1.353400888401269597e+01 1.385133382623336118e+01 1.436515847715699934e+01 1.463516720875116306e+01 1.573180528457454130e+01 1.638163457680714075e+01 1.663660157852363852e+01 1.812368605962855739e+01 2.037006958012275248e+01 2.109989373818077141e+01 2.226075762853201923e+01 2.421245328779891182e+01
1.754587267669202255e+00 2.079428256785315288e+00 2.374094467614778381e+00 3.051999996556595374e+00 3.445571014028979473e+00 3.599855898046951275e+00 4.403201861679742812e+00 4.660750370605089010e+00 4.922464471110505002e+00 5.207276530985947893e+00 5.613687907299083513e+00 6.110144328644248723e+00 6.640296464112729780e+00 6.939728103031307604e+00 7.628317960016715027e+00 7.965222537671634129e+00 8.683303427960316512e+00 9.343077048563701581e+00 9.664062498226860143e+00 1.024015628809835476e+01 1.057297511596630990e+01 1.145530907489346539e+01 1.241533455176394440e+01 1.289214426827592419e+01 1.352260283080427783e+01 1.386788621726169168e+01 1.435290999288309344e+01 1.470575500745405506e+01 1.576149866304926839e+01 1.637235106776122961e+01 1.667341136057464723e+01 1.810521494653700358e+01 2.033154497990502207e+01 2.117401015148950805e+01 2.227967939181553803e+01 2.416962945521986583e+01
1.716895956595347217e+00 2.098391014985632186e+00 2.309690850370042625e+00 2.990921661052767799e+00 3.453823275318048669e+00 3.617819735275500825e+00 4.385391404263877746e+00 4.598086285982263099e+00 4.960822401149364680e+00 5.172689868556603621e+00 5.660246018551130298e+00 6.167771112418036772e+00 6.637238564759643467e+00 6.955400861936968049e+00 7.581512501278306893e+00 7.953256573603249002e+00 8.668753543682651497e+00 9.369998439586213479e+00 9.637860852837292214e+00 1.020230518462505920e+01 1.059359916137618640e+01 1.149442841845637808e+01 1.236283017414591612e+01 1.288905984477733924e+01 1.351876330517128189e+01 1.387066360127247222e+01 1.438225139421385812e+01 1.478553235055017190e+01 1.580140076140563465e+01 1.637002220338946401e+01 1.672404905621748838e+01 1.808875456135498538e+01 2.028768042197462762e+01 2.123722562230226885e+01 2.229952547019035691e+01 2.411090930196754201e+01
1.694160259265627744e+00 2.050175449041717890e+00 2.277268612421444072e+00 2.947252149138342325e+00 3.385861782022050459e+00 3.691738978669778959e+00 4.345476740423623419e+00 4.534586021105290854e+00 4.984295643729011793e+00 5.161916353311900352e+00 5.696267877644431543e+00 6.214851300421783797e+00 6.636619192786073818e+00 6.994348118893350730e+00 7.533964664502022401e+00 7.991574687180993841e+00 8.679340294584438453e+00 9.397503677089771301e+00 9.609627195612779005e+00 1.016206609394807003e+01 1.062158021810421005e+01 1.153817886368086931e+01 1.233004030145035124e+01 1.288634093121429736e+01 1.351183197275871528e+01 1.387334661861099683e+01 1.445501029447255270e+01 1.486733084671517169e+01 1.584242981385364146e+01 1.638057749761976112e+01 1.678506713597378308e+01 1.808557419177236270e+01 2.024513774210034001e+01 2.124679850677396686e+01 2.230302151971293512e+01 2.405294556336814793e+01
1.670157113704385576e+00 1.935539441809803085e+00 2.283720729543951666e+00 2.918577100170906657e+00 3.301931852610194174e+00 3.748041227647064488e+00 4.290793261203165621e+00 4.472731825209451451e+00 4.990566960916895667e+00 5.188693336255232325e+00 5.709421407043907770e+00 6.251882817224489131e+00 6.650431191112974538e+00 7.055617605046327512e+00 7.489305364865827208e+00 8.101620667029761691e+00 8.702380127713274405e+00 9.410529337739664157e+00 9.606713786789049081e+00 1.012531458796850181e+01 1.066164359963599395e+01 1.156926671908581028e+01 1.232368981758108717e+01 1.288823602981090133e+01 1.349001510569770446e+01 1.389502924402654394e+01 1.455888990844682951e+01 1.495006032829885179e+01 1.587916695367951192e+01 1.640489372977946303e+01 1.685685200786497617e+01 1.809996699510057283e+01 2.020385022588693857e+01 2.116933945773236303e+01 2.227905587950859356e+01 2.401340339154783976e+01
1.617753327054300971e+00 1.785246421651740301e+00 2.304372453245614238e+00 2.891649168283067173e+00 3.207050070708726608e+00 3.769632891216053050e+00 4.228204662593376462e+00 4.418644629554596470e+00 4.995202542929118472e+00 5.242464998097346118e+00 5.701632120188047104e+00 6.278605511211240220e+00 6.687991903124042459e+00 7.130155711972734345e+00 7.447152014485100224e+00 8.263559903539716700e+00 8.717864758286806293e+00 9.399328445755214645e+00 9.665950348322287056e+00 1.009537885502551546e+01 1.071472959704622419e+01 1.157495710498451302e+01 1.233783426656796145e+01 1.289197985258888579e+01 1.346021274053972760e+01 1.392906032107338454e+01 1.467988933644648242e+01 1.503177030615860588e+01 1.590751634566722217e+01 1.644415787941869667e+01 1.693869396661263238e+01 1.812900729687726553e+01 2.015598846068710515e+01 2.097710222304586480e+01 2.223721735500816266e+01 2.400366452711813636e+01
1.479750375371833737e+00 1.627669610457880944e+00 2.340820721040056007e+00 2.824795111649191170e+00 3.128760199977842937e+00 3.752717879949748259e+00 4.150351126996556950e+00 4.382537327572415542e+00 5.012241256561538627e+00 5.305364267198111605e+00 5.683393806413207017e+00 6.292475639103349394e+00 6.743111000818348799e+00 7.206792790627700285e+00 7.409145337938554121e+00 8.406883078959541677e+00 8.719542236266496715e+00 9.380651845904575126e+00 9.797042593512347963e+00 1.007842188085348312e+01 1.077634276876179698e+01 1.155362315053389111e+01 1.235775681996225117e+01 1.289679669860434963e+01 1.343524064736250168e+01 1.395736764619807246e+01 1.479835561153433687e+01 1.510681946802954911e+01 1.591790347397199490e+01 1.650396029039846368e+01 1.702647224013945504e+01 1.816535632065074068e+01 2.006383323780379513e+01 2.068277393827876054e+01 2.219820401980386748e+01 2.402319884493587665e+01
1.184294699139267326e+00 1.485293669780389125e+00 2.398839915373698783e+00 2.670848422061325778e+00 3.106666790591836591e+00 3.702616355811526816e+00 4.050234108535962108e+00 4.365657908342495119e+00 5.042586144563574457e+00 5.363580309827939985e+00 5.662318102897055283e+00 6.294343197063509088e+00 6.801625755631676817e+00 7.261837535754810169e+00 7.392230888113882514e+00 8.436848477741106578e+00 8.740573445282517895e+00 9.369906669042451952e+00 9.933279380700344774e+00 1.011678380618660356e+01 1.083963816433964134e+01 1.151172804906797253e+01 1.236952651469295006e+01 1.290918926784192955e+01 1.342033318265305653e+01 1.396732639276239674e+01 1.489153613658167075e+01 1.516535492283463604e+01 1.589401100534852418e+01 1.658990800354376915e+01 1.711451487429452456e+01 1.819883957029284360e+01 1.978887139559568453e+01 2.043148223060768842e+01 2.217149378600099041e+01 2.406087132327953526e+01
6.643200297202980220e-01 1.312311773472556897e+00 2.407762044153252123e+00 2.506769987338808292e+00 3.118335931474943479e+00 3.631050819376866023e+00 3.935828149701803724e+00 4.359195246493404063e+00 5.078128797711377374e+00 5.409329733007496976e+00 5.638228784499609070e+00 6.289628846419747177e+00 6.849475111588535725e+00 7.264578990360480049e+00 7.424289679612642523e+00 8.362035319945480438e+00 8.770174494648191654e+00 9.369892779690097484e+00 9.951755863809976788e+00 1.025793634861378401e+01 1.089757481830734598e+01 1.146368180626145161e+01 1.236454095256950048e+01 1.293338768766314395e+01 1.341591019744537228e+01 1.395057917132028358e+01 1.494418291873558324e+01 1.519405860270664554e+01 1.582242349678556259e+01 1.669602515198998915e+01 1.719739896326824180e+01 1.821510633523047673e+01 1.926244794408229311e+01 2.033468148444346468e+01 2.215443435083974322e+01 2.410061536225114764e+01
-7.431033394632362565e-01 1.086575097371736964e+00 2.137807184667038118e+00 2.569044861959199011e+00 3.128195269083518859e+00 3.553427294867270270e+00 3.827366560821903185e+00 4.355740188399786383e+00 5.106359707989951424e+00 5.443853674652490149e+00 5.609280842900432162e+00 6.284199413857211702e+00 6.876007418198192056e+00 7.249203935536569610e+00 7.473905639257816702e+00 8.252855193486825058e+00 8.770516468850829028e+00 9.377979977143803936e+00 9.914600241112021095e+00 1.035739708928153213e+01 1.093645848667286558e+01 1.143611978509127347e+01 1.233656028729616061e+01 1.295585951855872864e+01 1.342008461356395976e+01 1.389844007933039549e+01 1.495492170612320493e+01 1.517964358951638282e+01 1.570158378212648032e+01 1.680094256673610076e+01 1.726392945519271649e+01 1.818225018446549868e+01 1.867094920516160883e+01 2.030206104322656202e+01 2.214240794969802195e+01 2.412719840327016385e+01
-1.197935612263001159e+00 8.076324991362392458e-01 1.805432121102109821e+00 2.639977962685663648e+00 3.114243921472019672e+00 3.487030068693651952e+00 3.752030722284011688e+00 4.351538532022182437e+00 5.115544061425551625e+00 5.477522709616303054e+00 5.578927761467237900e+00 6.279072012909407974e+00 6.880058282362400135e+00 7.246329401340848797e+00 7.513579505449728302e+00 8.142883383242683237e+00 8.739255493148680998e+00 9.384749184985233583e+00 9.849297614629220377e+00 1.034950182697599352e+01 1.094839968967690602e+01 1.144577621329700357e+01 1.227852608725039474e+01 1.293451643455735045e+01 1.342736452525029556e+01 1.380643121407009133e+01 1.493277659642111210e+01 1.511665678503580956e+01 1.554383465579347323e+01 1.687433973620600369e+01 1.726895015973933667e+01 1.796536692405098989e+01 1.832520121033967087e+01 2.028928554710523713e+01 2.213316732867083303e+01 2.413083528358409779e+01
-1.409428289892851627e+00 4.920698998058412044e-01 1.438269941780362826e+00 2.700293884928344657e+00 3.075426470147287095e+00 3.444932300800090275e+00 3.727744775763224272e+00 4.346785211095416379e+00 5.104659928127951218e+00 5.512307537512365130e+00 5.560173447036193650e+00 6.270738652918087297e+00 6.872357608217718905e+00 7.256374879564256197e+00 7.537979834024564951e+00 8.045395397980250607e+00 8.685255550504129118e+00 9.362938103461335260e+00 9.769931146906268182e+00 1.023672690902897386e+01 1.095600175040045876e+01 1.146914007576806327e+01 1.218319748876462683e+01 1.280865899317119450e+01 1.341983567229046059e+01 1.369967677764750213e+01 1.488165142321848222e+01 1.502078908475518837e+01 1.538077032294723345e+01 1.685408291955615567e+01 1.715284749881610082e+01 1.776735747244674002e+01 1.823002425803921511e+01 2.028548442442969346e+01 2.212641172618591412e+01 2.410998414228423314e+01
-1.393505772997707171e+00 1.261487776927391058e-01 1.056263773817637919e+00 2.750336989122287079e+00 3.031047346486978711e+00 3.435304086194324036e+00 3.747433789649166513e+00 4.347748300359509877e+00 5.085970755222572137e+00 5.501102714833261409e+00 5.595406815446747117e+00 6.259803436532844323e+00 6.862830142237873687e+00 7.264839559914123335e+00 7.553270352267481336e+00 7.968619033911554794e+00 8.617649330700473342e+00 9.266135205514801854e+00 9.709752181561217554e+00 1.004718428028403210e+01 1.097869505410880997e+01 1.147367485434789813e+01 1.205333912741753011e+01 1.255905313183436434e+01 1.334651662148352003e+01 1.365710782869179951e+01 1.477585370550136190e+01 1.496083636118583193e+01 1.524840906758312897e+01 1.667745007977177352e+01 1.709776022903269421e+01 1.774502167168338218e+01 1.816306142390894252e+01 2.028663748943623446e+01 2.212236894640590634e+01 2.407154823779918118e+01
-1.123197112420571298e+00 -2.114162887964580184e-01 6.813577325356547920e-01 2.791071127010827269e+00 2.997802800907372944e+00 3.459117308485249342e+00 3.790335636019500409e+00 4.366044938761311833e+00 5.073256668055716290e+00 5.460363222209692502e+00 5.642241351933076743e+00 6.258560057131532517e+00 6.847755472737352633e+00 7.258794533280552130e+00 7.575338021717435311e+00 7.924833300077039233e+00 8.536606214007459670e+00 9.090220768903833459e+00 9.679513898237612324e+00 9.823728303808930917e+00 1.102058385550170527e+01 1.144108520136250640e+01 1.192192735043849616e+01 1.225690110413318301e+01 1.324301142687846244e+01 1.367743340013371345e+01 1.465757648033287097e+01 1.494947666108573259e+01 1.515370276364674140e+01 1.651148789804344830e+01 1.709564163654679803e+01 1.775667758142981612e+01 1.810764733597707021e+01 2.028977648377385279e+01 2.212082559712560936e+01 2.402838542054644932e+01
-6.254655954587121647e-01 -1.448098199057513691e-01 3.303193746204770020e-01 2.819333166674262259e+00 2.980060372712541206e+00 3.497856241707529179e+00 3.833407600300465567e+00 4.404279884187623395e+00 5.075213849607827399e+00 5.405170606647512699e+00 5.666075564674878606e+00 6.276537806490460447e+00 6.820152929194732039e+00 7.247152890755466537e+00 7.612877960641329267e+00 7.925805533949636050e+00 8.429281176634178863e+00 8.917227009129899074e+00 9.598059544138218158e+00 9.699341340489045393e+00 1.107476301270500940e+01 1.137740746532523062e+01 1.183663679335728780e+01 1.202148306791041321e+01 1.317629057763106104e+01 1.370330140897218207e+01 1.457953724597402889e+01 1.495294394007109950e+01 1.509441580893978418e+01 1.641841411016284624e+01 1.709734822222607065e+01 1.776258821427460433e+01 1.807204423231432244e+01 2.029256248252062278e+01 2.212080188571790629e+01 2.399493556960255702e+01
-1.148625291640435015e-03 -5.469997931567565806e-04 -2.511105437098845895e-07 2.829550363283691805e+00 2.974991653430626215e+00 3.516866057619732366e+00 3.851873170440252014e+00 4.428203207040568579e+00 5.083073075174152855e+00 5.372427336953754740e+00 5.670482697881864986e+00 6.290742808280151088e+00 6.802391376794392208e+00 7.243437902513480076e+00 7.636679997004550025e+00 7.945923549760492755e+00 8.353552158629481639e+00 8.849462795160757622e+00 9.526509940803080667e+00 9.690104296359001168e+00 1.110651426398139918e+01 1.133816599204400966e+01 1.181006371632770247e+01 1.193484258980276991e+01 1.315506369943921783e+01 1.371341517839868906e+01 1.455297147040387351e+01 1.495569930549343773e+01 1.507384105796141860e+01 1.638939662199383207e+01 1.709786112950896353e+01 1.776320305419020684e+01 1.806015533989618049e+01 2.029363186450790835e+01 2.212099957508406334e+01 2.398238628801796324e+01
-2.250155493605780488e-01 2.104654650495253188e-01 2.681802033555094611e-01 2.820345320886818996e+00 2.978205097343951557e+00 3.514543639468309610e+00 3.833382241866256646e+00 4.401266521180638769e+00 5.087883281851156347e+00 5.394028680030745093e+00 5.673798765390026588e+00 6.290327945085821604e+00 6.797422989257726478e+00 7.224613564990069570e+00 7.643665905641367608e+00 7.962897175577405839e+00 8.393134386591430740e+00 8.900863912420527768e+00 9.515373554100452935e+00 9.724162791969918729e+00 1.108114386850600219e+01 1.136314807128905535e+01 1.183059971957287715e+01 1.195705299900094332e+01 1.316880021682643331e+01 1.372556418220293750e+01 1.455875471210588401e+01 1.495404958178081145e+01 1.507939958623307852e+01 1.637728713917406864e+01 1.710518526544670692e+01 1.777244709360885011e+01 1.807072409730278295e+01 2.029919495734525015e+01 2.211474950933423145e+01 2.398977022290403482e+01
-3.218091684273060027e-01 4.085835389822290997e-01 5.244139169025957559e-01 2.800344520298790663e+00 2.989756890489088104e+00 3.504874779568919241e+00 3.787702402209419894e+00 4.349301026266947368e+00 5.089199255920546783e+00 5.437974999552792177e+00 5.681595321035622703e+00 6.294437108935396097e+00 6.783857912095417220e+00 7.180162279456974161e+00 7.656865367425236713e+00 7.999186044135765172e+00 8.467656787254767892e+00 9.054939263145234563e+00 9.500683566467237995e+00 9.813908234556306454e+00 1.104119907383452137e+01 1.138983695670282792e+01 1.187777326362134644e+01 1.204507261457921885e+01 1.321542241661511596e+01 1.376371857463201920e+01 1.457638274470698292e+01 1.494964527739344540e+01 1.509778999747415185e+01 1.634343117346551466e+01 1.712551821132863594e+01 1.779534766189602379e+01 1.810777270203715972e+01 2.031652891263067673e+01 2.209801172497295951e+01 2.401225110606205604e+01
-1.288542473487987172e-01 6.079714404213673040e-01 7.969210474106284137e-01 2.787247848445788545e+00 3.010808409444341027e+00 3.482277907964011376e+00 3.735684220722462090e+00 4.304395750830722456e+00 5.073787280580388526e+00 5.470124384573703757e+00 5.696242227209266318e+00 6.307123011189279538e+00 6.764771134912131778e+00 7.129224318152833639e+00 7.665625276459156368e+00 8.039518999600751670e+00 8.525985668807127382e+00 9.241596737123304095e+00 9.507578803110321886e+00 9.954553200086493803e+00 1.102077194489030454e+01 1.138028837070016941e+01 1.191922834686894461e+01 1.220979044808664504e+01 1.330674111199682841e+01 1.383455823074667634e+01 1.460649375611607681e+01 1.494488060354836634e+01 1.513442490774139060e+01 1.629379511855830032e+01 1.715567062239441043e+01 1.781957052493838844e+01 1.818491563273547129e+01 2.034738524824298622e+01 2.207662576677706312e+01 2.405129734635151451e+01
5.352489538119951096e-01 8.079143003337061479e-01 1.103018024837108646e+00 2.794666694708834331e+00 3.039966614431611092e+00 3.444124663128922403e+00 3.691240544158469028e+00 4.271057458341254609e+00 5.036311112614859198e+00 5.477089788406718007e+00 5.727539002542479274e+00 6.321567239753323797e+00 6.744070767705224512e+00 7.083128364947356204e+00 7.666991571676758710e+00 8.079118475099127394e+00 8.568055195273394986e+00 9.352236239920788563e+00 9.554130970563347702e+00 1.013772926758561965e+01 1.102703650466239083e+01 1.134499099037668302e+01 1.195238425264295756e+01 1.238452010796284419e+01 1.343771940116087826e+01 1.394932535378688776e+01 1.464850372718106719e+01 1.494600392455277671e+01 1.519955882789592927e+01 1.623549549881087017e+01 1.719359241740271571e+01 1.783449935629504779e+01 1.831382115101848385e+01 2.039399752540039046e+01 2.205969988095636936e+01 2.411079399135162760e+01
8.533867857898005393e-01 1.008862270534923722e+00 1.458880848699907418e+00 2.824357811138279661e+00 3.074861852376908899e+00 3.395007179534204500e+00 3.655891530092591157e+00 4.244514771217300364e+00 4.975038472379779364e+00 5.468556974549387384e+00 5.774908376991086278e+00 6.329560804251237904e+00 6.725323838874365023e+00 7.045546903787619719e+00 7.663771158938251560e+00 8.116269333990571155e+00 8.599584645591763277e+00 9.398311370044009294e+00 9.610992571749363833e+00 1.032707632775998974e+01 1.104852388740499336e+01 1.130883826248852664e+01 1.198039581384759700e+01 1.251447528687497801e+01 1.356592946767793784e+01 1.409748460011936722e+01 1.469415536322079241e+01 1.496542162904686535e+01 1.530649882714277688e+01 1.617609499411025809e+01 1.723882856742166680e+01 1.783841488307759349e+01 1.849391151438492287e+01 2.045776815030827223e+01 2.205849597512801452e+01 2.419864669608900343e+01
1.095879929631964567e+00 1.210541981456875638e+00 1.843351820888949222e+00 2.867928670766350052e+00 3.109544462145555688e+00 3.348040135793854066e+00 3.627512548585065222e+00 4.220470501463791990e+00 4.894776071256973005e+00 5.456265218001290052e+00 5.828184802803243691e+00 6.330945144415187187e+00 6.709697755103400496e+00 7.015484518041178674e+00 7.660522763520623002e+00 8.150707381266510509e+00 8.618920973972123534e+00 9.433638562329941024e+00 9.648599546004458460e+00 1.049117305782859866e+01 1.105707057482265121e+01 1.130605002844220053e+01 1.200359687033220624e+01 1.259958693103489225e+01 1.366293113175941087e+01 1.422377588346046018e+01 1.472394826237064258e+01 1.501486005769361398e+01 1.545092970626572182e+01 1.612480371189760220e+01 1.729071567236890417e+01 1.783434177327286108e+01 1.871009432600933664e+01 2.053705513944354166e+01 2.208369603327315644e+01 2.432773383600407513e+01
1.294369207411262268e+00 1.406958452743523269e+00 2.214496106100924955e+00 2.909595541025964405e+00 3.126806964042947889e+00 3.330053492005473625e+00 3.608563955277887203e+00 4.196727059900126733e+00 4.806304707938771514e+00 5.442674360422430802e+00 5.876025775563352482e+00 6.333776492068014186e+00 6.695812126715738444e+00 6.990072099762577373e+00 7.661074849865807224e+00 8.182804392007744454e+00 8.622790787436660054e+00 9.473267393460188757e+00 9.671862700642179789e+00 1.060942100858602366e+01 1.104801944570145977e+01 1.135290557907533859e+01 1.202179620199862420e+01 1.265918630503978903e+01 1.373431673242964202e+01 1.429576743360044233e+01 1.473073126267249577e+01 1.508787577549893655e+01 1.558564270649080186e+01 1.609399585565378032e+01 1.734623191838018741e+01 1.782559034127112696e+01 1.893321329966416755e+01 2.062505781016201212e+01 2.213948976127359813e+01 2.451397180449423274e+01
1.468390675703025616e+00 1.590455353316953202e+00 2.536048032368943606e+00 2.924806144923040474e+00 3.123719124514816148e+00 3.356483804404734705e+00 3.611520196900834812e+00 4.174056578399914841e+00 4.722553575538171344e+00 5.425407214322653715e+00 5.907982784024127909e+00 6.348407065304984442e+00 6.681798815055054241e+00 6.966582097447421518e+00 7.667570383525905697e+00 8.212832604917048585e+00 8.610259091985367874e+00 9.513839512688456068e+00 9.694612671750126864e+00 1.065312122812997053e+01 1.106894780733967210e+01 1.142746298655050197e+01 1.203501927609548439e+01 1.270775273072565525e+01 1.378845073655674724e+01 1.432360296759911478e+01 1.472438285713721484e+01 1.517131075380251914e+01 1.565967316434576340e+01 1.609253635989863795e+01 1.739981988363722110e+01 1.781495252338431357e+01 1.913032538537093075e+01 2.071118529423059229e+01 2.221678318157223231e+01 2.476826948170609555e+01
1.624697772405792717e+00 1.756695247254501435e+00 2.774890112995998859e+00 2.892757535145603853e+00 3.141730801390165251e+00 3.391506875373835328e+00 3.656637173795386442e+00 4.158263232719527913e+00 4.656594637719702057e+00 5.401535442640057028e+00 5.918563426479463097e+00 6.379488485541841669e+00 6.666835652698780201e+00 6.943460467235559541e+00 7.680474484906434363e+00 8.240771407811473992e+00 8.583176851327936063e+00 9.546841029366760267e+00 9.729722485996617820e+00 1.061949394776496192e+01 1.113971184892273492e+01 1.150908482112210685e+01 1.204372685122801734e+01 1.275294051342279289e+01 1.382847906712488673e+01 1.432434961473724577e+01 1.471354311819151661e+01 1.525745304379376854e+01 1.567364015937264909e+01 1.610758835698394975e+01 1.744566877989408127e+01 1.780484602196467847e+01 1.928167472902137547e+01 2.078690866531048442e+01 2.229540016081877596e+01 2.508367547032344547e+01
1.763363512023192081e+00 1.903507432732671090e+00 2.815659270421226879e+00 2.926634580336168856e+00 3.180757427429111051e+00 3.421610385075646299e+00 3.730816793461051439e+00 4.161523664304354497e+00 4.622870796263793380e+00 5.368615933079395219e+00 5.910367728436996870e+00 6.422131002284973356e+00 6.651460878958603828e+00 6.920540855886432752e+00 7.698877611701163026e+00 8.266486599206523067e+00 8.545194692085090082e+00 9.570301807701616426e+00 9.779857404864817028e+00 1.054575372003815303e+01 1.122990935969281345e+01 1.158602297440880946e+01 1.204898908631009924e+01 1.279768245966161544e+01 1.385487039593411573e+01 1.431086279114780169e+01 1.470275275796575265e+01 1.533891743533474461e+01 1.566128244304842454e+01 1.611641601645716548e+01 1.748018176975786986e+01 1.779716363192338946e+01 1.938564194924172313e+01 2.084930848209447518e+01 2.235773705421311064e+01 2.542928325314348115e+01
1.880543758989062564e+00 2.030229398630269078e+00 2.740180498152851030e+00 2.989910587135163667e+00 3.201401980397053038e+00 3.472224934811125152e+00 3.780785523977018503e+00 4.189432068338256876e+00 4.638858926143535122e+00 5.324492277744697688e+00 5.890822842483288468e+00 6.466253660329817521e+00 6.637561118661293058e+00 6.898818383022736533e+00 7.720579381402512098e+00 8.290045003305150928e+00 8.501060577289932141e+00 9.589428247176783771e+00 9.837562197768537686e+00 1.045961567091796240e+01 1.131518353153562728e+01 1.164997008476778717e+01 1.205248278295692899e+01 1.284127973747889051e+01 1.386809577713699326e+01 1.429247576302762113e+01 1.469433582289984130e+01 1.540439716604317688e+01 1.565161559190298490e+01 1.611048490261960353e+01 1.750284343543033216e+01 1.779277197423733980e+01 1.945099432170506049e+01 2.089862398549664135e+01 2.239810392755199686e+01 2.575950208803066133e+01
1.969934052187068074e+00 2.136071646751009467e+00 2.667195807638686134e+00 3.013929217130757454e+00 3.195747091461886846e+00 3.540846455231249745e+00 3.785434081677843565e+00 4.219299602876856348e+00 4.710831471162206796e+00 5.268204728902471601e+00 5.868225766186942138e+00 6.502036509962982436e+00 6.628087688187839888e+00 6.880159322500328578e+00 7.741929377535167411e+00 8.311952660013870897e+00 8.456404742703549360e+00 9.606967422568136072e+00 9.894142936747307715e+00 1.037655927073410389e+01 1.138391792002808067e+01 1.169518011994157014e+01 1.205577727287839629e+01 1.287982237966390819e+01 1.387074453582145672e+01 1.427574058391356182e+01 1.468911344290148158e+01 1.544142370998692115e+01 1.566166230962595662e+01 1.609325601160592356e+01 1.751563992601646547e+01 1.779120904626174138e+01 1.948864428511992131e+01 2.093495216601822051e+01 2.242004507418907977e+01 2.602953917105646653e+01
2.025616693237727528e+00 2.214360223855939225e+00 2.609476571491044616e+00 3.019171816179016421e+00 3.184470869137645099e+00 3.605776145889965978e+00 3.762105575928997414e+00 4.233861153508523323e+00 4.805847487903981197e+00 5.206341453088833227e+00 5.850477558871247652e+00 6.523101442616844103e+00 6.624858769596703389e+00 6.867107791065701683e+00 7.758011439056037517e+00 8.332451192027249931e+00 8.418022484320983878e+00 9.620533504503605116e+00 9.939999667592610777e+00 1.031145459001877640e+01 1.142894412758777456e+01 1.172024744724569700e+01 1.205893451950989004e+01 1.290711441612328159e+01 1.386818562122815557e+01 1.426455917210589419e+01 1.468666071603054135e+01 1.545281670799454510e+01 1.568481194501910991e+01 1.607426497930227427e+01 1.752161772563169961e+01 1.779113772866739041e+01 1.950752559078972581e+01 2.095746030995320908e+01 2.242988842658092707e+01 2.620521912993159219e+01
2.044441258897685909e+00 2.245698945721181783e+00 2.585477996984922200e+00 3.019014732712172577e+00 3.179808007693608385e+00 3.638783053157828906e+00 3.742487578798328940e+00 4.237474563445953635e+00 4.855079087418074479e+00 5.172700552544397645e+00 5.843761175266750207e+00 6.529444630691052964e+00 6.624865106812337423e+00 6.862337248254138267e+00 7.764060428237343991e+00 8.344377489451556329e+00 8.399277720669585889e+00 9.625760441228614184e+00 9.959200361303595983e+00 1.028513363346738885e+01 1.144474671444037561e+01 1.172790938880151757e+01 1.206034125564313619e+01 1.291707742645708379e+01 1.386643342578664573e+01 1.426068291399288235e+01 1.468600703590922230e+01 1.545425268541865194e+01 1.569666034368311358e+01 1.606576155767346137e+01 1.752329439403691325e+01 1.779128141232033045e+01 1.951319775603523965e+01 2.096511144087320133e+01 2.243257181818824364e+01 2.626603252865833227e+01
1.098771062338841809e+00 1.951144936403953700e+00 2.277524388474910566e+00 2.657865681817432879e+00 3.032473807581193448e+00 3.602357919608320636e+00 3.727676293449813993e+00 4.806638143983912315e+00 5.109902676788721010e+00 5.211953663334358389e+00 5.710477326200486203e+00 6.249696214372832515e+00 6.606448567597306365e+00 7.001269300606173474e+00 7.691278538681107335e+00 8.145912233224191112e+00 8.434301977934733685e+00 9.009348655463146116e+00 9.427737196197032432e+00 1.001087347568813080e+01 1.111391433016553876e+01 1.119166129368511520e+01 1.216258025264971998e+01 1.236922894554061614e+01 1.363580567749470163e+01 1.386015127832528648e+01 1.458689617138133165e+01 1.548456309907228956e+01 1.574100195755528020e+01 1.607078225987356390e+01 1.647442160240806786e+01 1.806093908131536452e+01 2.022075069989016072e+01 2.130205517881333677e+01 2.208055605781704855e+01 2.437020453296345579e+01
1.181406940717849796e+00 1.952684476264724633e+00 2.286746677512618842e+00 2.666457131352286236e+00 3.042419805171372893e+00 3.600984240540768599e+00 3.731008125691980037e+00 4.776949704847933020e+00 5.112208879737471179e+00 5.214613619496669905e+00 5.705035667335169869e+00 6.267316151745272457e+00 6.600505490689515753e+00 6.998882962533826024e+00 7.691070807770378437e+00 8.165871782776578769e+00 8.435783401152114891e+00 9.012825099536279083e+00 9.418863477006217622e+00 1.002791483375244219e+01 1.114004268262356590e+01 1.118719632192337521e+01 1.214670935507366245e+01 1.238646900435421649e+01 1.361126234552386371e+01 1.390942286902609482e+01 1.458086442275364192e+01 1.547606943277660285e+01 1.575094852759991859e+01 1.608284937289046113e+01 1.648864695040047934e+01 1.805877401886281675e+01 2.021697782833694035e+01 2.129259362142808243e+01 2.207723871230685475e+01 2.437180460779248747e+01
1.369394249817459164e+00 1.949856233191838095e+00 2.317709092322345565e+00 2.690266905264296238e+00 3.068590574189916875e+00 3.595876422697214192e+00 3.743135154083046423e+00 4.696624331669559282e+00 5.109377308072258650e+00 5.226691354416312052e+00 5.694756972554031016e+00 6.311804451838336050e+00 6.594897455760858840e+00 6.990485259170659660e+00 7.683766871396223053e+00 8.221626799346548609e+00 8.442381834168175558e+00 9.029565693056190057e+00 9.410912195997298113e+00 1.006780260806073279e+01 1.114132382669641785e+01 1.123524141150998723e+01 1.211294861877045292e+01 1.242465195382684762e+01 1.356812429762696759e+01 1.402300188494148792e+01 1.456404647886441062e+01 1.545148991932572002e+01 1.577722150426684067e+01 1.612250225674988968e+01 1.652906356505810948e+01 1.805255018674643352e+01 2.020392857452944924e+01 2.126375730219960758e+01 2.206634057884741296e+01 2.437416136993455851e+01
1.559841429069134255e+00 1.929628017325611511e+00 2.368402523377027613e+00 2.722249792441808758e+00 3.101555985796013104e+00 3.582992968399171474e+00 3.767635497928375710e+00 4.583281057182901463e+00 5.096696650227135805e+00 5.247851029125495614e+00 5.685113484210317480e+00 6.368839904912338312e+00 6.609731372937445393e+00 6.976615663250509414e+00 7.664404310573000423e+00 8.284267255038265887e+00 8.475621873967515540e+00 9.054074212400447408e+00 9.451411190498316017e+00 1.011142395065622068e+01 1.109938035075742135e+01 1.132221729408563071e+01 1.207931932110632722e+01 1.246624145853265375e+01 1.353083057686976254e+01 1.416557175243805311e+01 1.453962035399278996e+01 1.541190541592467866e+01 1.581154476589303570e+01 1.619723656200432771e+01 1.659045352405478724e+01 1.804296767107817701e+01 2.017600839839856164e+01 2.121268425703013349e+01 2.204653828152845207e+01 2.437168079236170826e+01
1.686459053170528799e+00 1.890325678195322823e+00 2.416678548705045504e+00 2.749382995443892863e+00 3.129336696058971246e+00 3.561589229962706327e+00 3.798294240986847203e+00 4.458648479785152219e+00 5.083252053119991842e+00 5.271104497662634891e+00 5.671617413198079660e+00 6.426588394639306756e+00 6.649515376008890755e+00 6.963190008433563172e+00 7.638165577500649839e+00 8.312490310149796002e+00 8.566875845885094876e+00 9.057989512443487712e+00 9.589304999051954326e+00 1.014604972937311622e+01 1.104820769654730306e+01 1.139177223596375121e+01 1.205350547899484859e+01 1.250277321889045368e+01 1.350540397376819435e+01 1.431503834170304224e+01 1.451131435580696305e+01 1.535768789532574630e+01 1.584597465283010465e+01 1.631002112694264383e+01 1.666812569313466952e+01 1.803084690302040016e+01 2.012203278445169019e+01 2.113264652348710015e+01 2.201932717197571066e+01 2.435950554630505138e+01
1.712095839182968371e+00 1.841452549887578449e+00 2.436938474787061715e+00 2.757585251908775792e+00 3.137607045105114345e+00 3.543325752955568841e+00 3.817833778174179127e+00 4.349001179988233545e+00 5.074982511403497654e+00 5.292214385283472211e+00 5.650821432728976745e+00 6.469899972945357014e+00 6.703350243073026071e+00 6.959255988949319516e+00 7.608735344826810021e+00 8.319682242642546299e+00 8.680281052090114358e+00 9.048892996626268115e+00 9.817525866234730003e+00 1.016608875774480758e+01 1.100122621031069414e+01 1.142982395645650051e+01 1.203506746005671069e+01 1.253162541626593374e+01 1.349325901540290751e+01 1.444660347449166515e+01 1.448833186908047743e+01 1.528984361444730133e+01 1.587641297030078569e+01 1.645031933649086042e+01 1.676163698047522033e+01 1.801670064195194243e+01 2.002113743291714698e+01 2.101834516736757408e+01 2.199069173004548716e+01 2.433663977012595936e+01
1.639006719906354936e+00 1.747995988552143665e+00 2.423835687252861693e+00 2.735143828745331795e+00 3.121258345003364187e+00 3.540699475621353454e+00 3.814640305646265439e+00 4.279457944435144157e+00 5.071974814487715477e+00 5.307499934024835220e+00 5.628300593826300435e+00 6.487300603373639341e+00 6.758150197031334017e+00 6.970925913296381005e+00 7.574661901223409544e+00 8.321963695398974181e+00 8.747359074583352267e+00 9.073187223808790947e+00 1.007081649762270459e+01 1.017918414643407310e+01 1.097458702843747780e+01 1.143899395714189282e+01 1.201935693797181770e+01 1.255441088085895807e+01 1.349303173856162985e+01 1.444285396233565955e+01 1.457655446285877154e+01 1.521106109463135425e+01 1.590078250742958232e+01 1.659351716130162302e+01 1.687648594770591615e+01 1.800021745845393184e+01 1.983867083499572459e+01 2.087990556246704443e+01 2.196838317805809737e+01 2.430608591771028415e+01
1.444845819496921147e+00 1.584583214319301270e+00 2.372208941520930647e+00 2.682829414828997727e+00 3.103427994665452161e+00 3.543432086611052689e+00 3.794554045105734019e+00 4.259691606518893003e+00 5.072889341352794013e+00 5.313266962379113778e+00 5.613767343194293602e+00 6.481640239919083335e+00 6.806018709377102738e+00 6.995907815403819896e+00 7.535910828749314838e+00 8.316992855445702659e+00 8.739401681097827890e+00 9.148929595691370764e+00 1.013481848704442889e+01 1.031887064397845677e+01 1.098639250469600448e+01 1.143196357209274971e+01 1.200221735288984881e+01 1.257611519224811047e+01 1.350049408598355427e+01 1.440683357188190961e+01 1.466665705597967140e+01 1.512581478874833962e+01 1.591508255533336325e+01 1.671516915655551117e+01 1.701380252177184005e+01 1.797946318151644007e+01 1.953835568797276778e+01 2.074635523286927707e+01 2.195701387856873055e+01 2.427225066929031527e+01
9.675230005482470252e-01 1.437307963538707822e+00 2.239522601012378988e+00 2.645670982640661695e+00 3.099826398721760246e+00 3.533007052476984100e+00 3.775119788017914146e+00 4.276001310628034346e+00 5.077534621875860132e+00 5.311334870297528710e+00 5.611716103131282551e+00 6.463035364172645458e+00 6.844568931611672902e+00 7.025137940848004803e+00 7.498213680341809351e+00 8.297443028775095542e+00 8.695906646005278517e+00 9.235619829346781273e+00 1.010413970027934027e+01 1.042312790861561211e+01 1.103088594743748097e+01 1.143110725772328173e+01 1.198223636152678928e+01 1.260117147812703386e+01 1.350944239917954448e+01 1.436034329617566030e+01 1.473329812721902776e+01 1.503987829730532866e+01 1.591149752312455412e+01 1.681086800371829781e+01 1.715062944946888024e+01 1.794899500304975604e+01 1.912360010694651535e+01 2.063921159979060960e+01 2.195683102576621692e+01 2.423804760328834718e+01
-6.620860321554989936e-01 1.282545927676393971e+00 2.016685611687405011e+00 2.646150332488538037e+00 3.100384806344612887e+00 3.510051341749792719e+00 3.764443143845214834e+00 4.304734716786052573e+00 5.086328135841567288e+00 5.310858916953557163e+00 5.618337826507204369e+00 6.439066570259307731e+00 6.873535114222318221e+00 7.048772712210481295e+00 7.472111814644008199e+00 8.257637917009981621e+00 8.648476534595008758e+00 9.305873300172724072e+00 1.005480408153063010e+01 1.041768591624862061e+01 1.105856380878400280e+01 1.145516119942946176e+01 1.196026192265196109e+01 1.262509093972369456e+01 1.351269030385992842e+01 1.429433786500545089e+01 1.477945301494743902e+01 1.496019228432296799e+01 1.587870388746502215e+01 1.688728177300875188e+01 1.723875124363918232e+01 1.789604764773712731e+01 1.867216361013822734e+01 2.055741852551459203e+01 2.196612081244924397e+01 2.420382553090574262e+01
-1.309293543181268227e+00 1.111879787511491413e+00 1.737967857777929614e+00 2.665267715670659676e+00 3.092522733786797318e+00 3.488778727704832328e+00 3.759810734497281093e+00 4.327301819051189824e+00 5.097768392788531777e+00 5.321686188545021068e+00 5.628138209076603005e+00 6.412111335978434745e+00 6.890516827428871061e+00 7.063958034443992062e+00 7.467584552727305258e+00 8.198151459030713184e+00 8.608341083292783580e+00 9.348643995874564183e+00 9.992533327457994830e+00 1.032860839162672661e+01 1.105879309189679383e+01 1.148712077131274611e+01 1.193872758065173123e+01 1.262854411873409255e+01 1.350253552395847834e+01 1.419738050620173198e+01 1.479918935497484256e+01 1.490066803145105823e+01 1.580290848901929124e+01 1.694635512630205554e+01 1.719102333262587479e+01 1.781763937159039202e+01 1.833705438742029514e+01 2.049204253544100141e+01 2.198326688820904096e+01 2.416824626862045733e+01
-1.606843732225474053e+00 9.254518448554492904e-01 1.430197587041516671e+00 2.691589128023776034e+00 3.071902345185154370e+00 3.478985242241620757e+00 3.760081743189049863e+00 4.336335656435029051e+00 5.107268834976895100e+00 5.346893020411907393e+00 5.640221475351885339e+00 6.380085002888780110e+00 6.891283705624507760e+00 7.079680656713365217e+00 7.486123777658023393e+00 8.127535793111690055e+00 8.574988388482340795e+00 9.353969267846512281e+00 9.922706915375419712e+00 1.017759917263957625e+01 1.105696401319030819e+01 1.150223607635596679e+01 1.192091549780792015e+01 1.258184269853357229e+01 1.347064145940472457e+01 1.406552167304274548e+01 1.476836724571081660e+01 1.488901160897541942e+01 1.567240081015822994e+01 1.692354808083013396e+01 1.702835597814551960e+01 1.777716746662769154e+01 1.818848171853433016e+01 2.043680855460560863e+01 2.200705021305820708e+01 2.413002800478297161e+01
-1.669749062917811333e+00 7.255333115823757728e-01 1.113569025485425579e+00 2.722121152636765018e+00 3.042772426329769964e+00 3.481153553053446092e+00 3.768208524990081187e+00 4.335974328622226537e+00 5.110616226186731836e+00 5.377787705116308992e+00 5.658106627358212570e+00 6.340239209321864244e+00 6.878049231599741020e+00 7.105810803994407898e+00 7.519974271276019806e+00 8.058372723221189915e+00 8.542899292382072574e+00 9.306514876046970031e+00 9.849900721878452003e+00 9.995451674090336525e+00 1.106155694086310426e+01 1.149533636416225946e+01 1.190891926145793533e+01 1.245755780132239643e+01 1.340859746187178736e+01 1.392151935406285723e+01 1.471104227235375461e+01 1.490261303764919454e+01 1.549744431551224721e+01 1.669296640513415753e+01 1.704557881387178497e+01 1.777509056345611071e+01 1.813031178373376662e+01 2.038924549943250497e+01 2.203580464173176878e+01 2.408952586760262449e+01
-1.506396863710890210e+00 5.177626956135177316e-01 8.060975484509587119e-01 2.756278397393483459e+00 3.013207573459682376e+00 3.490911051602273218e+00 3.787544678876054505e+00 4.338909435684856319e+00 5.106952578116739971e+00 5.398187106978618033e+00 5.680529848652284386e+00 6.298422381634702916e+00 6.858622936408321102e+00 7.143116775869432722e+00 7.558796009610317057e+00 8.002310054386297722e+00 8.505148996167319453e+00 9.191798153006438099e+00 9.764768024252452605e+00 9.836267006732153817e+00 1.106916840104554645e+01 1.146980264132207239e+01 1.190140900888474285e+01 1.225825637316276229e+01 1.332013386592884174e+01 1.381082973897112076e+01 1.465288300578168723e+01 1.491847767042308526e+01 1.532277879775371154e+01 1.653194246066968631e+01 1.706930757176351321e+01 1.777560518880800444e+01 1.809965030279081688e+01 2.034953137467527284e+01 2.206644418532063767e+01 2.404949747979328478e+01
-1.133802092231284364e+00 3.155290432861316829e-01 5.200816996672115167e-01 2.791345464791066711e+00 2.990412689657749201e+00 3.503149670494935641e+00 3.815974422144042588e+00 4.360804389798648373e+00 5.098075285411616697e+00 5.398582751219384690e+00 5.691006130930696294e+00 6.274879849741457072e+00 6.836129561650012398e+00 7.187125658187266453e+00 7.594901190396771362e+00 7.966370759846093996e+00 8.453484412213660093e+00 9.030817048743593034e+00 9.649898216505231829e+00 9.752522953204625367e+00 1.107917579107167683e+01 1.142672773353737270e+01 1.189002028179921489e+01 1.205129997753316040e+01 1.323359116403120339e+01 1.374928776649406537e+01 1.460202236823835875e+01 1.493382232972662926e+01 1.518785813928993456e+01 1.644395768128103086e+01 1.708556374217184270e+01 1.777136042319844478e+01 1.807867502047365349e+01 2.031922367881268343e+01 2.209426740003491929e+01 2.401476859655042162e+01
-6.054178835870323017e-01 1.384224562104339196e-01 2.563068285017700565e-01 2.819073808131499437e+00 2.978183151713565291e+00 3.513066160222344969e+00 3.841802554612336884e+00 4.403002001522871467e+00 5.087941433844679118e+00 5.383217757098543110e+00 5.679988502475961987e+00 6.281016436636742917e+00 6.813311298174465236e+00 7.226735201890859273e+00 7.623900773275839704e+00 7.949894946749708424e+00 8.388792387120608041e+00 8.897363589082202040e+00 9.560331247442119817e+00 9.706427515109934845e+00 1.109509425050471165e+01 1.137016152402213898e+01 1.184437269576360841e+01 1.194850432354465752e+01 1.317522620903462460e+01 1.372132617568842150e+01 1.456610634541940641e+01 1.494819227826305408e+01 1.510381412126253764e+01 1.640180914983442406e+01 1.709484842293101181e+01 1.776572381365514630e+01 1.806500584739539761e+01 2.030014781580351979e+01 2.211389886652037262e+01 2.399090973655203740e+01
-1.148625291640435015e-03 -5.469997931567565806e-04 -2.511105437098845895e-07 2.829550363283691805e+00 2.974991653430626215e+00 3.516866057619732366e+00 3.851873170440252014e+00 4.428203207040568579e+00 5.083073075174152855e+00 5.372427336953754740e+00 5.670482697881864986e+00 6.290742808280151088e+00 6.802391376794392208e+00 7.243437902513480076e+00 7.636679997004550025e+00 7.945923549760492755e+00 8.353552158629481639e+00 8.849462795160757622e+00 9.526509940803080667e+00 9.690104296359001168e+00 1.110651426398139918e+01 1.133816599204400966e+01 1.181006371632770247e+01 1.193484258980276991e+01 1.315506369943921783e+01 1.371341517839868906e+01 1.455297147040387351e+01 1.495569930549343773e+01 1.507384105796141860e+01 1.638939662199383207e+01 1.709786112950896353e+01 1.776320305419020684e+01 1.806015533989618049e+01 2.029363186450790835e+01 2.212099957508406334e+01 2.398238628801796324e+01
