-7.877171582920448056e-01
-7.639426883189454065e-01
-7.401682183458458963e-01
-7.163937483727463862e-01
-6.926192783996468760e-01
-6.688448084265474769e-01
-6.450703384534479667e-01
-6.212958684803484566e-01
-5.975213985072490575e-01
-5.737469285341495473e-01
-5.499724585610500371e-01
-5.261979885879505270e-01
-5.024235186148511279e-01
-4.786490486417516732e-01
-4.548745786686521630e-01
-4.311001086955527084e-01
-4.073256387224531982e-01
-3.835511687493537436e-01
-3.597766987762542890e-01
-3.360022288031547788e-01
-3.122277588300553242e-01
-2.884532888569558140e-01
-2.646788188838563594e-01
-2.409043489107569602e-01
-2.171298789376574223e-01
-1.933554089645578844e-01
-1.695809389914584853e-01
-1.458064690183590584e-01
-1.220319990452595205e-01
-9.825752907215999643e-02
-7.448305909906056954e-02
-5.070858912596114959e-02
-2.693411915286162209e-02
-3.159649179762095018e-03
2.061482079333732884e-02
4.438929076643675226e-02
6.816376073953628323e-02
9.193823071263580726e-02
1.157127006857352342e-01
1.394871706588346472e-01
1.632616406319341851e-01
1.870361106050336952e-01
2.108105805781332331e-01
2.345850505512325490e-01
2.583595205243320869e-01
2.821339904974315971e-01
3.059084604705309407e-01
3.296829304436304509e-01
3.534574004167299610e-01
3.772318703898295267e-01
4.010063403629290368e-01
4.247808103360283249e-01
4.485552803091278906e-01
4.723297502822274008e-01
4.961042202553267444e-01
5.198786902284262545e-01
5.436531602015257647e-01
5.674276301746252749e-01
5.912021001477247850e-01
6.149765701208241842e-01
6.387510400939236943e-01
6.625255100670232045e-01
6.862999800401224926e-01
7.100744500132220027e-01
7.338489199863216239e-01
7.576233899594211341e-01
7.813978599325206442e-01
8.051723299056199323e-01
8.289467998787194425e-01
8.527212698518189526e-01
8.764957398249183518e-01
9.002702097980178619e-01
9.240446797711173721e-01
9.478191497442169933e-01
9.715936197173162814e-01
9.953680896904156805e-01
1.019142559663515302e+00
1.042917029636614590e+00
1.066691499609714100e+00
1.090465969582813832e+00
1.114240439555913120e+00
1.138014909529012408e+00
1.161789379502112141e+00
1.185563849475211429e+00
1.209338319448311161e+00
1.233112789421410449e+00
1.256887259394509737e+00
1.280661729367609469e+00
1.304436199340708979e+00
1.328210669313808268e+00
1.351985139286908000e+00
1.375759609260007288e+00
1.399534079233106576e+00
1.423308549206206308e+00
1.447083019179305596e+00
1.470857489152405329e+00
1.494631959125504617e+00
1.518406429098603905e+00
1.542180899071703637e+00
1.565955369044803147e+00
1.589729839017902879e+00
1.613504308991002167e+00
1.637278778964101456e+00
1.661053248937201188e+00
1.684827718910300476e+00
1.708602188883399764e+00
1.732376658856499496e+00
1.756151128829598784e+00
1.779925598802698072e+00
1.803700068775797805e+00
1.827474538748897315e+00
1.851249008721997047e+00
1.875023478695096335e+00
1.898797948668195623e+00
1.922572418641295355e+00
1.946346888614394643e+00
1.970121358587494376e+00
1.993895828560593664e+00
2.017670298533693174e+00
2.041444768506792684e+00
2.065219238479892194e+00
2.088993708452991260e+00
2.112768178426091215e+00
2.136542648399190281e+00
2.160317118372289791e+00
2.184091588345389301e+00
2.207866058318488811e+00
2.231640528291588765e+00
2.255414998264687831e+00
2.279189468237787342e+00
2.302963938210886852e+00
2.326738408183986362e+00
2.350512878157085872e+00
2.374287348130185382e+00
2.398061818103284448e+00
2.421836288076384403e+00
2.445610758049483469e+00
2.469385228022582979e+00
2.493159697995682933e+00
2.516934167968781999e+00
2.540708637941881509e+00
2.564483107914981019e+00
2.588257577888080530e+00
2.612032047861180040e+00
2.635806517834279550e+00
2.659580987807378616e+00
2.683355457780478570e+00
2.707129927753577636e+00
2.730904397726677590e+00
2.754678867699777101e+00
2.778453337672876167e+00
2.802227807645976121e+00
2.826002277619075187e+00
2.849776747592174697e+00
2.873551217565274207e+00
2.897325687538373717e+00
2.921100157511472784e+00
2.944874627484572738e+00
2.968649097457671804e+00
2.992423567430771758e+00
3.016198037403871268e+00
3.039972507376970334e+00
3.063746977350069844e+00
3.087521447323169799e+00
3.111295917296269309e+00
3.135070387269368375e+00
3.158844857242467885e+00
3.182619327215566951e+00
3.206393797188667349e+00
3.230168267161766416e+00
3.253942737134865926e+00
3.277717207107965436e+00
3.301491677081064502e+00
3.325266147054164012e+00
3.349040617027263966e+00
3.372815087000363476e+00
3.396589556973462543e+00
3.420364026946562053e+00
3.444138496919661119e+00
3.467912966892761517e+00
3.491687436865860583e+00
3.515461906838960093e+00
3.539236376812059603e+00
3.563010846785158670e+00
3.586785316758258180e+00
3.610559786731358134e+00
3.634334256704457644e+00
3.658108726677556710e+00
3.681883196650656220e+00
3.705657666623755286e+00
3.729432136596855685e+00
3.753206606569954751e+00
3.776981076543054261e+00
3.800755546516154215e+00
3.824530016489253281e+00
3.848304486462353680e+00
3.872078956435452746e+00
3.895853426408552256e+00
3.919627896381651322e+00
3.943402366354750832e+00
