0.000000000000000000e+00
4.068257570600527367e-02
8.136515141201054735e-02
1.220477271180158141e-01
1.627303028240210947e-01
2.034128785300263753e-01
2.440954542360316559e-01
2.824982442841179608e-01
3.209010343322042380e-01
3.593038243802905152e-01
3.977066144283767923e-01
4.361094044764630695e-01
4.745121945245494022e-01
5.129149845726356238e-01
5.513177746207219565e-01
5.897205646688081782e-01
6.281233547168945108e-01
6.665261447649807325e-01
7.049289348130670652e-01
7.433317248611533978e-01
7.817345149092396195e-01
8.201373049573258411e-01
8.585400950054121738e-01
8.969428850534985065e-01
8.969428850534985065e-01
9.341582964732679795e-01
9.713737078930375635e-01
1.008589119312807147e+00
1.045804530732576509e+00
1.083019942152346093e+00
1.120235353572115677e+00
1.157450764991885261e+00
1.194666176411654845e+00
1.231881587831424207e+00
1.269096999251193791e+00
1.306312410670963375e+00
1.343527822090732737e+00
1.380743233510502321e+00
1.417958644930271905e+00
1.455174056350041489e+00
1.492389467769811073e+00
1.529604879189580657e+00
1.566820290609350019e+00
1.606768030650948420e+00
1.646715770692547043e+00
1.686663510734145444e+00
1.726611250775744066e+00
1.766558990817342467e+00
1.806506730858941090e+00
1.846454470900539491e+00
1.886402210942137891e+00
1.926349950983736514e+00
1.926349950983736514e+00
1.964269896443754604e+00
2.002189841903772471e+00
2.040109787363790339e+00
2.078029732823808651e+00
2.115949678283826518e+00
2.153869623743844386e+00
2.191789569203862698e+00
2.229709514663880565e+00
2.267629460123898433e+00
2.305549405583916300e+00
2.342764817003685884e+00
2.379980228423455468e+00
2.417195639843225052e+00
2.454411051262994192e+00
2.491626462682763776e+00
2.528841874102533360e+00
2.566057285522302944e+00
2.603272696942072528e+00
2.640488108361841668e+00
2.677703519781611252e+00
2.714918931201380836e+00
2.752134342621150420e+00
2.789349754040920004e+00
2.826565165460689144e+00
2.863780576880459172e+00
2.900995988300228312e+00
2.938211399719997896e+00
2.975426811139767480e+00
2.975426811139767480e+00
3.011696112851848905e+00
3.047965414563930331e+00
3.084234716276012200e+00
3.120504017988093626e+00
3.156773319700175051e+00
3.193042621412256477e+00
3.229311923124337902e+00
3.265581224836419327e+00
3.301850526548500753e+00
3.338119828260582622e+00
3.374389129972664048e+00
3.410658431684745473e+00
3.446927733396826898e+00
3.483197035108908324e+00
3.519466336820990193e+00
3.555735638533071619e+00
3.592004940245153044e+00
3.628274241957234469e+00
