0.000000000000000000e+00
2.591088000508202926e-02
5.182176001016405853e-02
7.773264001524608779e-02
1.036435200203281171e-01
1.295544000254101324e-01
1.554652800304921756e-01
1.813761600355742187e-01
2.072870400406562341e-01
2.331979200457382495e-01
2.591088000508202649e-01
2.850196800559023358e-01
3.109305600609843512e-01
3.368414400660663666e-01
3.639037122663174029e-01
3.909659844665683837e-01
4.180282566668194200e-01
4.450905288670704563e-01
4.721528010673214926e-01
4.992150732675725289e-01
5.262773454678235652e-01
5.533396176680744905e-01
5.804018898683256378e-01
6.074641620685765631e-01
6.345264342688275994e-01
6.615887064690786357e-01
6.615887064690786357e-01
6.871133573450999288e-01
7.126380082211212219e-01
7.381626590971426261e-01
7.636873099731639192e-01
7.892119608491852123e-01
8.147366117252066164e-01
8.402612626012279096e-01
8.657859134772492027e-01
8.913105643532704958e-01
9.168352152292917889e-01
9.423598661053131931e-01
9.678845169813344862e-01
9.934091678573557793e-01
1.018933818733377183e+00
1.044458469609398588e+00
1.069983120485419770e+00
1.095507771361440952e+00
1.120594592198715711e+00
1.145681413035990470e+00
1.170768233873265229e+00
1.195855054710539989e+00
1.220941875547814748e+00
1.246028696385089507e+00
1.271115517222364266e+00
1.296202338059639025e+00
1.321289158896913785e+00
1.346375979734188544e+00
1.371462800571463303e+00
1.396549621408738062e+00
1.421636442246012821e+00
1.421636442246012821e+00
1.447811637094302384e+00
1.473986831942591946e+00
1.500162026790881509e+00
1.526337221639171293e+00
1.552512416487460856e+00
1.578687611335750418e+00
1.604862806184039981e+00
1.631038001032329543e+00
1.657213195880619327e+00
1.683388390728908890e+00
1.709563585577198452e+00
1.735738780425488015e+00
1.761913975273777577e+00
1.788089170122067362e+00
1.814264364970356702e+00
1.840439559818646487e+00
1.866614754666936049e+00
1.892789949515225612e+00
1.919030910312143678e+00
1.945271871109061523e+00
1.971512831905979368e+00
1.997753792702897435e+00
2.023994753499815502e+00
2.050235714296733569e+00
2.076476675093651192e+00
2.102717635890569259e+00
2.102717635890569259e+00
2.126667413253588990e+00
2.150617190616609165e+00
2.174566967979628895e+00
2.198516745342648626e+00
2.222466522705668801e+00
2.246416300068688532e+00
2.270366077431708263e+00
2.294315854794727993e+00
2.318265632157748168e+00
2.342215409520767899e+00
2.366165186883787630e+00
2.390114964246807805e+00
2.414064741609827536e+00
2.438014518972847267e+00
2.461964296335867441e+00
