-1.183035047706753747e-07 1.535759877732773192e-07 1.899009174972517150e-07 1.231729122966960333e+01 1.231729122966963708e+01 1.231729122966984846e+01
-1.098269464573028875e+00 6.042798416965869945e-01 7.915290674533838056e-01 1.232226885964043106e+01 1.243289522528671576e+01 1.247904609647971874e+01
-1.983976503459649487e+00 1.205373720366647250e+00 1.599921118802555942e+00 1.233669832838482705e+01 1.272789349725310792e+01 1.293111081871931312e+01
-2.509869751499518298e+00 1.799817378375503152e+00 2.429006955137875678e+00 1.235913608194169733e+01 1.308896383947264397e+01 1.358939675678182013e+01
-2.580288543577505145e+00 2.383624155936836519e+00 3.269701851837271800e+00 1.238738799929934054e+01 1.340765882644332763e+01 1.435071240167659923e+01
-2.051594141813734673e+00 2.952103692222687314e+00 4.108252998204092954e+00 1.241879260691658438e+01 1.360949104170016710e+01 1.511815638136006612e+01
9.964926616476124099e-01 3.499762430694618232e+00 4.932919975245869892e+00 1.245055656090071672e+01 1.365548256767529089e+01 1.581337961474199005e+01
2.865316863348378984e+00 4.020293844963995333e+00 5.736325443869403351e+00 1.248009686137223717e+01 1.353762175448679095e+01 1.638014667348522480e+01
4.027506587573920882e+00 4.506656827949434785e+00 6.514780346473638240e+00 1.250534689945700251e+01 1.327619278638290545e+01 1.678420970739779960e+01
4.849754910423859755e+00 4.951235582786605249e+00 7.265963562231498862e+00 1.252498969229219306e+01 1.291912995643173545e+01 1.701212049725005215e+01
5.346075195651488698e+00 5.346075195651637912e+00 7.985523466124319292e+00 1.253858808490514321e+01 1.253858808490523202e+01 1.707004290281428283e+01
5.507523867630115255e+00 5.683192945237382609e+00 8.662670692509776060e+00 1.221398939808190676e+01 1.254658674461140855e+01 1.698305388115438319e+01
5.370883709769129766e+00 5.954971173752492852e+00 9.274806581103552716e+00 1.199672786255944956e+01 1.255016715367841762e+01 1.679518063393197380e+01
5.055278340119379266e+00 6.154633084789937314e+00 9.782223167353729210e+00 1.188505257644727031e+01 1.255095253725958315e+01 1.656946767280880550e+01
4.743774552420023660e+00 6.276777017201319531e+00 1.012767163282166294e+01 1.184200407592790150e+01 1.255059419009198329e+01 1.638368881053532888e+01
4.614293774404847781e+00 6.317897493735161518e+00 1.025179505434422467e+01 1.183211573380567749e+01 1.255032289503544618e+01 1.631114559824300514e+01
4.823479419223182241e+00 6.369234489144576017e+00 1.021658253750006828e+01 1.187460643029971230e+01 1.255269920119294902e+01 1.625474087006375612e+01
5.366707984006231058e+00 6.516821860758689411e+00 1.011285505048637390e+01 1.199825732202029194e+01 1.256362538741299240e+01 1.608855344810691079e+01
6.065694576347052447e+00 6.745495782962707132e+00 9.944914689324875212e+00 1.218239093554645081e+01 1.260356604721348717e+01 1.582162297433579035e+01
6.727855244607085616e+00 7.063236601208800813e+00 9.717507992484598844e+00 1.234828768658584508e+01 1.274848513156761598e+01 1.546909392841815567e+01
7.127075005132683216e+00 7.558676661448590295e+00 9.437276393111416084e+00 1.241965010719720830e+01 1.306232962737988856e+01 1.505364793781572708e+01
7.333759249588981177e+00 8.060103772031270708e+00 9.124527943448324407e+00 1.244453692696859015e+01 1.345895264757962373e+01 1.461640243097123992e+01
7.405513816075738553e+00 8.331108231163108613e+00 8.917461931790938934e+00 1.245144451056273560e+01 1.372614660636564388e+01 1.433787488785214137e+01
7.350592814482375559e+00 8.158247591062998794e+00 9.001787462951901020e+00 1.248678836337534293e+01 1.354102467926497866e+01 1.445756517863245882e+01
6.841104588501761619e+00 8.180098760411256720e+00 9.148153252648105749e+00 1.248626137087265953e+01 1.332877148558284297e+01 1.469195139062216526e+01
6.202769024344814142e+00 8.273330443679128621e+00 9.269473869713753089e+00 1.244804011598387206e+01 1.321221352171700048e+01 1.489088371964689195e+01
5.701484551187458116e+00 8.341947473649124589e+00 9.346640008341578820e+00 1.240245205599766720e+01 1.316834395200785757e+01 1.501913026090367431e+01
5.510757158412837420e+00 8.366072074772917588e+00 9.372988481375402969e+00 1.238320546568039937e+01 1.315854883177967594e+01 1.506318558261324192e+01
5.387400510340439652e+00 8.648799855362796052e+00 9.056997123544643813e+00 1.241587115311401490e+01 1.355793623862061459e+01 1.465439568972524675e+01
5.125109438118944816e+00 8.431810171701247469e+00 9.017847398139291926e+00 1.239812730597042467e+01 1.384681166956992016e+01 1.448253481527801334e+01
4.754515732930740590e+00 8.010506559120578629e+00 8.993590769344120162e+00 1.236480257451785647e+01 1.360310859729066379e+01 1.494877944694185956e+01
4.311309334518857561e+00 7.583091924034162545e+00 8.850271152755169624e+00 1.236526587588993742e+01 1.328184690504664900e+01 1.554895276598153409e+01
3.823131277650815285e+00 7.152366612953274583e+00 8.615635928562557666e+00 1.244496798589161202e+01 1.304391943658506214e+01 1.607954317483177320e+01
3.297954070716258901e+00 6.672643619921148073e+00 8.287691455951126329e+00 1.262474578071935127e+01 1.294701737426638033e+01 1.646470770594698152e+01
2.719303464535000714e+00 6.097284319134236519e+00 7.816095272818565753e+00 1.288713331355635461e+01 1.301183862281276937e+01 1.666344682826159485e+01
2.041741241647292870e+00 5.395477065902357872e+00 7.161689269771136956e+00 1.317848282004445970e+01 1.318754460475647505e+01 1.665999688351029562e+01
1.124851525522496232e+00 4.529052905781772331e+00 6.346347833116126047e+00 1.336709861571845792e+01 1.342652697697344344e+01 1.645800852953887983e+01
-1.071764544681948150e+00 3.423549388335884736e+00 5.442072961307284906e+00 1.344816351121546916e+01 1.356362705601053875e+01 1.607276045550324994e+01
-1.681679642157089205e+00 1.899149791228293083e+00 4.522767407356272251e+00 1.337879439695022654e+01 1.354624398577351663e+01 1.552290320760483411e+01
-1.878213706259783677e+00 -1.539952799218449186e+00 3.618067224564229356e+00 1.317015092745715954e+01 1.336740705365135184e+01 1.482954336387229155e+01
-2.230024836720292392e+00 -1.774943024497887434e+00 2.721711137749627696e+00 1.288266423801637472e+01 1.306308600024922839e+01 1.403243127218673258e+01
-2.028206927778758661e+00 -1.393346408292197580e+00 1.821996879622111098e+00 1.259797330756859068e+01 1.271267453155935989e+01 1.322265669904655638e+01
-1.207112209423280236e+00 -7.705996068106960584e-01 9.140433703307930813e-01 1.239209092755629449e+01 1.242790357597931461e+01 1.257415551533250309e+01
-1.183035047706753747e-07 1.535759877732773192e-07 1.899009174972517150e-07 1.231729122966960333e+01 1.231729122966963708e+01 1.231729122966984846e+01
-1.313753585520178291e+00 -1.313753585519903622e+00 1.110391712638007178e+00 1.248803607396440540e+01 1.253594579018802868e+01 1.253594579018817079e+01
-2.262057055478567058e+00 -2.262057055478211787e+00 2.200252717248967649e+00 1.297485727572918357e+01 1.304286949609857515e+01 1.304286949609869772e+01
-2.685645058691966458e+00 -2.685645058691543241e+00 3.253920559941573476e+00 1.355379919153460655e+01 1.355379919153471313e+01 1.370645278081251739e+01
-2.563831967629135011e+00 -2.563831967628638075e+00 4.263905615317901798e+00 1.385247079522113012e+01 1.385247079522121894e+01 1.457845471323343745e+01
-1.837445938292819658e+00 -1.837445938292149528e+00 5.230111168026190249e+00 1.384276281367542438e+01 1.384276281367548300e+01 1.547073701398231371e+01
1.148959984910192356e+00 1.148959984911241072e+00 6.155424816602578453e+00 1.354184333121861705e+01 1.354184333121867390e+01 1.626645128733813905e+01
2.470449835719168874e+00 2.470449835719603637e+00 7.041418392534761317e+00 1.306454548438613372e+01 1.306454548438621366e+01 1.686999029571741104e+01
3.093728675332372724e+00 3.093728675332693800e+00 7.886318819793200596e+00 1.258995658705716636e+01 1.258995658705727116e+01 1.722154746055681329e+01
3.305701456993321408e+00 3.305701456993659360e+00 8.683415703762330295e+00 1.228557425126221681e+01 1.228557425126229674e+01 1.730724272823308851e+01
3.253218396877694651e+00 3.253218396878101437e+00 9.415786671615551384e+00 1.220964892923010225e+01 1.220964892923013956e+01 1.716497988594484880e+01
3.115838442437997458e+00 3.115838442438508160e+00 1.004417510022707027e+01 1.229047364353476723e+01 1.229047364353483829e+01 1.688662491213547057e+01
3.017665370905922018e+00 3.017665370906501110e+00 1.049257682240317280e+01 1.240428015523203520e+01 1.240428015523214533e+01 1.661277361181736012e+01
2.986888430091086732e+00 2.986888430091706681e+00 1.065978976717519622e+01 1.245393521561847905e+01 1.245393521561860872e+01 1.649704542737259061e+01
3.051730548423533307e+00 3.216728962946483250e+00 1.063277346134544743e+01 1.245294396773333467e+01 1.249233209020818158e+01 1.644679642539085052e+01
3.235680916327967171e+00 3.817638163353179070e+00 1.055262088201971160e+01 1.244976600292169167e+01 1.260315624348017494e+01 1.629866558307034907e+01
3.512280996806869560e+00 4.629618814303658958e+00 1.042157107880361089e+01 1.244390285408285202e+01 1.277452751363531469e+01 1.606081934480888762e+01
3.849474840513329887e+00 5.530598192512275801e+00 1.024249482046555926e+01 1.243487814952746540e+01 1.298940940960689971e+01 1.574824881854208236e+01
4.216829759047133308e+00 6.438989888327976807e+00 1.001888188080386399e+01 1.242268593038828861e+01 1.322585017738335722e+01 1.538659548011516875e+01
4.587946073070304998e+00 7.289973701410592533e+00 9.756699920591048070e+00 1.240827676797450607e+01 1.344751685523998930e+01 1.502492483085216257e+01
4.940199009464040003e+00 8.012379942761603147e+00 9.474705095621343887e+00 1.239398112428072274e+01 1.356555989662306061e+01 1.477508292462654538e+01
5.253755739258056501e+00 8.459227529536264001e+00 9.271427831861558388e+00 1.238376598561147901e+01 1.344744841908425315e+01 1.479995743787685036e+01
5.510757158413018608e+00 8.366072074773029499e+00 9.372988481375337244e+00 1.238320546568029989e+01 1.315854883177973811e+01 1.506318558261320106e+01
5.701484551187606442e+00 8.341947473649232947e+00 9.346640008341514871e+00 1.240245205599756595e+01 1.316834395200793040e+01 1.501913026090362102e+01
6.202769024344928717e+00 8.273330443679245860e+00 9.269473869713666048e+00 1.244804011598377258e+01 1.321221352171707686e+01 1.489088371964683688e+01
6.841104588501828232e+00 8.180098760411375736e+00 9.148153252648029365e+00 1.248626137087258670e+01 1.332877148558291225e+01 1.469195139062211375e+01
7.350592814482395987e+00 8.158247591063098270e+00 9.001787462951835295e+00 1.248678836337530740e+01 1.354102467926502129e+01 1.445756517863241442e+01
7.405513816075738553e+00 8.331108231163108613e+00 8.917461931790938934e+00 1.245144451056273560e+01 1.372614660636564388e+01 1.433787488785214137e+01
7.407616460157917082e+00 8.204537602051107825e+00 8.897699235447428023e+00 1.251533470399416004e+01 1.367955523521065508e+01 1.425997471563415075e+01
6.997346294469761752e+00 8.166156979053541320e+00 8.979292415038628405e+00 1.253678563659547862e+01 1.368006720289192657e+01 1.426193037908980799e+01
6.444039540377942465e+00 7.929411563917583727e+00 9.202098003235207102e+00 1.252272955580718516e+01 1.366135586973549643e+01 1.438525302982278475e+01
5.852430381587791608e+00 7.519314868518691242e+00 9.470952345879373624e+00 1.249685911020794116e+01 1.356783271955525549e+01 1.463696176190760312e+01
5.264208995663180346e+00 6.988381503123913596e+00 9.731679822354537990e+00 1.247408860359410809e+01 1.341815276124959411e+01 1.495882444392742627e+01
4.707509283909417697e+00 6.367191081487440840e+00 9.967440052334305634e+00 1.245896824720293772e+01 1.323824570480911511e+01 1.530039158265160815e+01
4.205022034646696660e+00 5.682123865978171651e+00 1.017243988193975923e+01 1.245115227091942600e+01 1.304724968565725796e+01 1.562917587642433404e+01
3.775305451209590490e+00 4.964042195580634420e+00 1.034396904102751513e+01 1.244870006937208018e+01 1.286157986423427069e+01 1.592307316574946263e+01
3.432354775758250209e+00 4.255703040490946165e+00 1.048013017590339579e+01 1.244943101468938806e+01 1.269657558089837757e+01 1.616630146340454388e+01
3.184844130745863033e+00 3.621984752896209248e+00 1.057919261777285946e+01 1.245142755502297049e+01 1.256635124349610955e+01 1.634759233848176407e+01
3.036284606589559232e+00 3.160392754892509259e+00 1.063951242823444332e+01 1.245323136065192138e+01 1.248276741792244771e+01 1.645931813603751692e+01
2.986888430091086732e+00 2.986888430091706681e+00 1.065978976717519622e+01 1.245393521561847905e+01 1.245393521561860872e+01 1.649704542737259061e+01
3.039554978370529348e+00 3.174438213876823234e+00 1.063789425252169885e+01 1.245313508526519186e+01 1.248509467418320540e+01 1.645631056750217169e+01
3.190487975426497425e+00 3.675725821542539684e+00 1.057280736370853269e+01 1.245059826632034472e+01 1.257567911648457937e+01 1.633581645155086903e+01
3.421469046206122133e+00 4.372119895420777169e+00 1.046606722649427290e+01 1.244597685594674452e+01 1.271769280167884375e+01 1.614085674230976863e+01
3.709356446614972214e+00 5.165365516089478248e+00 1.031968701065288840e+01 1.243888406314797557e+01 1.289949610373524358e+01 1.588092013368562938e+01
4.031130638521210230e+00 5.988060539429403306e+00 1.013598645156354294e+01 1.242914650114212449e+01 1.310662498476635207e+01 1.557131231988430642e+01
4.366166378891298550e+00 6.789815974430373657e+00 9.918102494777366829e+00 1.241709248472723637e+01 1.331941727658793262e+01 1.523773724692362741e+01
4.696550179924045665e+00 7.524190519805427080e+00 9.672492206309286189e+00 1.240382843718577099e+01 1.350031096455562718e+01 1.493043756543976563e+01
5.006602180324815521e+00 8.131903292939901107e+00 9.421079347391890124e+00 1.239145499954641139e+01 1.356302907946584746e+01 1.475485871638360891e+01
5.282281227268085466e+00 8.476021481944485458e+00 9.266543357345142340e+00 1.238317115774184174e+01 1.342320596026881852e+01 1.481819224667813550e+01
5.510757158412837420e+00 8.366072074772917588e+00 9.372988481375402969e+00 1.238320546568039937e+01 1.315854883177967594e+01 1.506318558261324192e+01
5.510757158413018608e+00 8.366072074773029499e+00 9.372988481375337244e+00 1.238320546568029989e+01 1.315854883177973811e+01 1.506318558261320106e+01
5.491418061511619264e+00 7.948667139804373782e+00 9.654137005777466030e+00 1.230362192275659083e+01 1.289747109140757075e+01 1.542078147303047864e+01
5.357256878758690277e+00 7.481396028468532577e+00 9.881070006175640685e+00 1.218745673457524425e+01 1.272819811151469516e+01 1.573335896387831134e+01
5.137951527540542074e+00 7.031120510849913074e+00 1.004921721463791862e+01 1.205756566689044895e+01 1.263010024033834711e+01 1.598410542248374711e+01
4.890061151758805735e+00 6.655893220633481988e+00 1.016353506192668732e+01 1.194081192672577529e+01 1.257937220655780131e+01 1.616545386717165655e+01
4.691034814502605066e+00 6.405878997214718318e+00 1.022995015741324742e+01 1.186058853770459720e+01 1.255665509821224290e+01 1.627469732927882617e+01
4.614293774404847781e+00 6.317897493735161518e+00 1.025179505434422467e+01 1.183211573380567749e+01 1.255032289503544618e+01 1.631114559824300514e+01
