-8.101587700321988909e-06 3.292385768188022637e-07 1.969991481821150690e-06 2.060407830458940381e+01 2.060440145346100138e+01 4.883221934154562973e+02
-1.112161047620773058e+00 8.881542959596085973e-01 3.186813233469239393e+00 2.130552807283515193e+01 2.152467259458301996e+01 4.883042667540181583e+02
8.343262351580216230e-01 1.274090031426518888e+00 5.726481527764432755e+00 2.312111933260574403e+01 2.390791770853302722e+01 4.882552689394815957e+02
1.236751351195141346e+00 2.034072226885949242e+00 8.183635327925591341e+00 2.535325617933464670e+01 2.690493856074166956e+01 4.881882696299868485e+02
1.641722853835746676e+00 2.923941201450899197e+00 1.063088471653808043e+01 2.725482826710845075e+01 2.968893699125097996e+01 4.881211342996556937e+02
2.885085471335345986e+00 3.674342884370860762e+00 1.309141740308195345e+01 2.825687599616804135e+01 3.168659583308823713e+01 4.880717466648604841e+02
4.311474626709901337e+00 4.491021890681939688e+00 1.550896339343830022e+01 2.801057941124118145e+01 3.258738197719186047e+01 4.880532214902590908e+02
4.843730516377856787e+00 6.071504550233457920e+00 1.776642021242830438e+01 2.637706430058707952e+01 3.231558914670100080e+01 4.880703927379104243e+02
5.276805558935553364e+00 7.201821511324463465e+00 1.968985912903469782e+01 2.346027634180028443e+01 3.103484639942687551e+01 4.881185236152448965e+02
5.616926102881312666e+00 6.926102394119437733e+00 1.984267405115636507e+01 2.100602086402118118e+01 2.921458323109528266e+01 4.881845870278759776e+02
-2.068954584737045632e+00 5.869589731808106059e+00 1.709792130370724905e+01 2.129680682016275384e+01 2.770882785312202401e+01 4.882507702729699304e+02
-9.107643315474613033e+00 6.033093825975321067e+00 1.615199355291473893e+01 2.062154163792397199e+01 2.713569452757226230e+01 4.882992585938189336e+02
-1.086379299763638961e+01 6.091798572274910839e+00 1.600030636299201348e+01 2.016176590783984679e+01 2.706095057912891377e+01 4.883170121662639076e+02
-1.080960211091695733e+01 6.089890855383886858e+00 1.600397780029886619e+01 2.017837267990842776e+01 2.706235520604222344e+01 4.883164368058646687e+02
-1.086379299763410344e+01 6.091798572280096025e+00 1.600030636299181097e+01 2.016176590784284173e+01 2.706095057912800073e+01 4.883170121662639076e+02
-1.052426779646713939e+01 6.113137640380834625e+00 1.626037881401257934e+01 1.997504328535889329e+01 2.695445455965264614e+01 4.883170209751322659e+02
-9.461305980457270337e+00 6.173919562941533101e+00 1.699385955217617905e+01 1.941536292482780368e+01 2.664181369978895475e+01 4.883170308630238878e+02
-7.474818146486687631e+00 6.265545407793323029e+00 1.808062443652787721e+01 1.848613687267987871e+01 2.614157257445815219e+01 4.883170030436506295e+02
-3.521447746010486490e+00 6.382480678306981403e+00 1.719844940962011393e+01 1.936919448398624866e+01 2.547911799896599305e+01 4.883169040743202345e+02
5.840898176850693346e+00 6.782162915404414072e+00 1.557601941882459329e+01 2.071148130804274956e+01 2.468167233820819462e+01 4.883167374697059699e+02
6.419713514148865485e+00 9.681081091373259895e+00 1.365820675010387042e+01 2.198016836843734012e+01 2.377557253058555631e+01 4.883165638934501658e+02
6.450491093968827805e+00 1.150101800533923679e+01 1.213467368771283716e+01 2.278646619660379358e+01 2.307407128386925166e+01 4.883164981478996083e+02
6.450491093968323320e+00 1.150101800533923679e+01 1.213467368771283716e+01 2.278646619660380779e+01 2.307407128386925166e+01 4.883164981478996083e+02
6.400205903159594811e+00 9.251031090216869757e+00 1.398850819635198661e+01 2.177407558984183922e+01 2.389711581526264794e+01 4.883166694957799905e+02
6.271930252474381184e+00 6.934533494178670487e+00 1.540783550723292628e+01 2.073846945446087631e+01 2.444201296843293747e+01 4.883171814363390695e+02
4.685274253659969190e+00 6.059973955218192820e+00 1.641901642870350386e+01 1.971728415343952534e+01 2.468979037163695267e+01 4.883180790413098293e+02
2.789784205609792789e+00 5.760603705102187000e+00 1.702158286511797058e+01 1.876222447698331663e+01 2.464902464858125697e+01 4.883193154771784634e+02
2.079011324584069786e+00 5.373223436194644265e+00 1.719602153451013038e+01 1.794666131327652892e+01 2.435909008762564198e+01 4.883207486505009456e+02
2.878373951415053256e+00 4.900459696536652032e+00 1.690879842643817454e+01 1.737102937901044797e+01 2.388927031804014334e+01 4.883221679744119115e+02
3.844490391313726274e+00 4.347727710792182343e+00 1.612733210411358797e+01 1.714852122907133136e+01 2.332496623459972440e+01 4.883233455974784079e+02
3.722048643197176432e+00 4.361987011961163674e+00 1.484670953522644332e+01 1.734476583575212771e+01 2.274059992843808331e+01 4.883240977618188481e+02
3.029189374824318381e+00 4.336161927828900531e+00 1.310622609235301539e+01 1.790254021503300663e+01 2.218170886583032697e+01 4.883243376174117998e+02
2.265727324228415274e+00 3.866489521799708395e+00 1.097917366187345500e+01 1.865514523649040868e+01 2.167313737311453536e+01 4.883241024677892028e+02
1.385658050860634649e+00 3.097556126055545089e+00 8.553562608180630633e+00 1.941828830988498567e+01 2.123626450337583194e+01 4.883235457235874719e+02
-5.775564672954185408e-01 2.147007237444176653e+00 5.925401793349253765e+00 2.005064548126119917e+01 2.089624002757693688e+01 4.883228945587149497e+02
-1.196010974429680074e+00 1.095787907260142191e+00 3.215049502598124498e+00 2.046216481106380769e+01 2.067895541672054804e+01 4.883223849938408421e+02
-5.757208382667028951e-06 -1.892992419077083438e-06 1.307134895249971070e-06 2.060407830458959921e+01 2.060440145346183982e+01 4.883221934154566384e+02
-1.117795155272881980e+00 8.779240312413378877e-01 3.148420784260281824e+00 2.128560000009458619e+01 2.149855289977141126e+01 4.883047830160346621e+02
7.833533740242091259e-01 1.271051434259190316e+00 5.652605304495462946e+00 2.305733607119833550e+01 2.382382046745762949e+01 4.882570625187299242e+02
1.237432631084414147e+00 1.990060880855049286e+00 8.074974016067239191e+00 2.525589177395949037e+01 2.677076968555461534e+01 4.881913943576228121e+02
1.590595042525206892e+00 2.875485715846399337e+00 1.048510241474968474e+01 2.716255178549388560e+01 2.954134591959563139e+01 4.881247851644639582e+02
2.774788274849402381e+00 3.622718348315541625e+00 1.290927522608959954e+01 2.822237963792835203e+01 3.157369169761284411e+01 4.880744690160331061e+02
4.259098831627254889e+00 4.343944157661009164e+00 1.529816394410878111e+01 2.808818668462228274e+01 3.255522906890818291e+01 4.880534271582510542e+02
4.793168979860815249e+00 5.919340876274491237e+00 1.754399443117769053e+01 2.661067298889314969e+01 3.239568706554286592e+01 4.880670118945416220e+02
5.230394129333783226e+00 7.112521999779093385e+00 1.948662038353931791e+01 2.386163466218319229e+01 3.122767649229292175e+01 4.881115582426608057e+02
5.576658897400966985e+00 7.118897348947187176e+00 2.032021961963100409e+01 2.087970509540555852e+01 2.946148138783293646e+01 4.881753476401173089e+02
2.613158003352852976e+00 5.837550557135216422e+00 1.738076339355487221e+01 2.133102568184188286e+01 2.787563688100968662e+01 4.882416706181525115e+02
-8.460452704108822886e+00 6.013006087847212022e+00 1.622417158771338208e+01 2.075313166042031554e+01 2.717711198719272048e+01 4.882931857761853962e+02
-1.080960211091695733e+01 6.089890855383913504e+00 1.600397780029887684e+01 2.017837267990842776e+01 2.706235520604222700e+01 4.883164368058646687e+02
-1.086379299763638961e+01 6.091798572274910839e+00 1.600030636299201348e+01 2.016176590783984679e+01 2.706095057912891377e+01 4.883170121662639076e+02
-1.054203405459534615e+01 6.112044808629041981e+00 1.624709599753711586e+01 1.998472331753914943e+01 2.695994717903882432e+01 4.883170205909931383e+02
-9.537245566734030788e+00 6.169868702791982962e+00 1.694527356583455457e+01 1.945401769795409308e+01 2.666310907057886581e+01 4.883170309086692100e+02
-7.676001568935506114e+00 6.257435077871903673e+00 1.798563112828645671e+01 1.857259021537749888e+01 2.618723694568829430e+01 4.883170075374727048e+02
-4.162741971529654528e+00 6.368448348021331640e+00 1.735002555959312787e+01 1.922884353405050106e+01 2.555554116880084692e+01 4.883169181461145740e+02
5.399007749181998328e+00 6.626153779083728601e+00 1.580697934623991863e+01 2.053689386939428729e+01 2.479316425611959218e+01 4.883167616677037586e+02
6.404005513877050859e+00 9.232696524701628604e+00 1.397800516559122741e+01 2.178953411453376887e+01 2.392455697857329611e+01 4.883165875351882050e+02
6.451571032096943270e+00 1.172885377900349724e+01 1.191255453525348962e+01 2.288977657326607229e+01 2.297338189349170179e+01 4.883164958026548561e+02
6.451571032096935276e+00 1.172885377900349191e+01 1.191255453525348962e+01 2.288977657326607584e+01 2.297338189349170179e+01 4.883164958026548561e+02
6.419431626471722829e+00 9.809370313512278727e+00 1.357858067540990454e+01 2.202416572068456802e+01 2.372089586031362884e+01 4.883165997146966788e+02
6.318630054108862026e+00 7.624586374724840354e+00 1.502848306004296042e+01 2.104720536911888118e+01 2.431048563725975953e+01 4.883169891408008425e+02
5.456674551207700397e+00 6.144366576387454870e+00 1.610945643138714445e+01 2.007197887039477280e+01 2.463659542125155610e+01 4.883177201574053470e+02
3.482089219442731753e+00 5.892730162936018701e+00 1.682720267809683179e+01 1.913767010212449193e+01 2.469855170851096915e+01 4.883187800523073747e+02
2.178596414860682895e+00 5.562172519003805604e+00 1.717089959189423709e+01 1.829854870935200850e+01 2.451954443189728394e+01 4.883200776050562126e+02
2.366206361125056112e+00 5.153757470316429945e+00 1.711636190892659926e+01 1.762968772811548490e+01 2.414794944226213147e+01 4.883214548419700236e+02
3.330594721390295554e+00 4.671004424703177449e+00 1.663294843258462663e+01 1.722560551903242043e+01 2.365205935905024859e+01 4.883227190124860044e+02
4.104452880684092975e+00 4.119325637350983449e+00 1.570060912029763500e+01 1.717343557393692421e+01 2.310323300307554462e+01 4.883236872936359987e+02
3.504688510746590158e+00 4.410576109581199944e+00 1.432988812717264082e+01 1.749257752578734326e+01 2.255521953192577200e+01 4.883242324126932203e+02
2.830551470674893544e+00 4.246928314642150148e+00 1.256627533188551737e+01 1.809473805523156997e+01 2.203853572627969371e+01 4.883243163873112280e+02
2.088950151920400788e+00 3.721033512261314957e+00 1.047717461172359421e+01 1.882483626635495355e+01 2.157186052094639805e+01 4.883240023386113648e+02
1.219279774417481699e+00 2.953311679309325033e+00 8.138687352544344833e+00 1.953259793999729155e+01 2.117387801183344465e+01 4.883234401317294555e+02
-7.170016869286142125e-01 2.037125517384663187e+00 5.633934936535258231e+00 2.010692203327938543e+01 2.086642174317718101e+01 4.883228288138007542e+02
-1.201980260073776119e+00 1.037302680511666964e+00 3.069408895095779410e+00 2.047700045395251678e+01 2.067114371883511126e+01 4.883223653815754233e+02
-8.101587700321988909e-06 3.292385768188022637e-07 1.969991481821150690e-06 2.060407830458940381e+01 2.060440145346100138e+01 4.883221934154562973e+02
-1.181789911801909065e+00 1.011904136332639759e+00 3.048411905968603897e+00 2.066334304000993782e+01 2.085524773896422346e+01 4.883184327588019755e+02
-4.799644012602961030e-01 2.009030019828926150e+00 5.604547681314325125e+00 2.083601305395021441e+01 2.157666890700349072e+01 4.883073271304442642e+02
1.480996629600854764e+00 2.976819691400054868e+00 8.150969261614040562e+00 2.110968724514760453e+01 2.268410022657008795e+01 4.882894049096849471e+02
2.372224396956555736e+00 3.901150138371225040e+00 1.061086310619568884e+01 2.146497804170457968e+01 2.406565387695576064e+01 4.882655424476590724e+02
3.142677207568121300e+00 4.768540340121667498e+00 1.293427674220234991e+01 2.187783831563204373e+01 2.560502571224675705e+01 4.882369507976287650e+02
3.831895615773077246e+00 5.566347334049086548e+00 1.508156413413262875e+01 2.232179929521575801e+01 2.719526338948717026e+01 4.882051454789848322e+02
4.443168598408501424e+00 6.282948751261503872e+00 1.701819561442921724e+01 2.277001746534061510e+01 2.874418890691443806e+01 4.881718918937564240e+02
4.972343593207563472e+00 6.907909893447720329e+00 1.871340254664819369e+01 2.319694127206591361e+01 3.017517566913745597e+01 4.881391218882260432e+02
5.413941606583860811e+00 7.432133530692353496e+00 2.014005518401853578e+01 2.357955117632812048e+01 3.142611203557056143e+01 4.881088218487961967e+02
5.762902413720672357e+00 7.847990597905613264e+00 2.127499455032471687e+01 2.389821758186427303e+01 3.244800711962838591e+01 4.880828986506403453e+02
6.015128750237454192e+00 8.149430007753794669e+00 2.209951641179516457e+01 2.413725917332263293e+01 3.320380436889637110e+01 4.880630354328291673e+02
6.167655204993239160e+00 8.332065944559619908e+00 2.259985549814838279e+01 2.428528631993071940e+01 3.366754027670466343e+01 4.880505532166232570e+02
6.218695929794638033e+00 8.393241261332054393e+00 2.276758164870720336e+01 2.433539880221996299e+01 3.382381996392795998e+01 4.880462957576176564e+02
6.218695929796690614e+00 8.393241261332470060e+00 2.276758164870737744e+01 2.433539880222048879e+01 3.382381996392791024e+01 4.880462957576182816e+02
6.167655204997343432e+00 8.332065944558237902e+00 2.259985549814833306e+01 2.428528631993103915e+01 3.366754027670454974e+01 4.880505532166238822e+02
6.015128750237799693e+00 8.149430007751575999e+00 2.209951641179496917e+01 2.413725917332284610e+01 3.320380436889621478e+01 4.880630354328298495e+02
5.762902413720122574e+00 7.847990597906471244e+00 2.127499455032490872e+01 2.389821758186484502e+01 3.244800711962826512e+01 4.880828986506407432e+02
5.413941606581420096e+00 7.432133530693533885e+00 2.014005518401872763e+01 2.357955117632871378e+01 3.142611203557039445e+01 4.881088218487966515e+02
4.972343593203824241e+00 6.907909893447088834e+00 1.871340254664811198e+01 2.319694127206627954e+01 3.017517566913719307e+01 4.881391218882264980e+02
4.443168598408016479e+00 6.282948751262299680e+00 1.701819561442925632e+01 2.277001746534108406e+01 2.874418890691416806e+01 4.881718918937566514e+02
3.831895615770453123e+00 5.566347334050279372e+00 1.508156413413268027e+01 2.232179929521620210e+01 2.719526338948691091e+01 4.882051454789851732e+02
3.142677207568062681e+00 4.768540340121651511e+00 1.293427674220221846e+01 2.187783831563231374e+01 2.560502571224649415e+01 4.882369507976288787e+02
2.372224396965644022e+00 3.901150138373291387e+00 1.061086310619584694e+01 2.146497804170491719e+01 2.406565387695557590e+01 4.882655424476591861e+02
1.480996629595981551e+00 2.976819691400181433e+00 8.150969261613917993e+00 2.110968724514773953e+01 2.268410022656994585e+01 4.882894049096850608e+02
-4.799644012848814367e-01 2.009030019829089575e+00 5.604547681314139496e+00 2.083601305395028191e+01 2.157666890700341256e+01 4.883073271304444916e+02
-1.181789911794781212e+00 1.011904136332673287e+00 3.048411905969198976e+00 2.066334304000995559e+01 2.085524773896419859e+01 4.883184327588019755e+02
-8.101587700321988909e-06 3.292385768188022637e-07 1.969991481821150690e-06 2.060407830458940381e+01 2.060440145346100138e+01 4.883221934154562973e+02
