0.000000000000000000e+00
2.668795671973054479e-02
5.337591343946108957e-02
8.006387015919164130e-02
1.067518268789221791e-01
1.334397835986527170e-01
1.601277403183832826e-01
1.868156970381138204e-01
2.135036537578443583e-01
2.401916104775748961e-01
2.668795671973054340e-01
2.917633819131076889e-01
3.166471966289099438e-01
3.415310113447121987e-01
3.664148260605143981e-01
3.912986407763166530e-01
4.161824554921189079e-01
4.410662702079211073e-01
4.659500849237233622e-01
4.908338996395256171e-01
5.157177143553278720e-01
5.406015290711301269e-01
5.406015290711301269e-01
5.660710258636670877e-01
5.915405226562039376e-01
6.170100194487408984e-01
6.424795162412778593e-01
6.679490130338148202e-01
6.934185098263516700e-01
7.188880066188886309e-01
7.443575034114255917e-01
7.698270002039624416e-01
7.952964969964994024e-01
8.207659937890363633e-01
8.462354905815732131e-01
8.717049873741102850e-01
8.971744841666471348e-01
9.226439809591840957e-01
9.473727774198785756e-01
9.721015738805730555e-01
9.968303703412675354e-01
1.021559166801961904e+00
1.046287963262656495e+00
1.071016759723350864e+00
1.095745556184045455e+00
1.120474352644739824e+00
1.145203149105434193e+00
1.169931945566128784e+00
1.194660742026823153e+00
1.219389538487517743e+00
1.219389538487517743e+00
1.244732502775324212e+00
1.270075467063130903e+00
1.295418431350937372e+00
1.320761395638743840e+00
1.346104359926550531e+00
1.371447324214357000e+00
1.396790288502163468e+00
1.422133252789970159e+00
1.447476217077776628e+00
1.472819181365583319e+00
1.498162145653389787e+00
1.523505109941196256e+00
1.548848074229002947e+00
1.574191038516809416e+00
1.599534002804615884e+00
1.624086923028708496e+00
1.648639843252801107e+00
1.673192763476893496e+00
1.697745683700986108e+00
1.722298603925078719e+00
1.746851524149171331e+00
1.771404444373263942e+00
1.795957364597356554e+00
1.820510284821449165e+00
1.845063205045541554e+00
1.869616125269634166e+00
1.894169045493726777e+00
1.918721965717819389e+00
1.943274885941912000e+00
1.967827806166004612e+00
1.967827806166004612e+00
1.992164705491068499e+00
2.016501604816132609e+00
2.040838504141196275e+00
2.065175403466260384e+00
2.089512302791324494e+00
2.113849202116388160e+00
2.138186101441452269e+00
2.162523000766516379e+00
2.186859900091580045e+00
2.211196799416644154e+00
2.235533698741708264e+00
2.259870598066771930e+00
2.284207497391836039e+00
2.308544396716900149e+00
2.332881296041963815e+00
2.357218195367027924e+00
2.381555094692092034e+00
2.405891994017155699e+00
