-3.545920845902599816e-01
-3.359222299555049140e-01
-3.172523753207498465e-01
-2.985825206859947234e-01
-2.799126660512396558e-01
-2.612428114164845327e-01
-2.425729567817294652e-01
-2.239031021469743976e-01
-2.052332475122193300e-01
-1.865633928774642347e-01
-1.678935382427091394e-01
-1.492236836079540441e-01
-1.305538289731990043e-01
-1.118839743384439089e-01
-9.321411970368881361e-02
-7.454426506893373217e-02
-5.587441043417863684e-02
-3.720455579942354846e-02
-1.853470116466846354e-02
1.351534700866256029e-04
1.880500810484171323e-02
3.747486273959680508e-02
5.614471737435189347e-02
7.481457200910697491e-02
9.348442664386201473e-02
1.121542812786171101e-01
1.308241359133721915e-01
1.494939905481272868e-01
1.681638451828823821e-01
1.868336998176374497e-01
2.055035544523925450e-01
2.241734090871476404e-01
2.428432637219027357e-01
2.615131183566578033e-01
2.801829729914129263e-01
2.988528276261679939e-01
3.175226822609230615e-01
3.361925368956781845e-01
3.548623915304332521e-01
3.735322461651883197e-01
3.922021007999434428e-01
4.108719554346985103e-01
4.295418100694536334e-01
4.482116647042087010e-01
4.668815193389637686e-01
4.855513739737188916e-01
5.042212286084739592e-01
5.228910832432290823e-01
5.415609378779839833e-01
5.602307925127391064e-01
5.789006471474942295e-01
5.975705017822493526e-01
6.162403564170043646e-01
6.349102110517595987e-01
6.535800656865146108e-01
6.722499203212697338e-01
6.909197749560247459e-01
7.095896295907799800e-01
7.282594842255348810e-01
7.469293388602901151e-01
7.655991934950451272e-01
7.842690481298002503e-01
8.029389027645552623e-01
8.216087573993104964e-01
8.402786120340653975e-01
8.589484666688204095e-01
8.776183213035756436e-01
8.962881759383306557e-01
9.149580305730857788e-01
9.336278852078407908e-01
9.522977398425959139e-01
9.709675944773510370e-01
9.896374491121062711e-01
1.008307303746861061e+00
1.026977158381616295e+00
1.045647013016371529e+00
1.064316867651126541e+00
1.082986722285881331e+00
1.101656576920636565e+00
1.120326431555391800e+00
1.138996286190147034e+00
1.157666140824901824e+00
1.176335995459656836e+00
1.195005850094412070e+00
1.213675704729167304e+00
1.232345559363922094e+00
1.251015413998677328e+00
1.269685268633432562e+00
1.288355123268187574e+00
1.307024977902942364e+00
1.325694832537697598e+00
1.344364687172452832e+00
1.363034541807208067e+00
1.381704396441962857e+00
1.400374251076718091e+00
1.419044105711473103e+00
1.437713960346227893e+00
1.456383814980983127e+00
1.475053669615738361e+00
1.493723524250493595e+00
1.512393378885248385e+00
1.531063233520003619e+00
1.549733088154758631e+00
1.568402942789513421e+00
1.587072797424268655e+00
1.605742652059023889e+00
1.624412506693779124e+00
1.643082361328533914e+00
1.661752215963288926e+00
1.680422070598044160e+00
1.699091925232799394e+00
1.717761779867554184e+00
1.736431634502309418e+00
1.755101489137064652e+00
1.773771343771819664e+00
1.792441198406574454e+00
1.811111053041329688e+00
1.829780907676084922e+00
1.848450762310840156e+00
1.867120616945594946e+00
1.885790471580350181e+00
1.904460326215105193e+00
1.923130180849860427e+00
1.941800035484615217e+00
1.960469890119370451e+00
1.979139744754125685e+00
1.997809599388880919e+00
2.016479454023635487e+00
2.035149308658390943e+00
2.053819163293145955e+00
2.072489017927900967e+00
2.091158872562655979e+00
2.109828727197410991e+00
2.128498581832166447e+00
2.147168436466921015e+00
2.165838291101676472e+00
2.184508145736431484e+00
2.203178000371186496e+00
2.221847855005941508e+00
2.240517709640696520e+00
2.259187564275451976e+00
2.277857418910206988e+00
2.296527273544962000e+00
2.315197128179717012e+00
2.333866982814472024e+00
2.352536837449227480e+00
2.371206692083982048e+00
2.389876546718737504e+00
2.408546401353492517e+00
2.427216255988247973e+00
2.445886110623002541e+00
2.464555965257757553e+00
2.483225819892513009e+00
2.501895674527268021e+00
2.520565529162023033e+00
2.539235383796778045e+00
2.557905238431533057e+00
2.576575093066288513e+00
2.595244947701043081e+00
2.613914802335798537e+00
2.632584656970553549e+00
2.651254511605308561e+00
2.669924366240063573e+00
2.688594220874818586e+00
2.707264075509574042e+00
2.725933930144328610e+00
2.744603784779084066e+00
2.763273639413839078e+00
2.781943494048594534e+00
2.800613348683349102e+00
2.819283203318104114e+00
2.837953057952859570e+00
2.856622912587614582e+00
2.875292767222369594e+00
2.893962621857124606e+00
2.912632476491880062e+00
2.931302331126635075e+00
2.949972185761389643e+00
2.968642040396145099e+00
2.987311895030900111e+00
3.005981749665655567e+00
3.024651604300410135e+00
3.043321458935165147e+00
3.061991313569920603e+00
3.080661168204675615e+00
3.099331022839430627e+00
3.118000877474185639e+00
3.136670732108941095e+00
3.155340586743696107e+00
3.174010441378450675e+00
3.192680296013206132e+00
3.211350150647961144e+00
3.230020005282716156e+00
3.248689859917471168e+00
3.267359714552226624e+00
3.286029569186981636e+00
3.304699423821736204e+00
3.323369278456491660e+00
3.342039133091246672e+00
3.360708987726002128e+00
