0.000000000000000000e+00
3.734866431641190032e-02
7.469732863282380064e-02
1.120459929492357010e-01
1.493946572656476013e-01
1.867433215820595016e-01
2.240919858984714019e-01
2.614406502148832745e-01
2.987893145312952026e-01
3.361379788477071306e-01
3.734866431641190032e-01
4.108353074805308758e-01
4.465220853995101047e-01
4.822088633184893336e-01
5.178956412374685625e-01
5.535824191564477914e-01
5.892691970754270203e-01
6.249559749944062492e-01
6.606427529133855892e-01
6.963295308323647070e-01
7.320163087513440470e-01
7.677030866703231649e-01
8.033898645893025048e-01
8.033898645893025048e-01
8.388683504831835336e-01
8.743468363770645624e-01
9.098253222709454802e-01
9.453038081648265090e-01
9.807822940587075378e-01
1.016260779952588456e+00
1.051739265846469484e+00
1.087217751740350513e+00
1.122696237634231542e+00
1.158174723528112571e+00
1.193653209421993378e+00
1.229131695315874406e+00
1.264610181209755435e+00
1.300088667103636464e+00
1.335567152997517493e+00
1.371045638891398522e+00
1.404434706758512119e+00
1.437823774625625939e+00
1.471212842492739536e+00
1.504601910359853134e+00
1.537990978226966732e+00
1.571380046094080551e+00
1.604769113961194149e+00
1.638158181828307747e+00
1.671547249695421566e+00
1.704936317562535164e+00
1.738325385429648762e+00
1.771714453296762581e+00
1.805103521163876179e+00
1.838492589030989777e+00
1.871881656898103596e+00
1.905270724765217194e+00
1.938659792632330792e+00
1.938659792632330792e+00
1.972091203058656594e+00
2.005522613484982397e+00
2.038954023911307978e+00
2.072385434337634003e+00
2.105816844763960027e+00
2.139248255190285608e+00
2.172679665616611189e+00
2.206111076042937214e+00
2.239542486469263238e+00
2.272973896895588819e+00
2.306405307321914400e+00
2.339836717748240424e+00
2.373268128174566449e+00
2.406699538600892030e+00
2.440130949027217611e+00
2.473562359453543635e+00
2.506993769879869660e+00
2.541240033100097939e+00
2.575486296320326662e+00
2.609732559540554941e+00
2.643978822760783221e+00
2.678225085981011500e+00
2.712471349201240223e+00
2.746717612421468502e+00
2.780963875641696781e+00
2.815210138861925060e+00
2.849456402082153783e+00
2.883702665302382062e+00
2.917948928522610341e+00
2.917948928522610341e+00
2.952212021366915629e+00
2.986475114211220916e+00
3.020738207055526203e+00
3.055001299899831491e+00
3.089264392744136334e+00
3.123527485588441621e+00
3.157790578432746909e+00
3.192053671277052196e+00
3.226316764121357483e+00
3.260579856965662771e+00
3.294842949809968058e+00
3.329106042654273345e+00
