-1.714003190904400398e-01
-1.532911204717587461e-01
-1.351819218530774525e-01
-1.170727232343962004e-01
-9.896352461571492065e-02
-8.085432599703364087e-02
-6.274512737835236109e-02
-4.463592875967108825e-02
-2.652673014098980500e-02
-8.417531522308520017e-03
9.691667096372764967e-03
2.780086571505402393e-02
4.591006433373531065e-02
6.401926295241659737e-02
8.212846157109784939e-02
1.002376601897791430e-01
1.183468588084604228e-01
1.364560574271417026e-01
1.545652560458229963e-01
1.726744546645042899e-01
1.907836532831855558e-01
2.088928519018667940e-01
2.270020505205480876e-01
2.451112491392293535e-01
2.632204477579106472e-01
2.813296463765919131e-01
2.994388449952732345e-01
3.175480436139545004e-01
3.356572422326357108e-01
3.537664408513170877e-01
3.718756394699982981e-01
3.899848380886796195e-01
4.080940367073608854e-01
4.262032353260420958e-01
4.443124339447234727e-01
4.624216325634046831e-01
4.805308311820859490e-01
4.986400298007672149e-01
5.167492284194485919e-01
5.348584270381299133e-01
5.529676256568111237e-01
5.710768242754923341e-01
5.891860228941735445e-01
6.072952215128549769e-01
6.254044201315362983e-01
6.435136187502175087e-01
6.616228173688987191e-01
6.797320159875801515e-01
6.978412146062613619e-01
7.159504132249425723e-01
7.340596118436238937e-01
7.521688104623051041e-01
7.702780090809865365e-01
7.883872076996677469e-01
8.064964063183489573e-01
8.246056049370301677e-01
8.427148035557114891e-01
8.608240021743926995e-01
8.789332007930741320e-01
8.970423994117553423e-01
9.151515980304365527e-01
9.332607966491178741e-01
9.513699952677993066e-01
9.694791938864805170e-01
9.875883925051617274e-01
1.005697591123843049e+00
1.023806789742524259e+00
1.041915988361205692e+00
1.060025186979886902e+00
1.078134385598568112e+00
1.096243584217249323e+00
1.114352782835930755e+00
1.132461981454611966e+00
1.150571180073293176e+00
1.168680378691974386e+00
1.186789577310655819e+00
1.204898775929337251e+00
1.223007974548018462e+00
1.241117173166699672e+00
1.259226371785380882e+00
1.277335570404062315e+00
1.295444769022743525e+00
1.313553967641424736e+00
1.331663166260105946e+00
1.349772364878787156e+00
1.367881563497468589e+00
1.385990762116149799e+00
1.404099960734831232e+00
1.422209159353512442e+00
1.440318357972193652e+00
1.458427556590875085e+00
1.476536755209556295e+00
1.494645953828237506e+00
1.512755152446918716e+00
1.530864351065600149e+00
1.548973549684281359e+00
1.567082748302962569e+00
1.585191946921643780e+00
1.603301145540325212e+00
1.621410344159006645e+00
1.639519542777687855e+00
1.657628741396369065e+00
1.675737940015050276e+00
1.693847138633731708e+00
1.711956337252412919e+00
1.730065535871094129e+00
1.748174734489775561e+00
1.766283933108456550e+00
1.784393131727137982e+00
1.802502330345819193e+00
1.820611528964500625e+00
1.838720727583182057e+00
1.856829926201863046e+00
1.874939124820544478e+00
1.893048323439225467e+00
1.911157522057906899e+00
1.929266720676588331e+00
1.947375919295269320e+00
1.965485117913950752e+00
1.983594316532632185e+00
2.001703515151313173e+00
2.019812713769994605e+00
2.037921912388675594e+00
2.056031111007357026e+00
2.074140309626038459e+00
2.092249508244719447e+00
2.110358706863400879e+00
2.128467905482082312e+00
2.146577104100763744e+00
2.164686302719445177e+00
2.182795501338126165e+00
2.200904699956807598e+00
2.219013898575488586e+00
2.237123097194170018e+00
2.255232295812851451e+00
2.273341494431532439e+00
2.291450693050213872e+00
2.309559891668894860e+00
2.327669090287576292e+00
2.345778288906257725e+00
2.363887487524938713e+00
2.381996686143620146e+00
2.400105884762301578e+00
2.418215083380982566e+00
2.436324281999663999e+00
2.454433480618344987e+00
2.472542679237026420e+00
2.490651877855707852e+00
2.508761076474388840e+00
2.526870275093070273e+00
2.544979473711751705e+00
2.563088672330433138e+00
2.581197870949114570e+00
2.599307069567795558e+00
2.617416268186476991e+00
2.635525466805157979e+00
2.653634665423839412e+00
2.671743864042520844e+00
2.689853062661201832e+00
2.707962261279883265e+00
2.726071459898564697e+00
2.744180658517245686e+00
2.762289857135927118e+00
2.780399055754608106e+00
2.798508254373289539e+00
2.816617452991970971e+00
2.834726651610651960e+00
2.852835850229333392e+00
2.870945048848014380e+00
2.889054247466695813e+00
2.907163446085377245e+00
2.925272644704058234e+00
2.943381843322739666e+00
2.961491041941421098e+00
2.979600240560102531e+00
2.997709439178783963e+00
3.015818637797464952e+00
3.033927836416146384e+00
3.052037035034827372e+00
3.070146233653508805e+00
3.088255432272190237e+00
3.106364630890871226e+00
3.124473829509552658e+00
3.142583028128234091e+00
3.160692226746915079e+00
3.178801425365596511e+00
3.196910623984277500e+00
3.215019822602958932e+00
3.233129021221640365e+00
3.251238219840321353e+00
3.269347418459002785e+00
3.287456617077683774e+00
3.305565815696365206e+00
3.323675014315046639e+00
3.341784212933727627e+00
3.359893411552409059e+00
3.378002610171090492e+00
3.396111808789771924e+00
3.414221007408453357e+00
3.432330206027134789e+00
