0.000000000000000000e+00
8.606481455172335093e-02
1.721296291034467019e-01
2.581944436551700806e-01
3.442592582068934037e-01
4.303240727586167269e-01
5.163888873103401611e-01
6.024537018620634843e-01
6.885185164137868075e-01
7.745833309655101306e-01
8.606481455172334538e-01
9.467129600689568880e-01
1.032777774620680322e+00
1.118842589172403645e+00
1.205647173672165673e+00
1.292451758171927922e+00
1.379256342671689950e+00
1.466060927171452200e+00
1.552865511671214227e+00
1.639670096170976255e+00
1.726474680670738504e+00
1.813279265170500754e+00
1.900083849670262781e+00
1.986888434170024809e+00
2.072805058721429727e+00
2.158721683272834646e+00
2.244638307824239565e+00
2.330554932375644483e+00
2.416471556927049402e+00
2.502388181478454321e+00
2.588304806029858796e+00
2.674221430581264158e+00
2.760138055132668633e+00
2.846054679684073996e+00
2.931971304235478470e+00
3.017887928786883389e+00
3.103804553338288308e+00
3.189721177889693227e+00
3.295815101192539842e+00
3.401909024495386014e+00
3.508002947798232629e+00
3.614096871101079245e+00
3.614096871101079245e+00
3.702157266722633011e+00
3.790217662344186778e+00
3.878278057965740544e+00
3.966338453587294310e+00
4.054398849208848077e+00
4.142459244830401843e+00
4.230519640451955610e+00
4.318580036073509376e+00
4.401566490401749299e+00
4.484552944729990109e+00
4.567539399058230032e+00
4.650525853386469954e+00
4.733512307714710765e+00
4.816498762042950688e+00
4.899485216371190610e+00
4.982471670699431421e+00
5.065458125027671343e+00
5.148444579355911266e+00
5.231431033684152077e+00
5.314417488012391999e+00
5.397403942340631922e+00
5.480390396668871844e+00
5.563376850997112655e+00
5.646363305325352577e+00
5.646363305325352577e+00
5.656335137583586636e+00
5.656335137583586636e+00
5.742403370347092917e+00
5.828471603110599197e+00
5.914539835874105478e+00
6.000608068637611758e+00
6.086676301401118039e+00
6.172744534164624319e+00
6.258812766928130600e+00
6.344880999691637768e+00
6.430949232455143161e+00
6.517017465218650329e+00
6.603085697982156610e+00
6.689153930745662890e+00
6.775222163509169171e+00
6.863521092187255590e+00
6.951820020865342009e+00
7.040118949543428428e+00
7.128417878221513959e+00
7.216716806899600378e+00
7.305015735577686797e+00
7.393314664255773216e+00
7.481613592933859636e+00
7.569912521611946055e+00
7.569912521611946055e+00
7.660942143861452891e+00
7.751971766110959727e+00
7.843001388360466564e+00
7.934031010609973400e+00
8.025060632859480236e+00
8.116090255108987961e+00
8.207119877358493909e+00
