-1.798691924580030122e-07 -4.473476127232946011e-08 9.701253509316106816e-08 8.352239633257527274e+00 8.352239633257704909e+00 8.352239633257752871e+00
-1.168772095042234893e+00 -7.135064692355459481e-01 7.776424961089499766e-01 8.364561825745537860e+00 8.590677631559398009e+00 8.735188653208869169e+00
-1.858187076832513940e+00 -8.253828557859685944e-01 1.546225100956253984e+00 8.400955757010990510e+00 9.165876645906577025e+00 9.659904766547660060e+00
-1.886703061189382025e+00 1.293919863205846177e+00 2.296793944352287564e+00 8.459748137402756996e+00 9.831962312176738550e+00 1.078596603131856213e+01
-8.813261664272737939e-01 2.765813976716771538e+00 3.020605879660452686e+00 8.538291570770805805e+00 1.041312592681756932e+01 1.190779869408775760e+01
2.134802012350846212e+00 3.709232721221681128e+00 4.140658583633180179e+00 8.633151996526466476e+00 1.081026073613003646e+01 1.291658492741230724e+01
3.404323220020843088e+00 4.354669867266064642e+00 5.409268903092880443e+00 8.740325810133063200e+00 1.097206513005459882e+01 1.375164212218943049e+01
4.402345940048079775e+00 4.949458958303608824e+00 6.532470354987644612e+00 8.855449859523991663e+00 1.087777809625259628e+01 1.438035916350511378e+01
5.209276096604743778e+00 5.486837332669027845e+00 7.481487250381915644e+00 8.973968032807157158e+00 1.052964494968237474e+01 1.479115468260829047e+01
5.856948069186845629e+00 5.960923379185394388e+00 8.241532877253622047e+00 9.091228039501544345e+00 9.951109866020322769e+00 1.499109057592376715e+01
6.366928825967086425e+00 6.366928825967356431e+00 8.798787742774765164e+00 9.202507069879464652e+00 9.202507069879647617e+00 1.500496006757624912e+01
6.701351700684479162e+00 6.737034051375388799e+00 8.300572295672500545e+00 9.238568821623974969e+00 9.303008824037092950e+00 1.487454611556331230e+01
6.780385303751908843e+00 6.962058994099693088e+00 7.629081816780459491e+00 9.387924354359057588e+00 9.494211603297529223e+00 1.465715665335897988e+01
6.159726093962644811e+00 7.148156061494383096e+00 7.608355524200194786e+00 9.452664848524674923e+00 9.642953600246595869e+00 1.442196422619352703e+01
5.543126977184865467e+00 7.259606685526553527e+00 7.728776893856594832e+00 9.493309644542350156e+00 9.715164245275779820e+00 1.424123021265567246e+01
5.302723204004832880e+00 7.296703911867421510e+00 7.778571701010889683e+00 9.507177049761331489e+00 9.736014489713438635e+00 1.417331769107929951e+01
5.594000489481355309e+00 7.332443426261659347e+00 7.854879516408796114e+00 9.459682798432771378e+00 9.804708787572190332e+00 1.412063458043067143e+01
6.292324993789303100e+00 7.429520636924508814e+00 8.109960434303971510e+00 9.410826801362807359e+00 9.920988226659559928e+00 1.396338022847072935e+01
7.031396045278659912e+00 7.572597225270400578e+00 8.588185002142051161e+00 9.439849556578016276e+00 1.003028745413345746e+01 1.370473211600963559e+01
7.538200403901271329e+00 7.778981347473393981e+00 9.099224479420541911e+00 9.684968242000374872e+00 1.015512336878253841e+01 1.335217392166704542e+01
7.750333317068163197e+00 8.097295199421912670e+00 9.248620757367012502e+00 1.014410380956601365e+01 1.048313430604730101e+01 1.291972702928545935e+01
7.806295791012566099e+00 8.410023531585965273e+00 9.198165366573142876e+00 1.039651102045960762e+01 1.107736493480770257e+01 1.243310077320082918e+01
7.754798900828728137e+00 8.641052909312280761e+00 9.067595534325684881e+00 1.054391703557184456e+01 1.151735761644506617e+01 1.202669573179796458e+01
7.694150940750794199e+00 8.722053187235548677e+00 9.023012045790034463e+00 1.078577121736689826e+01 1.111650334088220049e+01 1.208259025122438501e+01
7.503041343953513298e+00 8.682255883976720767e+00 9.098536059999171144e+00 1.015470234303251296e+01 1.133490210419606647e+01 1.237843816842857514e+01
7.249238801669689813e+00 8.653284302398120076e+00 9.078004095573598775e+00 9.631937778899446911e+00 1.159568996158833620e+01 1.261914301282707918e+01
7.033150096195158518e+00 8.646414071344196373e+00 8.851272740607136313e+00 9.497299408668052223e+00 1.176324113463940080e+01 1.277255158921662037e+01
6.947558268865966724e+00 8.655332207864034899e+00 8.723200221291756762e+00 9.490574515617252516e+00 1.182059001426224043e+01 1.282510239754727976e+01
6.872572984494360604e+00 8.789257920370614485e+00 9.135522882070659989e+00 9.374999183228393207e+00 1.211414260005563825e+01 1.277180539958589556e+01
6.699321846229395305e+00 8.679035745113543143e+00 9.083384073085056798e+00 9.544745716761280363e+00 1.158515369712445064e+01 1.364901667340284952e+01
6.431895269511191948e+00 8.471515414292740687e+00 8.713651495209971287e+00 9.714439836846503695e+00 1.111101227335090691e+01 1.458418504712403951e+01
6.000044827340249576e+00 8.209891520986554170e+00 8.340559381306627884e+00 9.701062768546547588e+00 1.082281310522018281e+01 1.541109830826137994e+01
5.366408060174166827e+00 7.605824125817828296e+00 8.419553370222390143e+00 9.572322781221666688e+00 1.070297939069902249e+01 1.601981818778347488e+01
4.629263782393213233e+00 6.960935679498757800e+00 8.685116624545010211e+00 9.346968374638578325e+00 1.069722986490042693e+01 1.634090997485539276e+01
3.919185920315647831e+00 6.318776561941908732e+00 8.965957777388695149e+00 9.046257043961221100e+00 1.077013281011690360e+01 1.634689423580199019e+01
3.278894813607708958e+00 5.689367954603388178e+00 8.384641538962176455e+00 9.423974271222727239e+00 1.084313994305169793e+01 1.604931698882089108e+01
2.607507589572837237e+00 5.051952819059751576e+00 7.585538107339190539e+00 9.759945621340722965e+00 1.081316531089700916e+01 1.548994384184732809e+01
1.635556788752538404e+00 4.359910756877988902e+00 6.563142371805394504e+00 1.000114002138242242e+01 1.060859395300007257e+01 1.472190672560359204e+01
-1.275103140525207124e+00 3.531140307513735088e+00 5.340580130114893187e+00 1.008981085205890871e+01 1.022488659019466795e+01 1.378345049524792643e+01
-2.265806054147633919e+00 2.368197492830562911e+00 4.037198784222788106e+00 9.725476619939293244e+00 9.974207293868316171e+00 1.268581488185499495e+01
-2.551439941248205390e+00 -8.527564246692266314e-01 2.869317641687725295e+00 9.206692948410362121e+00 9.635124247810221476e+00 1.143767181081856066e+01
-2.248928793087080269e+00 -1.882705559287185082e+00 1.858913202663244002e+00 8.760244526633224282e+00 9.120433299652873416e+00 1.010224969992266431e+01
-1.391311992927553476e+00 -1.351740991125069513e+00 9.167399866161308752e-01 8.458851276807690667e+00 8.593217901644798928e+00 8.898435272984388078e+00
-1.798691924580030122e-07 -4.473476127232946011e-08 9.701253509316106816e-08 8.352239633257527274e+00 8.352239633257704909e+00 8.352239633257752871e+00
-2.435808237648431795e+00 -6.835738684458376735e-01 9.575071252652256337e-01 8.620185938251049507e+00 8.714485218980435377e+00 8.940329681840895049e+00
-3.791860018277859901e+00 1.871134813220508286e-01 2.075009986011706609e+00 9.225733472134775681e+00 9.643759318418242188e+00 9.965942079457146718e+00
-4.112069098731893746e+00 1.803922263250494762e+00 3.337776947353156221e+00 9.805010683177032504e+00 1.072536301028295291e+01 1.092633248758852282e+01
-3.578134059451282933e+00 2.848471862521485765e+00 4.636837927993769704e+00 1.012474149011564784e+01 1.101033067940472598e+01 1.241905937978413199e+01
-2.129825070709690404e+00 3.560593560161200433e+00 5.866113622512049375e+00 1.010606621557374751e+01 1.081281581141094073e+01 1.398464165907523871e+01
2.238506635123262534e+00 4.007998607655745893e+00 6.973311683026178542e+00 9.776185543846017012e+00 1.022881413960577923e+01 1.546408980093198693e+01
3.735852072652840583e+00 4.340113673449077503e+00 7.948770368854033208e+00 9.241998871007471195e+00 9.429744424140707793e+00 1.670213356768046609e+01
4.619639170174210996e+00 4.706872554855144664e+00 8.576545848832372698e+00 8.657143949643376857e+00 8.897761379546086147e+00 1.758557147300628287e+01
5.111269583421157670e+00 5.128643239881365723e+00 8.192217387735849954e+00 8.203891138319681531e+00 9.634465424910320763e+00 1.806796009280726167e+01
5.298787355764450702e+00 5.460502104639866516e+00 8.102202136256181575e+00 8.211673460195701324e+00 1.034887295467776092e+01 1.818037441357539308e+01
5.415933626767380993e+00 5.605917675888257179e+00 8.336443554765866182e+00 8.462647566818002787e+00 1.097671597263590648e+01 1.803306371578647216e+01
5.556399950188660064e+00 5.647680838426853533e+00 8.631333374224968935e+00 8.690775483050609651e+00 1.143896648810335925e+01 1.780557159867027295e+01
5.624984560170797288e+00 5.657123084895860465e+00 8.755157973796961812e+00 8.775959117000752485e+00 1.161513667934351268e+01 1.769769301976317522e+01
5.681147584040507681e+00 5.745002729245749507e+00 8.748166872954264761e+00 8.831716501815501275e+00 1.158316171156506691e+01 1.759956331461534873e+01
5.795570991350991186e+00 6.037281429804537858e+00 8.724345918281642298e+00 9.000428391954166329e+00 1.148987252464647213e+01 1.730890573974879842e+01
5.959126679440412744e+00 6.477381240630934123e+00 8.692521512328953648e+00 9.266787574219701895e+00 1.134495555356616414e+01 1.683695346132937587e+01
6.149421497664083525e+00 7.003597824332215893e+00 8.665065179720919275e+00 9.596611627611617124e+00 1.117465925264099802e+01 1.620260203276893307e+01
6.345191662789333442e+00 7.550628376826408861e+00 8.659503011324032329e+00 9.895900838614116068e+00 1.106229831201342684e+01 1.543285999844561651e+01
6.531932873933520511e+00 8.040991608662821477e+00 8.707263271032552154e+00 9.954587073624505678e+00 1.120552258888431574e+01 1.456406773944964961e+01
6.701878929500410642e+00 8.366368117070187793e+00 8.864931614282454575e+00 9.737750699860603376e+00 1.162911706534085710e+01 1.364606958413992110e+01
6.850204811285072637e+00 8.520788220145702141e+00 9.012315394450871153e+00 9.481898029554907126e+00 1.211626670321716404e+01 1.278453081370248512e+01
6.969061297380762632e+00 8.595531423043494712e+00 8.775187693834048730e+00 9.500867223832930364e+00 1.178634397989092264e+01 1.284207501798072748e+01
7.062871593181973218e+00 8.589655477034066067e+00 8.941196255404413762e+00 9.468930086191733153e+00 1.171150797133897292e+01 1.280038808289121377e+01
7.297030574703327943e+00 8.585619920321502008e+00 9.287914640031356583e+00 9.475442468017780229e+00 1.153317864070021592e+01 1.266076102424983851e+01
7.598115320231850767e+00 8.551462441199893405e+00 9.267623683534008450e+00 1.002795542038425580e+01 1.128297673478907193e+01 1.243668376226302996e+01
7.805772975209022135e+00 8.561706798142722619e+00 9.153769203315965441e+00 1.062967903613244047e+01 1.112556094876555690e+01 1.215708940648906911e+01
7.754798900828728137e+00 8.641052909312280761e+00 9.067595534325684881e+00 1.054391703557184456e+01 1.151735761644506617e+01 1.202669573179796458e+01
7.792923062611309959e+00 8.730154285878496623e+00 9.054822307312354823e+00 1.086099058927322503e+01 1.139821410005097846e+01 1.166931496046266226e+01
7.630088288408770403e+00 8.755563940508128695e+00 9.166369717604021972e+00 1.036964657860389316e+01 1.144178026858700292e+01 1.209154513582596024e+01
7.370306271745599602e+00 8.634238078586848886e+00 9.378450101024455421e+00 9.842905836086311311e+00 1.129212091745019286e+01 1.287293257179238815e+01
7.081309715130349680e+00 8.400611809485114989e+00 9.322194163267997880e+00 9.686926586569152064e+00 1.112046157221926279e+01 1.369650023160211560e+01
6.793053305135611453e+00 8.065850782978641220e+00 9.033479667073038399e+00 9.804254158735639990e+00 1.099448629818964740e+01 1.450862648115857922e+01
6.521328059900231011e+00 7.648377964301352527e+00 8.851847270855831340e+00 9.771620758469095946e+00 1.099261949002387162e+01 1.527509363496813322e+01
6.275285103053944269e+00 7.188628027285027144e+00 8.760519686837024977e+00 9.590911642243884927e+00 1.110609943038039482e+01 1.596857592288838568e+01
6.060532025256859079e+00 6.727520959080719898e+00 8.728525881844305445e+00 9.350260341175001599e+00 1.126013971958405158e+01 1.656654081736643036e+01
5.881892976347458557e+00 6.304292850149305849e+00 8.730751619248383832e+00 9.115670476733411576e+00 1.140542608318469853e+01 1.705067186987248107e+01
5.745397149438081108e+00 5.959616683706220996e+00 8.747159449339838133e+00 8.925856844711127280e+00 1.151921175616782378e+01 1.740670927980727001e+01
5.657893667623913103e+00 5.733492782731165249e+00 8.761721738136435178e+00 8.805082841999871235e+00 1.159078311449221310e+01 1.762443349888444999e+01
5.624984560170797288e+00 5.657123084895860465e+00 8.755157973796961812e+00 8.775959117000752485e+00 1.161513667934351268e+01 1.769769301976317522e+01
5.653114400591709554e+00 5.747454672248160534e+00 8.766836056925894738e+00 8.802222634884655506e+00 1.158866310752440221e+01 1.761880312516888125e+01
5.735101420282424201e+00 6.005352589066360380e+00 8.740585323525406736e+00 8.940081638868829117e+00 1.151100707864966388e+01 1.738453383350871562e+01
5.863888103321857059e+00 6.396487311426421130e+00 8.700661774200478149e+00 9.158291713998639949e+00 1.138833900968866253e+01 1.700211370362187679e+01
6.028209034702092239e+00 6.875828584900652629e+00 8.653089338921802209e+00 9.436242632106585759e+00 1.123538028117020815e+01 1.648370131393869897e+01
6.213378626793135240e+00 7.396530368948189604e+00 8.606598841016150914e+00 9.728809168303683919e+00 1.109088892716794383e+01 1.584662939288576666e+01
6.402646138867511105e+00 7.914364211348255296e+00 8.572194886229397071e+00 9.921881326457535621e+00 1.106265806478514513e+01 1.511394915450175347e+01
6.579599251986619102e+00 8.387942001116615032e+00 8.561410086704540845e+00 9.871503329430698415e+00 1.128856033522072266e+01 1.431572493651835387e+01
6.731819916457804531e+00 8.582818589675467180e+00 8.768624050037972850e+00 9.644089655475097445e+00 1.170181107502554951e+01 1.349346711719135072e+01
6.854130370255182569e+00 8.638335973172344140e+00 8.920436912141758157e+00 9.449359653405711157e+00 1.212882836861943225e+01 1.274865678317265427e+01
6.947558268865966724e+00 8.655332207864034899e+00 8.723200221291756762e+00 9.490574515617252516e+00 1.182059001426224043e+01 1.282510239754727976e+01
6.969061297380762632e+00 8.595531423043494712e+00 8.775187693834048730e+00 9.500867223832930364e+00 1.178634397989092264e+01 1.284207501798072748e+01
6.970291965794047861e+00 8.242442824321020822e+00 8.446346100370909937e+00 9.539711116982196870e+00 1.118163532275501915e+01 1.327866193998023547e+01
6.820370999170453530e+00 7.920885446085879522e+00 8.095420287919408153e+00 9.510021385131992133e+00 1.069422095919700766e+01 1.363660209011026581e+01
6.437193479787375772e+00 7.675243693594530292e+00 7.861453536055366342e+00 9.453099422780880445e+00 1.032525819398399314e+01 1.389446166794677673e+01
5.915044379262775820e+00 7.479025507707787845e+00 7.785374624912508423e+00 9.427337646579921682e+00 1.004649129331141211e+01 1.405878239102200133e+01
5.474715295521423997e+00 7.345342832110233644e+00 7.776099218183419204e+00 9.461732714305348679e+00 9.837294263860401955e+00 1.414633967269413262e+01
5.302723204004832880e+00 7.296703911867421510e+00 7.778571701010889683e+00 9.507177049761331489e+00 9.736014489713438635e+00 1.417331769107929951e+01
