-4.871009533957544768e+00
-4.748118396760647286e+00
-4.625227259563750692e+00
-4.502336122366853211e+00
-4.379444985169956617e+00
-4.256553847973059135e+00
-4.133662710776162541e+00
-4.010771573579265059e+00
-3.887880436382367577e+00
-3.764989299185470983e+00
-3.642098161988573946e+00
-3.519207024791676908e+00
-3.396315887594779426e+00
-3.273424750397882832e+00
-3.150533613200985350e+00
-3.027642476004088312e+00
-2.904751338807191274e+00
-2.781860201610294236e+00
-2.658969064413397199e+00
-2.536077927216500161e+00
-2.413186790019603123e+00
-2.290295652822705641e+00
-2.167404515625808603e+00
-2.044513378428911565e+00
-1.921622241232014527e+00
-1.798731104035117490e+00
-1.675839966838220452e+00
-1.552948829641323414e+00
-1.430057692444425932e+00
-1.307166555247529116e+00
-1.184275418050632078e+00
-1.061384280853735262e+00
-9.384931436568378915e-01
-8.156020064599405206e-01
-6.927108692630438158e-01
-5.698197320661464449e-01
-4.469285948692497956e-01
-3.240374576723523692e-01
-2.011463204754557477e-01
-7.825518327855830736e-02
4.463595391833830722e-02
1.675270911152357545e-01
2.904182283121332087e-01
4.133093655090298024e-01
5.362005027059272289e-01
6.590916399028238226e-01
7.819827770997213046e-01
9.048739142966178983e-01
1.027765051493515269e+00
1.150656188690412751e+00
1.273547325887309345e+00
1.396438463084206827e+00
1.519329600281103421e+00
1.642220737478000903e+00
1.765111874674897496e+00
1.888003011871794978e+00
2.010894149068692460e+00
2.133785286265589054e+00
2.256676423462486536e+00
2.379567560659383130e+00
2.502458697856280612e+00
2.625349835053177205e+00
2.748240972250073799e+00
2.871132109446971281e+00
2.994023246643868763e+00
3.116914383840766245e+00
3.239805521037663727e+00
3.362696658234559433e+00
3.485587795431456914e+00
3.608478932628354396e+00
3.731370069825251878e+00
3.854261207022147584e+00
3.977152344219045066e+00
4.100043481415942104e+00
4.222934618612839586e+00
4.345825755809737068e+00
4.468716893006632773e+00
4.591608030203530255e+00
4.714499167400427737e+00
4.837390304597325219e+00
4.960281441794220925e+00
5.083172578991118407e+00
5.206063716188015889e+00
5.328954853384913370e+00
5.451845990581810852e+00
5.574737127778706558e+00
5.697628264975604040e+00
5.820519402172501522e+00
5.943410539369399004e+00
6.066301676566296486e+00
6.189192813763192191e+00
6.312083950960089673e+00
6.434975088156987155e+00
6.557866225353884637e+00
6.680757362550780343e+00
6.803648499747677825e+00
6.926539636944575307e+00
7.049430774141472789e+00
7.172321911338370271e+00
7.295213048535265976e+00
7.418104185732163458e+00
7.540995322929060940e+00
7.663886460125957534e+00
7.786777597322853239e+00
7.909668734519752498e+00
8.032559871716648203e+00
8.155451008913546573e+00
8.278342146110443167e+00
8.401233283307337985e+00
8.524124420504238131e+00
8.647015557701132948e+00
8.769906694898033095e+00
8.892797832094927912e+00
9.015688969291824506e+00
9.138580106488722876e+00
9.261471243685619470e+00
9.384362380882517840e+00
9.507253518079414434e+00
9.630144655276309251e+00
9.753035792473209398e+00
9.875926929670104215e+00
9.998818066867004362e+00
1.012170920406389918e+01
1.024460034126079577e+01
1.036749147845769059e+01
1.049038261565459074e+01
1.061327375285148555e+01
1.073616489004838570e+01
1.085905602724528052e+01
1.098194716444217711e+01
1.110483830163907548e+01
1.122772943883597208e+01
1.135062057603287045e+01
1.147351171322976704e+01
1.159640285042666186e+01
1.171929398762356200e+01
1.184218512482045682e+01
1.196507626201735697e+01
1.208796739921425178e+01
1.221085853641114838e+01
1.233374967360804675e+01
1.245664081080494334e+01
1.257953194800183816e+01
1.270242308519873831e+01
1.282531422239563312e+01
1.294820535959253327e+01
1.307109649678942809e+01
1.319398763398632468e+01
1.331687877118322305e+01
1.343976990838011965e+01
1.356266104557701802e+01
1.368555218277391461e+01
1.380844331997080943e+01
1.393133445716770957e+01
1.405422559436460439e+01
1.417711673156150454e+01
1.430000786875839935e+01
1.442289900595529595e+01
1.454579014315219432e+01
1.466868128034909091e+01
1.479157241754598573e+01
1.491446355474288588e+01
1.503735469193978069e+01
1.516024582913667906e+01
1.528313696633357566e+01
1.540602810353047225e+01
1.552891924072737062e+01
1.565181037792426721e+01
1.577470151512116558e+01
1.589759265231806040e+01
1.602048378951495877e+01
1.614337492671185714e+01
1.626626606390875196e+01
1.638915720110565033e+01
1.651204833830254515e+01
1.663493947549944352e+01
1.675783061269634189e+01
1.688072174989323671e+01
1.700361288709013508e+01
1.712650402428703345e+01
1.724939516148392826e+01
1.737228629868082663e+01
1.749517743587772145e+01
1.761806857307461982e+01
1.774095971027151819e+01
1.786385084746841301e+01
1.798674198466531138e+01
1.810963312186220975e+01
1.823252425905910457e+01
1.835541539625600294e+01
1.847830653345289775e+01
1.860119767064979968e+01
1.872408880784669449e+01
1.884697994504358931e+01
1.896987108224048768e+01
1.909276221943738605e+01
1.921565335663428442e+01
1.933854449383117924e+01
1.946143563102807406e+01
1.958432676822497598e+01
