0.000000000000000000e+00
3.596543841445414696e-02
7.193087682890829393e-02
1.078963152433624340e-01
1.438617536578165879e-01
1.798271920722707418e-01
2.157926304867248679e-01
2.517580689011790218e-01
2.877235073156331757e-01
3.236889457300873296e-01
3.596543841445414835e-01
3.956198225589956374e-01
4.315852609734497358e-01
4.675506993879038897e-01
5.035161378023580436e-01
5.394815762168122530e-01
5.754470146312663514e-01
6.114124530457204498e-01
6.473778914601746592e-01
6.868974424494783682e-01
7.264169934387820771e-01
7.659365444280857860e-01
8.054560954173894949e-01
8.449756464066933148e-01
8.844951973959970237e-01
8.844951973959970237e-01
9.184552933250829110e-01
9.524153892541686872e-01
9.863754851832545745e-01
1.020335581112340462e+00
1.054295677041426238e+00
1.088255772970512236e+00
1.122215868899598012e+00
1.156175964828683789e+00
1.190136060757769787e+00
1.224096156686855563e+00
1.258056252615941339e+00
1.292016348545027338e+00
1.325976444474113114e+00
1.359936540403198890e+00
1.393896636332284888e+00
1.427856732261370665e+00
1.461816828190456441e+00
1.495776924119542439e+00
1.529737020048628215e+00
1.563697115977713992e+00
1.599997173071618484e+00
1.636297230165522976e+00
1.672597287259427468e+00
1.708897344353331960e+00
1.745197401447236452e+00
1.781497458541140944e+00
1.817797515635045436e+00
1.817797515635045436e+00
1.851757611564131212e+00
1.885717707493217210e+00
1.919677803422302986e+00
1.953637899351388985e+00
1.987597995280474761e+00
2.021558091209560537e+00
2.055518187138646535e+00
2.089478283067732534e+00
2.123438378996818088e+00
2.157398474925904086e+00
2.191358570854990084e+00
2.225318666784076083e+00
2.259278762713161637e+00
2.293238858642247635e+00
2.327198954571333633e+00
2.361159050500419632e+00
2.395119146429505186e+00
2.429079242358591184e+00
2.463039338287677182e+00
2.496999434216762737e+00
2.535134670507075860e+00
2.573269906797388540e+00
2.611405143087701664e+00
2.649540379378014787e+00
2.687675615668327467e+00
2.687675615668327467e+00
2.720044510241336422e+00
2.752413404814344933e+00
2.784782299387353888e+00
2.817151193960362399e+00
2.849520088533371354e+00
2.881888983106379865e+00
2.914257877679388820e+00
2.946626772252397330e+00
2.978995666825406285e+00
3.011364561398414796e+00
3.043733455971423751e+00
3.076102350544432262e+00
3.108471245117441217e+00
3.140840139690449728e+00
3.173209034263458683e+00
3.205577928836467194e+00
3.237946823409476149e+00
3.270315717982484660e+00
3.302684612555493615e+00
3.335053507128502126e+00
