0.000000000000000000e+00
1.026125135252377168e-01
2.052250270504754337e-01
3.078375405757131644e-01
4.104500541009508674e-01
5.130625676261886259e-01
6.156750811514263289e-01
7.182875946766640318e-01
8.209001082019017348e-01
9.235126217271394378e-01
1.026125135252377252e+00
1.128737648777614844e+00
1.231350162302852658e+00
1.333962675828090472e+00
1.436575189353328064e+00
1.539187702878565878e+00
1.641800216403803470e+00
1.744412729929041284e+00
1.847025243454278876e+00
1.949637756979516690e+00
2.052250270504754504e+00
2.154862784029992095e+00
2.257475297555229687e+00
2.360087811080467723e+00
2.462700324605705315e+00
2.559444330136761092e+00
2.656188335667817313e+00
2.752932341198873090e+00
2.849676346729928866e+00
2.946420352260984643e+00
3.043164357792040420e+00
3.139908363323096641e+00
3.236652368854152417e+00
3.333396374385208194e+00
3.430140379916264415e+00
3.526884385447320192e+00
3.623628390978375968e+00
3.720372396509431745e+00
3.817116402040487522e+00
3.913860407571543742e+00
4.010604413102599963e+00
4.107348418633655740e+00
4.204092424164711517e+00
4.296821165165438217e+00
4.389549906166165805e+00
4.482278647166892505e+00
4.575007388167620093e+00
4.667736129168346793e+00
4.760464870169074381e+00
4.853193611169801081e+00
4.945922352170528669e+00
5.038651093171255368e+00
5.131379834171982957e+00
5.224108575172709656e+00
5.316837316173437245e+00
5.409566057174163944e+00
5.502294798174891532e+00
5.595023539175618232e+00
5.687752280176345820e+00
5.780481021177072520e+00
5.873209762177800108e+00
5.965938503178526808e+00
6.058667244179254396e+00
6.151395985179981096e+00
6.244124726180707796e+00
6.336853467181435384e+00
6.423923072159385406e+00
6.510992677137336315e+00
6.598062282115286337e+00
6.685131887093236358e+00
6.772201492071187268e+00
6.859271097049137289e+00
6.946340702027087310e+00
7.033410307005038220e+00
7.120479911982988241e+00
7.207549516960938263e+00
7.294619121938888284e+00
7.381688726916839194e+00
7.468758331894789215e+00
7.555827936872740125e+00
7.642897541850690146e+00
7.729967146828640168e+00
7.817036751806590189e+00
7.904106356784540210e+00
7.991175961762491120e+00
8.078245566740442030e+00
8.078245566740442030e+00
8.172964809994507362e+00
8.267684053248572695e+00
8.362403296502638028e+00
8.457122539756705137e+00
8.551841783010770470e+00
8.646561026264835803e+00
8.741280269518901136e+00
8.835999512772966469e+00
8.930718756027031802e+00
9.025437999281097134e+00
9.120157242535164244e+00
9.214876485789229577e+00
9.309595729043294909e+00
