-2.956385185294026385e+00
-2.813858480092852332e+00
-2.671331774891678723e+00
-2.528805069690504670e+00
-2.386278364489331061e+00
-2.243751659288157008e+00
-2.101224954086982954e+00
-1.958698248885809123e+00
-1.816171543684635514e+00
-1.673644838483461683e+00
-1.531118133282287852e+00
-1.388591428081113799e+00
-1.246064722879939968e+00
-1.103538017678766137e+00
-9.610113124775921944e-01
-8.184846072764185854e-01
-6.759579020752446432e-01
-5.334311968740705900e-01
-3.909044916728969810e-01
-2.483777864717229833e-01
-1.058510812705493881e-01
3.667562393062463039e-02
1.792023291317986489e-01
3.217290343329722302e-01
4.642557395341462279e-01
6.067824447353202810e-01
7.493091499364938901e-01
8.918358551376678323e-01
1.034362560338841774e+00
1.176889265540015828e+00
1.319415970741188993e+00
1.461942675942363046e+00
1.604469381143537099e+00
1.746996086344711152e+00
1.889522791545885205e+00
2.032049496747058370e+00
2.174576201948232423e+00
2.317102907149406477e+00
2.459629612350580530e+00
2.602156317551754139e+00
2.744683022752927304e+00
2.887209727954101357e+00
3.029736433155275410e+00
3.172263138356449463e+00
3.314789843557623517e+00
3.457316548758797570e+00
3.599843253959970735e+00
3.742369959161144788e+00
3.884896664362318841e+00
4.027423369563492450e+00
4.169950074764666503e+00
4.312476779965839668e+00
4.455003485167013721e+00
4.597530190368187775e+00
4.740056895569361828e+00
4.882583600770535881e+00
5.025110305971709934e+00
5.167637011172883987e+00
5.310163716374058041e+00
5.452690421575230317e+00
5.595217126776404371e+00
5.737743831977578424e+00
5.880270537178752477e+00
6.022797242379926530e+00
6.165323947581100583e+00
6.307850652782274636e+00
6.450377357983448690e+00
6.592904063184622743e+00
6.735430768385796796e+00
6.877957473586970849e+00
7.020484178788143126e+00
7.163010883989317179e+00
7.305537589190491232e+00
7.448064294391665285e+00
7.590590999592839339e+00
7.733117704794012504e+00
7.875644409995186557e+00
8.018171115196361498e+00
8.160697820397535551e+00
8.303224525598709604e+00
8.445751230799881881e+00
8.588277936001055934e+00
8.730804641202229988e+00
8.873331346403404041e+00
9.015858051604578094e+00
9.158384756805752147e+00
9.300911462006926200e+00
9.443438167208100253e+00
9.585964872409274307e+00
9.728491577610446583e+00
9.871018282811620637e+00
1.001354498801279291e+01
1.015607169321396697e+01
1.029859839841514102e+01
1.044112510361631507e+01
1.058365180881748913e+01
1.072617851401866318e+01
1.086870521921983723e+01
1.101123192442101129e+01
1.115375862962218534e+01
1.129628533482335939e+01
1.143881204002453345e+01
1.158133874522570572e+01
1.172386545042687978e+01
1.186639215562805383e+01
1.200891886082922788e+01
1.215144556603040193e+01
1.229397227123157599e+01
1.243649897643275004e+01
1.257902568163392409e+01
1.272155238683509815e+01
1.286407909203627220e+01
1.300660579723744625e+01
1.314913250243862031e+01
1.329165920763979436e+01
1.343418591284096841e+01
1.357671261804214247e+01
1.371923932324331652e+01
1.386176602844448702e+01
1.400429273364566107e+01
1.414681943884683513e+01
1.428934614404800918e+01
1.443187284924918323e+01
1.457439955445035729e+01
1.471692625965153134e+01
1.485945296485270539e+01
1.500197967005387945e+01
1.514450637525505172e+01
1.528703308045622578e+01
1.542955978565739983e+01
1.557208649085857388e+01
1.571461319605974793e+01
1.585713990126092199e+01
1.599966660646209604e+01
1.614219331166327009e+01
1.628472001686444415e+01
1.642724672206561820e+01
1.656977342726679225e+01
1.671230013246796631e+01
1.685482683766914036e+01
1.699735354287031441e+01
1.713988024807148847e+01
1.728240695327266252e+01
1.742493365847383657e+01
1.756746036367501063e+01
1.770998706887618468e+01
1.785251377407735873e+01
1.799504047927853279e+01
1.813756718447970684e+01
1.828009388968088089e+01
1.842262059488205495e+01
1.856514730008322900e+01
1.870767400528440305e+01
1.885020071048557710e+01
1.899272741568675116e+01
1.913525412088792521e+01
1.927778082608909926e+01
1.942030753129027332e+01
1.956283423649144737e+01
1.970536094169262142e+01
1.984788764689378837e+01
1.999041435209496242e+01
2.013294105729613648e+01
2.027546776249731053e+01
2.041799446769848458e+01
2.056052117289965864e+01
2.070304787810083269e+01
2.084557458330200674e+01
2.098810128850318080e+01
2.113062799370435485e+01
2.127315469890552890e+01
2.141568140410670296e+01
2.155820810930787701e+01
2.170073481450905106e+01
2.184326151971022512e+01
2.198578822491139917e+01
2.212831493011257322e+01
2.227084163531374372e+01
2.241336834051491778e+01
2.255589504571609183e+01
2.269842175091726588e+01
2.284094845611843994e+01
2.298347516131961399e+01
2.312600186652078804e+01
2.326852857172196209e+01
2.341105527692313615e+01
2.355358198212431020e+01
2.369610868732548425e+01
2.383863539252665831e+01
2.398116209772783236e+01
2.412368880292900641e+01
2.426621550813018047e+01
2.440874221333135452e+01
2.455126891853252857e+01
2.469379562373370263e+01
2.483632232893487668e+01
2.497884903413605073e+01
2.512137573933722479e+01
2.526390244453839884e+01
2.540642914973956579e+01
