-5.240694001563644955e-01
-4.284944496353598198e-01
-3.329194991143551996e-01
-2.373445485933505517e-01
-1.417695980723458482e-01
-4.619464755134115169e-02
4.938030296966343380e-02
1.449552534906681234e-01
2.405302040116728268e-01
3.361051545326775303e-01
4.316801050536822060e-01
5.272550555746867706e-01
6.228300060956913908e-01
7.184049566166962331e-01
8.139799071377007422e-01
9.095548576587055845e-01
1.005129808179710205e+00
1.100704758700714825e+00
1.196279709221719445e+00
1.291854659742724065e+00
1.387429610263728907e+00
1.483004560784733306e+00
1.578579511305738148e+00
1.674154461826742990e+00
1.769729412347747388e+00
1.865304362868752008e+00
1.960879313389756851e+00
2.056454263910761693e+00
2.152029214431765869e+00
2.247604164952770933e+00
2.343179115473775553e+00
2.438754065994780174e+00
2.534329016515784794e+00
2.629903967036789858e+00
2.725478917557794034e+00
2.821053868078798654e+00
2.916628818599803719e+00
3.012203769120807895e+00
3.107778719641812959e+00
3.203353670162817579e+00
3.298928620683822199e+00
3.394503571204827264e+00
3.490078521725830996e+00
3.585653472246836060e+00
3.681228422767840680e+00
3.776803373288845744e+00
3.872378323809850365e+00
3.967953274330854985e+00
4.063528224851858717e+00
4.159103175372863781e+00
4.254678125893868845e+00
4.350253076414873910e+00
4.445828026935878086e+00
4.541402977456883150e+00
4.636977927977888214e+00
4.732552878498891502e+00
4.828127829019896566e+00
4.923702779540901631e+00
5.019277730061906695e+00
5.114852680582910871e+00
5.210427631103915935e+00
5.306002581624920111e+00
5.401577532145924287e+00
5.497152482666929352e+00
5.592727433187934416e+00
5.688302383708938592e+00
5.783877334229943656e+00
5.879452284750948721e+00
5.975027235271952897e+00
6.070602185792957073e+00
6.166177136313962137e+00
6.261752086834967201e+00
6.357327037355971378e+00
6.452901987876976442e+00
6.548476938397980618e+00
6.644051888918985682e+00
6.739626839439989858e+00
6.835201789960994923e+00
6.930776740481999987e+00
7.026351691003004163e+00
7.121926641524009227e+00
7.217501592045014291e+00
7.313076542566018468e+00
7.408651493087023532e+00
7.504226443608026820e+00
7.599801394129031884e+00
7.695376344650036060e+00
7.790951295171041124e+00
7.886526245692046189e+00
7.982101196213051253e+00
8.077676146734056317e+00
8.173251097255059605e+00
8.268826047776064669e+00
8.364400998297069734e+00
8.459975948818074798e+00
8.555550899339079862e+00
8.651125849860083150e+00
8.746700800381088214e+00
8.842275750902091502e+00
8.937850701423096567e+00
9.033425651944101631e+00
9.129000602465106695e+00
9.224575552986111759e+00
9.320150503507116824e+00
9.415725454028121888e+00
9.511300404549125176e+00
9.606875355070130240e+00
9.702450305591135304e+00
9.798025256112140369e+00
9.893600206633143657e+00
9.989175157154148721e+00
1.008475010767515379e+01
1.018032505819615707e+01
1.027590000871716214e+01
1.037147495923816720e+01
1.046704990975917227e+01
1.056262486028017733e+01
1.065819981080118239e+01
1.075377476132218746e+01
1.084934971184319075e+01
1.094492466236419581e+01
1.104049961288520088e+01
1.113607456340620416e+01
1.123164951392720923e+01
1.132722446444821429e+01
1.142279941496921936e+01
1.151837436549022264e+01
1.161394931601122771e+01
1.170952426653223277e+01
1.180509921705323784e+01
1.190067416757424290e+01
1.199624911809524797e+01
1.209182406861625125e+01
1.218739901913725632e+01
1.228297396965826138e+01
1.237854892017926467e+01
1.247412387070026973e+01
1.256969882122127480e+01
1.266527377174227986e+01
1.276084872226328315e+01
1.285642367278428821e+01
1.295199862330529328e+01
1.304757357382629834e+01
1.314314852434730341e+01
1.323872347486830847e+01
1.333429842538931354e+01
1.342987337591031682e+01
1.352544832643132189e+01
1.362102327695232518e+01
1.371659822747333024e+01
1.381217317799433530e+01
1.390774812851534037e+01
1.400332307903634543e+01
1.409889802955734872e+01
1.419447298007835379e+01
1.429004793059935885e+01
1.438562288112036391e+01
1.448119783164136898e+01
1.457677278216237404e+01
1.467234773268337733e+01
1.476792268320438239e+01
1.486349763372538568e+01
1.495907258424639252e+01
1.505464753476739581e+01
1.515022248528840265e+01
1.524579743580940594e+01
1.534137238633041278e+01
1.543694733685141429e+01
1.553252228737241758e+01
1.562809723789342442e+01
1.572367218841442771e+01
1.581924713893543455e+01
1.591482208945643784e+01
1.601039703997744468e+01
1.610597199049844619e+01
1.620154694101945481e+01
1.629712189154045632e+01
1.639269684206146138e+01
1.648827179258246645e+01
1.658384674310347151e+01
1.667942169362447657e+01
1.677499664414547809e+01
1.687057159466648670e+01
1.696614654518748821e+01
1.706172149570849328e+01
1.715729644622949834e+01
1.725287139675050341e+01
1.734844634727150847e+01
1.744402129779251354e+01
1.753959624831351860e+01
1.763517119883452366e+01
1.773074614935552518e+01
1.782632109987653024e+01
1.792189605039753530e+01
1.801747100091854037e+01
1.811304595143954543e+01
1.820862090196055050e+01
1.830419585248155556e+01
1.839977080300255707e+01
1.849534575352356569e+01
