0.000000000000000000e+00
3.188655741443301161e-02
6.377311482886602323e-02
9.565967224329903484e-02
1.275462296577320465e-01
1.594327870721650720e-01
1.913193444865980697e-01
2.232059019010310674e-01
2.550924593154640929e-01
2.869790167298971184e-01
3.188655741443301439e-01
3.507521315587631139e-01
3.826386889731961394e-01
4.145252463876291649e-01
4.464118038020621348e-01
4.782983612164951603e-01
5.101849186309281858e-01
5.420714760453612113e-01
5.739580334597942368e-01
6.058445908742272623e-01
6.377311482886602878e-01
6.717546370901062991e-01
7.057781258915521994e-01
7.398016146929982106e-01
7.738251034944442219e-01
8.078485922958902332e-01
8.078485922958902332e-01
8.405372786962830300e-01
8.732259650966758269e-01
9.059146514970686237e-01
9.386033378974614205e-01
9.712920242978542174e-01
1.003980710698247014e+00
1.036669397098639811e+00
1.069358083499032608e+00
1.102046769899425405e+00
1.134735456299818201e+00
1.167424142700210998e+00
1.200112829100604017e+00
1.232801515500996814e+00
1.265490201901389611e+00
1.298178888301782408e+00
1.330867574702175204e+00
1.363556261102568001e+00
1.396244947502960798e+00
1.428933633903353595e+00
1.461622320303746392e+00
1.497250435405973468e+00
1.532878550508200544e+00
1.568506665610427619e+00
1.604134780712654695e+00
1.639762895814881549e+00
1.639762895814881549e+00
1.670894978100969874e+00
1.702027060387058421e+00
1.733159142673146746e+00
1.764291224959235072e+00
1.795423307245323619e+00
1.826555389531411944e+00
1.857687471817500269e+00
1.888819554103588816e+00
1.919951636389677141e+00
1.951083718675765466e+00
1.982215800961853791e+00
2.013347883247942338e+00
2.044479965534030885e+00
2.075612047820118988e+00
2.106744130106207535e+00
2.137876212392296082e+00
2.169008294678384186e+00
2.200140376964472733e+00
2.231272459250560836e+00
2.262404541536649383e+00
2.293536623822737930e+00
2.328209983127430771e+00
2.362883342432123168e+00
2.397556701736816009e+00
2.432230061041508851e+00
2.432230061041508851e+00
2.462598210960016409e+00
2.492966360878523968e+00
2.523334510797031527e+00
2.553702660715539530e+00
2.584070810634047088e+00
2.614438960552554647e+00
2.644807110471062206e+00
2.675175260389569765e+00
2.705543410308077323e+00
2.735911560226584882e+00
2.766279710145092885e+00
2.796647860063600444e+00
2.827016009982108002e+00
2.857384159900615561e+00
2.887752309819123120e+00
2.918120459737631123e+00
2.948488609656138681e+00
2.978856759574646240e+00
3.009224909493153799e+00
3.039593059411661358e+00
3.069961209330168916e+00
