0.000000000000000000e+00
1.985217395103082427e-02
3.970434790206164855e-02
5.955652185309247282e-02
7.940869580412329709e-02
9.926086975515412136e-02
1.191130437061849456e-01
1.389652176572157560e-01
1.588173916082465942e-01
1.786695655592774323e-01
1.985217395103082427e-01
2.183739134613390531e-01
2.381593004409813530e-01
2.579446874206236529e-01
2.777300744002659250e-01
2.975154613799082526e-01
3.173008483595505247e-01
3.370862353391927968e-01
3.568716223188351244e-01
3.766570092984774520e-01
3.964423962781197242e-01
4.162277832577619963e-01
4.360131702374043239e-01
4.557985572170465960e-01
4.755839441966889236e-01
4.755839441966889236e-01
4.948062474047209558e-01
5.140285506127529880e-01
5.332508538207850757e-01
5.524731570288170523e-01
5.716954602368491400e-01
5.909177634448811167e-01
6.101400666529132044e-01
6.293623698609451811e-01
6.485846730689772688e-01
6.678069762770092455e-01
6.870292794850413332e-01
7.062515826930733098e-01
7.254738859011053975e-01
7.446961891091374852e-01
7.639184923171694619e-01
7.831407955252014386e-01
8.027953571632815422e-01
8.224499188013615347e-01
8.421044804394415273e-01
8.617590420775216309e-01
8.814136037156017345e-01
9.010681653536817270e-01
9.207227269917617196e-01
9.403772886298418232e-01
9.600318502679219268e-01
9.796864119060019194e-01
9.796864119060019194e-01
9.982003660126933520e-01
1.016714320119384674e+00
1.035228274226076106e+00
1.053742228332767539e+00
1.072256182439458971e+00
1.090770136546150404e+00
1.109284090652841837e+00
1.127798044759533269e+00
1.146311998866224702e+00
1.164825952972916134e+00
1.183339907079607567e+00
1.201853861186299000e+00
1.220367815292990432e+00
1.238881769399681865e+00
1.256692279578329297e+00
1.274502789756976506e+00
1.292313299935623938e+00
1.310123810114271148e+00
1.327934320292918580e+00
1.345744830471565789e+00
1.363555340650213221e+00
1.381365850828860431e+00
1.399176361007507863e+00
1.416986871186155295e+00
1.434797381364802504e+00
1.452607891543449936e+00
1.470418401722097146e+00
1.488228911900744578e+00
1.506039422079391787e+00
1.523849932258039219e+00
1.523849932258039219e+00
1.542652562422132556e+00
1.561455192586225893e+00
1.580257822750319008e+00
1.599060452914412345e+00
1.617863083078505682e+00
1.636665713242599018e+00
1.655468343406692355e+00
1.674270973570785692e+00
1.693073603734879029e+00
1.711876233898972144e+00
1.730678864063065481e+00
1.749481494227158818e+00
1.768284124391252154e+00
1.787086754555345269e+00
1.805889384719438606e+00
1.824692014883531943e+00
