-8.144850139574085768e-01
-6.799847425241204446e-01
-5.454844710908323124e-01
-4.109841996575441803e-01
-2.764839282242560481e-01
-1.419836567909679159e-01
-7.483385357679781143e-03
1.270168860756083484e-01
2.615171575088964806e-01
3.960174289421845573e-01
5.305177003754727449e-01
6.650179718087609881e-01
7.995182432420490093e-01
9.340185146753371415e-01
1.068518786108625385e+00
1.203019057541913517e+00
1.337519328975201649e+00
1.472019600408489559e+00
1.606519871841777691e+00
1.741020143275066046e+00
1.875520414708354178e+00
2.010020686141642088e+00
2.144520957574930442e+00
2.279021229008218796e+00
2.413521500441506706e+00
2.548021771874794617e+00
2.682522043308082971e+00
2.817022314741371325e+00
2.951522586174659235e+00
3.086022857607947589e+00
3.220523129041235944e+00
3.355023400474523854e+00
3.489523671907811764e+00
3.624023943341099674e+00
3.758524214774388028e+00
3.893024486207676382e+00
4.027524757640964737e+00
4.162025029074252203e+00
4.296525300507540557e+00
4.431025571940828911e+00
4.565525843374116377e+00
4.700026114807404731e+00
4.834526386240692197e+00
4.969026657673980552e+00
5.103526929107270682e+00
5.238027200540558148e+00
5.372527471973846502e+00
5.507027743407134857e+00
5.641528014840422323e+00
5.776028286273710677e+00
5.910528557706998143e+00
6.045028829140286497e+00
6.179529100573574851e+00
6.314029372006862317e+00
6.448529643440150672e+00
6.583029914873439026e+00
6.717530186306726492e+00
6.852030457740016622e+00
6.986530729173304088e+00
7.121031000606592443e+00
7.255531272039880797e+00
7.390031543473168263e+00
7.524531814906456617e+00
7.659032086339744971e+00
7.793532357773032437e+00
7.928032629206320792e+00
8.062532900639608258e+00
8.197033172072897500e+00
8.331533443506184966e+00
8.466033714939472432e+00
8.600533986372761674e+00
8.735034257806049141e+00
8.869534529239336607e+00
9.004034800672625849e+00
9.138535072105915091e+00
9.273035343539202557e+00
9.407535614972490023e+00
9.542035886405779266e+00
9.676536157839066732e+00
9.811036429272354198e+00
9.945536700705643440e+00
1.008003697213893091e+01
1.021453724357221837e+01
1.034903751500550761e+01
1.048353778643879508e+01
1.061803805787208255e+01
1.075253832930537179e+01
1.088703860073865926e+01
1.102153887217194850e+01
1.115603914360523774e+01
1.129053941503852521e+01
1.142503968647181267e+01
1.155953995790510191e+01
1.169404022933838938e+01
1.182854050077167685e+01
1.196304077220496431e+01
1.209754104363825356e+01
1.223204131507154102e+01
1.236654158650482849e+01
1.250104185793811773e+01
1.263554212937140520e+01
1.277004240080469266e+01
1.290454267223798190e+01
1.303904294367126937e+01
1.317354321510455684e+01
1.330804348653784785e+01
1.344254375797113532e+01
1.357704402940442279e+01
1.371154430083771203e+01
1.384604457227099950e+01
1.398054484370428696e+01
1.411504511513757620e+01
1.424954538657086367e+01
1.438404565800415291e+01
1.451854592943744038e+01
1.465304620087072962e+01
1.478754647230401709e+01
1.492204674373730455e+01
1.505654701517059380e+01
1.519104728660388126e+01
1.532554755803716873e+01
1.546004782947045797e+01
1.559454810090374544e+01
1.572904837233703290e+01
1.586354864377032214e+01
1.599804891520360961e+01
1.613254918663689708e+01
1.626704945807018632e+01
1.640154972950347201e+01
1.653605000093676125e+01
1.667055027237005049e+01
1.680505054380333618e+01
1.693955081523662543e+01
1.707405108666991467e+01
1.720855135810320036e+01
1.734305162953648960e+01
1.747755190096977884e+01
1.761205217240306453e+01
1.774655244383635377e+01
1.788105271526964302e+01
1.801555298670292871e+01
1.815005325813621795e+01
1.828455352956950719e+01
1.841905380100279288e+01
1.855355407243608212e+01
1.868805434386937492e+01
1.882255461530266061e+01
1.895705488673594985e+01
1.909155515816923909e+01
1.922605542960252478e+01
1.936055570103581402e+01
1.949505597246910327e+01
1.962955624390238896e+01
1.976405651533567820e+01
1.989855678676896744e+01
2.003305705820225313e+01
2.016755732963554237e+01
2.030205760106883162e+01
2.043655787250211731e+01
2.057105814393540655e+01
2.070555841536869579e+01
2.084005868680198148e+01
2.097455895823527072e+01
2.110905922966855996e+01
2.124355950110184565e+01
2.137805977253513490e+01
2.151256004396842059e+01
2.164706031540170983e+01
2.178156058683499907e+01
2.191606085826828476e+01
2.205056112970157400e+01
2.218506140113486325e+01
2.231956167256814894e+01
2.245406194400143818e+01
2.258856221543472742e+01
2.272306248686801311e+01
2.285756275830130591e+01
2.299206302973459515e+01
2.312656330116788084e+01
2.326106357260117008e+01
2.339556384403445932e+01
2.353006411546774501e+01
2.366456438690103425e+01
2.379906465833432350e+01
2.393356492976760919e+01
2.406806520120089843e+01
2.420256547263418767e+01
2.433706574406747336e+01
2.447156601550076260e+01
2.460606628693405185e+01
2.474056655836733754e+01
2.487506682980062678e+01
2.500956710123391602e+01
2.514406737266720171e+01
2.527856764410049095e+01
2.541306791553378019e+01
2.554756818696706588e+01
2.568206845840035513e+01
2.581656872983364437e+01
2.595106900126693006e+01
