0.000000000000000000e+00
7.452993836635246616e-02
1.490598767327049323e-01
2.235898150990573985e-01
2.981197534654098646e-01
3.726496918317623308e-01
4.471796301981147970e-01
5.217095685644672631e-01
5.962395069308197293e-01
6.686103184971368130e-01
7.409811300634538966e-01
8.133519416297708693e-01
8.857227531960879530e-01
9.580935647624050366e-01
1.030464376328722009e+00
1.102835187895039093e+00
1.175205999461356177e+00
1.247576811027673260e+00
1.319947622593990122e+00
1.431990408830249972e+00
1.544033195066509823e+00
1.613666657003576921e+00
1.683300118940644019e+00
1.752933580877711117e+00
1.822567042814778215e+00
1.892200504751845314e+00
1.961833966688912412e+00
2.031467428625979288e+00
2.101100890563046608e+00
2.170734352500113484e+00
2.240367814437180805e+00
2.310001276374247681e+00
2.379634738311314557e+00
2.449268200248381877e+00
2.523963391072554963e+00
2.598658581896728492e+00
2.673353772720901578e+00
2.741022744577846115e+00
2.808691716434791097e+00
2.876360688291735634e+00
2.944029660148680172e+00
3.011698632005624710e+00
3.079367603862569691e+00
3.144027247089846266e+00
3.208686890317122842e+00
3.273346533544399417e+00
3.338006176771675992e+00
3.402665819998952568e+00
3.467325463226229143e+00
3.531985106453505718e+00
3.596644749680782294e+00
3.661304392908058869e+00
3.725964036135335444e+00
3.790623679362612020e+00
3.855283322589888595e+00
3.919942965817165170e+00
3.984602609044441746e+00
4.052271580901386727e+00
4.119940552758331265e+00
4.187609524615275802e+00
4.255278496472220340e+00
4.322947468329164877e+00
4.390616440186109415e+00
4.390616440186109415e+00
4.456408087064579249e+00
4.522199733943049083e+00
4.587991380821519805e+00
4.653783027699989638e+00
4.719574674578459472e+00
4.785366321456929306e+00
4.851157968335400028e+00
4.916949615213869862e+00
4.982741262092339696e+00
5.048532908970809530e+00
5.114324555849280252e+00
5.180573389952704666e+00
5.246822224056129080e+00
5.313071058159553495e+00
5.379319892262977909e+00
5.445568726366402323e+00
5.511817560469826738e+00
5.578066394573251152e+00
5.644315228676675567e+00
5.710564062780099981e+00
5.710564062780099981e+00
5.770913063125558295e+00
5.831262063471016610e+00
5.891611063816474037e+00
5.951960064161932351e+00
6.012309064507390666e+00
6.072658064852848980e+00
6.133007065198307295e+00
6.193356065543764721e+00
6.253705065889223036e+00
6.314054066234681351e+00
6.374403066580139665e+00
6.434752066925597092e+00
6.495101067271055406e+00
6.555450067616513721e+00
6.615799067961972035e+00
