-4.019695230587514878e+00
-3.895935116694938305e+00
-3.772175002802360844e+00
-3.648414888909784715e+00
-3.524654775017207697e+00
-3.400894661124630680e+00
-3.277134547232054107e+00
-3.153374433339477090e+00
-3.029614319446900517e+00
-2.905854205554323499e+00
-2.782094091661746926e+00
-2.658333977769169909e+00
-2.534573863876593336e+00
-2.410813749984016763e+00
-2.287053636091439746e+00
-2.163293522198863172e+00
-2.039533408306286155e+00
-1.915773294413709360e+00
-1.792013180521132565e+00
-1.668253066628556214e+00
-1.544492952735979197e+00
-1.420732838843402401e+00
-1.296972724950825606e+00
-1.173212611058248589e+00
-1.049452497165671794e+00
-9.256923832730954427e-01
-8.019322693805185365e-01
-6.781721554879417413e-01
-5.544120415953648351e-01
-4.306519277027879844e-01
-3.068918138102115778e-01
-1.831316999176342830e-01
-5.937158602505784866e-02
6.438852786751858570e-02
1.881486417600958527e-01
3.119087556526722871e-01
4.356688695452495819e-01
5.594289834378259885e-01
6.831890973304024506e-01
8.069492112229796899e-01
9.307093251155561520e-01
1.054469439008133502e+00
1.178229552900709853e+00
1.301989666793286204e+00
1.425749780685863666e+00
1.549509894578440017e+00
1.673270008471017256e+00
1.797030122363593607e+00
1.920790236256171069e+00
2.044550350148747420e+00
2.168310464041323993e+00
2.292070577933901010e+00
2.415830691826477583e+00
2.539590805719055044e+00
2.663350919611631173e+00
2.787111033504207747e+00
2.910871147396784764e+00
3.034631261289361337e+00
3.158391375181938798e+00
3.282151489074514927e+00
3.405911602967091500e+00
3.529671716859668962e+00
3.653431830752245979e+00
3.777191944644821664e+00
3.900952058537399125e+00
4.024712172429976142e+00
4.148472286322552272e+00
4.272232400215129289e+00
4.395992514107706306e+00
4.519752628000283323e+00
4.643512741892859452e+00
4.767272855785436469e+00
4.891032969678013487e+00
5.014793083570589616e+00
5.138553197463166633e+00
5.262313311355743650e+00
5.386073425248319779e+00
5.509833539140896796e+00
5.633593653033473814e+00
5.757353766926051719e+00
5.881113880818626960e+00
6.004873994711203977e+00
6.128634108603781883e+00
6.252394222496357123e+00
6.376154336388934141e+00
6.499914450281512046e+00
6.623674564174087287e+00
6.747434678066664304e+00
6.871194791959242210e+00
6.994954905851819227e+00
7.118715019744394468e+00
7.242475133636971485e+00
7.366235247529549390e+00
7.489995361422124631e+00
7.613755475314701648e+00
7.737515589207280442e+00
7.861275703099855683e+00
7.985035816992430924e+00
8.108795930885010605e+00
8.232556044777586735e+00
8.356316158670161087e+00
8.480076272562740769e+00
8.603836386455316898e+00
8.727596500347891251e+00
8.851356614240470932e+00
8.975116728133047062e+00
9.098876842025624967e+00
9.222636955918201096e+00
9.346397069810775449e+00
9.470157183703355130e+00
9.593917297595931259e+00
9.717677411488505612e+00
9.841437525381085294e+00
9.965197639273661423e+00
1.008895775316623578e+01
1.021271786705881546e+01
1.033647798095139159e+01
1.046023809484396594e+01
1.058399820873654562e+01
1.070775832262912175e+01
1.083151843652169610e+01
1.095527855041427578e+01
1.107903866430685191e+01
1.120279877819942627e+01
1.132655889209200595e+01
1.145031900598458208e+01
1.157407911987715643e+01
1.169783923376973611e+01
1.182159934766231224e+01
1.194535946155488659e+01
1.206911957544746627e+01
1.219287968934004240e+01
1.231663980323261676e+01
1.244039991712519644e+01
1.256416003101777257e+01
1.268792014491034692e+01
1.281168025880292660e+01
1.293544037269550273e+01
1.305920048658808064e+01
1.318296060048065677e+01
1.330672071437323289e+01
1.343048082826581080e+01
1.355424094215838693e+01
1.367800105605096306e+01
1.380176116994354096e+01
1.392552128383611709e+01
1.404928139772869322e+01
1.417304151162127113e+01
1.429680162551384726e+01
1.442056173940642338e+01
1.454432185329900129e+01
1.466808196719157742e+01
1.479184208108415355e+01
1.491560219497673145e+01
1.503936230886930758e+01
1.516312242276188371e+01
1.528688253665446162e+01
1.541064265054703775e+01
1.553440276443961565e+01
1.565816287833219178e+01
1.578192299222476791e+01
1.590568310611734582e+01
1.602944322000992372e+01
1.615320333390249630e+01
1.627696344779507598e+01
1.640072356168765211e+01
1.652448367558022824e+01
1.664824378947280792e+01
1.677200390336538405e+01
1.689576401725795662e+01
1.701952413115053631e+01
1.714328424504311243e+01
1.726704435893568856e+01
1.739080447282826825e+01
1.751456458672084437e+01
1.763832470061342050e+01
1.776208481450599663e+01
1.788584492839857276e+01
1.800960504229115244e+01
1.813336515618372857e+01
1.825712527007630470e+01
1.838088538396888083e+01
1.850464549786145696e+01
1.862840561175403309e+01
1.875216572564661277e+01
1.887592583953918890e+01
1.899968595343176503e+01
1.912344606732434116e+01
1.924720618121691729e+01
1.937096629510949342e+01
1.949472640900207310e+01
1.961848652289464923e+01
1.974224663678722536e+01
1.986600675067980148e+01
1.998976686457237761e+01
2.011352697846495730e+01
2.023728709235753342e+01
2.036104720625010955e+01
2.048480732014268568e+01
2.060856743403526181e+01
