-5.621635286262592901e-01
-5.419875585060163203e-01
-5.218115883857732396e-01
-5.016356182655301588e-01
-4.814596481452872445e-01
-4.612836780250441637e-01
-4.411077079048011385e-01
-4.209317377845580577e-01
-4.007557676643150324e-01
-3.805797975440720071e-01
-3.604038274238289818e-01
-3.402278573035859566e-01
-3.200518871833429313e-01
-2.998759170630998505e-01
-2.796999469428568252e-01
-2.595239768226138000e-01
-2.393480067023707747e-01
-2.191720365821277217e-01
-1.989960664618847241e-01
-1.788200963416416711e-01
-1.586441262213986181e-01
-1.384681561011556206e-01
-1.182921859809125675e-01
-9.811621586066952838e-02
-7.794024574042653086e-02
-5.776427562018347089e-02
-3.758830549994042480e-02
-1.741233537969737177e-02
2.763634740545679955e-03
2.293960486078862673e-02
4.311557498103167629e-02
6.329154510127472932e-02
8.346751522151778235e-02
1.036434853417608354e-01
1.238194554620038745e-01
1.439954255822469276e-01
1.641713957024898696e-01
1.843473658227329226e-01
2.045233359429759756e-01
2.246993060632190287e-01
2.448752761834620817e-01
2.650512463037051347e-01
2.852272164239481045e-01
3.054031865441911298e-01
3.255791566644341550e-01
3.457551267846772358e-01
3.659310969049202611e-01
3.861070670251633419e-01
4.062830371454062561e-01
4.264590072656494479e-01
4.466349773858923622e-01
4.668109475061355540e-01
4.869869176263784682e-01
5.071628877466214380e-01
5.273388578668646298e-01
5.475148279871074886e-01
5.676907981073506804e-01
5.878667682275936501e-01
6.080427383478366199e-01
6.282187084680797007e-01
6.483946785883226704e-01
6.685706487085658623e-01
6.887466188288088320e-01
7.089225889490519128e-01
7.290985590692948826e-01
7.492745291895378523e-01
7.694504993097810441e-01
7.896264694300239029e-01
8.098024395502670947e-01
8.299784096705100644e-01
8.501543797907531452e-01
8.703303499109961150e-01
8.905063200312390848e-01
9.106822901514822766e-01
9.308582602717251353e-01
9.510342303919682161e-01
9.712102005122114079e-01
9.913861706324541556e-01
1.011562140752697347e+00
1.031738110872940428e+00
1.051914080993183509e+00
1.072090051113426368e+00
1.092266021233669449e+00
1.112441991353912751e+00
1.132617961474155388e+00
1.152793931594398469e+00
1.172969901714641772e+00
1.193145871834884852e+00
1.213321841955127489e+00
1.233497812075370792e+00
1.253673782195613873e+00
1.273849752315856731e+00
1.294025722436099812e+00
1.314201692556342893e+00
1.334377662676586196e+00
1.354553632796829277e+00
1.374729602917071913e+00
1.394905573037315216e+00
1.415081543157558297e+00
1.435257513277801156e+00
1.455433483398044237e+00
1.475609453518287317e+00
1.495785423638530620e+00
1.515961393758773257e+00
1.536137363879016338e+00
1.556313333999259640e+00
1.576489304119502277e+00
1.596665274239745358e+00
1.616841244359988661e+00
1.637017214480231297e+00
1.657193184600474600e+00
1.677369154720717681e+00
1.697545124840960762e+00
1.717721094961203621e+00
1.737897065081446701e+00
1.758073035201689782e+00
1.778249005321932641e+00
1.798424975442175722e+00
1.818600945562418802e+00
1.838776915682662105e+00
1.858952885802904742e+00
1.879128855923148045e+00
1.899304826043391126e+00
1.919480796163633762e+00
1.939656766283877065e+00
1.959832736404120146e+00
1.980008706524363227e+00
2.000184676644606085e+00
2.020360646764849388e+00
2.040536616885092247e+00
2.060712587005335106e+00
2.080888557125578409e+00
2.101064527245821267e+00
2.121240497366064570e+00
2.141416467486307429e+00
2.161592437606550288e+00
2.181768407726793590e+00
2.201944377847036449e+00
2.222120347967279308e+00
2.242296318087522611e+00
2.262472288207765914e+00
2.282648258328008772e+00
2.302824228448251631e+00
2.323000198568494934e+00
2.343176168688737793e+00
2.363352138808980651e+00
2.383528108929223954e+00
2.403704079049467257e+00
2.423880049169709672e+00
2.444056019289952975e+00
2.464231989410196277e+00
2.484407959530438692e+00
2.504583929650681995e+00
2.524759899770925298e+00
2.544935869891167712e+00
2.565111840011411015e+00
2.585287810131654318e+00
2.605463780251897177e+00
2.625639750372140035e+00
2.645815720492383338e+00
2.665991690612626641e+00
2.686167660732869056e+00
2.706343630853112359e+00
2.726519600973355661e+00
2.746695571093598520e+00
2.766871541213841379e+00
2.787047511334084682e+00
2.807223481454327541e+00
2.827399451574570399e+00
2.847575421694813702e+00
2.867751391815056561e+00
2.887927361935299864e+00
2.908103332055542722e+00
2.928279302175785581e+00
2.948455272296028884e+00
2.968631242416271743e+00
2.988807212536514601e+00
3.008983182656757904e+00
3.029159152777001207e+00
3.049335122897244066e+00
3.069511093017486925e+00
3.089687063137730227e+00
3.109863033257973086e+00
3.130039003378215945e+00
3.150214973498459248e+00
3.170390943618702551e+00
3.190566913738944965e+00
3.210742883859188268e+00
3.230918853979431571e+00
3.251094824099674430e+00
3.271270794219917732e+00
3.291446764340160147e+00
3.311622734460403006e+00
3.331798704580646309e+00
3.351974674700889612e+00
3.372150644821132470e+00
3.392326614941375773e+00
3.412502585061619076e+00
3.432678555181861491e+00
3.452854525302103905e+00
