-1.451898811355107455e+00
-1.323179662226771747e+00
-1.194460513098436039e+00
-1.065741363970100108e+00
-9.370222148417645114e-01
-8.083030657134288033e-01
-6.795839165850930952e-01
-5.508647674567572761e-01
-4.221456183284216235e-01
-2.934264692000859709e-01
-1.647073200717503183e-01
-3.598817094341443673e-02
9.273097818492122280e-02
2.214501273132568893e-01
3.501692764415927361e-01
4.788884255699282222e-01
6.076075746982640968e-01
7.363267238265999159e-01
8.650458729549354020e-01
9.937650220832712211e-01
1.122484171211606707e+00
1.251203320339942637e+00
1.379922469468278567e+00
1.508641618596613831e+00
1.637360767724949762e+00
1.766079916853285692e+00
1.894799065981621178e+00
2.023518215109957108e+00
2.152237364238292816e+00
2.280956513366628524e+00
2.409675662494963788e+00
2.538394811623299496e+00
2.667113960751635648e+00
2.795833109879971357e+00
2.924552259008307065e+00
3.053271408136642329e+00
3.181990557264978037e+00
3.310709706393314189e+00
3.439428855521649897e+00
3.568148004649985605e+00
3.696867153778320869e+00
3.825586302906656133e+00
3.954305452034992285e+00
4.083024601163327993e+00
4.211743750291663702e+00
4.340462899419999410e+00
4.469182048548336006e+00
4.597901197676671714e+00
4.726620346805007422e+00
4.855339495933343130e+00
4.984058645061678838e+00
5.112777794190013658e+00
5.241496943318349366e+00
5.370216092446685074e+00
5.498935241575020783e+00
5.627654390703356491e+00
5.756373539831693087e+00
5.885092688960028795e+00
6.013811838088364503e+00
6.142530987216698435e+00
6.271250136345034143e+00
6.399969285473370739e+00
6.528688434601706447e+00
6.657407583730042155e+00
6.786126732858377864e+00
6.914845881986713572e+00
7.043565031115049280e+00
7.172284180243385876e+00
7.301003329371721584e+00
7.429722478500057292e+00
7.558441627628391224e+00
7.687160776756726932e+00
7.815879925885063528e+00
7.944599075013399236e+00
8.073318224141734945e+00
8.202037373270071541e+00
8.330756522398406361e+00
8.459475671526742957e+00
8.588194820655077777e+00
8.716913969783414373e+00
8.845633118911749193e+00
8.974352268040084013e+00
9.103071417168420609e+00
9.231790566296755429e+00
9.360509715425092025e+00
9.489228864553428622e+00
9.617948013681763442e+00
9.746667162810100038e+00
9.875386311938434858e+00
1.000410546106677145e+01
1.013282461019510805e+01
1.026154375932344109e+01
1.039026290845177769e+01
1.051898205758011251e+01
1.064770120670844911e+01
1.077642035583678570e+01
1.090513950496512052e+01
1.103385865409345712e+01
1.116257780322179194e+01
1.129129695235012854e+01
1.142001610147846513e+01
1.154873525060679995e+01
1.167745439973513477e+01
1.180617354886346959e+01
1.193489269799180619e+01
1.206361184712014278e+01
1.219233099624847760e+01
1.232105014537681420e+01
1.244976929450514902e+01
1.257848844363348562e+01
1.270720759276182044e+01
1.283592674189015703e+01
1.296464589101849363e+01
1.309336504014682667e+01
1.322208418927516327e+01
1.335080333840349986e+01
1.347952248753183468e+01
1.360824163666017128e+01
1.373696078578850432e+01
1.386567993491684270e+01
1.399439908404517752e+01
1.412311823317351411e+01
1.425183738230184893e+01
1.438055653143018553e+01
1.450927568055852035e+01
1.463799482968685695e+01
1.476671397881519177e+01
1.489543312794353014e+01
1.502415227707186318e+01
1.515287142620019978e+01
1.528159057532853637e+01
1.541030972445687119e+01
1.553902887358520957e+01
1.566774802271354261e+01
1.579646717184188098e+01
1.592518632097021403e+01
1.605390547009855240e+01
1.618262461922688544e+01
1.631134376835522559e+01
1.644006291748355864e+01
1.656878206661189168e+01
1.669750121574022828e+01
1.682622036486856487e+01
1.695493951399690147e+01
1.708365866312523451e+01
1.721237781225357466e+01
1.734109696138190770e+01
1.746981611051024430e+01
1.759853525963858090e+01
1.772725440876691749e+01
1.785597355789525054e+01
1.798469270702358358e+01
1.811341185615192373e+01
1.824213100528025677e+01
1.837085015440859337e+01
1.849956930353692997e+01
1.862828845266526656e+01
1.875700760179359960e+01
1.888572675092193975e+01
1.901444590005027280e+01
1.914316504917860584e+01
1.927188419830694244e+01
1.940060334743527903e+01
1.952932249656361563e+01
1.965804164569194867e+01
1.978676079482028882e+01
1.991547994394862187e+01
2.004419909307695846e+01
2.017291824220529506e+01
2.030163739133363165e+01
2.043035654046196470e+01
2.055907568959029774e+01
2.068779483871863789e+01
2.081651398784697093e+01
2.094523313697530753e+01
2.107395228610364413e+01
2.120267143523198072e+01
2.133139058436031377e+01
2.146010973348865392e+01
2.158882888261698696e+01
2.171754803174532356e+01
2.184626718087365660e+01
2.197498633000199320e+01
2.210370547913032979e+01
2.223242462825866284e+01
2.236114377738700298e+01
2.248986292651533603e+01
2.261858207564367262e+01
2.274730122477200922e+01
2.287602037390034582e+01
2.300473952302867886e+01
2.313345867215701546e+01
2.326217782128535205e+01
2.339089697041368510e+01
2.351961611954202169e+01
2.364833526867035829e+01
2.377705441779869489e+01
2.390577356692702793e+01
2.403449271605536453e+01
2.416321186518370112e+01
