0.000000000000000000e+00
4.490732071746385279e-02
8.981464143492770558e-02
1.347219621523915722e-01
1.796292828698554112e-01
2.245366035873192501e-01
2.694439243047831445e-01
3.143512450222469834e-01
3.592585657397108223e-01
4.041658864571746612e-01
4.490732071746385001e-01
4.939805278921023945e-01
5.388878486095662890e-01
5.837951693270301279e-01
6.287024900444939668e-01
6.736098107619578057e-01
7.185171314794216446e-01
7.634244521968854835e-01
8.083317729143493224e-01
8.532390936318131613e-01
9.043288260373784082e-01
9.554185584429435441e-01
1.006508290848508791e+00
1.006508290848508791e+00
1.051754559252177978e+00
1.097000827655846944e+00
1.142247096059516132e+00
1.187493364463185319e+00
1.232739632866854507e+00
1.277985901270523694e+00
1.323232169674192660e+00
1.368478438077861847e+00
1.413724706481531035e+00
1.458970974885200000e+00
1.504217243288869188e+00
1.549463511692538376e+00
1.594709780096207563e+00
1.639956048499876751e+00
1.685202316903545716e+00
1.730448585307214904e+00
1.775694853710884091e+00
1.820941122114553057e+00
1.866187390518222244e+00
1.911917006416963050e+00
1.957646622315703633e+00
2.003376238214444438e+00
2.049105854113185021e+00
2.094835470011926049e+00
2.140565085910666632e+00
2.186294701809407215e+00
2.232024317708147798e+00
2.277753933606888825e+00
2.323483549505629409e+00
2.369213165404370436e+00
2.414942781303111019e+00
2.460672397201851602e+00
2.460672397201851602e+00
2.504848390847813189e+00
2.549024384493774775e+00
2.593200378139736806e+00
2.637376371785698392e+00
2.681552365431659979e+00
2.725728359077622009e+00
2.769904352723583596e+00
2.814080346369545182e+00
2.858256340015506769e+00
2.902432333661468356e+00
2.946608327307430386e+00
2.990784320953391973e+00
3.034960314599353559e+00
3.079136308245315590e+00
3.122297291923227469e+00
3.165458275601139349e+00
3.208619259279051228e+00
3.251780242956963107e+00
3.294941226634874987e+00
3.338102210312786866e+00
3.381263193990698745e+00
3.424424177668610181e+00
3.467585161346522060e+00
3.510746145024433940e+00
3.553907128702345819e+00
3.597068112380257698e+00
3.640229096058169578e+00
3.683390079736081457e+00
3.683390079736081457e+00
3.727522739396415652e+00
3.771655399056749847e+00
3.815788058717084041e+00
3.859920718377418236e+00
3.904053378037752431e+00
3.948186037698086626e+00
3.992318697358420820e+00
4.036451357018755459e+00
4.080584016679089210e+00
4.124716676339422960e+00
4.168849335999757599e+00
4.212981995660092238e+00
4.257114655320425989e+00
4.301247314980759739e+00
