-3.267422277717418873e-07 -1.955697022347050223e-07 -1.633723794076281278e-08 6.093891833932182145e+00 7.064033514586161466e+00 7.065619518791327103e+00 9.500244110132779696e+00 1.247681410422811332e+01 1.249836377753785754e+01 1.249876832924606518e+01 1.267865897477707726e+01 1.267933461665264794e+01
3.203549115877959985e-01 7.246461667256212102e-01 9.176761497494518860e-01 6.116353109111767772e+00 6.974831726126692999e+00 7.151196334723935344e+00 9.484558770155105734e+00 1.240977983235521620e+01 1.244429566894457828e+01 1.247632328900426124e+01 1.289893924746014520e+01 1.296853666097628022e+01
6.549592409824608330e-01 1.434619154815105935e+00 1.821610160839354231e+00 6.181761740552309092e+00 6.819129423781002508e+00 7.402945072279108807e+00 9.438357341985710747e+00 1.234863479295955990e+01 1.239262382469467028e+01 1.252984272730855508e+01 1.325919864105809509e+01 1.360054540225159414e+01
1.007112132389177850e+00 2.117664091042206209e+00 2.700783744898538341e+00 6.284781922941742316e+00 6.786036398660730384e+00 7.777382072630493859e+00 9.364010880179234775e+00 1.219511939698391245e+01 1.246898709507067693e+01 1.265064633103657421e+01 1.359494223487723374e+01 1.438869184531056256e+01
1.366814454543916035e+00 2.765814952060539511e+00 3.547571721122886323e+00 6.418257090300387269e+00 6.958937170260829141e+00 8.181706991196394441e+00 9.264888282586074553e+00 1.199134945594089174e+01 1.258103319102080953e+01 1.282353013608078562e+01 1.380208476664051531e+01 1.520231549683463435e+01
1.716231102541512010e+00 3.376120807936574764e+00 4.356096227963293543e+00 6.575100194847894208e+00 7.292391976670974607e+00 8.529910678426066539e+00 9.144689416785048763e+00 1.174581041229867928e+01 1.267223005885258402e+01 1.301344296786352217e+01 1.382012351801429695e+01 1.596143690384163882e+01
2.037400176348778125e+00 3.949672200071894679e+00 5.120019731260499363e+00 6.749772835998096632e+00 7.675304587424264469e+00 8.797203405700757983e+00 9.006912087743682349e+00 1.146670436385657865e+01 1.269687951365475520e+01 1.314131906564896646e+01 1.367220362961319502e+01 1.660770271777563423e+01
2.317455391060564196e+00 4.488661855297448433e+00 5.830826552987714351e+00 6.938661295839688492e+00 8.000103820505392704e+00 8.854797740450418786e+00 9.014264869319287499e+00 1.116182614223049718e+01 1.253572579513409657e+01 1.308880777645294380e+01 1.357734120492848540e+01 1.708556369166859312e+01
2.549532642967879958e+00 4.991739540565567346e+00 6.476336217258624295e+00 7.138871156363979509e+00 8.220662871214848622e+00 8.692133218420870833e+00 9.209422215299825965e+00 1.084025602000633093e+01 1.201263721501426218e+01 1.298135737426693659e+01 1.365833323817726530e+01 1.735077026101322062e+01
2.730666621478727851e+00 5.448397565091656958e+00 7.039003497130723375e+00 7.344974961430797755e+00 8.366605911339568991e+00 8.525375031691215355e+00 9.367260145912988278e+00 1.051649852095113857e+01 1.127006302903821044e+01 1.291127996380706833e+01 1.382043720927454267e+01 1.739238822561029707e+01
2.859451026814278762e+00 5.833308831672614936e+00 7.493843663900438656e+00 7.542643042495734029e+00 8.367859306892283300e+00 8.478716412357842458e+00 9.462086538043344319e+00 1.021757789822625284e+01 1.052545552664089534e+01 1.285770887177883992e+01 1.403628951158313320e+01 1.725321932965808003e+01
2.935630745045989975e+00 6.102613463871255028e+00 7.698770717886432635e+00 7.804817969527034549e+00 8.245942846097550571e+00 8.561438934706449899e+00 9.489197383720728851e+00 9.973284461417415869e+00 9.991738088289004338e+00 1.282386977994594091e+01 1.425259388880618339e+01 1.704605218624786644e+01
2.960630806656215697e+00 6.201829818217474255e+00 7.761082067434617038e+00 7.920018374616586421e+00 8.198029519059570447e+00 8.593772932002817555e+00 9.476259756887662533e+00 9.778820649077999860e+00 9.904444780629534151e+00 1.281258700775081749e+01 1.435161384223525616e+01 1.694300797986407758e+01
3.072371861081270694e+00 6.232585793683775854e+00 7.780141444234231152e+00 7.912559149393822544e+00 8.182015971490280037e+00 8.589505894539984254e+00 9.493639330261380849e+00 9.878078024711886229e+00 9.909399347073627240e+00 1.284023049398674488e+01 1.433441725084738927e+01 1.687806662637162347e+01
3.371569012143877497e+00 6.322974822361631553e+00 7.837548480090760883e+00 7.893953829590200755e+00 8.133886694765507741e+00 8.614971179857308314e+00 9.515193439045903645e+00 9.799533501058739660e+00 1.026526725070264767e+01 1.292181149709261945e+01 1.428818415793523933e+01 1.668587935481564344e+01
3.776457913860124194e+00 6.467458554214639221e+00 7.875577594296456319e+00 7.934047530823613137e+00 8.053329347598868537e+00 8.671241942095361921e+00 9.574548072639784024e+00 9.670543218429530796e+00 1.073049628254528010e+01 1.305384542030368955e+01 1.422948207610880544e+01 1.637450718069925770e+01
4.198599891107631876e+00 6.657149805424125155e+00 7.877355963711979214e+00 7.939374461905127411e+00 8.071128117283189241e+00 8.680918284973950350e+00 9.494220678242117017e+00 9.723544759159235440e+00 1.120519652012102441e+01 1.323516953789787287e+01 1.418557120864799970e+01 1.595793799150253633e+01
4.558429502320968218e+00 6.880435905895049942e+00 7.790744271039799607e+00 7.927014914678761848e+00 8.250360608041413357e+00 8.601624235131504648e+00 9.275418156071610909e+00 9.931279833062642837e+00 1.160456594512506179e+01 1.348325809714355294e+01 1.418431710722503425e+01 1.545711037376791452e+01
4.793016396256073008e+00 7.124168166734667018e+00 7.604391928663003952e+00 8.050226455459871033e+00 8.449658097570917903e+00 8.473682240474419203e+00 9.021184871646651615e+00 1.010506493328956701e+01 1.184808613110426911e+01 1.384237590827006947e+01 1.422775153308664819e+01 1.490197026080068099e+01
4.871771495759238846e+00 7.375609437000633761e+00 7.375814240092227969e+00 8.243472542647751311e+00 8.249665139929813762e+00 8.740924668106931250e+00 8.741522810808447730e+00 1.017320894674584864e+01 1.191748266846735937e+01 1.427219161119236901e+01 1.427557401755667321e+01 1.438582715648781907e+01
4.805968838273487087e+00 7.127082205105630841e+00 7.603151254092805900e+00 8.025443825578513213e+00 8.468335930012157675e+00 8.481082097795765051e+00 9.013857987110121428e+00 1.010028927200208670e+01 1.195096164812748007e+01 1.394985121783041926e+01 1.415204721952990852e+01 1.493993944288406439e+01
4.627373226436220399e+00 6.838100109871459331e+00 7.768388189824934287e+00 7.823705990770251084e+00 8.221059493454777822e+00 8.699950305631720227e+00 9.313470317335381665e+00 9.902054590965397196e+00 1.208248470563511034e+01 1.367759932206144491e+01 1.403946359085961504e+01 1.557326480216052111e+01
4.360273897553078370e+00 6.507029678800501316e+00 7.476720966454054818e+00 7.967045129584276353e+00 8.034849279646953946e+00 8.906099300629916726e+00 9.612851205738500937e+00 9.634403013541508187e+00 1.231609475881417382e+01 1.348985604526609450e+01 1.397267249618860596e+01 1.611513036761751039e+01
4.025064786684724005e+00 6.134057190282010019e+00 7.146857191958879696e+00 7.722650613560093191e+00 8.235591880171984513e+00 9.064374223743920211e+00 9.266118135507300124e+00 9.969481510389277545e+00 1.261031818760778123e+01 1.337487963165664517e+01 1.394371641012646101e+01 1.650142603847820055e+01
3.639676747031473258e+00 5.720991808199196171e+00 6.772388231415853888e+00 7.489123916237900858e+00 8.425822989655111783e+00 8.883000762837060194e+00 9.166597592928251714e+00 1.031093639631309244e+01 1.288495240363595862e+01 1.333144419509261702e+01 1.393306342649104579e+01 1.670199961306077441e+01
3.220606931684422136e+00 5.270416280004705634e+00 6.345055722793895292e+00 7.266816191301998629e+00 8.496202851725328742e+00 8.605297526483372650e+00 9.189090219583258445e+00 1.065086007017290015e+01 1.301519836033155819e+01 1.339862034863468487e+01 1.391738155749679784e+01 1.671338247125104459e+01
2.783104725747341135e+00 4.785000284931184567e+00 5.857205353062350461e+00 7.056169432651199891e+00 8.119960405130269621e+00 8.773373334064695328e+00 9.121520333385655377e+00 1.098142836889643448e+01 1.300468469404174421e+01 1.348561534340928425e+01 1.389296320408153385e+01 1.655166059842527559e+01
2.341300569590006209e+00 4.267279862547034064e+00 5.304400743640480975e+00 6.858391583253641066e+00 7.772727518141709702e+00 8.928860005949335488e+00 8.948460700175090210e+00 1.129500996419855063e+01 1.294841580631257472e+01 1.343250230461100436e+01 1.387230790389188506e+01 1.624278272218039021e+01
1.908444486709587995e+00 3.719782480973371275e+00 4.686754353328878686e+00 6.675676626532020208e+00 7.472517682426943253e+00 8.664091504245442721e+00 9.070065088290995448e+00 1.158427004779315084e+01 1.287465555036133580e+01 1.325298844860012082e+01 1.381093448988447392e+01 1.581201588170933192e+01
1.496981604051112136e+00 3.145273820729935998e+00 4.008559591412523382e+00 6.511136380909153587e+00 7.237379875098327808e+00 8.286253545893925931e+00 9.194912687630402814e+00 1.184231296094484165e+01 1.279201608836859272e+01 1.302291686381482094e+01 1.366738690645062526e+01 1.527969130751526983e+01
1.118082807643688392e+00 2.546973378468067484e+00 3.276917122208033994e+00 6.368550812487207224e+00 7.082086557798489501e+00 7.868699721539855751e+00 9.301152739603534059e+00 1.206286242790215191e+01 1.270694053136549506e+01 1.279945988010328861e+01 1.344719228424773938e+01 1.466857604567322859e+01
7.802304371998693977e-01 1.928673823759130324e+00 2.500340260127449366e+00 6.251993644944123574e+00 7.011117830205021662e+00 7.493181726188953284e+00 9.386563606498965484e+00 1.224045718695691498e+01 1.261070301899280643e+01 1.263466848519056285e+01 1.318418545780255791e+01 1.401868946674610683e+01
4.865937751567289138e-01 1.294754836924756791e+00 1.688116471924505868e+00 6.165374664287853079e+00 7.010650385505885929e+00 7.231436326893248889e+00 9.449162354740051839e+00 1.237063686462952283e+01 1.249625500536816247e+01 1.256458698758322790e+01 1.292996198350861548e+01 1.339983454436456434e+01
2.317484441898660652e-01 6.501083205487577787e-01 8.506613532209638118e-01 6.111952380556746611e+00 7.044624948390957542e+00 7.100483788489079018e+00 9.487388061542825213e+00 1.245009875447292202e+01 1.246112658595311018e+01 1.251733392996293581e+01 1.274513278794030846e+01 1.291008618489710713e+01
-3.267422277717418873e-07 -1.955697022347050223e-07 -1.633723794076281278e-08 6.093891833932182145e+00 7.064033514586161466e+00 7.065619518791327103e+00 9.500244110132779696e+00 1.247681410422811332e+01 1.249836377753785754e+01 1.249876832924606518e+01 1.267865897477707726e+01 1.267933461665264794e+01
6.221368334682531032e-01 6.222843889361718839e-01 8.143120391457219220e-01 6.644187111192048967e+00 7.037402270636881951e+00 7.038983030965531462e+00 9.463875490582744021e+00 1.250056714214201392e+01 1.250097306426028609e+01 1.258681767175172439e+01 1.267783642933068577e+01 1.267850901652001916e+01
1.239030960498686884e+00 1.239324517480556720e+00 1.623097956727003410e+00 6.957711723614050214e+00 6.959276831324677559e+00 8.007925234240975243e+00 9.358374044418924953e+00 1.250701604641637132e+01 1.250742609979043429e+01 1.267537388076884675e+01 1.267603752392138539e+01 1.290374174545921448e+01
1.845553229075681312e+00 1.845989722259812726e+00 2.420749414642949127e+00 6.825569709610014968e+00 6.827108603945491794e+00 9.133869610582918241e+00 9.751069128890156534e+00 1.251724528933129754e+01 1.251766221518477273e+01 1.267128199254134735e+01 1.267193140403169771e+01 1.339569751423877086e+01
2.436786429082747230e+00 2.437361365748302422e+00 3.201525638113437822e+00 6.641980942253294273e+00 6.643483056120036423e+00 8.897789809890749524e+00 1.140956455780535528e+01 1.253053929785125575e+01 1.253096581819777811e+01 1.266556566481833634e+01 1.266619649013942173e+01 1.403302894033575221e+01
3.008096804778900957e+00 3.008804383518642656e+00 3.959657461231266051e+00 6.408332236172195273e+00 6.409786939469194422e+00 8.574556988851330885e+00 1.254601482415244362e+01 1.254645360055483572e+01 1.265821293777841916e+01 1.265882200137845182e+01 1.280918784490883944e+01 1.481009319661964341e+01
3.555173009804609929e+00 3.556006265812129641e+00 4.689489830734546949e+00 6.126368483397409470e+00 6.127765107251274657e+00 8.183987189630707704e+00 1.256272248883373877e+01 1.256317617137700537e+01 1.264919336332410360e+01 1.264977858775349340e+01 1.379017935250323390e+01 1.569034380065282797e+01
4.074033879912056122e+00 4.074984847964885581e+00 5.385570746229230821e+00 5.798161346314686604e+00 5.799489135134392903e+00 7.731048531793804912e+00 1.257974917810019377e+01 1.258022027040996349e+01 1.263847307328229697e+01 1.263903364682265185e+01 1.439812141611645835e+01 1.649891340892412472e+01
4.561012513590169348e+00 4.562072399960245939e+00 5.426074540284939296e+00 5.427323493158414003e+00 6.042676190041415651e+00 7.220166795683782723e+00 1.259629676672936505e+01 1.259678761035435812e+01 1.262606050713116268e+01 1.262659661564888580e+01 1.473416111488674218e+01 1.704696657267576754e+01
5.011471654157033662e+00 5.012630384894483981e+00 5.013994614316079179e+00 5.015154606639158352e+00 6.652080853851471076e+00 6.659558958401551543e+00 1.261045999171006216e+01 1.261097154984453361e+01 1.261333682867920736e+01 1.261385057660942799e+01 1.484298065093937247e+01 1.723848992329253349e+01
5.002580634679121729e+00 5.010758247192578452e+00 5.045801541932897649e+00 5.059600412249410262e+00 6.709746501097099802e+00 6.722338465242924777e+00 1.253014250394721074e+01 1.260565293400236264e+01 1.264193643040729320e+01 1.265253956492824727e+01 1.488734681472685040e+01 1.715194938685825221e+01
5.005042478779850867e+00 5.020928315414372456e+00 5.130032144206984945e+00 5.160249385333223415e+00 6.876966630022999460e+00 6.903858540048907422e+00 1.227499240929275715e+01 1.256701182330489708e+01 1.271752085597883486e+01 1.275004318437228079e+01 1.502886725818830804e+01 1.692836401524726853e+01
5.053066007003070403e+00 5.075590803369835591e+00 5.225910143517230821e+00 5.277355213931152811e+00 7.143962394585761544e+00 7.188182081849156191e+00 1.185062906637245028e+01 1.242205070945585632e+01 1.280539270138237917e+01 1.285493301567202096e+01 1.526996535326652271e+01 1.667085861735472108e+01
5.156497138858703089e+00 5.189417906607679321e+00 5.303191057248644924e+00 5.379096040839725035e+00 7.497034495831969458e+00 7.553169419446853716e+00 1.129141082187335066e+01 1.207248717978373165e+01 1.287207274820658576e+01 1.292524733772966350e+01 1.558202034654259727e+01 1.650779730640645226e+01
5.261431595249013604e+00 5.308564328253713605e+00 5.409377363440800224e+00 5.481801534212937810e+00 7.911306279640129446e+00 7.968619402666932139e+00 1.065936271771619204e+01 1.149359780870404180e+01 1.289291047255631639e+01 1.294107739088845044e+01 1.591523369866025384e+01 1.649761521795459274e+01
5.287510659225625353e+00 5.340439589175519863e+00 5.614741711275670788e+00 5.653673846529885694e+00 8.349192197456375197e+00 8.400784687383984206e+00 1.003322189963167510e+01 1.078786928206138995e+01 1.285358079887135041e+01 1.289290937732747722e+01 1.621982618209555582e+01 1.659450948133613224e+01
5.280841070267986659e+00 5.319719964642947829e+00 5.848298701875340733e+00 5.869685440225821615e+00 8.730937942915458549e+00 8.809876431187051438e+00 9.529695065663036146e+00 1.011978431176723525e+01 1.275101767976205025e+01 1.277805166873438480e+01 1.645865318736098715e+01 1.671899467727985211e+01
5.274519971199570278e+00 5.290287443490897523e+00 6.079681574514115283e+00 6.087775442678423410e+00 8.734861815680568853e+00 9.058592491087397391e+00 9.494482794584399699e+00 9.727804370388804855e+00 1.259468705936222577e+01 1.260496129117658803e+01 1.661177590476969002e+01 1.681228652064438478e+01
5.272934723168421378e+00 5.297761442767307649e+00 6.283858239943524104e+00 6.288596128368125093e+00 8.465733566309854297e+00 8.894063478587835192e+00 9.830562466286565382e+00 9.900814715108017694e+00 1.239471171882703260e+01 1.240719091066950064e+01 1.667739346871756112e+01 1.684563640288046216e+01
5.299294874573714509e+00 5.340438134609127196e+00 6.441130466575333280e+00 6.450308559529061014e+00 8.260394070710805892e+00 8.678185715819004997e+00 1.018483198958442948e+01 1.024843549901476791e+01 1.218133512054284573e+01 1.221775072296475173e+01 1.667135309520220332e+01 1.681674702930963861e+01
5.352140376524137544e+00 5.401771533749800014e+00 6.543804936064783639e+00 6.552937441690387388e+00 8.142624231478944097e+00 8.543776970097418655e+00 1.048859085059207530e+01 1.056760064309525227e+01 1.200012740816294787e+01 1.205881232164892580e+01 1.662506938757216801e+01 1.674594122850997024e+01
5.404164572526669374e+00 5.458225465616497907e+00 6.594779821602345216e+00 6.601096965473947087e+00 8.087061863539892315e+00 8.475315221224676066e+00 1.069724974344324764e+01 1.079341821946649560e+01 1.188043402412566074e+01 1.195484625135818213e+01 1.657802564934206657e+01 1.667129045750475314e+01
5.425802756779060765e+00 5.481553834066237307e+00 6.609614876143273143e+00 6.612868096525393646e+00 8.071122769123254770e+00 8.454466485917295770e+00 1.077226195985227442e+01 1.087577199395821381e+01 1.183889334381215264e+01 1.191898940062411327e+01 1.655988554038884075e+01 1.663817196552673394e+01
5.395896365527095284e+00 5.450355234072783439e+00 6.696409192462610349e+00 6.718233815545977095e+00 8.056055622545830630e+00 8.426016328686998236e+00 1.074090128565869051e+01 1.083554133813297682e+01 1.190713983068327231e+01 1.197877761980621081e+01 1.652166758264351287e+01 1.659713469856690793e+01
5.328454351530486299e+00 5.381707324754827937e+00 6.939910133143613713e+00 6.978487189564650528e+00 8.015790405120149842e+00 8.346713125287989143e+00 1.065940506210503536e+01 1.073469084680088592e+01 1.208487332026671446e+01 1.213939889150155338e+01 1.641155072730186504e+01 1.647903840391368391e+01
5.255811140420220795e+00 5.308046633468981312e+00 7.271433622480762082e+00 7.323393820937107890e+00 7.965223410963767847e+00 8.232592816845386352e+00 1.055070125903747424e+01 1.060484206731688062e+01 1.232304572423890932e+01 1.236154474025910410e+01 1.624357586402273057e+01 1.629924614884996359e+01
5.193717651655746614e+00 5.240719126216813351e+00 7.601146509237833193e+00 7.680678446695749173e+00 7.943393759270084509e+00 8.110758607302537726e+00 1.043507392546334778e+01 1.047015936962207761e+01 1.257731740075550420e+01 1.260317807506167220e+01 1.604257313888161107e+01 1.608441033627284966e+01
5.147453166395722590e+00 5.181980823141638659e+00 7.743119726546521697e+00 7.881929571742893437e+00 8.084323813323400998e+00 8.107304169199798238e+00 1.033354028303022076e+01 1.035369948351146441e+01 1.280557795403665367e+01 1.282127322340103959e+01 1.584573714748729678e+01 1.587345218891913134e+01
5.119717388554587245e+00 5.136325766569378892e+00 7.747435694319578126e+00 7.818697065222033338e+00 8.284135867427822930e+00 8.289949219070841480e+00 1.026984190596778390e+01 1.027904578111879452e+01 1.296457900372936933e+01 1.297250261281386408e+01 1.570091144526480065e+01 1.571499473582652229e+01
5.113802761426111232e+00 5.114041982691125199e+00 7.762715702904538162e+00 7.762887175956709740e+00 8.359266197741309412e+00 8.362964527070175791e+00 1.025500160536662086e+01 1.025506801155296088e+01 1.302001982484178733e+01 1.302484399608906074e+01 1.565227708457034161e+01 1.565228284874206288e+01
5.090655330790109012e+00 5.104856458968986210e+00 7.721001676199277242e+00 7.760991149002295586e+00 8.296385252299931068e+00 8.309750473116627845e+00 1.025453796533646056e+01 1.026522052760665638e+01 1.300036162570387077e+01 1.301058824373148681e+01 1.570173476773696386e+01 1.571753052309694176e+01
5.052406039451322606e+00 5.074493505719276598e+00 7.656370621790316910e+00 7.700401239452834723e+00 8.150745376806970199e+00 8.172008542906397111e+00 1.023956346639494441e+01 1.025908563597225864e+01 1.296811081702758983e+01 1.298261248963846981e+01 1.584176215744214922e+01 1.586855375229462695e+01
5.016025531116372171e+00 5.046816334533327897e+00 7.551868943259168354e+00 7.579891678797296528e+00 7.993205114151377799e+00 8.020327450972533967e+00 1.018096637031858798e+01 1.020946505980638008e+01 1.295178327715744970e+01 1.296783798103829533e+01 1.602413097991142976e+01 1.605891990020158033e+01
4.999360026578989924e+00 5.037117759201601430e+00 7.351651340176799110e+00 7.372002917938926814e+00 7.929316739119331992e+00 7.967410388973972246e+00 1.006561005132250664e+01 1.010049581425583654e+01 1.296120772820222911e+01 1.297933948400951643e+01 1.620480719033691486e+01 1.624688478124408064e+01
5.012891688480332064e+00 5.051135049444802405e+00 7.060337094790308576e+00 7.080365547110867297e+00 8.009046449113819577e+00 8.085316929362269533e+00 9.889620402817614675e+00 9.926955531201210547e+00 1.299015287831659649e+01 1.301400331059092785e+01 1.634998359259635237e+01 1.640339531026909725e+01
5.052599292014713583e+00 5.085079939825910778e+00 6.729778315125264143e+00 6.747427169046926743e+00 8.223636674360719212e+00 8.391068309214801957e+00 9.654907767986744105e+00 9.691496083460480193e+00 1.302558271427929348e+01 1.305766361400823428e+01 1.643624400403851382e+01 1.651266697373357317e+01
5.103031574655730651e+00 5.127816534008558413e+00 6.391160145901624290e+00 6.406162278480239891e+00 8.561775155498471790e+00 8.868581443989661750e+00 9.378462803708197626e+00 9.405423653070000611e+00 1.305339272014401253e+01 1.309322415280850826e+01 1.645058951918427326e+01 1.657018551930529426e+01
5.146262314210130917e+00 5.166173731440267147e+00 6.063809186762405545e+00 6.081496866674046764e+00 8.915551432127161391e+00 8.974592735264096177e+00 9.167929255425681490e+00 9.578293352240628167e+00 1.306171248891542369e+01 1.310655222164843003e+01 1.638947558837487861e+01 1.658224402609853954e+01
5.165978900885365377e+00 5.188843044458172571e+00 5.766167442192622339e+00 5.795245192606658158e+00 8.610045436832866272e+00 8.645745710985613286e+00 9.605851271937719815e+00 1.029292624470417472e+01 1.304324724621792875e+01 1.308920243125349003e+01 1.625697611466705794e+01 1.656716957771280363e+01
5.148387139719956096e+00 5.183856707974658917e+00 5.521113318836556871e+00 5.566926448697620877e+00 8.212907523728741666e+00 8.254301822578042902e+00 1.019200143468958331e+01 1.101692393853544338e+01 1.299641931001197470e+01 1.303946875646819237e+01 1.606353431858242686e+01 1.655551499703086193e+01
5.091619209606824015e+00 5.137144747630430608e+00 5.352188506967054060e+00 5.406498427050545175e+00 7.816184240140174211e+00 7.855608910423197422e+00 1.079063228266632812e+01 1.164942183416232346e+01 1.292552405278653715e+01 1.296232702978012519e+01 1.582514589149806561e+01 1.658535084095926493e+01
5.024818535467472813e+00 5.064583899342727236e+00 5.250115084638413698e+00 5.292640453782511578e+00 7.445147873210820499e+00 7.477282564768270134e+00 1.135794316526865622e+01 1.212063158923093198e+01 1.284003428530991187e+01 1.286840398598178936e+01 1.556259339769593808e+01 1.668613938374442895e+01
4.984838780894566668e+00 5.014993311857189440e+00 5.168483352354937388e+00 5.194794426280900268e+00 7.123840960259140154e+00 7.145146303674609456e+00 1.185747030202495900e+01 1.240943077933412297e+01 1.275301556703715988e+01 1.277205600080072578e+01 1.530087329540474528e+01 1.685338711106153653e+01
4.980902587596491848e+00 5.002000399543831577e+00 5.092309925449776564e+00 5.107098077650099377e+00 6.873304805480088042e+00 6.883667892189715865e+00 1.225612219910269474e+01 1.254946306340495532e+01 1.267857734723672714e+01 1.268881457878702079e+01 1.506956183792903126e+01 1.704057854817985529e+01
4.997812603307094648e+00 5.008526792711172959e+00 5.034822463365353329e+00 5.042345665825805234e+00 6.710288054625525689e+00 6.716362917359210982e+00 1.251973802666023516e+01 1.260035454556983225e+01 1.262858821613273719e+01 1.263273750525782901e+01 1.490429537768501866e+01 1.718478730230678053e+01
5.011471654157033662e+00 5.012630384894483981e+00 5.013994614316079179e+00 5.015154606639158352e+00 6.652080853851471076e+00 6.659558958401551543e+00 1.261045999171006216e+01 1.261097154984453361e+01 1.261333682867920736e+01 1.261385057660942799e+01 1.484298065093937247e+01 1.723848992329253349e+01
5.425802756779060765e+00 5.481553834066237307e+00 6.609614876143273143e+00 6.612868096525393646e+00 8.071122769123254770e+00 8.454466485917295770e+00 1.077226195985227442e+01 1.087577199395821381e+01 1.183889334381215264e+01 1.191898940062411327e+01 1.655988554038884075e+01 1.663817196552673394e+01
5.265384530995504520e+00 5.706394205041062762e+00 6.209619493360932552e+00 6.958171389265344509e+00 8.111091272803264474e+00 8.468730252057499186e+00 1.064321847440238145e+01 1.091280356767719439e+01 1.164548255017443346e+01 1.208519955387407130e+01 1.646365688934697502e+01 1.668168153342793758e+01
5.164967938283327342e+00 5.679722674487416079e+00 6.093215800788305714e+00 7.228982824467572676e+00 8.206889444580198756e+00 8.528375591603923667e+00 1.039084702030000251e+01 1.089699639641788309e+01 1.139109571747009042e+01 1.225995649223119699e+01 1.626729853752218702e+01 1.672480152186478009e+01
5.154695336458456900e+00 5.200091464731877444e+00 6.435145244168765544e+00 7.419101119597663718e+00 8.304419199815606945e+00 8.666233800803452070e+00 1.006011855216237549e+01 1.080640630250256962e+01 1.111364460868795767e+01 1.241139978439511715e+01 1.599174621299839671e+01 1.676096432359245014e+01
4.686509374313154730e+00 5.232825674771401481e+00 6.813369673642013069e+00 7.536212816451298480e+00 8.389192680468235963e+00 8.862943478503956030e+00 9.671144183944035078e+00 1.065678025057531642e+01 1.082407468956949259e+01 1.253927794785635719e+01 1.565225378582531413e+01 1.679824108376205061e+01
4.179045960271930760e+00 5.390732765889945100e+00 7.189168869067390055e+00 7.605448663622299321e+00 8.470266013540644678e+00 9.054437303271708259e+00 9.255735459606450277e+00 1.046463361929941627e+01 1.054246881635440580e+01 1.264299367197282109e+01 1.527956229193208770e+01 1.683831794198900056e+01
3.710055686505419725e+00 5.612138833354364031e+00 7.525449117930153697e+00 7.675211242297951486e+00 8.536002745443433071e+00 8.796279382434992300e+00 9.249319747547898984e+00 1.022881011908164162e+01 1.031000861318843675e+01 1.272150595560681552e+01 1.491776998638059482e+01 1.687803929713465934e+01
3.319574423030459354e+00 5.867720133157838802e+00 7.677119087015548793e+00 7.888388719909997349e+00 8.378976979175083883e+00 8.583147492160886571e+00 9.372812678433307454e+00 9.996211505497418770e+00 1.012164500434829151e+01 1.277444605957399482e+01 1.461684163103367062e+01 1.691202237016043597e+01
3.055095690472895420e+00 6.099472256438394524e+00 7.736910609038841535e+00 8.053195701176656840e+00 8.111111483867217586e+00 8.593484962162868612e+00 9.451392417848770933e+00 9.831062291399293329e+00 9.971928739844688749e+00 1.280357764553600042e+01 1.441974196159062593e+01 1.693492828607747924e+01
2.960630806656215697e+00 6.201829818217474255e+00 7.761082067434617038e+00 7.920018374616586421e+00 8.198029519059570447e+00 8.593772932002817555e+00 9.476259756887662533e+00 9.778820649077999860e+00 9.904444780629534151e+00 1.281258700775081749e+01 1.435161384223525616e+01 1.694300797986407758e+01
4.871771495759238846e+00 7.375609437000633761e+00 7.375814240092227969e+00 8.243472542647751311e+00 8.249665139929813762e+00 8.740924668106931250e+00 8.741522810808447730e+00 1.017320894674584864e+01 1.191748266846735937e+01 1.427219161119236901e+01 1.427557401755667321e+01 1.438582715648781907e+01
4.951334840685410299e+00 7.212565342405167002e+00 7.213246263827985061e+00 8.365698860960698369e+00 8.371086085981012559e+00 8.740648099094601164e+00 8.741225786622559113e+00 1.015295729764283195e+01 1.193301562582517761e+01 1.432056034697474090e+01 1.432383240261681934e+01 1.436299189221659844e+01
5.179136663704489330e+00 6.880540153773138101e+00 6.882008884175257357e+00 8.461889825882552785e+00 8.465049586569818985e+00 8.860577944952138907e+00 8.861544847815167714e+00 1.009173478105433830e+01 1.197929269395155671e+01 1.429550377825858831e+01 1.445664667214835397e+01 1.445964327048003462e+01
5.527089975743831651e+00 6.511200881658059103e+00 6.513035479607994560e+00 8.374749049235900245e+00 8.376394907836605341e+00 9.144852255310054190e+00 9.146403790426072433e+00 9.988185134160662670e+00 1.205537528188352603e+01 1.418648085569871320e+01 1.465689879148935404e+01 1.465949453507284339e+01
5.959643769126417467e+00 6.147762134717720706e+00 6.149704938798104870e+00 8.233186406120882594e+00 8.234196108671071102e+00 9.446184398815885785e+00 9.447615766611365373e+00 9.840215750841666775e+00 1.215977772406256108e+01 1.404088451445569419e+01 1.489083352446446895e+01 1.489297755695135450e+01
5.812932869782881262e+00 5.814747642726404209e+00 6.442117915957155994e+00 8.085231940147439289e+00 8.085851662687417729e+00 9.645287648764853117e+00 9.718843962471204634e+00 9.720009761033599816e+00 1.229054935355670608e+01 1.386529014180981356e+01 1.512779261878062798e+01 1.512947662163684726e+01
5.525457791976469579e+00 5.527003021449409026e+00 6.944618745256954995e+00 7.952875394582376245e+00 7.953225809518641221e+00 9.400896412170959948e+00 9.945333547625651249e+00 9.946209182856149411e+00 1.244532441487301355e+01 1.366743384127378391e+01 1.534086528325086185e+01 1.534210253960031345e+01
5.303174253289813400e+00 5.304312023717283608e+00 7.443296134950492693e+00 7.849889513633423910e+00 7.850077163411183001e+00 9.105219237126199516e+00 1.011473426893926231e+01 1.011531806204415496e+01 1.262129235533562088e+01 1.345563121417117891e+01 1.550858040563522167e+01 1.550939059139986576e+01
5.162124990366447896e+00 5.162764799421147188e+00 7.784890422763589335e+00 7.785024088717827695e+00 7.919947179085113476e+00 8.757945042947941516e+00 1.021949526213816384e+01 1.021979385760692338e+01 1.281505662210415153e+01 1.323812114050090116e+01 1.561548164610802480e+01 1.561588182592946339e+01
5.113802761426111232e+00 5.114041982691125199e+00 7.762715702904538162e+00 7.762887175956709740e+00 8.359266197741309412e+00 8.362964527070175791e+00 1.025500160536662086e+01 1.025506801155296088e+01 1.302001982484178733e+01 1.302484399608906074e+01 1.565227708457034161e+01 1.565228284874206288e+01
