-2.939021772240980382e-07 -2.265225430338857709e-07 -2.245504226285927632e-07 2.539332743426179206e+00 3.749531154802201005e+00 3.749531154803576793e+00 6.327307502480744361e+00 7.533141603149741350e+00 8.263064540587652829e+00 8.263064540587896190e+00 8.489504438118736118e+00 9.646774951325351566e+00 1.069158724428494978e+01 1.189529812364033212e+01 1.189529812364073713e+01 1.276300323006270609e+01 1.353969065127404114e+01 1.353969065127428095e+01 1.376328153227144213e+01 1.386937791747143400e+01 1.401060720930604298e+01 1.401060720930660430e+01 1.438483235530205384e+01 1.764989322007462746e+01
4.240012761555105869e-01 5.279619867800425803e-01 7.198196064471668043e-01 2.539655681533828702e+00 3.726442867415461713e+00 3.791099012267940882e+00 6.300396951944310153e+00 7.285893368330776276e+00 8.182399082264248946e+00 8.412540075435973819e+00 8.515990971632017903e+00 9.656297508052249512e+00 1.063483009844607885e+01 1.180963959369920602e+01 1.213398705023102941e+01 1.291393148532312374e+01 1.354045285610604665e+01 1.354088857029520376e+01 1.376361845519462079e+01 1.386757512939057158e+01 1.392766922244201133e+01 1.418929698368882164e+01 1.456640090660483189e+01 1.765214687399493343e+01
8.423644596412691588e-01 1.051114276891482513e+00 1.446073597648195541e+00 2.644843165414254571e+00 3.657410182152857736e+00 3.911345189155770896e+00 6.220532683165069798e+00 6.908760176083459825e+00 7.949016188836168340e+00 8.269578720256845372e+00 8.832291264778776352e+00 9.732584822902168753e+00 1.050842191787717184e+01 1.163843765406772945e+01 1.241699682358097689e+01 1.320417305944126340e+01 1.354265413993770828e+01 1.354422372196292912e+01 1.376479102438635138e+01 1.386224839479455362e+01 1.412870856417762688e+01 1.467082103169132523e+01 1.495252636562211279e+01 1.765942330303142072e+01
1.249556555267857583e+00 1.563886988046776283e+00 2.177611393373541482e+00 2.949911331604535114e+00 3.543134614643809854e+00 4.098238779909642027e+00 6.090298251176361255e+00 6.585234122992272177e+00 7.584722327929697805e+00 8.037993080440966054e+00 9.082854800819616159e+00 9.910049115145227461e+00 1.034913576953102776e+01 1.147451273076210754e+01 1.254714097348847446e+01 1.315808246587355868e+01 1.354603468706617520e+01 1.354895242304188940e+01 1.376725849873900032e+01 1.385366232440576262e+01 1.473181627928792103e+01 1.510470610868807029e+01 1.587613327207485092e+01 1.767389233182653996e+01
1.640249010849060607e+00 2.058913933382198636e+00 2.885231233817087571e+00 3.364265497570142038e+00 3.384800425196472506e+00 4.335301363482174430e+00 5.913948153089093829e+00 6.359686905079478869e+00 7.113661773262460741e+00 7.745499094791946426e+00 9.270649192188335164e+00 1.015007156707302016e+01 1.018632944428698472e+01 1.133317623924973105e+01 1.262097556006465915e+01 1.302574126674594091e+01 1.355015336978773632e+01 1.355396749426103220e+01 1.377167379212943743e+01 1.384231337282031760e+01 1.524769209318277774e+01 1.541522411361100708e+01 1.709890731386421692e+01 1.770691262891632078e+01
2.009406718968745675e+00 2.525092311295983549e+00 3.184092257217522537e+00 3.383638560259973449e+00 3.871682925637037975e+00 4.604777754408902801e+00 5.697363930241281516e+00 6.288136108068418828e+00 6.556576400824467576e+00 7.411764064479639202e+00 9.429812896832469704e+00 1.002152867615366993e+01 1.041574446500997553e+01 1.119761036639234852e+01 1.267025289057657744e+01 1.290816140098084830e+01 1.355439135437879372e+01 1.355805418707824117e+01 1.377865744858556063e+01 1.382897885293521867e+01 1.562379226422639178e+01 1.566929638815897263e+01 1.768805041185554217e+01 1.822169270033120014e+01
2.352363812650833275e+00 2.943211378269055878e+00 2.943535856656742666e+00 3.465328683044980984e+00 4.550697567131225973e+00 4.889760907697299430e+00 5.448047266972927183e+00 5.931314430745127098e+00 6.403196154859728928e+00 7.065182215913415220e+00 9.577969064175881897e+00 9.872295245022295163e+00 1.065901290114193323e+01 1.104844100972495013e+01 1.270934235852363159e+01 1.282037300624683773e+01 1.355798809614702272e+01 1.356025470617623796e+01 1.378847708996270427e+01 1.381472322388244223e+01 1.581701871408334270e+01 1.587230119683373530e+01 1.772779262629023478e+01 1.892077225729848777e+01
2.664841058518356842e+00 2.664928785974522985e+00 3.270690411231487182e+00 3.287935952067297496e+00 5.175150077206569499e+00 5.175210352045271911e+00 5.247837958472834963e+00 5.262953447670350116e+00 6.579460172526293782e+00 6.819723438780471270e+00 9.702086956425103992e+00 9.748095386030939835e+00 1.086051280914528583e+01 1.088147496571857786e+01 1.274107348459022404e+01 1.277117225358098018e+01 1.356003619261345250e+01 1.356028001455212362e+01 1.380056368312020609e+01 1.380104814006820924e+01 1.587823655712229431e+01 1.594559836415739262e+01 1.774103460652940356e+01 1.916696834091256108e+01
2.698556836131936087e+00 2.699071617306069371e+00 3.264394785758487405e+00 3.282304873097344089e+00 5.157414687986533686e+00 5.157726054219558876e+00 5.270949710587801817e+00 5.296740126351918931e+00 6.572719208447914241e+00 6.801907169993848257e+00 9.680718043598897538e+00 9.719515643820530570e+00 1.079878877788530644e+01 1.087976710411915882e+01 1.275300847249462244e+01 1.279645337561050411e+01 1.355870659319776017e+01 1.355895965216536858e+01 1.380180538418671254e+01 1.380223328068690947e+01 1.589721741935889376e+01 1.597876491416220546e+01 1.777274102858542904e+01 1.911013065549337142e+01
2.796366733394869186e+00 2.797097950481678197e+00 3.259402755326100465e+00 3.279811472046728404e+00 5.104906286070260535e+00 5.105379549847885556e+00 5.331095121144335813e+00 5.384227952066289902e+00 6.553576275311336019e+00 6.749494401552224687e+00 9.616885039988464001e+00 9.633873523896284041e+00 1.070941802540518317e+01 1.081023422316302174e+01 1.269816243727667349e+01 1.291536343801599784e+01 1.355498844313030560e+01 1.355530075143411750e+01 1.380523970802773981e+01 1.380554225048869377e+01 1.596658569881145873e+01 1.606940993570567855e+01 1.785514708740413425e+01 1.896203322141312952e+01
2.948014495085900855e+00 2.948537747837593148e+00 3.283423600095456418e+00 3.308896434057647884e+00 5.018956669601367437e+00 5.019353834633756506e+00 5.405194047548718572e+00 5.491396865439711839e+00 6.525764275755864041e+00 6.669654310361907257e+00 9.505110694169163210e+00 9.511470004764927211e+00 1.062610447730849650e+01 1.068951813957983532e+01 1.261111209452165838e+01 1.299594132967311566e+01 1.354964948404097846e+01 1.355003185658434006e+01 1.381012125412301650e+01 1.381032458963715825e+01 1.609475021027329689e+01 1.621089065461343992e+01 1.795878952558785002e+01 1.878151447638991556e+01
3.139302314369519120e+00 3.139367583795006578e+00 3.352138471437775991e+00 3.386626520965540177e+00 4.901878964207605271e+00 4.901962552053158895e+00 5.465559628128110248e+00 5.574267932774996659e+00 6.497185911171944106e+00 6.583606618932352106e+00 9.364950037800451099e+00 9.372203197310021494e+00 1.048057648456310531e+01 1.061583168108157516e+01 1.250430630796655329e+01 1.294690917249741879e+01 1.354368561831462969e+01 1.354407958964036318e+01 1.381551886336941593e+01 1.381573657218580209e+01 1.627572949914507205e+01 1.639865714932217955e+01 1.805293149138244502e+01 1.863424809947826688e+01
3.353908953969644280e+00 3.354713607795448915e+00 3.458820625089946255e+00 3.504534294594536803e+00 4.757134807921259423e+00 4.757648394324588637e+00 5.485392942733294142e+00 5.593976605207658714e+00 6.481315923566698167e+00 6.523453857208419748e+00 9.221961172704469689e+00 9.241323678999602720e+00 1.028929789698898389e+01 1.059611218362168472e+01 1.238951845366978688e+01 1.274698243624901828e+01 1.353801137434535562e+01 1.353841015360015021e+01 1.382056460476613324e+01 1.382093547066253159e+01 1.649346726796230200e+01 1.661723165696720272e+01 1.811480321899568580e+01 1.855184816120362257e+01
3.575181581896220262e+00 3.576667677020582303e+00 3.578541142230492245e+00 3.632690639482854866e+00 4.592554902108878956e+00 4.593701125599293889e+00 5.452579295675092474e+00 5.550177198952480850e+00 6.489319762094915234e+00 6.502950844260174890e+00 9.090454100144860661e+00 9.148392682059787617e+00 1.011548378607945153e+01 1.059538971818482800e+01 1.227094684067549224e+01 1.247747521060656872e+01 1.353334885762561335e+01 1.353385732070050018e+01 1.382459915408062479e+01 1.382519041059131482e+01 1.671092741434104312e+01 1.683652013309322371e+01 1.813366762959917722e+01 1.852202320348802189e+01
3.672528809577037645e+00 3.735716824336425379e+00 3.776139349286595781e+00 3.778047221209766882e+00 4.428322210065132936e+00 4.430012016781867956e+00 5.391407567157032510e+00 5.492437021626950688e+00 6.491323444286594579e+00 6.524196937101319982e+00 9.001497157950621997e+00 9.091096161406515108e+00 9.997529319242465462e+00 1.060076470233839885e+01 1.213225757696189966e+01 1.229741791060066980e+01 1.353028818809315581e+01 1.353094862295775691e+01 1.382718187547821564e+01 1.382796140753711533e+01 1.687200664595688693e+01 1.701199335581088690e+01 1.811924981035440041e+01 1.851678247318056236e+01
3.707251435611464974e+00 3.777057617416421209e+00 3.877367655022640136e+00 3.879384608502494558e+00 4.339782870311838181e+00 4.341717138518124131e+00 5.360009535650998913e+00 5.467851242746476714e+00 6.491182072961010796e+00 6.538446205309792703e+00 8.970108272108154424e+00 9.071527187587108187e+00 9.956459876142028875e+00 1.060363985393310493e+01 1.205523303655865242e+01 1.225151482050514495e+01 1.352922360352105891e+01 1.352995088126312595e+01 1.382806848644103681e+01 1.382892150336792092e+01 1.693102728547978941e+01 1.708247203231817224e+01 1.810627318715074097e+01 1.851691080549623436e+01
3.617907012914423071e+00 3.693876194737255148e+00 3.796129794275425517e+00 3.874854294914723329e+00 4.328387909203491368e+00 4.513745925709442552e+00 5.281497687772072069e+00 5.609708123877533481e+00 6.378976955927480930e+00 6.622710256379367166e+00 8.992195330606740811e+00 9.100270799367459418e+00 9.998992270201027210e+00 1.059212212846787260e+01 1.212614978238526753e+01 1.231742117358887434e+01 1.353008687919828468e+01 1.353124977585955868e+01 1.382625372411059850e+01 1.382879775917216847e+01 1.687349147781951331e+01 1.699725334306732805e+01 1.813727951375650704e+01 1.850310547482263246e+01
3.259451351991812018e+00 3.370578848891025547e+00 3.867500422514265068e+00 4.037874560236332400e+00 4.295008696194914322e+00 4.796357922320893863e+00 5.039562538596785046e+00 5.964775891655133222e+00 6.067066716075876442e+00 6.822533297167744593e+00 9.004482699106498345e+00 9.222330832479441298e+00 1.014977392603373296e+01 1.056290352710472114e+01 1.229195667788856916e+01 1.249234575567704830e+01 1.353049835964714198e+01 1.353685779553161517e+01 1.381970103111654424e+01 1.382991185818143975e+01 1.670686338471338317e+01 1.679588390588694580e+01 1.811963923033671975e+01 1.850536412258608721e+01
2.831438706071484290e+00 3.018120035119026934e+00 3.855854825600090408e+00 4.242038219078559713e+00 4.378697676311692710e+00 4.705184900958916394e+00 5.080174395252308628e+00 5.606641460848421410e+00 6.373168127632517610e+00 7.070411660679371657e+00 8.999799081827969616e+00 9.411336032789311190e+00 1.036349896906182977e+01 1.058662775897980524e+01 1.246423646718205092e+01 1.271985703832707593e+01 1.353119088663876823e+01 1.354469157192906970e+01 1.380982444551139565e+01 1.383196003029135923e+01 1.645001634124043832e+01 1.654538010283032179e+01 1.796377090295392875e+01 1.851215217329719920e+01
2.376576004368357697e+00 2.653180716300016506e+00 3.840798674863483253e+00 4.173331505208810910e+00 4.307842382209729593e+00 4.760578755484567992e+00 5.056270790933529824e+00 5.347279966704168608e+00 6.769117923005006254e+00 7.331732840994097167e+00 8.991948938447034578e+00 9.626969671418713403e+00 1.034837739776178722e+01 1.090955397697230644e+01 1.258043484258922184e+01 1.293734003128564503e+01 1.353215928029503878e+01 1.355270584086553676e+01 1.379824287664237126e+01 1.383506360663451140e+01 1.613691484931439035e+01 1.626966608594160135e+01 1.770834375491535440e+01 1.841673091889353486e+01
1.906627494860841932e+00 2.281074949464937163e+00 3.823493314068210580e+00 3.868407478966108481e+00 4.094010517608906774e+00 4.404282622394870117e+00 5.204342184535470928e+00 5.590675799300670157e+00 7.127850914750315958e+00 7.585522366172940067e+00 8.981210333308430549e+00 9.848833924824262454e+00 1.024172376741811874e+01 1.129929346843396054e+01 1.261467308100023033e+01 1.310179045703236511e+01 1.353337184893426581e+01 1.355859885496018435e+01 1.378686891887275401e+01 1.383936792331569876e+01 1.581426386560147890e+01 1.597027734431207158e+01 1.732807573151980307e+01 1.820568648645145160e+01
1.433443516941727003e+00 1.904560338011929810e+00 3.416595717955236200e+00 3.739964038310517491e+00 3.805304584094820530e+00 4.010182477824836944e+00 5.632115907722873516e+00 5.805536995057683392e+00 7.440495167333738280e+00 7.818420561321028472e+00 8.959739212215598769e+00 1.006404627410696584e+01 1.010814598435629108e+01 1.161552295568174742e+01 1.256563384570427822e+01 1.320116643306867310e+01 1.353475810440191118e+01 1.356057011175469640e+01 1.377741396404165819e+01 1.384488766797171522e+01 1.552007528255102642e+01 1.563922024593192361e+01 1.671877600540060982e+01 1.798264676299185538e+01
9.841804584708959691e-01 1.525395829768200873e+00 3.001513226517503075e+00 3.045719467286905680e+00 3.787704077021488924e+00 3.928560281333620008e+00 5.987769131370212605e+00 6.065805441997147440e+00 7.706908931094442750e+00 8.023971280385179483e+00 8.912735022190766188e+00 9.965640898971980022e+00 1.026170113087449742e+01 1.182702859222520786e+01 1.246595637184163685e+01 1.324431836493560866e+01 1.353620567622510151e+01 1.355818819945332443e+01 1.377075457138227677e+01 1.385133272370864077e+01 1.523274275637186825e+01 1.524649986710951488e+01 1.589279863371227641e+01 1.782848445505729984e+01
6.079694821669168192e-01 1.144757099831543945e+00 2.324771619039283976e+00 2.692886753084934082e+00 3.772151261556471624e+00 3.855972097124384934e+00 6.133761510442975684e+00 6.497265970625146991e+00 7.930481133692914852e+00 8.199995127092972069e+00 8.820000759505688848e+00 9.833796413379131351e+00 1.043140881280813304e+01 1.193214691840589303e+01 1.240523260301762853e+01 1.320555066071324823e+01 1.353756945959462499e+01 1.355269396372453805e+01 1.376672376106993489e+01 1.385800393835135758e+01 1.455354208726240373e+01 1.494203289550346447e+01 1.522395444578289236e+01 1.773671822616992344e+01
3.440472137381095363e-01 7.633960914000464948e-01 1.574461187494979653e+00 2.545089475812594149e+00 3.759965103283145371e+00 3.798764095868110147e+00 6.240448293490307385e+00 6.920413609830574408e+00 8.107951579655368946e+00 8.344859820442600551e+00 8.659793899557630681e+00 9.730902211482161945e+00 1.056474493143368143e+01 1.193498242781613072e+01 1.247940594691866600e+01 1.283371419479803244e+01 1.353869222539729833e+01 1.354636475227841963e+01 1.376457174846438924e+01 1.386388745448804904e+01 1.398088247793420713e+01 1.457455591638508530e+01 1.483277319884703971e+01 1.768469461964357947e+01
1.605281425306889220e-01 3.817421657211600983e-01 7.960853853157169313e-01 2.527462571673619873e+00 3.752198421748441426e+00 3.762139623639984887e+00 6.305463925215939902e+00 7.314867787702940660e+00 8.223477599907081270e+00 8.428208587767192839e+00 8.449383578168568221e+00 9.667705753734944452e+00 1.065579792091428857e+01 1.190681666777611980e+01 1.218343803397449499e+01 1.265256802046214979e+01 1.353943219746053117e+01 1.354149905787419783e+01 1.376356992798424628e+01 1.386793530589708645e+01 1.394074569506915573e+01 1.419824763345816621e+01 1.453547690327777531e+01 1.765808288344440768e+01
-2.939021772240980382e-07 -2.265225430338857709e-07 -2.245504226285927632e-07 2.539332743426179206e+00 3.749531154802201005e+00 3.749531154803576793e+00 6.327307502480744361e+00 7.533141603149741350e+00 8.263064540587652829e+00 8.263064540587896190e+00 8.489504438118736118e+00 9.646774951325351566e+00 1.069158724428494978e+01 1.189529812364033212e+01 1.189529812364073713e+01 1.276300323006270609e+01 1.353969065127404114e+01 1.353969065127428095e+01 1.376328153227144213e+01 1.386937791747143400e+01 1.401060720930604298e+01 1.401060720930660430e+01 1.438483235530205384e+01 1.764989322007462746e+01
3.545399660148119692e-01 3.545399660156927091e-01 7.518127552050047901e-01 2.573526065405275620e+00 3.831997633296188699e+00 3.831997633297504979e+00 6.320682510881714400e+00 7.532923877162896353e+00 8.251692263335995037e+00 8.251692263336233069e+00 8.481656500162372936e+00 9.649803068427170061e+00 1.068140437921060304e+01 1.189490913718177367e+01 1.189490913718218223e+01 1.274407191392672090e+01 1.355147758301743544e+01 1.355147758301766281e+01 1.362784781959226521e+01 1.400235927319060636e+01 1.400235927319114460e+01 1.413955774974474977e+01 1.440539965465474559e+01 1.761946071030326877e+01
7.139261857845584647e-01 7.139261857854758420e-01 1.498467509891331595e+00 2.674012565939382302e+00 4.066943927970649852e+00 4.066943927971780504e+00 6.331362003908874492e+00 7.542121275855831364e+00 8.217786575061175824e+00 8.217786575061401422e+00 8.457953831508596920e+00 9.658962978995939253e+00 1.065072764864196486e+01 1.189355845268127609e+01 1.189355845268168643e+01 1.268776835455133067e+01 1.356353216321925181e+01 1.357841334010777601e+01 1.357841334010797496e+01 1.398499942134946572e+01 1.398499942134990270e+01 1.433565415499194273e+01 1.470637851903226512e+01 1.752933606517574816e+01
1.081632011514741531e+00 1.081632011515672120e+00 2.234683813323960599e+00 2.835162671677623702e+00 4.423135051875008550e+00 4.423135051875896728e+00 6.430861690134031861e+00 7.577357643878317006e+00 8.162102824212116303e+00 8.162102824212331242e+00 8.417910911988387923e+00 9.674482682878483786e+00 1.060019886341021866e+01 1.189071422707804970e+01 1.189071422707845649e+01 1.259556755011284146e+01 1.357746615595978668e+01 1.359191753545578862e+01 1.359191753545599113e+01 1.398427588088577878e+01 1.398427588088605056e+01 1.435515746902740197e+01 1.530529766110708501e+01 1.738305919925775100e+01
1.459276145243815659e+00 1.459276145244749134e+00 2.955349705406508765e+00 3.049303961912184668e+00 4.862172459436295391e+00 4.862172459436981065e+00 6.680687241042285507e+00 7.648670655099144788e+00 8.086407658762665207e+00 8.086407658762848172e+00 8.360690693832911080e+00 9.696746633935632076e+00 1.053226620999125629e+01 1.188553099831035276e+01 1.188553099831075244e+01 1.246993863973334626e+01 1.355553198775544388e+01 1.355553198775571921e+01 1.364773734266026750e+01 1.403282215477047856e+01 1.403282215477058870e+01 1.436332432877143539e+01 1.597490464035759850e+01 1.718666148319173459e+01
1.846859728045939564e+00 1.846859728046829296e+00 3.308173332981908743e+00 3.656059101349045992e+00 5.345572419076762394e+00 5.345572419077251780e+00 7.084999537570324968e+00 7.764545832911391443e+00 7.994725832955857037e+00 7.994725832956015132e+00 8.285070708431012676e+00 9.726302548017676131e+00 1.045108855151532801e+01 1.187686386743434319e+01 1.187686386743473399e+01 1.231435339136943341e+01 1.346744754573874658e+01 1.346744754573905212e+01 1.376512695957257648e+01 1.412872715408328972e+01 1.412872715408339808e+01 1.437142518374875699e+01 1.664414804852023266e+01 1.695065581639819285e+01
2.243193059687503599e+00 2.243193059688338487e+00 3.603791804542791688e+00 4.333028751097106834e+00 5.834012662848848230e+00 5.834012662849216824e+00 7.559799592024643466e+00 7.896760684416425313e+00 7.896760684416547882e+00 7.960051532067592639e+00 8.189414388495601216e+00 9.763871000045662996e+00 1.036287760401524061e+01 1.186327526298480883e+01 1.186327526298519253e+01 1.213327963330519843e+01 1.334965200766322546e+01 1.334965200766350080e+01 1.393105360558228867e+01 1.424748978002439159e+01 1.424748978002453192e+01 1.438195200639379401e+01 1.667445895327438521e+01 1.727651524947064487e+01
2.646270241215567420e+00 2.646270241216325481e+00 3.928747883685759223e+00 4.982236140049020712e+00 6.277126190519303428e+00 6.277126190519596527e+00 7.817756964369609207e+00 7.817756964369690920e+00 7.907145797269175880e+00 8.071672746090943207e+00 8.343196871511638690e+00 9.810357283665862127e+00 1.027824189179977310e+01 1.184312740634461036e+01 1.184312740634499583e+01 1.193213488821766255e+01 1.322076983831024499e+01 1.322076983831049191e+01 1.415432598597021219e+01 1.436997447744764855e+01 1.436997447744778889e+01 1.439773135563097739e+01 1.638713849505184683e+01 1.782169913086885771e+01
3.053541071981634936e+00 3.053541071982316613e+00 4.276120092918535676e+00 5.598813416794651943e+00 6.591046981158995344e+00 6.591046981159269791e+00 7.819887182287168947e+00 7.819887182287222238e+00 7.929454689461004513e+00 8.144423724567383616e+00 8.786245465862993598e+00 9.866863670840258393e+00 1.021741866262475362e+01 1.171716259902435375e+01 1.181493424715181462e+01 1.181493424715219831e+01 1.309459433103187109e+01 1.309459433103207360e+01 1.438957078054594341e+01 1.447916568595931253e+01 1.448407058338609410e+01 1.448407058338622377e+01 1.609743912516175968e+01 1.826368116631263661e+01
3.462066325246567100e+00 3.462066325247147081e+00 4.639263052350736771e+00 6.177217452913765783e+00 6.681380098231454845e+00 6.681380098231691100e+00 7.760213012335744232e+00 7.978453783332418503e+00 7.978453783332444260e+00 8.379888730294918986e+00 9.073612284216810764e+00 9.934697491733253116e+00 1.020862435145904712e+01 1.149518497845315146e+01 1.177815274329198481e+01 1.177815274329238271e+01 1.298182332839897413e+01 1.298182332839915532e+01 1.442987702172657904e+01 1.458232526821177899e+01 1.458232526821189268e+01 1.483495967276120275e+01 1.583131652693869285e+01 1.858693227161557360e+01
3.868541029751620730e+00 3.868541029752111449e+00 5.011596485022852931e+00 6.575323612609816237e+00 6.575323612609999202e+00 6.711880998140886234e+00 7.561583071545094903e+00 8.249424423375202764e+00 8.249424423375216975e+00 8.634017318562637655e+00 9.144931353341350544e+00 1.001536567901979602e+01 1.024186408014925220e+01 1.127319704884582485e+01 1.173433467422359300e+01 1.173433467422400867e+01 1.288977863289529147e+01 1.288977863289547621e+01 1.446334264200420350e+01 1.466086141503568285e+01 1.466086141503577522e+01 1.518816662639416393e+01 1.568307164497747586e+01 1.878525038185237506e+01
4.269124403441056259e+00 4.269124403441443505e+00 5.386468330555829631e+00 6.362820709144613396e+00 6.362820709144750175e+00 7.198135532149765758e+00 7.331865515992755711e+00 8.528483639997114452e+00 8.528483639997149979e+00 8.904373033068958776e+00 9.061380880177697605e+00 1.011053907781754369e+01 1.024405260925822247e+01 1.105781288058900458e+01 1.168798586475942791e+01 1.168798586475984891e+01 1.282161969310359595e+01 1.282161969310378957e+01 1.450592759507431495e+01 1.471875679256307734e+01 1.471875679256315372e+01 1.518205844962105999e+01 1.596651466702235567e+01 1.886285643409001622e+01
4.658706275942896546e+00 4.658706275943217179e+00 5.757128799541159303e+00 6.093301465780115223e+00 6.093301465780209369e+00 7.070564692911738724e+00 7.633254172439825069e+00 8.755398135830700923e+00 8.755398135830740003e+00 8.875209280851162674e+00 9.199087850755367057e+00 1.016468441733830552e+01 1.022196023877153870e+01 1.085465714214021204e+01 1.164621180073988249e+01 1.164621180074032303e+01 1.277657905829148532e+01 1.277657905829169671e+01 1.456094985802691433e+01 1.475729881238502372e+01 1.475729881238510544e+01 1.502191824391505826e+01 1.641611949069044130e+01 1.883981109382943231e+01
5.026418848392555816e+00 5.026418848392837369e+00 5.793852912499639629e+00 5.793852912499726671e+00 6.116827706857461244e+00 6.778833662683571681e+00 8.016964196142966514e+00 8.639266375892786343e+00 8.901097079274483903e+00 8.901097079274538970e+00 9.481615363023017551e+00 1.000397958290491829e+01 1.035125518006400114e+01 1.066787585826516604e+01 1.161693084419968436e+01 1.161693084420013555e+01 1.275162251296404925e+01 1.275162251296427485e+01 1.462955491282813725e+01 1.477890504469950450e+01 1.477890504469959332e+01 1.487697420983181296e+01 1.677715692469055497e+01 1.876446214995448614e+01
5.272968773231044182e+00 5.272968773231464290e+00 5.569565884967767389e+00 5.569565884967964564e+00 6.450497122024820840e+00 6.468219741293255609e+00 8.333466998895900701e+00 8.370649577284179799e+00 8.951177650667125008e+00 8.951177650667180075e+00 9.689888524209965937e+00 9.836040543966802829e+00 1.049544017427411191e+01 1.050411199298837417e+01 1.160637917349691506e+01 1.160637917349736448e+01 1.274371534128443706e+01 1.274371534128466621e+01 1.468441112148154026e+01 1.478580758074174817e+01 1.478580758074184232e+01 1.479560815851664302e+01 1.691979709563440792e+01 1.872097927372189474e+01
5.232203637155137699e+00 5.240262639421970015e+00 5.537579533585893721e+00 5.544550991395337469e+00 6.416847876087551583e+00 6.441980842513466143e+00 8.372492085536563877e+00 8.414706899560714604e+00 8.919285117065806290e+00 8.941718165927504458e+00 9.691644496254260943e+00 9.832982309447617197e+00 1.047953086888668395e+01 1.049695603471032967e+01 1.158659104485874280e+01 1.164446150667577307e+01 1.269261739517558318e+01 1.274365479429864401e+01 1.459841470556306575e+01 1.465972880516322796e+01 1.490203700814686982e+01 1.495469854725300962e+01 1.691956353453876716e+01 1.867403537534037739e+01
5.061495138878291833e+00 5.082257731192643568e+00 5.521472059983722147e+00 5.539481089985859086e+00 6.298257058064867131e+00 6.375381999370694608e+00 8.458985197328674488e+00 8.512098325650832464e+00 8.847854894384965974e+00 8.924695433665430500e+00 9.693307487627334851e+00 9.823320504697246491e+00 1.044388971528649357e+01 1.047912351556882093e+01 1.152221700475082145e+01 1.173631979366416545e+01 1.257892674173744219e+01 1.274061531405076053e+01 1.449991715680316418e+01 1.455674136562552690e+01 1.508437836697857293e+01 1.515258366720734173e+01 1.691198026744112681e+01 1.853915254481085384e+01
4.768471031350159706e+00 4.792172839755748370e+00 5.570505480788409791e+00 5.590813354126551893e+00 6.107084808780117058e+00 6.245755421870735624e+00 8.490624101554432812e+00 8.553294077470374290e+00 8.856587486960313171e+00 8.940387057198130094e+00 9.687228164930511198e+00 9.803916321621068519e+00 1.041269049465219254e+01 1.045298363434084976e+01 1.141811065348606036e+01 1.183769794000521891e+01 1.247928096375962959e+01 1.272695595641754807e+01 1.441989627875743807e+01 1.447385409961345282e+01 1.528802497741825484e+01 1.538217170640030140e+01 1.688366626500338086e+01 1.833279106186751761e+01
4.423439715146324502e+00 4.444692418639288434e+00 5.651080747028155216e+00 5.667545419762510583e+00 5.858771583137012406e+00 6.039534322918694187e+00 8.380018175600527641e+00 8.525645024474060918e+00 8.986335166192022328e+00 9.024940235395337851e+00 9.667627125574862035e+00 9.766356020280591466e+00 1.039372754882292504e+01 1.042907807280353083e+01 1.131888877877554833e+01 1.191064165050600110e+01 1.243250547902065861e+01 1.269451333381689473e+01 1.435849669430339048e+01 1.440595052970167522e+01 1.549832710950312986e+01 1.563640549679817227e+01 1.682783749624558922e+01 1.807787314347243068e+01
4.082659476310916524e+00 4.098722647299517519e+00 5.551298709204795401e+00 5.733708923992701934e+00 5.762511472825859293e+00 5.786574301374934670e+00 8.261041617593358311e+00 8.447944065733162589e+00 9.125976238145822705e+00 9.145167365019894135e+00 9.633431550888476025e+00 9.703156143993183491e+00 1.038457810847931384e+01 1.042319931063483729e+01 1.127884994471265578e+01 1.192857210341527718e+01 1.242922412980402669e+01 1.264338898162092484e+01 1.431437169217391592e+01 1.435145458164000054e+01 1.570283020110671224e+01 1.590028460293601853e+01 1.675254386777766413e+01 1.779783602114836327e+01
3.792993492020473312e+00 3.803678989340423033e+00 5.245398379097402142e+00 5.527976597743209375e+00 5.822318484091089985e+00 5.834461187390443726e+00 8.187970493572629849e+00 8.353392403738137517e+00 9.242367906494914465e+00 9.263026050187384897e+00 9.586092584156997276e+00 9.622514454595402000e+00 1.039115441389562200e+01 1.042930510167536795e+01 1.131661543933029357e+01 1.187548396426222119e+01 1.244846671327633025e+01 1.258736330537337267e+01 1.428582629233665457e+01 1.431046968372830896e+01 1.589147748214941025e+01 1.613759533501537646e+01 1.669199887642573898e+01 1.751109046445002804e+01
3.596092564322851182e+00 3.604735322048672419e+00 5.003863571024128376e+00 5.350928087203411287e+00 5.877213898969526618e+00 5.884748531016000150e+00 8.165089234787147987e+00 8.268099200449805508e+00 9.332938404071938976e+00 9.363900348959081299e+00 9.527957943675204433e+00 9.543467703673705671e+00 1.040639027032940866e+01 1.043528263749720963e+01 1.141925841492652083e+01 1.175822276999847915e+01 1.247588726697868999e+01 1.254145279632955301e+01 1.427138564567202828e+01 1.428349197228447487e+01 1.605666755344514840e+01 1.624846554522944686e+01 1.674448946971935470e+01 1.723003909777058951e+01
3.525719590861740027e+00 3.534593032564603998e+00 4.911958082255375224e+00 5.286478222237386504e+00 5.897199363066293998e+00 5.902471494306715805e+00 8.172166399567531769e+00 8.223752931470288630e+00 9.380535288059004273e+00 9.426639803408724205e+00 9.487541085470521551e+00 9.489863421194549176e+00 1.041442097102207676e+01 1.043684269537697240e+01 1.151872641475873316e+01 1.165175529248726072e+01 1.250304884189501564e+01 1.250947308496849963e+01 1.426963670931288952e+01 1.427146986000877149e+01 1.617967331020906840e+01 1.619842842674224670e+01 1.691352377083800462e+01 1.700410142324718166e+01
3.530105053121603831e+00 3.556790647135501970e+00 4.934306580721163904e+00 5.280160619788100362e+00 5.825905906077072594e+00 5.834641605097088402e+00 8.058864253018066748e+00 8.108521915349122366e+00 9.370838223762410379e+00 9.399565972455722118e+00 9.606563040201216097e+00 9.651710380946903811e+00 1.042019438736995163e+01 1.044109238153723318e+01 1.154220861902041939e+01 1.167320804035286308e+01 1.250064730955346626e+01 1.252623759626160016e+01 1.425389932484023170e+01 1.426863228842736220e+01 1.616504777982179064e+01 1.619850850527134156e+01 1.693333580875669853e+01 1.701784002051212141e+01
3.555877439936688589e+00 3.616241049708561750e+00 4.986440246611288707e+00 5.256191350138722740e+00 5.632917903109934343e+00 5.651130314802861321e+00 7.785096400594435195e+00 7.828128750193152463e+00 9.437073135479337793e+00 9.458980173752697951e+00 9.827795068588715210e+00 9.880738458480266218e+00 1.044271745136471985e+01 1.045658454594417819e+01 1.160926662060798442e+01 1.172980241728157225e+01 1.250996474786287749e+01 1.256223141092385553e+01 1.422051061646748238e+01 1.424533964768747296e+01 1.614074118142370651e+01 1.618723744227062156e+01 1.698676832636265033e+01 1.705572999722136629e+01
3.617236682500774236e+00 3.703651456406155784e+00 5.027896311050580103e+00 5.184223700551153335e+00 5.372807940316938868e+00 5.421061152445012965e+00 7.448326302924735742e+00 7.484314679116546465e+00 9.555464997828561735e+00 9.575019788987031433e+00 1.003932526364656930e+01 1.008706562527782324e+01 1.049235125957301662e+01 1.049747023216086284e+01 1.170770241749403517e+01 1.180410167517743325e+01 1.253898155828969863e+01 1.261475979027374272e+01 1.417116727905072615e+01 1.419766523901484057e+01 1.612204841861051463e+01 1.616782684665830416e+01 1.705912021300269998e+01 1.710995283179458681e+01
3.714834772220308334e+00 3.802555048444876906e+00 4.946782760168829896e+00 4.979710984180106159e+00 5.180953883814897409e+00 5.278341963091753186e+00 7.109055189618488590e+00 7.144558069342555662e+00 9.686118320785929825e+00 9.701943407055480861e+00 1.020042832177375836e+01 1.022064813373525638e+01 1.057621223905784724e+01 1.058702080428768078e+01 1.181649765011273345e+01 1.187850510705631635e+01 1.259604297568100151e+01 1.267987679666706669e+01 1.410640999769522352e+01 1.412458226708295150e+01 1.611540148332305122e+01 1.615114196110857137e+01 1.713414378963603468e+01 1.717142154659816100e+01
3.824450672249852357e+00 3.886655892408078294e+00 4.708607469493313324e+00 4.723329133328608265e+00 5.133272786831539314e+00 5.200616805159561373e+00 6.806892286123115809e+00 6.850804485074940331e+00 9.804200350109729456e+00 9.814505257591887855e+00 1.027446975398059159e+01 1.031187956932185656e+01 1.069116929750243195e+01 1.070435567429065671e+01 1.190973204073469915e+01 1.194347866122550350e+01 1.268300603696548201e+01 1.275210399365663605e+01 1.402359100797965219e+01 1.403618617623876297e+01 1.612110353936244422e+01 1.614400920088318614e+01 1.719942214020001003e+01 1.723113643072699475e+01
3.894498921557263849e+00 3.918787703707230285e+00 4.524119284772877947e+00 4.542372685526658849e+00 5.087147351035362419e+00 5.134205889820754543e+00 6.571985701740554298e+00 6.628289272203815585e+00 9.895644704300151417e+00 9.901704584357913674e+00 1.029166546449092934e+01 1.038295037184560776e+01 1.079514629574042850e+01 1.081646666781656307e+01 1.196113451490886703e+01 1.200427230895215835e+01 1.278519772399262422e+01 1.282486838748866020e+01 1.392294333386829486e+01 1.395500418397749165e+01 1.613425234379766238e+01 1.614592097940814597e+01 1.724794542179396473e+01 1.728076767619911536e+01
3.887376975003897783e+00 3.893863029440220558e+00 4.453428411823648680e+00 4.481867204336563049e+00 5.038704470048855910e+00 5.082885448651547122e+00 6.423855118120284757e+00 6.490852296246226949e+00 9.951913900287596704e+00 9.958818958883599137e+00 1.029426650822177081e+01 1.042438159335926251e+01 1.086591519208129419e+01 1.089337122912569100e+01 1.198180259704130890e+01 1.204626716741603332e+01 1.286906248619168203e+01 1.288725613160871752e+01 1.383869220204149997e+01 1.389009731795566083e+01 1.614653043479531291e+01 1.615168871216705071e+01 1.727711006250281045e+01 1.731353212864004121e+01
3.864932210448315253e+00 3.875493476042607632e+00 4.443108765485466627e+00 4.479286612558461833e+00 5.017648306947164016e+00 5.062615346652236781e+00 6.373205345855332382e+00 6.444528722177606639e+00 9.970774641916287706e+00 9.979046599263968531e+00 1.029384245808951803e+01 1.043804221277173205e+01 1.089104688562750134e+01 1.092049736063762388e+01 1.198726769058618657e+01 1.206029996910462110e+01 1.289893087669029015e+01 1.291648833520446438e+01 1.380495084548002360e+01 1.386402309317110948e+01 1.615082290449328184e+01 1.615520818944715842e+01 1.728674870977440747e+01 1.732497499821270992e+01
3.881567908584464544e+00 3.902187394671988940e+00 4.462064022097365523e+00 4.465713535889743291e+00 5.034841446957853073e+00 5.083892780171581194e+00 6.432076074668426457e+00 6.471970687474428274e+00 9.955085468881447852e+00 9.959579645203859855e+00 1.029147010518530436e+01 1.043018658434157864e+01 1.085951486692732004e+01 1.090495332949075902e+01 1.196569717298125290e+01 1.206469231944779352e+01 1.285522018581570691e+01 1.290992623829864172e+01 1.383336374525799251e+01 1.388712563041910641e+01 1.612757866702781229e+01 1.617043661426987455e+01 1.727362037228612124e+01 1.731956999853789014e+01
3.931772971635569824e+00 3.983732843282366431e+00 4.439887611226783548e+00 4.518703939054079299e+00 5.086181982486583486e+00 5.146917163465754008e+00 6.529121275282047776e+00 6.622695752350809428e+00 9.885918232217038693e+00 9.926134920919436055e+00 1.028505126526670210e+01 1.040896428107072147e+01 1.074987964957964159e+01 1.087589326386492061e+01 1.190080500265861296e+01 1.207592811448066250e+01 1.275505515161031411e+01 1.288967870558445838e+01 1.386345218230235865e+01 1.398522474751781530e+01 1.605927502654444794e+01 1.621470622013974960e+01 1.720397222515610380e+01 1.733707816773571508e+01
4.015563642152431889e+00 4.121152774031408228e+00 4.432048148319426062e+00 4.610928826390098934e+00 5.172622368400360493e+00 5.248072710388117734e+00 6.644359097695558880e+00 6.894408950636054634e+00 9.778675638913380652e+00 9.870739651691332384e+00 1.027632794843462349e+01 1.038006307142886442e+01 1.057354236797291591e+01 1.082863368618855660e+01 1.179785074039047110e+01 1.208881131935003062e+01 1.264682083237103072e+01 1.285577863613293204e+01 1.389500219783187163e+01 1.411841419230265871e+01 1.595015063328958682e+01 1.628169449936573088e+01 1.708387964766208356e+01 1.738276696198427018e+01
4.131197532419058405e+00 4.306753363697870540e+00 4.464691169092580125e+00 4.732632323820633147e+00 5.296924315496708502e+00 5.381276556207009065e+00 6.805100944035364030e+00 7.241248302951840188e+00 9.642653492034831686e+00 9.793287402942736364e+00 1.026673686418624598e+01 1.034457742309020567e+01 1.035096920041365465e+01 1.075901799235827561e+01 1.167498003704801768e+01 1.209647932675622428e+01 1.255652305424255744e+01 1.281203481421339241e+01 1.393872490225477634e+01 1.425256925179549405e+01 1.580710401925893827e+01 1.635273711980359934e+01 1.693314314325310121e+01 1.746093191351895513e+01
4.275036654836744887e+00 4.517818641547188818e+00 4.543464727688121485e+00 4.873810886859538449e+00 5.461277082773484004e+00 5.539983443692216625e+00 7.015312778830499418e+00 7.644073939799887363e+00 9.487062394531248444e+00 9.692679137547214552e+00 1.007484722852639969e+01 1.025525821688706074e+01 1.033230754271160912e+01 1.066849341726257094e+01 1.155883036463658264e+01 1.209229006744505952e+01 1.249170917019932858e+01 1.276680452277456546e+01 1.399527286281643690e+01 1.437516012308021374e+01 1.563947277356139942e+01 1.637353684057592318e+01 1.680054776790175453e+01 1.758022169427746562e+01
4.442044486969013661e+00 4.662669675477028264e+00 4.722055855719755613e+00 5.022802689644113805e+00 5.660102507763161483e+00 5.718891894625026673e+00 7.273022476680790938e+00 8.081536707212467974e+00 9.319874369164054428e+00 9.568257936733829183e+00 9.776054866536361132e+00 1.024288718102177143e+01 1.033410730330967553e+01 1.056123175895544719e+01 1.147421075119782863e+01 1.207094417012917908e+01 1.245339121436733620e+01 1.272976510803609607e+01 1.406308907833389377e+01 1.448084944192989454e+01 1.545878545909215163e+01 1.625259841017541973e+01 1.677203944742590380e+01 1.774475383873319245e+01
4.624791082281828558e+00 4.815161881975095426e+00 4.895061059258290825e+00 5.168405153202952462e+00 5.867358299240161834e+00 5.916725370528689076e+00 7.565417343277808016e+00 8.523287916000462872e+00 9.149739188633093434e+00 9.424450880822469401e+00 9.461625091040088975e+00 1.024156747356668973e+01 1.035553086044554760e+01 1.043922548810626161e+01 1.143815876763992456e+01 1.202775187327827844e+01 1.244302903784935843e+01 1.270761774149189627e+01 1.414065497212846090e+01 1.456740708769543957e+01 1.527833346502318257e+01 1.602096942140479641e+01 1.681601794529579763e+01 1.794756904324511382e+01
4.812142121960972574e+00 4.994665783480293442e+00 5.030840262942767538e+00 5.300840693117807589e+00 6.054908560112099991e+00 6.117696091689674098e+00 7.867903236050618254e+00 8.902612221776966095e+00 9.015357351779002215e+00 9.149842981550301957e+00 9.274729821851106948e+00 1.026446571014109566e+01 1.030120726796929631e+01 1.039014105901520146e+01 1.145424223805546049e+01 1.195795222983908168e+01 1.246551646449107764e+01 1.270222261145127618e+01 1.422801120276516329e+01 1.463454013742764026e+01 1.511210669317637922e+01 1.575089103321509576e+01 1.686616683924895099e+01 1.816946831061977718e+01
4.989106317349155439e+00 5.134160687487707264e+00 5.189549684369351823e+00 5.412424288545947704e+00 6.217569841128135266e+00 6.282203640211761808e+00 8.141958099210363287e+00 8.837206183350648558e+00 8.854051504240723958e+00 9.138962845095361942e+00 9.292973643761149205e+00 1.014843898858819315e+01 1.031672164307211581e+01 1.043039738382416992e+01 1.150529009129327385e+01 1.186070193158344566e+01 1.252660012561008607e+01 1.271050796638723135e+01 1.432754295394033228e+01 1.468345365689177129e+01 1.497278797405380502e+01 1.547499090345446859e+01 1.690094164177827096e+01 1.838363756463087384e+01
5.137409460537550210e+00 5.209456528687895549e+00 5.375972510222975842e+00 5.497421791346802422e+00 6.345639303188900016e+00 6.390724209496012165e+00 8.317737040774893842e+00 8.596280769117505827e+00 8.809022415295219233e+00 9.034995483413869266e+00 9.536792007023327855e+00 9.992426921779971494e+00 1.039129551369770432e+01 1.046783253305022576e+01 1.155977027319851480e+01 1.174729039349723969e+01 1.261884691593841978e+01 1.272539444083741245e+01 1.444362106052295047e+01 1.471641536905067582e+01 1.486947789064703329e+01 1.521227272143772602e+01 1.691703727188810191e+01 1.856184606544738003e+01
5.237450308623738948e+00 5.256678407826218979e+00 5.516350430426700591e+00 5.551107921642947751e+00 6.425997636263203638e+00 6.448216729414152582e+00 8.350304905744733830e+00 8.423926215892240776e+00 8.892144065160382027e+00 8.971968919577745893e+00 9.668869600788202234e+00 9.869634205707708219e+00 1.046390356413744094e+01 1.049433204099424088e+01 1.159500674607661885e+01 1.164778980824929810e+01 1.270701750973811883e+01 1.273856258136963859e+01 1.457936552204990122e+01 1.473745478198729586e+01 1.480674080249788815e+01 1.497703007645902851e+01 1.692024551302040081e+01 1.867975347139309150e+01
5.272968773231044182e+00 5.272968773231464290e+00 5.569565884967767389e+00 5.569565884967964564e+00 6.450497122024820840e+00 6.468219741293255609e+00 8.333466998895900701e+00 8.370649577284179799e+00 8.951177650667125008e+00 8.951177650667180075e+00 9.689888524209965937e+00 9.836040543966802829e+00 1.049544017427411191e+01 1.050411199298837417e+01 1.160637917349691506e+01 1.160637917349736448e+01 1.274371534128443706e+01 1.274371534128466621e+01 1.468441112148154026e+01 1.478580758074174817e+01 1.478580758074184232e+01 1.479560815851664302e+01 1.691979709563440792e+01 1.872097927372189474e+01
2.664841058518356842e+00 2.664928785974522985e+00 3.270690411231487182e+00 3.287935952067297496e+00 5.175150077206569499e+00 5.175210352045271911e+00 5.247837958472834963e+00 5.262953447670350116e+00 6.579460172526293782e+00 6.819723438780471270e+00 9.702086956425103992e+00 9.748095386030939835e+00 1.086051280914528583e+01 1.088147496571857786e+01 1.274107348459022404e+01 1.277117225358098018e+01 1.356003619261345250e+01 1.356028001455212362e+01 1.380056368312020609e+01 1.380104814006820924e+01 1.587823655712229431e+01 1.594559836415739262e+01 1.774103460652940356e+01 1.916696834091256108e+01
2.737961878290354090e+00 2.738079704020668359e+00 3.285794673199125882e+00 3.302987071327033508e+00 5.190988935429365014e+00 5.198494372532025842e+00 5.290533255638585786e+00 5.301091520128609069e+00 6.576318927143543824e+00 6.816968223696972196e+00 9.697689608601788080e+00 9.744255049428613091e+00 1.085622519741791869e+01 1.087720642337728272e+01 1.273574735423438398e+01 1.276627871008077797e+01 1.356218803716803123e+01 1.356322891886522441e+01 1.383301213361448134e+01 1.384533862790640768e+01 1.586227224858768636e+01 1.592838488758786042e+01 1.771954453632492843e+01 1.912058823632175475e+01
2.934616700592454830e+00 2.935409613844822463e+00 3.333013363666099238e+00 3.350032317131982573e+00 5.219093893610985191e+00 5.232584420284200455e+00 5.441436348997822137e+00 5.452364453163731639e+00 6.567864064900133414e+00 6.808739063133788072e+00 9.684627181119340733e+00 9.732688906832867914e+00 1.084350559814179960e+01 1.086454321430912096e+01 1.272049348085211307e+01 1.275204321147476350e+01 1.358002609164964980e+01 1.358083572213564771e+01 1.391156172089316456e+01 1.395843999846714034e+01 1.581665362839789246e+01 1.587825395393640804e+01 1.765843213486369834e+01 1.898512973847735807e+01
3.194483086986044107e+00 3.196295974932062300e+00 3.420956770127220103e+00 3.437548146047055386e+00 5.272260771670337576e+00 5.285186914041476669e+00 5.697252552611106857e+00 5.712141054660501815e+00 6.558136461861113098e+00 6.795656307619645453e+00 9.663291621411696397e+00 9.713329309391948385e+00 1.082277455120118503e+01 1.084389068238211706e+01 1.269685992385629625e+01 1.272944377432153296e+01 1.361815020782487551e+01 1.362670447213597846e+01 1.400258109069854662e+01 1.410286976646145440e+01 1.574847207948343630e+01 1.580026039019349504e+01 1.756774131682870532e+01 1.877207898667317920e+01
3.424769830261510606e+00 3.425505513631878607e+00 3.578872958714220509e+00 3.591171999261592251e+00 5.382377399764609827e+00 5.391247179739544038e+00 6.037404983783425827e+00 6.042701370429784724e+00 6.563004021481840589e+00 6.781866561063052856e+00 9.634378839150892659e+00 9.686248750300668675e+00 1.079471794363901616e+01 1.081587985444973476e+01 1.266617250165427144e+01 1.269942306102459639e+01 1.367349603780308342e+01 1.369799288497832102e+01 1.407080022357898486e+01 1.423822240097447356e+01 1.566959409330981501e+01 1.570471167681787961e+01 1.746374252100909530e+01 1.850193999367069608e+01
3.585150217993738231e+00 3.589195437799089561e+00 3.778106159282764054e+00 3.785734435596595393e+00 5.579891892805655118e+00 5.579913193315748643e+00 6.329198612598680995e+00 6.412354359397913761e+00 6.678813776036040650e+00 6.797025189115477595e+00 9.599075120096188130e+00 9.651891935293161140e+00 1.076029497205091623e+01 1.078135686995507569e+01 1.262909555716544929e+01 1.266268235256653263e+01 1.372765272466293673e+01 1.378641752568929668e+01 1.409185177624332930e+01 1.431614580652289170e+01 1.559352687028350637e+01 1.560909130919984555e+01 1.736681292136824695e+01 1.820549773178350961e+01
3.720940333015042345e+00 3.723004512571771230e+00 3.939802592124691749e+00 3.949355586686931208e+00 5.839729949491378136e+00 5.862790649466562698e+00 6.425940603244355565e+00 6.613070020377390001e+00 7.031716847007087878e+00 7.044988250018631604e+00 9.559601331837459526e+00 9.611523866550008677e+00 1.072076301784014518e+01 1.074139903112567396e+01 1.258568624121047108e+01 1.261971394641809141e+01 1.372836329761343777e+01 1.387506271419935011e+01 1.408779345489932666e+01 1.429273011490394119e+01 1.552816826765841363e+01 1.553317812151512989e+01 1.729590243739665922e+01 1.792247495211107022e+01
3.799981833763187655e+00 3.801589277871544326e+00 4.099489531539247444e+00 4.114270023524466247e+00 6.053970852422977167e+00 6.147540943668922786e+00 6.566160140301411374e+00 6.681906002587462368e+00 7.463626148888820033e+00 7.486051259731637764e+00 9.520503389333081046e+00 9.568306354423452120e+00 1.067769218223379291e+01 1.069732336560418418e+01 1.253533452825278438e+01 1.257068856157628289e+01 1.360352391477842637e+01 1.389675994297773265e+01 1.412546203212763807e+01 1.419931128096984985e+01 1.547423007941565487e+01 1.548222263779923047e+01 1.726001622382134215e+01 1.769219433975790778e+01
3.807265280530668594e+00 3.809451737157421469e+00 4.296173121575975529e+00 4.313866250100423017e+00 6.099289393166587914e+00 6.245200622907781884e+00 6.893638110410839737e+00 6.925924583792936851e+00 7.891337732065823118e+00 7.902915767963939686e+00 9.491206403402685510e+00 9.529724975704372270e+00 1.063293992441727731e+01 1.065065839345736975e+01 1.247595214358551274e+01 1.251467044363188919e+01 1.337475751206947905e+01 1.368618495873329266e+01 1.419842718092267653e+01 1.420879587323199011e+01 1.543673379543468016e+01 1.544929696734918245e+01 1.725278598246189432e+01 1.753499191216842590e+01
3.772903721435098667e+00 3.773786207759940226e+00 4.516293276942175972e+00 4.533830004604493702e+00 6.059181504890202241e+00 6.175335750853651717e+00 7.301815387417446956e+00 7.313623232254562012e+00 8.241417323088390035e+00 8.244472805561049000e+00 9.488816728838513015e+00 9.511407592232808739e+00 1.058857222310222568e+01 1.060308493369609728e+01 1.240127848397314558e+01 1.244654857264675840e+01 1.310631162215514145e+01 1.332883466334112299e+01 1.426768140538368179e+01 1.427290017551839973e+01 1.543339386226368504e+01 1.544341972190089685e+01 1.725624715107881002e+01 1.744030156095488593e+01
3.719164958387014330e+00 3.720210515489291936e+00 4.740490987716698079e+00 4.751615053454576021e+00 5.993465763946138836e+00 6.045689372362379466e+00 7.708218552592160933e+00 7.717744093855626986e+00 8.463637120105598655e+00 8.475438158156983093e+00 9.530881166611933963e+00 9.534211278858469640e+00 1.054674108578394964e+01 1.055640196731111047e+01 1.229562887093031875e+01 1.234622202431882343e+01 1.285805199339513294e+01 1.296235033048639629e+01 1.431018331564870039e+01 1.431704817400372853e+01 1.548613297182111914e+01 1.548951562736719900e+01 1.725008135749624927e+01 1.737765503637810127e+01
3.660070801185124179e+00 3.663216666956619072e+00 4.936323193066047388e+00 4.949589431186392829e+00 5.905773053537992645e+00 5.926217739886759261e+00 8.055940777928421781e+00 8.069884688439261211e+00 8.592266559758865441e+00 8.593745437059014947e+00 9.594601077894941099e+00 9.605241317255719835e+00 1.050953549487937089e+01 1.051258564306996668e+01 1.214106664530057422e+01 1.216627247520806598e+01 1.268253298255607575e+01 1.270152908069817421e+01 1.432071660405631519e+01 1.432729017695757712e+01 1.560114526863551632e+01 1.560314591924212912e+01 1.721870040076643704e+01 1.731694932080985794e+01
3.605796585375512731e+00 3.610999729556483295e+00 5.036327836848069950e+00 5.120137674368063330e+00 5.815209419022107085e+00 5.878212739800464881e+00 8.247282011384861278e+00 8.257635269286305757e+00 8.736034220108500392e+00 8.753365705596555912e+00 9.646930816868056979e+00 9.664375746532765987e+00 1.047387445796770322e+01 1.047879025886570936e+01 1.191981402560770675e+01 1.195807047773189424e+01 1.258061103272241610e+01 1.258616009130508218e+01 1.430960247891897552e+01 1.431367801000803652e+01 1.576574143474460854e+01 1.577087573500160289e+01 1.715464302317382206e+01 1.723980993555798946e+01
3.562724957003382098e+00 3.569758048122489758e+00 5.017281983631184161e+00 5.229016970409072762e+00 5.821653855148126944e+00 5.867033196920709237e+00 8.251834551107833704e+00 8.268476007177788745e+00 8.981375555817791678e+00 9.002507566420494101e+00 9.647796832194893923e+00 9.667786288852433074e+00 1.044271712524793294e+01 1.045587037037043743e+01 1.170285268633046805e+01 1.179612301811963171e+01 1.253031759384924015e+01 1.253817479323048367e+01 1.429143612137934483e+01 1.429253481096344736e+01 1.595154427330821001e+01 1.595992828176599865e+01 1.706153835314072253e+01 1.714376630226851006e+01
3.535182495699184191e+00 3.543552065351113445e+00 4.946228622004431585e+00 5.275866724120071183e+00 5.875606773278341244e+00 5.884888107682234804e+00 8.197473976147474417e+00 8.239246973975829391e+00 9.225439524580378858e+00 9.250740757442557083e+00 9.582434389787261253e+00 9.600232510966410615e+00 1.042188057055850692e+01 1.044167173745410260e+01 1.156513150439379878e+01 1.168891615395349248e+01 1.250903370945699145e+01 1.251595214765046116e+01 1.427581017754028636e+01 1.427687331363800105e+01 1.611171740265652019e+01 1.612592151597389645e+01 1.696224465194429243e+01 1.704854657515700112e+01
3.525719590861740027e+00 3.534593032564603998e+00 4.911958082255375224e+00 5.286478222237386504e+00 5.897199363066293998e+00 5.902471494306715805e+00 8.172166399567531769e+00 8.223752931470288630e+00 9.380535288059004273e+00 9.426639803408724205e+00 9.487541085470521551e+00 9.489863421194549176e+00 1.041442097102207676e+01 1.043684269537697240e+01 1.151872641475873316e+01 1.165175529248726072e+01 1.250304884189501564e+01 1.250947308496849963e+01 1.426963670931288952e+01 1.427146986000877149e+01 1.617967331020906840e+01 1.619842842674224670e+01 1.691352377083800462e+01 1.700410142324718166e+01
3.707251435611464974e+00 3.777057617416421209e+00 3.877367655022640136e+00 3.879384608502494558e+00 4.339782870311838181e+00 4.341717138518124131e+00 5.360009535650998913e+00 5.467851242746476714e+00 6.491182072961010796e+00 6.538446205309792703e+00 8.970108272108154424e+00 9.071527187587108187e+00 9.956459876142028875e+00 1.060363985393310493e+01 1.205523303655865242e+01 1.225151482050514495e+01 1.352922360352105891e+01 1.352995088126312595e+01 1.382806848644103681e+01 1.382892150336792092e+01 1.693102728547978941e+01 1.708247203231817224e+01 1.810627318715074097e+01 1.851691080549623436e+01
3.679010444726842355e+00 3.729285173622470584e+00 3.962135255308953496e+00 3.978337907723221267e+00 4.414830900281657478e+00 4.418288566387882810e+00 5.354830938449453015e+00 5.463122156080739700e+00 6.501820260448652355e+00 6.548356405514971001e+00 8.965520744111744378e+00 9.066900611813332844e+00 9.963214089846358590e+00 1.059970514996720503e+01 1.206345160808995054e+01 1.225490301365126555e+01 1.354128051964209511e+01 1.354308725745011621e+01 1.385243434278185681e+01 1.385500382476462988e+01 1.690691757821465302e+01 1.705568755702507033e+01 1.808295028616261746e+01 1.848691472832259208e+01
3.636080757254317231e+00 3.674930133052550119e+00 4.156619325718655666e+00 4.180774625673254974e+00 4.628774114256116512e+00 4.634591799488123165e+00 5.339853558048273108e+00 5.448980898058546352e+00 6.538219889945803054e+00 6.582471386927291057e+00 8.955043969955724492e+00 9.055847020531929914e+00 9.983004285883414042e+00 1.058811148807735414e+01 1.208698893480581305e+01 1.226453458472547986e+01 1.357166332263820863e+01 1.358067387932082859e+01 1.392152198606397562e+01 1.392742818842995867e+01 1.683751554651899340e+01 1.697829770492892720e+01 1.801547828155221254e+01 1.839966768897628668e+01
3.595649333971084438e+00 3.628716642270244819e+00 4.411879734178671519e+00 4.437251245587937376e+00 4.948935540908316888e+00 4.957592862116067423e+00 5.316603234378300513e+00 5.425651508305861626e+00 6.614984400436090262e+00 6.655144817117115252e+00 8.948288163529074524e+00 9.046675595060474251e+00 1.001447220119228909e+01 1.056947797150145085e+01 1.212285165047189572e+01 1.227895930799026658e+01 1.361051509683294292e+01 1.363033155387944895e+01 1.402161800867306951e+01 1.403228655486180010e+01 1.673161330067973651e+01 1.685926757181141866e+01 1.791133771851466605e+01 1.826343952363851386e+01
3.560684784881453346e+00 3.589993307066823736e+00 4.674855400675087758e+00 4.699257678776660008e+00 5.287223033518793081e+00 5.329226794810582035e+00 5.342939373301075712e+00 5.393712321892854433e+00 6.757996901258773725e+00 6.792115253808149511e+00 8.960754430012769944e+00 9.053011920602957119e+00 1.005553507696863491e+01 1.054479674219457408e+01 1.216696066548468380e+01 1.229609971085040243e+01 1.364130402749120918e+01 1.367401745921935508e+01 1.413260238529047719e+01 1.414912487695598742e+01 1.660363101842839129e+01 1.671354597685834875e+01 1.778282628368468465e+01 1.809204841356970661e+01
3.536055138960804367e+00 3.562362510147020878e+00 4.886966903675702412e+00 4.909441802571275382e+00 5.254097331566160101e+00 5.354228257959613657e+00 5.717710102245015413e+00 5.740224298924179180e+00 6.996535668522625429e+00 7.023201744984848283e+00 9.013265840825244624e+00 9.093871494835694236e+00 1.010360849043273035e+01 1.051537759390101456e+01 1.221478685645584861e+01 1.231340266322943222e+01 1.364429650659511495e+01 1.369007616337709088e+01 1.423148710493315328e+01 1.425392028422531254e+01 1.647223728785384367e+01 1.656108043197347257e+01 1.764625986859136120e+01 1.790440609166877906e+01
3.526777148581026200e+00 3.550259646522871737e+00 5.010845756529494821e+00 5.029897745420480071e+00 5.219548434438107343e+00 5.308789060242711244e+00 6.062789658392295777e+00 6.096776608288064558e+00 7.339853541508568391e+00 7.359042807942935305e+00 9.129075253853395466e+00 9.192143253453430418e+00 1.015584049554260559e+01 1.048278003063939323e+01 1.226146393753190722e+01 1.232770714404619561e+01 1.360212172776146922e+01 1.365867971401358005e+01 1.429663703780989970e+01 1.432307709204169832e+01 1.635653027657612313e+01 1.642332815726219764e+01 1.751970501280473513e+01 1.772264558399519530e+01
3.536076428404955951e+00 3.556620849123082184e+00 5.045886212926967929e+00 5.059430441295085679e+00 5.185621590246725532e+00 5.259476101374016999e+00 6.323246731187301961e+00 6.366756776234178794e+00 7.763328431546764996e+00 7.776112123006891252e+00 9.324297960909282423e+00 9.366653838623117068e+00 1.020930761578244628e+01 1.044874904130863058e+01 1.230132530089379017e+01 1.233481770078970463e+01 1.350778493169796590e+01 1.357020537018878770e+01 1.431312054445967519e+01 1.433898650189357227e+01 1.626984310560217750e+01 1.631663919029259091e+01 1.741863927361758613e+01 1.756772592240570674e+01
3.564521246202354554e+00 3.581937440875727408e+00 5.012235573060219274e+00 5.018465519985594980e+00 5.153936913219925309e+00 5.208799248748895216e+00 6.482262437415589496e+00 6.526907504654165137e+00 8.224935556950558890e+00 8.232529590367619221e+00 9.593776455458916885e+00 9.617265079191483323e+00 1.026109859523889689e+01 1.041521277422853764e+01 1.232695423459297146e+01 1.232886219490110769e+01 1.337113646842034420e+01 1.343279337244517002e+01 1.427787769885548563e+01 1.429660729520672113e+01 1.621493116159997783e+01 1.624603118019550507e+01 1.735079435254571933e+01 1.745307440625848017e+01
3.609992610678586011e+00 3.624226782264150515e+00 4.929713016032869710e+00 4.931874652368776424e+00 5.125517252333361640e+00 5.159696850922207645e+00 6.550970526823398643e+00 6.584869557386303640e+00 8.684381794385073405e+00 8.687714830803656696e+00 9.907156097195670696e+00 9.918157667168294722e+00 1.030786238890600082e+01 1.038476586717233552e+01 1.230202668201295602e+01 1.232830736306341990e+01 1.321862766130488964e+01 1.327250191415239122e+01 1.420021363581361840e+01 1.420796537087178280e+01 1.618512612736116907e+01 1.620530128173156115e+01 1.731380071275983923e+01 1.738040632516033313e+01
3.668143123133398298e+00 3.679495795804347491e+00 4.812750720367866109e+00 4.823639666875615184e+00 5.099789400993412158e+00 5.116392043238624510e+00 6.555296793459331361e+00 6.569630979092442757e+00 9.108147555384327632e+00 9.108421497761307606e+00 1.022024713129422224e+01 1.023103597471810033e+01 1.033716412465867407e+01 1.036930526455716794e+01 1.224712756317162210e+01 1.229499690581458893e+01 1.308447198388991772e+01 1.312366762511803486e+01 1.408956535416199785e+01 1.410629698016876787e+01 1.617026220567562333e+01 1.618339778076282087e+01 1.729789792078072708e+01 1.734197419093058201e+01
3.732856121937199845e+00 3.742176378644773926e+00 4.685466905097159795e+00 4.704829573399220699e+00 5.070291045470692204e+00 5.088560346726534789e+00 6.509461115616977267e+00 6.529074089981996565e+00 9.466468117231766399e+00 9.469830745528154736e+00 1.032450217718270302e+01 1.039297994444127582e+01 1.049680341451124477e+01 1.051419919769753974e+01 1.216633778040974967e+01 1.222735945258263257e+01 1.299288282782920767e+01 1.301233941359070734e+01 1.397571072758348620e+01 1.400940409089402117e+01 1.616207976900123455e+01 1.617086317803925866e+01 1.729182969588296004e+01 1.732671470039832329e+01
3.795940894528178067e+00 3.804683301552080010e+00 4.566421894205568321e+00 4.593561982327185156e+00 5.042172866299789113e+00 5.073710492731100530e+00 6.443443438996356853e+00 6.488486634677866682e+00 9.740273770627467798e+00 9.746166828288259865e+00 1.030812607199314890e+01 1.041732885732345082e+01 1.071108929869986603e+01 1.073472830515846432e+01 1.207874270487176105e+01 1.214674844923914243e+01 1.294370500286609982e+01 1.294391846712102634e+01 1.388330070025659246e+01 1.393088037115551359e+01 1.615636013790016889e+01 1.616255512518615589e+01 1.728886632331726148e+01 1.732366584444728730e+01
3.845363581588048696e+00 3.855056387891382386e+00 4.477332211447619947e+00 4.510791460365508598e+00 5.023915592499192506e+00 5.065358281116563610e+00 6.392268186320989365e+00 6.456526653186088538e+00 9.912156135625894038e+00 9.919792914490756175e+00 1.029748547138914994e+01 1.043278800475044577e+01 1.084544133257649712e+01 1.087336348448996937e+01 1.201200463100085081e+01 1.208376029987193512e+01 1.290929955669445128e+01 1.292227150528382040e+01 1.382477501181405266e+01 1.388097625597545637e+01 1.615233846193521927e+01 1.615715679866132604e+01 1.728726800424846743e+01 1.732440497696038406e+01
3.864932210448315253e+00 3.875493476042607632e+00 4.443108765485466627e+00 4.479286612558461833e+00 5.017648306947164016e+00 5.062615346652236781e+00 6.373205345855332382e+00 6.444528722177606639e+00 9.970774641916287706e+00 9.979046599263968531e+00 1.029384245808951803e+01 1.043804221277173205e+01 1.089104688562750134e+01 1.092049736063762388e+01 1.198726769058618657e+01 1.206029996910462110e+01 1.289893087669029015e+01 1.291648833520446438e+01 1.380495084548002360e+01 1.386402309317110948e+01 1.615082290449328184e+01 1.615520818944715842e+01 1.728674870977440747e+01 1.732497499821270992e+01
