0.000000000000000000e+00
8.484831064446081428e-02
1.696966212889216286e-01
2.545449319333824567e-01
3.393932425778432571e-01
4.242415532223040575e-01
5.090898638667649134e-01
5.939381745112256583e-01
6.681804463251288517e-01
7.424227181390320451e-01
8.166649899529352385e-01
8.909072617668385430e-01
9.651495335807416254e-01
1.039391805394644930e+00
1.113634077208548234e+00
1.187876349022451317e+00
1.264235932804714357e+00
1.340595516586977398e+00
1.416955100369240439e+00
1.493314684151503480e+00
1.569674267933766520e+00
1.646033851716029561e+00
1.722393435498292602e+00
1.798753019280555643e+00
1.875112603062818684e+00
1.951472186845081724e+00
2.027831770627344987e+00
2.099804417969620918e+00
2.171777065311896848e+00
2.243749712654173223e+00
2.315722359996449153e+00
2.387695007338725084e+00
2.459667654681001014e+00
2.531640302023276945e+00
2.603612949365553320e+00
2.675585596707829250e+00
2.747558244050105181e+00
2.819530891392381111e+00
2.891503538734657042e+00
2.963476186076933416e+00
3.035448833419208903e+00
3.109691105233112207e+00
3.183933377047015512e+00
3.258175648860918372e+00
3.332417920674821676e+00
3.406660192488724981e+00
3.480902464302628285e+00
3.555144736116531590e+00
3.629387007930434450e+00
3.703629279744337754e+00
3.777871551558241059e+00
3.852113823372143919e+00
3.926356095186047224e+00
4.000598366999950528e+00
4.074840638813853388e+00
4.149082910627757137e+00
4.223325182441659997e+00
4.293321467575401229e+00
4.363317752709142461e+00
4.433314037842883693e+00
4.503310322976624036e+00
4.573306608110365268e+00
4.643302893244106500e+00
4.713299178377847731e+00
4.783295463511588963e+00
4.853291748645330195e+00
4.923288033779071426e+00
4.993284318912812658e+00
5.063280604046553890e+00
5.063280604046553890e+00
5.130455074899344936e+00
5.197629545752135982e+00
5.264804016604927028e+00
5.331978487457718074e+00
5.399152958310508232e+00
5.466327429163299279e+00
5.533501900016090325e+00
5.600676370868881371e+00
5.667850841721672417e+00
5.735025312574463463e+00
5.802199783427254509e+00
5.869374254280045555e+00
5.936548725132836601e+00
6.003723195985626759e+00
6.070897666838417805e+00
6.070897666838417805e+00
6.142870314180694180e+00
6.214842961522969667e+00
6.286815608865246041e+00
6.358788256207521528e+00
6.430760903549797902e+00
6.502733550892074277e+00
6.574706198234349763e+00
6.646678845576626138e+00
6.718651492918901624e+00
6.790624140261177999e+00
6.862596787603454374e+00
6.934569434945729860e+00
7.006542082288006235e+00
7.078514729630281721e+00
