0.000000000000000000e+00
4.511790140815855749e-02
9.023580281631711497e-02
1.353537042244756794e-01
1.804716056326342299e-01
2.255895070407927805e-01
2.707074084489513588e-01
3.158253098571098816e-01
3.609432112652684599e-01
4.060611126734270382e-01
4.511790140815855610e-01
4.962969154897441393e-01
5.414148168979027176e-01
5.865327183060612404e-01
6.316506197142197632e-01
6.845102719962119497e-01
7.373699242782041363e-01
7.902295765601963229e-01
8.430892288421885095e-01
8.959488811241806960e-01
9.488085334061728826e-01
9.939264348143314054e-01
1.039044336222489928e+00
1.084162237630648562e+00
1.129280139038807196e+00
1.174398040446965608e+00
1.219515941855124241e+00
1.264633843263282653e+00
1.309751744671441287e+00
1.354869646079599921e+00
1.399987547487758555e+00
1.445105448895916966e+00
1.490223350304075600e+00
1.535341251712234012e+00
1.580459153120392646e+00
1.625767426504957314e+00
1.671075699889522204e+00
1.716383973274086872e+00
1.761692246658651539e+00
1.807000520043216207e+00
1.852308793427781097e+00
1.897617066812345765e+00
1.966187303273381204e+00
2.034757539734416643e+00
2.076867581048698064e+00
2.118977622362979485e+00
2.161087663677260462e+00
2.203197704991541883e+00
2.245307746305823304e+00
2.287417787620104725e+00
2.329527828934385703e+00
2.371637870248667124e+00
2.413747911562948545e+00
2.455857952877229966e+00
2.497967994191510943e+00
2.540078035505792364e+00
2.582188076820073785e+00
2.624298118134355207e+00
2.666408159448636184e+00
2.711716432833200852e+00
2.757024706217765520e+00
2.802332979602330187e+00
2.847641252986895299e+00
2.892949526371459967e+00
2.938257799756024635e+00
2.983566073140589303e+00
3.025676114454870724e+00
3.067786155769152145e+00
3.109896197083433123e+00
3.152006238397714544e+00
3.194116279711995965e+00
3.236226321026277386e+00
3.278336362340558363e+00
3.320446403654839784e+00
3.362556444969121205e+00
3.404666486283402627e+00
3.446776527597683604e+00
3.488886568911965025e+00
3.530996610226246446e+00
3.573106651540527867e+00
3.615216692854809288e+00
3.654861432066303539e+00
3.694506171277797790e+00
3.734150910489291597e+00
3.773795649700785848e+00
3.813440388912280099e+00
3.853085128123773906e+00
3.892729867335268157e+00
3.932374606546762408e+00
3.932374606546762408e+00
3.978088097520786182e+00
4.023801588494809955e+00
4.069515079468833285e+00
4.069515079468833285e+00
4.115228570442856615e+00
4.160942061416880833e+00
4.206655552390904163e+00
4.206655552390904163e+00
4.275225788851940045e+00
4.343796025312975040e+00
