-2.548417154326084511e+00
-2.404522206928154660e+00
-2.260627259530224364e+00
-2.116732312132294513e+00
-1.972837364734364218e+00
-1.828942417336433923e+00
-1.685047469938503850e+00
-1.541152522540573777e+00
-1.397257575142643704e+00
-1.253362627744713409e+00
-1.109467680346783336e+00
-9.655727329488532629e-01
-8.216777855509230788e-01
-6.777828381529927837e-01
-5.338878907550630437e-01
-3.899929433571327486e-01
-2.460979959592025090e-01
-1.022030485612722833e-01
4.169189883665796320e-02
1.855868462345877934e-01
3.294817936325180052e-01
4.733767410304482448e-01
6.172716884283780958e-01
7.611666358263082799e-01
9.050615832242385750e-01
1.048956530622168870e+00
1.192851478020098943e+00
1.336746425418029238e+00
1.480641372815958645e+00
1.624536320213888940e+00
1.768431267611819235e+00
1.912326215009749308e+00
2.056221162407679603e+00
2.200116109805609899e+00
2.344011057203540194e+00
2.487906004601470489e+00
2.631800951999400784e+00
2.775695899397330191e+00
2.919590846795260042e+00
3.063485794193190337e+00
3.207380741591120632e+00
3.351275688989050927e+00
3.495170636386981222e+00
3.639065583784911517e+00
3.782960531182840924e+00
3.926855478580771219e+00
4.070750425978701514e+00
4.214645373376631809e+00
4.358540320774562105e+00
4.502435268172492400e+00
4.646330215570422695e+00
4.790225162968352102e+00
4.934120110366282397e+00
5.078015057764212692e+00
5.221910005162142987e+00
5.365804952560073282e+00
5.509699899958001801e+00
5.653594847355932096e+00
5.797489794753862391e+00
5.941384742151792686e+00
6.085279689549722981e+00
6.229174636947653276e+00
6.373069584345583571e+00
6.516964531743513867e+00
6.660859479141444162e+00
6.804754426539374457e+00
6.948649373937304752e+00
7.092544321335235047e+00
7.236439268733165342e+00
7.380334216131094749e+00
7.524229163529025044e+00
7.668124110926954451e+00
7.812019058324884746e+00
7.955914005722815041e+00
8.099808953120746224e+00
8.243703900518676519e+00
8.387598847916606815e+00
8.531493795314537110e+00
8.675388742712465628e+00
8.819283690110395924e+00
8.963178637508326219e+00
9.107073584906256514e+00
9.250968532304186809e+00
9.394863479702117104e+00
9.538758427100047399e+00
9.682653374497977694e+00
9.826548321895907989e+00
9.970443269293838284e+00
1.011433821669176503e+01
1.025823316408969532e+01
1.040212811148762562e+01
1.054602305888555591e+01
1.068991800628348621e+01
1.083381295368141650e+01
1.097770790107934680e+01
1.112160284847727709e+01
1.126549779587520739e+01
1.140939274327313768e+01
1.155328769067106798e+01
1.169718263806899827e+01
1.184107758546692857e+01
1.198497253286485886e+01
1.212886748026278916e+01
1.227276242766071945e+01
1.241665737505864975e+01
1.256055232245658004e+01
1.270444726985451034e+01
1.284834221725244063e+01
1.299223716465037093e+01
1.313613211204830122e+01
1.328002705944623152e+01
1.342392200684416181e+01
1.356781695424208856e+01
1.371171190164001885e+01
1.385560684903794915e+01
1.399950179643587944e+01
1.414339674383380974e+01
1.428729169123174003e+01
1.443118663862966855e+01
1.457508158602759885e+01
1.471897653342552914e+01
1.486287148082345944e+01
1.500676642822138973e+01
1.515066137561932003e+01
1.529455632301725032e+01
1.543845127041518062e+01
1.558234621781311091e+01
1.572624116521104121e+01
1.587013611260897150e+01
1.601403106000690357e+01
1.615792600740483209e+01
1.630182095480276416e+01
1.644571590220069268e+01
1.658961084959862475e+01
1.673350579699655327e+01
1.687740074439448179e+01
1.702129569179241386e+01
1.716519063919034238e+01
1.730908558658827445e+01
1.745298053398620297e+01
1.759687548138413504e+01
1.774077042878206356e+01
1.788466537617999563e+01
1.802856032357792415e+01
1.817245527097585622e+01
1.831635021837378119e+01
1.846024516577171326e+01
1.860414011316964178e+01
1.874803506056757385e+01
1.889193000796550237e+01
1.903582495536343444e+01
1.917971990276136296e+01
1.932361485015929503e+01
1.946750979755722355e+01
1.961140474495515562e+01
1.975529969235308414e+01
1.989919463975101621e+01
2.004308958714894473e+01
2.018698453454687680e+01
2.033087948194480532e+01
2.047477442934273739e+01
2.061866937674066591e+01
2.076256432413859798e+01
2.090645927153652650e+01
2.105035421893445857e+01
2.119424916633238709e+01
2.133814411373031916e+01
2.148203906112824768e+01
2.162593400852617975e+01
2.176982895592410827e+01
2.191372390332203679e+01
2.205761885071996886e+01
2.220151379811789738e+01
2.234540874551582945e+01
2.248930369291375797e+01
2.263319864031169004e+01
2.277709358770961501e+01
2.292098853510754708e+01
2.306488348250547560e+01
2.320877842990340767e+01
2.335267337730133619e+01
2.349656832469926826e+01
2.364046327209719678e+01
2.378435821949512885e+01
2.392825316689305737e+01
2.407214811429098944e+01
2.421604306168891796e+01
2.435993800908685003e+01
2.450383295648477855e+01
2.464772790388271062e+01
2.479162285128063914e+01
2.493551779867857121e+01
2.507941274607649973e+01
2.522330769347443180e+01
2.536720264087236032e+01
2.551109758827029239e+01
2.565499253566822091e+01
2.579888748306615298e+01
2.594278243046408150e+01
2.608667737786201357e+01
