0.000000000000000000e+00
5.156651136329611085e-02
1.031330227265922217e-01
1.546995340898883464e-01
2.062660454531844434e-01
2.578325568164805404e-01
3.093990681797766928e-01
3.609655795430727898e-01
4.125320909063688868e-01
4.640986022696649838e-01
5.156651136329610807e-01
5.672316249962572332e-01
6.187981363595533857e-01
6.703646477228494271e-01
7.219311590861455796e-01
7.734976704494416211e-01
8.250641818127377736e-01
8.766306931760339261e-01
9.281972045393299675e-01
9.797637159026261200e-01
9.797637159026261200e-01
1.959527431805252240e+00
2.011322381468862552e+00
2.063117331132473087e+00
2.114912280796083621e+00
2.166707230459694156e+00
2.218502180123304690e+00
2.270297129786915225e+00
2.322092079450525759e+00
2.373887029114135849e+00
2.425681978777746384e+00
2.477476928441356918e+00
2.529271878104967453e+00
2.581066827768577987e+00
2.632861777432188521e+00
2.684656727095799056e+00
2.736451676759409146e+00
2.788246626423020125e+00
2.840041576086630215e+00
2.891836525750240749e+00
2.943631475413851284e+00
2.997672381853153656e+00
3.051713288292455584e+00
3.105754194731757956e+00
3.159795101171060328e+00
3.213836007610362255e+00
3.267876914049664627e+00
3.321917820488966999e+00
3.375958726928268927e+00
3.429999633367571299e+00
3.429999633367571299e+00
3.482278675913720090e+00
3.534557718459868880e+00
3.586836761006018115e+00
3.639115803552166906e+00
3.691394846098315696e+00
3.743673888644464487e+00
3.795952931190613278e+00
3.848231973736762068e+00
3.900511016282910859e+00
3.952790058829060094e+00
4.005069101375209328e+00
4.057348143921357675e+00
4.109627186467506910e+00
4.161906229013655256e+00
4.214185271559804491e+00
4.266464314105952838e+00
4.318743356652102072e+00
4.371022399198251307e+00
4.423301441744399654e+00
4.476986936951217189e+00
4.530672432158034724e+00
4.584357927364852259e+00
4.638043422571669794e+00
4.691728917778487329e+00
4.745414412985304864e+00
4.799099908192122399e+00
4.852785403398939934e+00
4.906470898605757469e+00
4.906470898605757469e+00
4.956035471198766196e+00
5.005600043791774034e+00
5.055164616384782761e+00
5.104729188977791488e+00
5.154293761570799326e+00
5.203858334163808053e+00
5.253422906756816779e+00
5.302987479349825506e+00
5.352552051942833344e+00
5.402116624535842071e+00
5.451681197128850798e+00
5.501245769721858636e+00
5.550810342314867363e+00
5.600374914907876089e+00
5.649939487500883928e+00
5.699504060093892654e+00
5.749068632686901381e+00
5.798633205279909220e+00
5.848197777872917946e+00
5.897762350465926673e+00
