0.000000000000000000e+00
2.843343065315354773e-02
5.686686130630709546e-02
8.530029195946065013e-02
1.137337226126141909e-01
1.421671532657677317e-01
1.706005839189213003e-01
1.990340145720748410e-01
2.267331123939561599e-01
2.544322102158374510e-01
2.821313080377187421e-01
3.098304058596000887e-01
3.375295036814813798e-01
3.652286015033626709e-01
3.929276993252439620e-01
4.206267971471252531e-01
4.483258949690065442e-01
4.760249927908878353e-01
5.037240906127692375e-01
5.314231884346505286e-01
5.314231884346505286e-01
5.588011363537641607e-01
5.861790842728777928e-01
6.135570321919915360e-01
6.409349801111051681e-01
6.683129280302188002e-01
6.956908759493324323e-01
7.230688238684461755e-01
7.504467717875598076e-01
7.778247197066734397e-01
8.052026676257870719e-01
8.325806155449007040e-01
8.599585634640143361e-01
8.873365113831280793e-01
9.147144593022417114e-01
9.147144593022417114e-01
9.430806384214952542e-01
9.714468175407489081e-01
9.998129966600024510e-01
1.028179175779255994e+00
1.056545354898509537e+00
1.084911534017763302e+00
1.113277713137016844e+00
1.140655661056130477e+00
1.168033608975244109e+00
1.195411556894357741e+00
1.222789504813471373e+00
1.250167452732585005e+00
1.277545400651698859e+00
1.304923348570812491e+00
1.332301296489926123e+00
1.359679244409039756e+00
1.387057192328153388e+00
1.414435140247267020e+00
1.441813088166380652e+00
1.469191036085494506e+00
1.496568984004607916e+00
1.524935163123861459e+00
1.553301342243115002e+00
1.581667521362368767e+00
1.610033700481622310e+00
1.638399879600875853e+00
1.666766058720129395e+00
1.695132237839382938e+00
1.695132237839382938e+00
1.722831335661264340e+00
1.750530433483145520e+00
1.778229531305026923e+00
1.805928629126908103e+00
1.833627726948789505e+00
1.861326824770670685e+00
1.889025922592552087e+00
1.916725020414433267e+00
1.944424118236314669e+00
1.972123216058196071e+00
1.999822313880077251e+00
2.027521411701958431e+00
2.055954842355112167e+00
2.084388273008265458e+00
2.112821703661419193e+00
2.141255134314572484e+00
2.169688564967726219e+00
2.198121995620879510e+00
2.226555426274033245e+00
2.226555426274033245e+00
2.252108177665205879e+00
2.277660929056378514e+00
2.303213680447551592e+00
2.328766431838724227e+00
2.354319183229896861e+00
2.379871934621069940e+00
2.405424686012242574e+00
2.430977437403415209e+00
2.456530188794587843e+00
2.482082940185760478e+00
2.507635691576933556e+00
2.533188442968106191e+00
2.558741194359278825e+00
2.584293945750451904e+00
2.609846697141624539e+00
