-2.334396203617044863e-01
-2.154707973019511502e-01
-1.975019742421978142e-01
-1.795331511824444781e-01
-1.615643281226911421e-01
-1.435955050629378338e-01
-1.256266820031844977e-01
-1.076578589434311894e-01
-8.968903588367785340e-02
-7.172021282392450348e-02
-5.375138976417119518e-02
-3.578256670441785914e-02
-1.781374364466451962e-02
1.550794150887934396e-04
1.812390247484210737e-02
3.609272553459547117e-02
5.406154859434878640e-02
7.203037165410210163e-02
8.999919471385546543e-02
1.079680177736087737e-01
1.259368408333620959e-01
1.439056638931154597e-01
1.618744869528687680e-01
1.798433100126220763e-01
1.978121330723754401e-01
2.157809561321287484e-01
2.337497791918820567e-01
2.517186022516353372e-01
2.696874253113886732e-01
2.876562483711420648e-01
3.056250714308954008e-01
3.235938944906486814e-01
3.415627175504020174e-01
3.595315406101553535e-01
3.775003636699086340e-01
3.954691867296619701e-01
4.134380097894153616e-01
4.314068328491686977e-01
4.493756559089219782e-01
4.673444789686753142e-01
4.853133020284286503e-01
5.032821250881819308e-01
5.212509481479353779e-01
5.392197712076887139e-01
5.571885942674419390e-01
5.751574173271952750e-01
5.931262403869486111e-01
6.110950634467019471e-01
6.290638865064552832e-01
6.470327095662086192e-01
6.650015326259619552e-01
6.829703556857152913e-01
7.009391787454686273e-01
7.189080018052219634e-01
7.368768248649751884e-01
7.548456479247286355e-01
7.728144709844818605e-01
7.907832940442351966e-01
8.087521171039886436e-01
8.267209401637418686e-01
8.446897632234953157e-01
8.626585862832485407e-01
8.806274093430018768e-01
8.985962324027551018e-01
9.165650554625085489e-01
9.345338785222619959e-01
9.525027015820152210e-01
9.704715246417685570e-01
9.884403477015217820e-01
1.006409170761275229e+00
1.024377993821028454e+00
1.042346816880781901e+00
1.060315639940535348e+00
1.078284463000288351e+00
1.096253286060041798e+00
1.114222109119795023e+00
1.132190932179548470e+00
1.150159755239301917e+00
1.168128578299055143e+00
1.186097401358808590e+00
1.204066224418561815e+00
1.222035047478315262e+00
1.240003870538068487e+00
1.257972693597821712e+00
1.275941516657575159e+00
1.293910339717328384e+00
1.311879162777081831e+00
1.329847985836835056e+00
1.347816808896588503e+00
1.365785631956341728e+00
1.383754455016095175e+00
1.401723278075848400e+00
1.419692101135601625e+00
1.437660924195355072e+00
1.455629747255108297e+00
1.473598570314861744e+00
1.491567393374615191e+00
1.509536216434368416e+00
1.527505039494121863e+00
1.545473862553875088e+00
1.563442685613628313e+00
1.581411508673381539e+00
1.599380331733134986e+00
1.617349154792888433e+00
1.635317977852641658e+00
1.653286800912395105e+00
1.671255623972148552e+00
1.689224447031901555e+00
1.707193270091655002e+00
1.725162093151408449e+00
1.743130916211161674e+00
1.761099739270915121e+00
1.779068562330668124e+00
1.797037385390421571e+00
1.815006208450175018e+00
1.832975031509928465e+00
1.850943854569681912e+00
1.868912677629434915e+00
1.886881500689188362e+00
1.904850323748941809e+00
1.922819146808695256e+00
1.940787969868448259e+00
1.958756792928201707e+00
1.976725615987955154e+00
1.994694439047708601e+00
2.012663262107461826e+00
2.030632085167214829e+00
2.048600908226968276e+00
2.066569731286721723e+00
2.084538554346475170e+00
2.102507377406228617e+00
2.120476200465981620e+00
2.138445023525735067e+00
2.156413846585488514e+00
2.174382669645241961e+00
2.192351492704995408e+00
2.210320315764748411e+00
2.228289138824501858e+00
2.246257961884255305e+00
2.264226784944008752e+00
2.282195608003761755e+00
2.300164431063514758e+00
2.318133254123268205e+00
2.336102077183021652e+00
2.354070900242775100e+00
2.372039723302528103e+00
2.390008546362281550e+00
2.407977369422034997e+00
2.425946192481788444e+00
2.443915015541541891e+00
2.461883838601294894e+00
2.479852661661048341e+00
2.497821484720801788e+00
2.515790307780555235e+00
2.533759130840308682e+00
2.551727953900061685e+00
2.569696776959815132e+00
2.587665600019568579e+00
2.605634423079322026e+00
2.623603246139074585e+00
2.641572069198828032e+00
2.659540892258581479e+00
2.677509715318334926e+00
2.695478538378088373e+00
2.713447361437841376e+00
2.731416184497594823e+00
2.749385007557348271e+00
2.767353830617101718e+00
2.785322653676855165e+00
2.803291476736608168e+00
2.821260299796361615e+00
2.839229122856115062e+00
2.857197945915868509e+00
2.875166768975621956e+00
2.893135592035374959e+00
2.911104415095128406e+00
2.929073238154881853e+00
2.947042061214634856e+00
2.965010884274387859e+00
2.982979707334141306e+00
3.000948530393894753e+00
3.018917353453648200e+00
3.036886176513401647e+00
3.054854999573154650e+00
3.072823822632908097e+00
3.090792645692661544e+00
3.108761468752414991e+00
3.126730291812168439e+00
3.144699114871921442e+00
3.162667937931674889e+00
3.180636760991428336e+00
3.198605584051181783e+00
3.216574407110935230e+00
3.234543230170688233e+00
3.252512053230441680e+00
3.270480876290194683e+00
3.288449699349948130e+00
3.306418522409701133e+00
3.324387345469454580e+00
3.342356168529208027e+00
