-3.941298607060184089e-01 -3.937036832945047249e-01 -3.936754777946336881e-01 -2.128187153393733613e-02 -1.903387803469705139e-02 -1.488641005459407501e-02 3.552124885591441683e-01 3.552814981343190293e-01 3.552815446757746076e-01 6.995468545504820446e-01 6.995758650960978153e-01 6.996049066894554080e-01 1.909308465520693110e+00 1.909325039704844018e+00 1.909342717252414001e+00
-4.183956311809770567e-01 -3.927776009855639128e-01 -3.924750418472979230e-01 3.712976785667525259e-02 4.136814172030903181e-02 2.465799332464711224e-01 3.617963901052808073e-01 3.620079192706879279e-01 3.648065638431765012e-01 7.002379820583808367e-01 7.002738391518881222e-01 7.535332641021301736e-01 1.909442453461873468e+00 1.909459256871302690e+00 1.939544351726288030e+00
-4.182201314072891418e-01 -3.887497109416923613e-01 -3.883046067224674158e-01 7.726580960055060010e-02 8.274347275779889155e-02 3.192738874568611940e-01 3.809544860447890424e-01 3.815968315368718500e-01 4.480461493865487421e-01 7.021705611955368909e-01 7.022249665557556142e-01 9.076693083355413805e-01 1.909786352829665912e+00 1.909801181171210116e+00 2.026983810646894923e+00
-3.809459357575374905e-01 -3.802638340445070320e-01 -3.679183622820231814e-01 1.075342618154006974e-01 1.138689465330214590e-01 3.286342915386167851e-01 4.108649414635132668e-01 4.118231590693705590e-01 5.403881076486333201e-01 7.052140402573610078e-01 7.052940269100336224e-01 1.118894696303278424e+00 1.910327934961347340e+00 1.910340188525164740e+00 2.162422534067793389e+00
-3.684680852703796083e-01 -3.675993286775573465e-01 -2.628268164574537047e-01 1.295463576793212945e-01 1.358216129229776747e-01 3.455371324405812627e-01 4.480410071924736393e-01 4.490385740650726376e-01 6.134909485567803245e-01 7.091121727349277704e-01 7.092187734313304404e-01 1.342285950443405484e+00 1.911023535099569459e+00 1.911033448316409977e+00 2.332367251944178044e+00
-3.509623844170522422e-01 -3.500163357218474824e-01 5.200946568741229153e-02 1.451120336306351566e-01 1.506269394966462949e-01 3.871754378732102375e-01 4.884142732540336929e-01 4.892477662979125563e-01 6.749839819313182554e-01 7.135279965683655190e-01 7.136567777108224764e-01 1.556107527304618543e+00 1.911818909610631945e+00 1.911827342444519351e+00 2.521343042353328734e+00
-3.286649445029372063e-01 -3.277581990431523429e-01 1.559167177060184206e-01 1.602987871400048947e-01 2.298074277434556667e-01 4.659283091238696217e-01 5.285171754847369785e-01 5.291133390967762695e-01 7.180683306866223470e-01 7.182110366146714497e-01 7.272425455597878452e-01 1.750867961896410696e+00 1.912654816782304312e+00 1.912662679142795419e+00 2.714168079104935405e+00
-3.023849818554692481e-01 -3.016027457556524349e-01 1.631372700178490842e-01 1.662922787802400826e-01 2.824695322162386613e-01 5.594187499448863843e-01 5.658405219290099097e-01 5.662131801374861162e-01 7.223179468726879104e-01 7.224642804798153684e-01 7.705970731020487241e-01 1.913472270271730835e+00 1.913480275988714174e+00 1.921700270788494702e+00 2.897535737244337106e+00
-2.735359957553009091e-01 -2.728954707904392984e-01 1.675167279925672270e-01 1.695594107684002538e-01 3.118123974002566245e-01 5.986606904204727631e-01 5.988636054422288302e-01 6.441859994825710478e-01 7.258839551148666969e-01 7.260229997207705566e-01 8.047035263465177612e-01 1.914216974061856869e+00 1.914225981068994775e+00 2.065482231789150802e+00 3.060675349813734236e+00
-2.442861926377760118e-01 -2.437130744313817654e-01 1.695901129047083511e-01 1.707769442013360173e-01 3.321671860126952369e-01 6.257633952862412530e-01 6.258637844436152342e-01 7.141182271677550819e-01 7.284611871995335663e-01 7.285830641840802535e-01 8.289308758516134024e-01 1.914842926303492732e+00 1.914853771675325111e+00 2.179850045888410026e+00 3.195345831924127911e+00
-2.178234604858471923e-01 -2.172167881610346796e-01 1.699417204684088301e-01 1.705935488655636878e-01 3.464338099890920120e-01 6.461927959995147353e-01 6.462545210602176349e-01 7.299312422901336195e-01 7.300302831974709861e-01 7.683571842128893437e-01 8.425102163857257631e-01 1.915314555421204101e+00 1.915327548926684997e+00 2.262937216252438599e+00 3.295551552094487135e+00
-1.985728456850835155e-01 -1.979037027083152267e-01 1.694290548801715146e-01 1.698352191039881609e-01 3.550458537732559816e-01 6.590523189920541869e-01 6.591072292775965735e-01 7.304819669787022685e-01 7.305623833477588036e-01 8.069875430815693917e-01 8.447629551019286698e-01 1.915607122059745038e+00 1.915621802661747308e+00 2.313360686056067372e+00 3.357236017833929331e+00
-1.913812010379368767e-01 -1.906839528050907062e-01 1.690854999700986405e-01 1.694309001713086849e-01 3.579360693652685610e-01 6.634769848151809146e-01 6.635306431890912737e-01 7.305721623535956777e-01 7.306462537854238048e-01 8.263823365905551555e-01 8.390269882615938313e-01 1.915706215292712233e+00 1.915721530057159505e+00 2.330265079580011722e+00 3.378053403679709632e+00
-1.947598766753612098e-01 -1.882789020460043927e-01 1.836412164574350026e-01 2.043362999035023275e-01 3.217500414432733491e-01 6.626491370590977814e-01 6.657338800795488121e-01 7.299110275345264132e-01 7.320136152885913239e-01 8.394185007518698560e-01 8.833638050098248096e-01 1.915676331012225120e+00 1.941409688504195374e+00 2.330351126617365320e+00 3.376295816905416469e+00
-2.202702208171175291e-01 -1.799683009293013281e-01 2.210101969148752787e-01 2.221151059521420945e-01 2.556750635139475869e-01 6.601193760436985247e-01 6.685439792426701722e-01 7.262811162207691851e-01 7.360111712350597690e-01 8.727454463837702736e-01 1.008877529637793868e+00 1.915542865307850340e+00 2.015475177058329681e+00 2.330608412200751101e+00 3.371286971471582294e+00
-3.061851659009358628e-01 -1.656330547269556641e-01 1.052993366660690822e-01 2.704225409210715969e-01 2.810583366389287630e-01 6.560159178074805864e-01 6.692555843605172416e-01 7.199380985671450794e-01 7.421988199255485918e-01 9.153276550222567698e-01 1.187743775451194361e+00 1.915320691121392471e+00 2.129407213231590212e+00 2.331032461259711752e+00 3.363837069014966819e+00
-4.147608244797225119e-01 -1.443079127208796442e-01 -3.876049077012563848e-02 2.769953556948195339e-01 3.243939909824515300e-01 6.505123801243053450e-01 6.693881112800164068e-01 7.128544022717331341e-01 7.499282455154894222e-01 9.592047575541214899e-01 1.387622210003123024e+00 1.915012703768103730e+00 2.270867322442323477e+00 2.331610473937255179e+00 3.355364398501123446e+00
-5.054987826543816398e-01 -1.135593520676624057e-01 -1.054174116448980264e-01 2.439774203699737465e-01 3.786225935387103614e-01 6.438596107448161243e-01 6.711262858450433022e-01 7.071940731995869367e-01 7.584107754822098091e-01 1.000439198496670068e+00 1.586551837765968198e+00 1.914627220852188838e+00 2.332316360397507005e+00 2.425545376423396071e+00 3.348013665537414862e+00
-5.773401314887876001e-01 -1.600149772634322232e-01 -6.367960258176992572e-02 1.741603649923318675e-01 4.304717562833541011e-01 6.363930490533229456e-01 6.757661976395105130e-01 7.043569020564883765e-01 7.668137937912899993e-01 1.037318832104338950e+00 1.772033879899178377e+00 1.914180693215251416e+00 2.333108337548869926e+00 2.578658335665275469e+00 3.344808195033501796e+00
-6.332769848319280692e-01 -2.146015344471671471e-01 -8.050228948484305924e-02 7.179065878293493241e-02 4.780887034323459961e-01 6.285396196022324800e-01 6.832494303396920987e-01 7.044781753755897657e-01 7.743648789284900413e-01 1.069115857457071606e+00 1.913699288242004082e+00 1.936928008976411375e+00 2.333930690305650035e+00 2.716064057301628587e+00 3.349594845210020377e+00
-6.757227490676459558e-01 -2.656091960319562073e-01 -2.137734847558413198e-01 1.188396390110122436e-01 5.199747754970024394e-01 6.208192121378872663e-01 6.923946939318530447e-01 7.067299009551291089e-01 7.804600438713310551e-01 1.095494914295142452e+00 1.913218492353387257e+00 2.076805837110789810e+00 2.334719570415744183e+00 2.825900745748213261e+00 3.365895527518678154e+00
-7.065517266029778254e-01 -3.091871652206970578e-01 -2.866820177938336212e-01 1.488962287988634670e-01 5.547603583153041251e-01 6.138311145496292420e-01 7.015563684352543738e-01 7.099405682425228292e-01 7.847713813480263756e-01 1.116254998947792787e+00 1.912780227163495050e+00 2.188625079503212500e+00 2.335410953503763931e+00 2.902035665865455805e+00 3.393525573261304995e+00
-7.272953702791603581e-01 -3.423957745148284437e-01 -3.339972892886081679e-01 1.690916307725822409e-01 5.810874991789597432e-01 6.082115106465911802e-01 7.092101705622930741e-01 7.130327810266262611e-01 7.873304445397302231e-01 1.131233030939996054e+00 1.912427686752390166e+00 2.270149927634600662e+00 2.335948377193011183e+00 2.947061076513525890e+00 3.425424942564994080e+00
-7.391822532785162769e-01 -3.631707005982554581e-01 -3.612700520545550353e-01 1.809738635555601105e-01 5.976214601175066088e-01 6.045507698576489952e-01 7.142372295910566216e-01 7.152067811632073502e-01 7.885148604230216574e-01 1.140287733176659435e+00 1.912198730006996028e+00 2.319752289037155801e+00 2.336288662268978022e+00 2.969206492552260102e+00 3.450480024851281247e+00
-7.430448424839541932e-01 -3.703491090298026700e-01 -3.701101333118248515e-01 1.849150469467866209e-01 6.032777791001314727e-01 6.032777800615761743e-01 7.159712426020017340e-01 7.159966079596719046e-01 7.888294207070021269e-01 1.143318273395071083e+00 1.912119327675306346e+00 2.336397331525668974e+00 2.336412837946274301e+00 2.975707250121046865e+00 3.459878008063764554e+00
-7.382052451765624967e-01 -3.584380644421352735e-01 -3.580514855881247738e-01 1.825461533946323711e-01 5.998409589331068492e-01 6.030174782064399164e-01 7.152058082963749230e-01 7.173049755235039182e-01 7.884967256423067727e-01 1.141536449627142513e+00 1.912287609067189642e+00 2.328987425369772879e+00 2.329574235404150429e+00 2.971444160111313959e+00 3.452429584502225701e+00
-7.236271801815775673e-01 -3.229546377141226943e-01 -3.203734447803403551e-01 1.747419287682413780e-01 5.899151115470591122e-01 6.021621688475822243e-01 7.127582015795530523e-01 7.210988270441486270e-01 7.873399222097411387e-01 1.136078434463582143e+00 1.912767664367249765e+00 2.306837539439801077e+00 2.309043562301209107e+00 2.958479400666977011e+00 3.430029001305698433e+00
-6.992709166777569818e-01 -2.634120131892341288e-01 -2.506151227256257497e-01 1.591968025951076560e-01 5.745188915904552163e-01 6.004938644009554238e-01 7.084004791297221493e-01 7.267314573733254512e-01 7.849972512551814940e-01 1.126612176363293472e+00 1.913488929218131185e+00 2.270174908318069562e+00 2.274783566360323306e+00 2.936327930234162054e+00 3.392529662623139597e+00
-6.654063115022107455e-01 -1.733053059107492466e-01 -1.124001621745405188e-01 1.307769356108130498e-01 5.549910809887064200e-01 5.976656418037480378e-01 7.016202877878848776e-01 7.331661858745327498e-01 7.811399283631150769e-01 1.112601885085365616e+00 1.914345753244780513e+00 2.219343781115650671e+00 2.226756210017688975e+00 2.904309569311997130e+00 3.339750825097142606e+00
-6.228399610629457017e-01 7.245152599364136636e-02 8.559123009427140050e-02 2.079031672576178158e-01 5.326396086053394319e-01 5.932240260766988849e-01 6.915267109952608626e-01 7.389504923614119702e-01 7.756552808604404436e-01 1.093332962701667466e+00 1.915213015634658289e+00 2.154770340528164851e+00 2.164958013904557443e+00 2.861712607736984992e+00 3.271570023227090118e+00
-5.729780823755767916e-01 -1.018467309256611969e-01 1.936583209275825335e-01 3.160861414950505432e-01 5.084177938030356447e-01 5.866407430229416686e-01 6.767378118722984226e-01 7.422517952690403931e-01 7.687095246858156594e-01 1.067950029947977608e+00 1.915963958834475234e+00 2.076931301663071050e+00 2.089470811022690722e+00 2.807980831305048941e+00 3.188047134137787619e+00
-5.177358294721066123e-01 -1.711855321631927107e-01 2.395277772735731059e-01 3.909388989506999978e-01 4.826934220646389440e-01 5.773621095155867522e-01 6.553548642844408967e-01 7.409932002195479539e-01 7.607083553606743820e-01 1.035522642093501977e+00 1.916487402977705257e+00 1.986318876340944506e+00 2.000536776899491276e+00 2.742904617200452311e+00 3.089575946176413623e+00
-4.593444298459219421e-01 -2.246078412876176822e-01 2.568278156261335488e-01 4.448124357836057419e-01 4.552217074649687611e-01 5.648869381109440369e-01 6.251029097549534175e-01 7.331172219623026676e-01 7.521879275469178783e-01 9.951654646890775169e-01 1.883374193548296827e+00 1.898680782277415657e+00 1.916701924246726030e+00 2.666804031788148954e+00 2.977059084155118995e+00
-4.001574876372015477e-01 -2.689122580655576855e-01 2.528879583553461097e-01 4.253526371184829236e-01 4.807017273127883739e-01 5.488705234310293779e-01 5.837790120628586488e-01 7.169263496027891147e-01 7.436727553145348057e-01 9.462435610811280595e-01 1.768366968361843483e+00 1.784898971768715814e+00 1.916565286392090783e+00 2.580694881413492237e+00 2.852101538013519288e+00
-3.427475843574845915e-01 -3.055179516801224682e-01 2.302673096607116832e-01 3.923467064668297866e-01 4.950704295912771724e-01 5.292260350959144821e-01 5.329711124716757231e-01 6.914601782665009688e-01 7.355556355884192987e-01 8.886764563975466658e-01 1.641381428418130728e+00 1.660764740364447878e+00 1.916078449708925158e+00 2.486425892823412198e+00 2.717214093574291223e+00
-3.349254267367907656e-01 -2.913006972400234429e-01 1.882799868896183337e-01 3.556282603465544812e-01 4.461261383572196482e-01 5.061886617022913759e-01 5.109496746824302438e-01 6.569907758661496233e-01 7.280544947445254378e-01 8.233026582835389906e-01 1.502860136228612253e+00 1.528050976929181681e+00 1.915284020958707867e+00 2.386767181122239734e+00 2.576005469600895381e+00
-3.575205421688599783e-01 -2.577342083746585466e-01 1.205805690671907515e-01 3.149012894434836674e-01 3.552298900407135918e-01 4.803424751125993653e-01 4.926619571047782253e-01 6.154007975134337949e-01 7.212554120442424832e-01 7.521763013950756305e-01 1.354436914370000800e+00 1.388278436431266583e+00 1.914260002909651703e+00 2.285419293469003854e+00 2.433314376179036564e+00
-3.737985925607597570e-01 -2.688046287873663842e-01 -9.420267659147482653e-02 2.555218180041583520e-01 2.701432666800469007e-01 4.526535836435812143e-01 4.569665771560318390e-01 5.680944183131118042e-01 6.786394008519097687e-01 7.151971917645085774e-01 1.199446604940402894e+00 1.243145322210825077e+00 1.913109920773278905e+00 2.186904524422499829e+00 2.295190411365519267e+00
-3.844571920172574209e-01 -3.217521547601884802e-01 -2.260479168132107364e-01 2.104404418327393556e-01 2.215309141184278185e-01 4.111680050838161238e-01 4.245509777827934927e-01 5.102339959373335398e-01 6.066525126040182014e-01 7.099419849459628340e-01 1.044065714817840274e+00 1.095633883487316496e+00 1.911950756612863733e+00 2.096308674529745897e+00 2.168603346937807430e+00
-3.904661224957509114e-01 -3.756488459994066775e-01 -3.136084891954575293e-01 1.693434022263044514e-01 2.050162767810412845e-01 3.713808664399939619e-01 3.980402017755086952e-01 4.330824664359149700e-01 5.357161176523531632e-01 7.056039711732420283e-01 9.001134336357732302e-01 9.518954809902335779e-01 1.910900137917793007e+00 2.018871425166281153e+00 2.060810743763830999e+00
-4.050555924215168413e-01 -3.930920944339629797e-01 -3.656699466465618276e-01 1.138589791904336262e-01 1.832991221967887607e-01 3.220568234028560184e-01 3.595524342126011352e-01 3.757440377647119356e-01 4.576993763594054965e-01 7.023372043476541204e-01 7.869694030815788111e-01 8.242727724730575245e-01 1.910064107653021592e+00 1.959470836653794512e+00 1.978485949868244109e+00
-4.043489269220440496e-01 -3.938024696318783158e-01 -3.891420133653774038e-01 5.474440519483089046e-02 1.171416854774117167e-01 1.845798894235157472e-01 3.542891781075269142e-01 3.606366216171961181e-01 3.843424794720184945e-01 7.002986037655645202e-01 7.204530507197631772e-01 7.330209367627126271e-01 1.909526570229924003e+00 1.922084981223331823e+00 1.926886776979891858e+00
-3.941298607060184089e-01 -3.937036832945047249e-01 -3.936754777946336881e-01 -2.128187153393733613e-02 -1.903387803469705139e-02 -1.488641005459407501e-02 3.552124885591441683e-01 3.552814981343190293e-01 3.552815446757746076e-01 6.995468545504820446e-01 6.995758650960978153e-01 6.996049066894554080e-01 1.909308465520693110e+00 1.909325039704844018e+00 1.909342717252414001e+00
-3.995133133277466442e-01 -3.889566582353321533e-01 -3.810083763453117056e-01 8.611108578336892916e-02 1.411067046856099849e-01 1.463278665357355124e-01 3.546448584274820570e-01 3.596578418808533684e-01 3.771635164818787911e-01 7.115443651245461076e-01 7.184647056470618853e-01 7.256063749848390421e-01 1.916783252864849851e+00 1.920922344307743668e+00 1.921465100122026870e+00
-4.005476863243579433e-01 -3.698024806733219427e-01 -3.410406812221641326e-01 1.636775573632758274e-01 2.626103058880490670e-01 2.773020951411023782e-01 3.546506076738953905e-01 3.740151683049183773e-01 4.287204385288780895e-01 7.495118704229575268e-01 7.737547835370653937e-01 7.958005064572921672e-01 1.938686007996178740e+00 1.954786312193490527e+00 1.957434504440396017e+00
-3.806635174209029859e-01 -3.302531277246107400e-01 -2.711237200477497056e-01 2.275177602030684365e-01 3.423795250173558569e-01 3.694842150500205480e-01 3.871785431032292446e-01 4.069938249555215548e-01 4.880849974288256066e-01 8.172884269907152444e-01 8.592153833134948959e-01 8.930507441943114078e-01 1.973747182091095898e+00 2.008292973343126064e+00 2.015783764527855570e+00
-3.368918530785923737e-01 -2.698128913113491678e-01 -1.696823823264133613e-01 2.820839644408850155e-01 3.635009592468044781e-01 4.292084471537457313e-01 4.473106888346557453e-01 4.886612320075247595e-01 5.475452734558881041e-01 9.132747670437818543e-01 9.637524772171446319e-01 1.002133298938997941e+00 2.020023036882165446e+00 2.077663073390958903e+00 2.093897680717852872e+00
-2.769650641929885526e-01 -1.895159831702587228e-01 -2.468241785914482636e-02 3.385184640446745052e-01 3.989469994757716687e-01 4.691121202940923274e-01 5.166695868267280334e-01 5.667548564206245088e-01 6.079335126244966858e-01 1.027838437887550471e+00 1.076763439749299112e+00 1.113749964050356756e+00 2.075162695399878743e+00 2.158433051969524730e+00 2.188139527200247958e+00
-2.351876887130895100e-01 1.998223036694573435e-02 9.056399081128395367e-02 3.953090190161257511e-01 4.462897048778105558e-01 5.036453147672220743e-01 5.857082800318410554e-01 6.354955523808838436e-01 6.705672082975003834e-01 1.149649608893638320e+00 1.191397129531192256e+00 1.223486862125582109e+00 2.136661085381593495e+00 2.245964681005471864e+00 2.294201981417848479e+00
-2.440018714663673427e-01 2.826344392885303189e-02 2.066476808988097214e-01 4.360603804676712603e-01 4.891622999190293752e-01 5.362142800903798578e-01 6.533075078011885140e-01 6.959634431195068638e-01 7.353793517215493347e-01 1.270431612798601506e+00 1.304105378626107870e+00 1.330038571403660441e+00 2.202089638376153236e+00 2.335916516238252250e+00 2.407586009317283171e+00
-2.855453498365005949e-01 -9.508477121421059219e-02 2.639249173555188177e-01 4.558912259796350508e-01 5.205711305523167409e-01 5.666046548569381169e-01 7.156705021764151464e-01 7.508641674444105352e-01 7.993807853101905225e-01 1.385291268213872939e+00 1.412857058857031278e+00 1.434112185284595054e+00 2.269285123713497221e+00 2.424592577300818341e+00 2.524068523106330453e+00
-3.376213275671362535e-01 -1.582652788898653573e-01 2.711660645142680015e-01 4.643112990771150472e-01 5.383269427302261878e-01 5.886886944477733863e-01 7.708405153419808364e-01 8.016367010822629258e-01 8.592754013855693485e-01 1.492536105959522574e+00 1.515693382579641701e+00 1.537123656248257308e+00 2.336479888646528558e+00 2.509130002492932388e+00 2.640032567226573423e+00
-3.909086686918998854e-01 -2.184452620783894350e-01 2.244157730943715234e-01 4.676617272771020350e-01 5.416172132165215647e-01 5.984029284374505764e-01 8.185447429649234108e-01 8.486475417256017506e-01 9.126426278176316131e-01 1.593013382363252406e+00 1.612494140471012471e+00 1.638157663411821785e+00 2.402362373375778848e+00 2.587538061854878446e+00 2.752617157756753752e+00
-4.420010536110931532e-01 -2.777960373218224532e-01 7.431161459317583984e-02 4.630097368389137769e-01 5.311265626860598443e-01 5.940998076377744797e-01 8.592296725115589062e-01 8.920980065218834243e-01 9.580199811527434495e-01 1.688251321132123728e+00 1.704813741120505988e+00 1.734829787686892999e+00 2.466067640750999157e+00 2.658627899310550990e+00 2.859717730868175600e+00
-4.893937779724069070e-01 -3.362372430837554105e-01 -2.304533689279925635e-01 4.460101346352967622e-01 5.080475608406865851e-01 5.751975138770244467e-01 8.941734368009665035e-01 9.315435651972526765e-01 9.948403336178792689e-01 1.779372209586235432e+00 1.793553466186734724e+00 1.825977219605477098e+00 2.527109102919995021e+00 2.721875578530204010e+00 2.959894443021190646e+00
-5.322891208247262362e-01 -3.932273555275068166e-01 -3.445513477481991771e-01 4.146729678770315064e-01 4.733275762747449211e-01 5.416970882987726110e-01 9.248849111514689803e-01 9.661365753882079632e-01 1.023221314648852243e+00 1.866908158463604472e+00 1.878911500211784436e+00 1.911408895634743255e+00 2.585270527917211680e+00 2.777252860485655450e+00 3.052238552277255490e+00
-5.702829759913666807e-01 -4.490022374678123707e-01 -4.301434714202788667e-01 3.688932526919334043e-01 4.273548341980721865e-01 4.940281035996927361e-01 9.523390055730470705e-01 9.952176997600181707e-01 1.043758151862231420e+00 1.950837851670028433e+00 1.960691680407245618e+00 1.991230750182150899e+00 2.640480947491543162e+00 2.825050904692368636e+00 3.136230613928159272e+00
-6.032938622432587605e-01 -5.076840500255410671e-01 -4.928170432751700081e-01 3.090059316394186406e-01 3.701031871652125660e-01 4.328703270211715637e-01 9.768594169925459703e-01 1.018509893556958756e+00 1.057376516226542496e+00 2.030667277075009380e+00 2.038393764070395520e+00 2.065478370915748485e+00 2.692694961175444046e+00 2.865715564378509495e+00 3.211610319968109639e+00
-6.315442079573262424e-01 -5.634874375797148671e-01 -5.419579557890629173e-01 2.334895575014492852e-01 3.010133036810423990e-01 3.587136572842818949e-01 9.983563814638752865e-01 1.036111906510157388e+00 1.065229072567185575e+00 2.105524641732174018e+00 2.111233240299631664e+00 2.133942142867675251e+00 2.741797690150176603e+00 2.899708727249888707e+00 3.278268645121343194e+00
-6.555158661213262850e-01 -6.101496019279821770e-01 -5.859248081082853998e-01 1.301502625165800175e-01 2.169336444982869760e-01 2.704502428082119492e-01 1.016608827221593847e+00 1.048452229355753662e+00 1.068607441879042552e+00 2.174261579387449128e+00 2.178173824740063935e+00 2.196111458877564981e+00 2.787547607228512359e+00 2.927406546091988915e+00 3.336167091794280726e+00
-6.758263181103688622e-01 -6.480757422921665789e-01 -6.255109217977423697e-01 -1.205125547742880582e-01 9.568426693600284860e-02 1.581102552675062722e-01 1.031468545899129952e+00 1.056233285414959200e+00 1.068851158137473334e+00 2.235561281101627884e+00 2.237992517561548489e+00 2.251203687161457800e+00 2.829562410645112713e+00 2.949041084446056615e+00 3.385284684233782482e+00
-6.930087531059242467e-01 -6.780789200746186740e-01 -6.601748126389783700e-01 -1.961793071324915427e-01 -1.464194296226403735e-01 -1.149119097068448253e-01 1.042962617327484853e+00 1.060365219791421065e+00 1.067248563527093852e+00 2.288053226949144925e+00 2.289372604759138508e+00 2.298251586795157841e+00 2.867344525949095058e+00 2.964686488402040077e+00 3.425590162838340280e+00
-7.072671732519584253e-01 -7.007127785068055781e-01 -6.888630952941566798e-01 -2.344584550276997692e-01 -2.103585182113383578e-01 -2.020298304054785887e-01 1.051306996258877691e+00 1.061885465477288015e+00 1.064934929473871028e+00 2.330430058812970717e+00 2.331012484693025577e+00 2.336223357577867699e+00 2.900335622934499646e+00 2.974284811821675589e+00 3.457034435668170591e+00
-7.183479378241129920e-01 -7.163497493520112336e-01 -7.103841947856768257e-01 -2.550723289373569291e-01 -2.443196585217418115e-01 -2.422824593887568101e-01 1.056851592791057559e+00 1.061862332400064446e+00 1.062798578199499966e+00 2.361558863511277639e+00 2.361737136200237508e+00 2.364151371513119049e+00 2.927985271148284330e+00 2.977701159352974969e+00 3.479556900340858849e+00
-7.256081339853338585e-01 -7.253537213104882531e-01 -7.237283266053025077e-01 -2.650864253178227270e-01 -2.618241138608738416e-01 -2.615953989141561742e-01 1.059978737355392830e+00 1.061286368769058130e+00 1.061406749853779363e+00 2.380577707171504187e+00 2.380600432165350000e+00 2.381250015049796165e+00 2.949818064215395275e+00 2.974794049046087796e+00 3.493098874830014910e+00
-7.282493938957957935e-01 -7.282157253667586039e-01 -7.282157252816899851e-01 -2.680434404975452489e-01 -2.673131046173577441e-01 -2.673131042307436145e-01 1.060960746353735606e+00 1.060960746506696584e+00 1.060984046246956192e+00 2.386968649334809456e+00 2.386968649334838322e+00 2.387008547679317250e+00 2.965485656887711041e+00 2.965485656893146249e+00 3.497618002931696335e+00
-7.272721457045534521e-01 -7.257018298336793682e-01 -7.240754752977017761e-01 -2.677505245623650887e-01 -2.639702689275684189e-01 -2.612077310542478270e-01 1.060040183943192549e+00 1.060315673169636819e+00 1.061527743316870387e+00 2.379774885627141234e+00 2.380348010894413058e+00 2.385720016089182494e+00 2.945031651873883050e+00 2.980099399411256567e+00 3.493216004249717344e+00
-7.244859010857263026e-01 -7.180497231693397930e-01 -7.119876433598376630e-01 -2.666032687262477885e-01 -2.523058805090284129e-01 -2.426337621703016645e-01 1.057040617343788957e+00 1.058271116935416201e+00 1.063131800188532594e+00 2.358303122636889348e+00 2.360485110172089396e+00 2.382035244971417054e+00 2.918651239475052783e+00 2.988795252425219040e+00 3.480250198009876339e+00
-7.199586371371813343e-01 -7.051648359423069445e-01 -6.930533552854838408e-01 -2.596152768427815727e-01 -2.317503330201579337e-01 -2.104972114746454515e-01 1.051373589096744388e+00 1.054670025076923423e+00 1.065488155036557583e+00 2.322877907121648988e+00 2.327640746021010010e+00 2.376221776675746522e+00 2.886180539211357754e+00 2.991195839055064365e+00 3.459496012233508111e+00
-7.137669381951508019e-01 -6.868798668072300107e-01 -6.689852903845129317e-01 -2.395050964818428718e-01 -2.001590283445890683e-01 -1.611460544551896190e-01 1.042202140891262729e+00 1.049253889331438039e+00 1.068142122769627944e+00 2.274027017091918790e+00 2.282200851532710573e+00 2.368737713935047395e+00 2.847437465562121961e+00 2.986422030138784489e+00 3.432421894001150164e+00
-7.058634095912162953e-01 -6.630051749498802049e-01 -6.417090030785346233e-01 -1.946908659012264731e-01 -1.521121764852090830e-01 -7.489264858543738523e-02 1.028613794688893357e+00 1.041723145932635708e+00 1.070498405527460228e+00 2.212462824594171984e+00 2.224695626258220038e+00 2.360160807985638431e+00 2.802272779628563359e+00 2.972857532695723393e+00 3.401400687775290699e+00
-6.959989976433619274e-01 -6.333471469320316460e-01 -6.125282673638136055e-01 -8.750237677293598582e-02 -5.968270092035887764e-02 1.219094633899016344e-01 1.009768376179499105e+00 1.031790151025626878e+00 1.071861085908847322e+00 2.139058588936700644e+00 2.155789685347198503e+00 2.351132546635984255e+00 2.750622856328511556e+00 2.948054229862747455e+00 3.369791776641728465e+00
-6.836915404599839263e-01 -5.977117837047899451e-01 -5.813115865592528575e-01 1.334776584384916032e-01 1.791817158672607546e-01 1.832870141448162959e-01 9.850028639150767429e-01 1.019233420646179278e+00 1.071483173318382276e+00 2.054821599416456479e+00 2.076271341582322627e+00 2.342297099906490931e+00 2.692567800891533025e+00 2.909152353257213885e+00 3.341517860337387180e+00
-6.682428984339860989e-01 -5.558945475486769539e-01 -5.464728072185826013e-01 1.999905000894048324e-01 2.214439684732001645e-01 2.789672310221293361e-01 9.538939896368474614e-01 1.003941691502419742e+00 1.068623816225210410e+00 1.960864112421679462e+00 1.987045296595432387e+00 2.334242125469169427e+00 2.628394204126539790e+00 2.854032201372537880e+00 3.319921925360513892e+00
-6.487869211975665351e-01 -5.076686642933651017e-01 -5.057091949063162728e-01 2.421180212644174490e-01 2.518007813342647561e-01 3.536737982524376656e-01 9.162943587672803814e-01 9.859351210706192026e-01 1.062610398240660725e+00 1.858371380139080875e+00 1.889136724532226141e+00 2.327448114906768506e+00 2.558659195838068445e+00 2.782513827898740022e+00 3.306591876399674224e+00
-6.243410690507431582e-01 -4.567086621687082570e-01 -4.528124887831302403e-01 2.537214002320375417e-01 2.909626048766050799e-01 4.121283053229721216e-01 8.723700312518409827e-01 9.653513690027404337e-01 1.052902176194797201e+00 1.748565292944690208e+00 1.783719429200763873e+00 2.322251341475223718e+00 2.484250635345962355e+00 2.696520847253851993e+00 3.301239090907881923e+00
-5.938346017588075343e-01 -3.973549722753479951e-01 -3.912994128096496382e-01 2.529247223564597413e-01 3.255462372003260496e-01 4.571721816073498479e-01 8.226943101647063994e-01 9.423876678774465443e-01 1.039152132797477979e+00 1.632666433764264013e+00 1.672183692706123548e+00 2.318823025513360836e+00 2.406436535012781430e+00 2.599335910650990122e+00 3.302500739717238343e+00
-5.560889426196651275e-01 -3.253453581717594689e-01 -3.239492103987618998e-01 2.412492049352762125e-01 3.581530370410265784e-01 4.901799108345120115e-01 7.685418227318953077e-01 9.171994987494139773e-01 1.021263632173831315e+00 1.511877709178854445e+00 1.556250953199004972e+00 2.317164906588254691e+00 2.326894682286953397e+00 2.494885412618179643e+00 3.308717052218359989e+00
-5.097251456545682791e-01 -2.540009663937103923e-01 -2.364764858196113373e-01 2.190557976329401690e-01 3.930445608399678603e-01 5.110697572327503879e-01 7.128606653575657592e-01 8.897775661546303283e-01 9.994360866017172329e-01 1.387464521951604413e+00 1.438106979053102474e+00 2.247710655434726146e+00 2.317119874338156027e+00 2.387422309744636539e+00 3.318292058257658272e+00
-4.529752091134849334e-01 -1.890030625770462991e-01 -1.121755972450818872e-01 1.863673791843690752e-01 4.338696477030471454e-01 5.155298376518159253e-01 6.634252432540420630e-01 8.598606324987332350e-01 9.741861652551125905e-01 1.261062966767030114e+00 1.320480349803813125e+00 2.171330254853582442e+00 2.281429617854759506e+00 2.318395270712705791e+00 3.329782448885865609e+00
-3.834858790521381011e-01 -1.399022944090035359e-01 1.389272638980310615e-01 1.433323394044326016e-01 4.806426313172741382e-01 4.916490732851474532e-01 6.362702094222733029e-01 8.269828844566753379e-01 9.463218023098427523e-01 1.135274456543372112e+00 1.206633308670060023e+00 2.100451438067027610e+00 2.181526687246856167e+00 2.320597168356569373e+00 3.341898846634412390e+00
-2.997493481067072252e-01 -1.176092214114725087e-01 1.018180313638179790e-01 1.903314842061528678e-01 4.376091563945017082e-01 5.298467387481328172e-01 6.371599970933297108e-01 7.907714175715692129e-01 9.168669663574935402e-01 1.014340655552911974e+00 1.100318162452775583e+00 2.037848993395256603e+00 2.092280884764868176e+00 2.323272719564075217e+00 3.353501876190023268e+00
-2.200829763027364050e-01 -1.361339075157750045e-01 1.501800146834879057e-01 1.980317106903388968e-01 3.661897914892360828e-01 5.773823033145543127e-01 6.550988475302251812e-01 7.515928574227281889e-01 8.870534049409762867e-01 9.045139021201079599e-01 1.005561645189175568e+00 1.986144351709998368e+00 2.017929447153048006e+00 2.325957902508029473e+00 3.363612198326604741e+00
-1.917147193319735377e-01 -1.657703207651950172e-01 1.866127238696292379e-01 2.562757548675959063e-01 2.850934751592348326e-01 6.194821014914391188e-01 6.825472464160735608e-01 7.117560988223364804e-01 8.139765712677179410e-01 8.587435007800150455e-01 9.260497959031190884e-01 1.947564985936039550e+00 1.962076878262430935e+00 2.328226605632869983e+00 3.371431501585840707e+00
-1.902408358136598310e-01 -1.844815858140816944e-01 1.740301335438856345e-01 2.069914049546986157e-01 3.307417786646412727e-01 6.510345599019797813e-01 6.779269102918868972e-01 7.132652533280776641e-01 7.526254802619887219e-01 8.359017324954852723e-01 8.658355056382627257e-01 1.923759843222491606e+00 1.927444223686428648e+00 2.329736271119418056e+00 3.376367048407158400e+00
-1.913812010379368767e-01 -1.906839528050907062e-01 1.690854999700986405e-01 1.694309001713086849e-01 3.579360693652685610e-01 6.634769848151809146e-01 6.635306431890912737e-01 7.305721623535956777e-01 7.306462537854238048e-01 8.263823365905551555e-01 8.390269882615938313e-01 1.915706215292712233e+00 1.915721530057159505e+00 2.330265079580011722e+00 3.378053403679709632e+00
-7.430448424839541932e-01 -3.703491090298026700e-01 -3.701101333118248515e-01 1.849150469467866209e-01 6.032777791001314727e-01 6.032777800615761743e-01 7.159712426020017340e-01 7.159966079596719046e-01 7.888294207070021269e-01 1.143318273395071083e+00 1.912119327675306346e+00 2.336397331525668974e+00 2.336412837946274301e+00 2.975707250121046865e+00 3.459878008063764554e+00
-7.429326403225435804e-01 -3.759260934844920188e-01 -3.756946936802055825e-01 1.810670696131347346e-01 5.679834390933152788e-01 5.679846711632335898e-01 7.452577665437175591e-01 7.452805192506294363e-01 8.372554612104188276e-01 1.142173688195223580e+00 1.933421697603262546e+00 2.337048750070243042e+00 2.337064425114544708e+00 2.975428026000825010e+00 3.458768085692197403e+00
-7.425888567066503132e-01 -3.922480705349098984e-01 -3.920387601343769401e-01 1.691914063043296612e-01 4.995329398793850739e-01 4.995458706131132298e-01 7.955989870819922816e-01 7.956199368517736792e-01 9.651753156709040882e-01 1.138798166122912292e+00 1.994881386278231084e+00 2.338979632015067534e+00 2.338995802331692797e+00 2.974627040650540621e+00 3.455577908715469881e+00
-7.419943018853796257e-01 -4.182983160764662811e-01 -4.181238059715925437e-01 1.480174383415615302e-01 4.193431825685822179e-01 4.193849026886633524e-01 8.453799564102628672e-01 8.453997529294450253e-01 1.133364691932879476e+00 1.139124509164190835e+00 2.089824711373353239e+00 2.342117879946302494e+00 2.342134841001268342e+00 2.973410002691613929e+00 3.450732662714834920e+00
-7.411246026930816688e-01 -4.527497242575861947e-01 -4.526191592839337585e-01 1.138144890892111294e-01 3.308978672828782330e-01 3.310000405553070180e-01 8.906910073483960133e-01 8.907097922804383394e-01 1.126155689572164720e+00 1.331892984596589002e+00 2.208905141026825447e+00 2.346337567984555506e+00 2.346355565468233095e+00 2.971938742013387813e+00 3.444962013328414674e+00
-7.399608947253838442e-01 -4.937714493798951998e-01 -4.936871183651370121e-01 4.683624743706590182e-02 2.329316459005391637e-01 2.331633569311942211e-01 9.304985024202074850e-01 9.305163708934178768e-01 1.117553570145188635e+00 1.526173056011796758e+00 2.341683164463311595e+00 2.351453054621313044e+00 2.351472278670968752e+00 2.970410272310393118e+00 3.439327595376402424e+00
-7.385032058360958551e-01 -5.385144181067592628e-01 -5.384698898898409025e-01 -9.915493622768187243e-02 1.076923239903330720e-01 1.083803075260875576e-01 9.644909539443131674e-01 9.645080341505579691e-01 1.108026467148994332e+00 1.711356403944710669e+00 2.357215733765959165e+00 2.357236265638603889e+00 2.477736761764107953e+00 2.969028812801122186e+00 3.435240185854604000e+00
-7.367846078580105873e-01 -5.833504430177667288e-01 -5.833342750399370669e-01 -1.499896765723588432e-01 -1.389130470167444231e-01 -1.382773685456247792e-01 9.926864927333467481e-01 9.927029458159363218e-01 1.098108329407857742e+00 1.880728636081400840e+00 2.363317063370304894e+00 2.363338938538134926e+00 2.607338477439739233e+00 2.967972507490468814e+00 3.434403019262317613e+00
-7.348832112161080010e-01 -6.249466451624524632e-01 -6.249451468326184811e-01 -2.014962682707723829e-01 -2.009551210282416178e-01 -1.872614789743976549e-01 1.015325015128617059e+00 1.015341017379524757e+00 1.088372899563017082e+00 2.029823318569337065e+00 2.369400570877055134e+00 2.369423732018109519e+00 2.722025865385842014e+00 2.967357742030204193e+00 3.438524566289392848e+00
-7.329279512181633427e-01 -6.609590246354954957e-01 -6.609473021494242095e-01 -2.336894378171941455e-01 -2.331846164142079014e-01 -2.163970826205130482e-01 1.032808074618648986e+00 1.032823794635582937e+00 1.079401708069749555e+00 2.155512648832339728e+00 2.375083534550005204e+00 2.375107851645959833e+00 2.815442589105858762e+00 2.967205591060811720e+00 3.448568063189474397e+00
-7.310934072678322293e-01 -6.899464497440617183e-01 -6.899290268270995563e-01 -2.516980818547320253e-01 -2.512004988871576194e-01 -2.387487221308647323e-01 1.045634679948415746e+00 1.045650256038950010e+00 1.071747274271444672e+00 2.255515378707328988e+00 2.379986574498938356e+00 2.380011855897305129e+00 2.884489708520107776e+00 2.967415880618542445e+00 3.463579655667648804e+00
-7.295797694253437493e-01 -7.110907666037725727e-01 -7.110702814038277753e-01 -2.615603093053060491e-01 -2.610562183500809708e-01 -2.547057111036771238e-01 1.054323720280480270e+00 1.054339242644170227e+00 1.065894018359886619e+00 2.328146678503606015e+00 2.383767307216901887e+00 2.383793314252030449e+00 2.929916495004863730e+00 2.967745019707761944e+00 3.480019896770952581e+00
-7.285779798648237549e-01 -7.239330712760680964e-01 -7.239111287463853017e-01 -2.664240087976567639e-01 -2.658798220613570185e-01 -2.642832154974861791e-01 1.059329037087805458e+00 1.059344524863197634e+00 1.062220665409430831e+00 2.372211519331486773e+00 2.386153169527563733e+00 2.386179642320271910e+00 2.955274724170362077e+00 2.967689157503451192e+00 3.492804960144918258e+00
-7.282493938957957935e-01 -7.282157253667586039e-01 -7.282157252816899851e-01 -2.680434404975452489e-01 -2.673131046173577441e-01 -2.673131042307436145e-01 1.060960746353735606e+00 1.060960746506696584e+00 1.060984046246956192e+00 2.386968649334809456e+00 2.386968649334838322e+00 2.387008547679317250e+00 2.965485656887711041e+00 2.965485656893146249e+00 3.497618002931696335e+00
