-3.200932935474134045e+00
-3.080384703532747626e+00
-2.959836471591361651e+00
-2.839288239649975676e+00
-2.718740007708589701e+00
-2.598191775767203282e+00
-2.477643543825817307e+00
-2.357095311884431332e+00
-2.236547079943045357e+00
-2.115998848001659383e+00
-1.995450616060273186e+00
-1.874902384118887211e+00
-1.754354152177501458e+00
-1.633805920236115261e+00
-1.513257688294729286e+00
-1.392709456353343089e+00
-1.272161224411957114e+00
-1.151612992470571140e+00
-1.031064760529184943e+00
-9.105165285877988568e-01
-7.899682966464127709e-01
-6.694200647050266850e-01
-5.488718327636407102e-01
-4.283236008222545688e-01
-3.077753688808689270e-01
-1.872271369394828688e-01
-6.667890499809678295e-02
5.386932694328928906e-02
1.744175588846753611e-01
2.949657908260614469e-01
4.155140227674475328e-01
5.360622547088336187e-01
6.566104866502197046e-01
7.771587185916056795e-01
8.977069505329917654e-01
1.018255182474377962e+00
1.138803414415763937e+00
1.259351646357149912e+00
1.379899878298536109e+00
1.500448110239922084e+00
1.620996342181308281e+00
1.741544574122694256e+00
1.862092806064080452e+00
1.982641038005466427e+00
2.103189269946852402e+00
2.223737501888238821e+00
2.344285733829624796e+00
2.464833965771010771e+00
2.585382197712395858e+00
2.705930429653782276e+00
2.826478661595168251e+00
2.947026893536554226e+00
3.067575125477940201e+00
3.188123357419326176e+00
3.308671589360712595e+00
3.429219821302098570e+00
3.549768053243484545e+00
3.670316285184870519e+00
3.790864517126256938e+00
3.911412749067642913e+00
4.031960981009028444e+00
4.152509212950414863e+00
4.273057444891801282e+00
4.393605676833187701e+00
4.514153908774573232e+00
4.634702140715958762e+00
4.755250372657345181e+00
4.875798604598730712e+00
4.996346836540117131e+00
5.116895068481502662e+00
5.237443300422889969e+00
5.357991532364274612e+00
5.478539764305661919e+00
5.599087996247046561e+00
5.719636228188433869e+00
5.840184460129819399e+00
5.960732692071205818e+00
6.081280924012591349e+00
6.201829155953977768e+00
6.322377387895363299e+00
6.442925619836750606e+00
6.563473851778135248e+00
6.684022083719522556e+00
6.804570315660908086e+00
6.925118547602294505e+00
7.045666779543680036e+00
7.166215011485066455e+00
7.286763243426451986e+00
7.407311475367839293e+00
7.527859707309223936e+00
7.648407939250611243e+00
7.768956171191995885e+00
7.889504403133383192e+00
8.010052635074767835e+00
8.130600867016156030e+00
8.251149098957540673e+00
8.371697330898925316e+00
8.492245562840313511e+00
8.612793794781698153e+00
8.733342026723084572e+00
8.853890258664470991e+00
8.974438490605857410e+00
9.094986722547242053e+00
9.215534954488628472e+00
9.336083186430014891e+00
9.456631418371401310e+00
9.577179650312785952e+00
9.697727882254174148e+00
9.818276114195558790e+00
9.938824346136945209e+00
1.005937257807833163e+01
1.017992081001971805e+01
1.030046904196110269e+01
1.042101727390248911e+01
1.054156550584387553e+01
1.066211373778526195e+01
1.078266196972664659e+01
1.090321020166803478e+01
1.102375843360941943e+01
1.114430666555080585e+01
1.126485489749219226e+01
1.138540312943357868e+01
1.150595136137496333e+01
1.162649959331635152e+01
1.174704782525773616e+01
1.186759605719912258e+01
1.198814428914050900e+01
1.210869252108189364e+01
1.222924075302328006e+01
1.234978898496466648e+01
1.247033721690605113e+01
1.259088544884743754e+01
1.271143368078882396e+01
1.283198191273021216e+01
1.295253014467159502e+01
1.307307837661298144e+01
1.319362660855436964e+01
1.331417484049575606e+01
1.343472307243713892e+01
1.355527130437852534e+01
1.367581953631991354e+01
1.379636776826129996e+01
1.391691600020268282e+01
1.403746423214407102e+01
1.415801246408545744e+01
1.427856069602684386e+01
1.439910892796822850e+01
1.451965715990961492e+01
1.464020539185100134e+01
1.476075362379238776e+01
1.488130185573377240e+01
1.500185008767515882e+01
1.512239831961654524e+01
1.524294655155793343e+01
1.536349478349931630e+01
1.548404301544070272e+01
1.560459124738209091e+01
1.572513947932347733e+01
1.584568771126486020e+01
1.596623594320624839e+01
1.608678417514763481e+01
1.620733240708901945e+01
1.632788063903040410e+01
1.644842887097179229e+01
1.656897710291318049e+01
1.668952533485456158e+01
1.681007356679594977e+01
1.693062179873733797e+01
1.705117003067872261e+01
1.717171826262010725e+01
1.729226649456149190e+01
1.741281472650288009e+01
1.753336295844426829e+01
1.765391119038564938e+01
1.777445942232703757e+01
1.789500765426842577e+01
1.801555588620981041e+01
1.813610411815119505e+01
1.825665235009258325e+01
1.837720058203396789e+01
1.849774881397535609e+01
1.861829704591674073e+01
1.873884527785812537e+01
1.885939350979951357e+01
1.897994174174090176e+01
1.910048997368228285e+01
1.922103820562367105e+01
1.934158643756505924e+01
1.946213466950644388e+01
1.958268290144782853e+01
1.970323113338921672e+01
1.982377936533060137e+01
1.994432759727198601e+01
2.006487582921337420e+01
2.018542406115475885e+01
2.030597229309614704e+01
2.042652052503752813e+01
2.054706875697891633e+01
2.066761698892030452e+01
2.078816522086168561e+01
