0.000000000000000000e+00
2.632217613280517232e-02
5.264435226561034464e-02
7.896652839841551696e-02
1.052887045312206893e-01
1.316108806640258755e-01
1.579330567968310339e-01
1.842552329296361924e-01
2.105774090624413786e-01
2.368995851952465648e-01
2.632217613280517510e-01
2.895439374608568817e-01
3.158661135936620679e-01
3.421882897264671985e-01
3.685104658592723847e-01
3.948326419920775709e-01
4.211548181248827571e-01
4.474769942576879433e-01
4.737991703904930740e-01
5.001213465232983157e-01
5.264435226561035019e-01
5.527656987889086881e-01
5.790878749217137633e-01
6.046801851254669513e-01
6.302724953292201393e-01
6.558648055329733273e-01
6.814571157367265153e-01
7.070494259404797033e-01
7.326417361442328913e-01
7.582340463479860793e-01
7.838263565517392673e-01
8.094186667554924552e-01
8.350109769592457543e-01
8.606032871629989423e-01
8.861955973667521302e-01
9.117879075705053182e-01
9.373802177742585062e-01
9.629725279780116942e-01
9.885648381817648822e-01
1.017661960486057060e+00
1.046759082790349238e+00
1.075856205094641194e+00
1.104953327398933371e+00
1.134050449703225549e+00
1.158179111158296859e+00
1.182307772613368391e+00
1.206436434068439700e+00
1.230565095523511232e+00
1.254693756978582542e+00
1.278822418433654073e+00
1.302951079888725383e+00
1.327079741343796915e+00
1.351208402798868224e+00
1.375337064253939534e+00
1.399465725709011066e+00
1.423594387164082375e+00
1.447723048619153685e+00
1.471851710074225217e+00
1.495980371529296526e+00
1.520109032984368058e+00
1.544237694439439368e+00
1.568366355894510900e+00
1.592495017349582209e+00
1.616623678804653519e+00
1.640752340259725051e+00
1.664881001714796360e+00
1.689009663169867892e+00
1.713138324624939202e+00
1.735887044806053048e+00
1.758635764987167116e+00
1.781384485168280962e+00
1.804133205349395030e+00
1.826881925530508877e+00
1.849630645711622945e+00
1.872379365892736791e+00
1.895128086073850859e+00
1.917876806254964706e+00
1.940625526436078552e+00
1.963374246617192620e+00
1.986122966798306688e+00
2.008871686979420534e+00
2.031620407160534381e+00
2.054369127341648227e+00
2.077117847522762517e+00
2.099866567703876363e+00
2.122615287884990209e+00
2.122615287884990209e+00
2.146862889805233543e+00
2.171110491725476876e+00
2.195358093645720654e+00
2.219605695565963988e+00
2.243853297486207321e+00
2.268100899406451099e+00
2.268100899406451099e+00
2.292348501326694432e+00
2.316596103246937766e+00
2.340843705167181543e+00
2.365091307087424877e+00
2.389338909007668210e+00
2.413586510927911988e+00
