0.000000000000000000e+00
2.374641727135668595e-02
4.749283454271337190e-02
7.123925181407006479e-02
9.498566908542674381e-02
1.187320863567834228e-01
1.424785036281401296e-01
1.662249208994968086e-01
1.899713381708534876e-01
2.137177554422101666e-01
2.374641727135668456e-01
2.612105899849235247e-01
2.849570072562802592e-01
3.087034245276369382e-01
3.324498417989936172e-01
3.561962590703502962e-01
3.798285773054321801e-01
4.034608955405141195e-01
4.270932137755960034e-01
4.507255320106778873e-01
4.743578502457598267e-01
4.979901684808417106e-01
5.216224867159235945e-01
5.452548049510055339e-01
5.688871231860874733e-01
5.688871231860874733e-01
5.923416845399381847e-01
6.157962458937887851e-01
6.392508072476394965e-01
6.627053686014900968e-01
6.861599299553408082e-01
7.096144913091915196e-01
7.330690526630421200e-01
7.565236140168928314e-01
7.799781753707434317e-01
8.034327367245941431e-01
8.268872980784447435e-01
8.503418594322954549e-01
8.737964207861461663e-01
8.972509821399967667e-01
9.207055434938474781e-01
9.441601048476981894e-01
9.676146662015487898e-01
9.912442977499369423e-01
1.014873929298325095e+00
1.038503560846713247e+00
1.062133192395101400e+00
1.085762823943489552e+00
1.109392455491877705e+00
1.133022087040266079e+00
1.156651718588654232e+00
1.180281350137042384e+00
1.203910981685430537e+00
1.203910981685430537e+00
1.226424547606610460e+00
1.248938113527790161e+00
1.271451679448970085e+00
1.293965245370149786e+00
1.316478811291329709e+00
1.338992377212509632e+00
1.361505943133689334e+00
1.384019509054869257e+00
1.406533074976048958e+00
1.429046640897228881e+00
1.451560206818408805e+00
1.474073772739588506e+00
1.496587338660768429e+00
1.519100904581948353e+00
1.541614470503128054e+00
1.564128036424307977e+00
1.586641602345487678e+00
1.609155168266667602e+00
1.631668734187847303e+00
1.655322859474552155e+00
1.678976984761257008e+00
1.702631110047961860e+00
1.726285235334666712e+00
1.749939360621371565e+00
1.773593485908076417e+00
1.797247611194781269e+00
1.820901736481486122e+00
1.820901736481486122e+00
1.842405421937709287e+00
1.863909107393932674e+00
1.885412792850155839e+00
1.906916478306379004e+00
1.928420163762602391e+00
1.949923849218825556e+00
1.971427534675048721e+00
1.992931220131272108e+00
2.014434905587495273e+00
2.035938591043718660e+00
2.057442276499941602e+00
2.078945961956164989e+00
2.100449647412388376e+00
2.121953332868611319e+00
2.143457018324834706e+00
2.164960703781058093e+00
2.186464389237281036e+00
2.207968074693504423e+00
