-3.378086464262748017e-04 -3.289598907197677030e-07 1.408182769520119139e-07 2.712116744496291698e+00 3.892087611543504355e+00 5.510915302005518157e+00 6.147563191249134640e+00 7.017808316904742050e+00 7.502490859349721042e+00 7.912009435182618233e+00 8.527473798311067554e+00 9.781674897079499331e+00 1.034385557918222887e+01 1.165064707796185850e+01 1.191463970260491756e+01 1.206437079271982604e+01 1.298546217998243613e+01 1.304959742992725324e+01 1.351054945893971748e+01 1.363442106434655621e+01 1.494391141510980603e+01 1.569670604218717180e+01 1.630044004517353073e+01 1.801667621679231601e+01
4.652602028032777337e-01 4.767047929991067856e-01 1.004784658211569148e+00 2.756551093667538144e+00 4.028097901730508745e+00 5.474822389714322668e+00 6.280550572649771901e+00 6.977907825817595722e+00 7.486529670118440727e+00 7.908936312249613465e+00 8.517820582151095721e+00 9.760426072844998302e+00 1.032699240694891252e+01 1.159835207541789970e+01 1.187119998383197661e+01 1.192554597804324068e+01 1.302924045165965872e+01 1.313475676789776081e+01 1.364354690187824204e+01 1.387196090336866483e+01 1.495830317253797759e+01 1.569062813799264511e+01 1.625790332666997173e+01 1.798846665485942253e+01
9.331724043202782592e-01 9.718779905095294991e-01 1.994135103532011399e+00 2.897847001435419845e+00 4.400028458314556801e+00 5.420511490135126564e+00 6.614349455196327554e+00 6.988602762588960182e+00 7.438501244456110051e+00 7.905178982096259688e+00 8.489493399586503841e+00 9.701468525974320301e+00 1.027902484365353075e+01 1.145158187693845875e+01 1.161838909970309963e+01 1.174464488032732490e+01 1.314341599809610273e+01 1.329671664049588919e+01 1.392200340376917111e+01 1.453674941486051075e+01 1.501305008786456341e+01 1.567531215914654297e+01 1.613758639893944746e+01 1.790683378081363486e+01
1.425573335719753976e+00 1.498302333357327099e+00 2.944406136595320689e+00 3.162502978108775231e+00 4.921339957777484564e+00 5.395023918409859398e+00 7.071906601652037772e+00 7.235660047655360749e+00 7.358612883959275486e+00 7.904592776890384087e+00 8.452078970321679208e+00 9.613942403643521928e+00 1.020772026202260285e+01 1.119818492802635035e+01 1.130531442344353898e+01 1.156001515661581358e+01 1.329407561067944599e+01 1.347346218580090493e+01 1.417979505024378639e+01 1.514218878108193067e+01 1.536882355967057023e+01 1.569930922640885385e+01 1.596288299834852431e+01 1.778034111846018916e+01
1.960049677751368513e+00 2.058596505996409753e+00 3.486579491070611603e+00 3.898434666342504240e+00 5.404086352688540096e+00 5.495791674833472307e+00 7.243012454566104985e+00 7.606151387041359513e+00 7.680352406853212521e+00 7.912163485273586261e+00 8.459117508645608297e+00 9.509713375460846052e+00 1.012564303629887696e+01 1.085598404713474530e+01 1.104881703737769882e+01 1.134152100314845946e+01 1.345236177090941609e+01 1.366338010767922384e+01 1.433008560862200120e+01 1.536772414663825792e+01 1.554913036366004242e+01 1.576276671940873797e+01 1.638244415587672265e+01 1.762180239821966410e+01
2.519794830190557722e+00 2.645847284599637028e+00 3.892852482230991562e+00 4.773586171501262854e+00 5.463735200729301411e+00 6.008645326834988865e+00 7.100743168569543684e+00 7.869271423256048337e+00 7.996482928906818444e+00 8.162285214643935305e+00 8.744485606981724501e+00 9.406259942263183405e+00 1.004783844915599644e+01 1.053264778166260385e+01 1.079802838230957640e+01 1.109955182414684316e+01 1.359985582218422984e+01 1.389044369337715423e+01 1.438131144585553045e+01 1.550282369399711868e+01 1.559769310020154620e+01 1.564747555129875245e+01 1.716064553449431429e+01 1.744604901000251829e+01
3.074369199501759908e+00 3.247366202622758546e+00 4.288610285880328554e+00 5.565935810389007088e+00 5.586776757414119388e+00 6.362996737135135028e+00 6.944597223434095135e+00 7.876235274019552257e+00 7.958760105043863220e+00 8.690239365673352978e+00 9.222352474298274316e+00 9.327413877838717227e+00 9.979857704909884220e+00 1.027027981268909862e+01 1.057992502886249575e+01 1.083290347101266526e+01 1.372831653445927103e+01 1.420157253560951816e+01 1.437463773121160315e+01 1.545047409407963102e+01 1.550277241629278357e+01 1.592194434067925890e+01 1.726709306979397951e+01 1.776029328788716555e+01
3.599631382317201034e+00 3.847690787333014395e+00 4.622900198410398787e+00 5.714102524132457006e+00 6.297902294967613557e+00 6.429954880311583132e+00 6.836502837078643147e+00 7.843269511532496630e+00 7.915059706617690871e+00 9.120744457032127883e+00 9.294050022198574013e+00 9.508966413567376819e+00 9.891528511770856014e+00 1.011379204548983957e+01 1.045646014943567970e+01 1.053186626809407400e+01 1.383829934460654876e+01 1.433536170614548411e+01 1.459215015966659834e+01 1.539209444649176106e+01 1.555364121456236148e+01 1.615989101622287905e+01 1.709553531514661628e+01 1.813906741202034922e+01
4.074649125248791748e+00 4.429768884047073918e+00 4.840702072598347172e+00 5.904532964824534602e+00 6.222506300132056190e+00 6.753470955303481738e+00 6.834867531238279170e+00 7.698366506773619555e+00 8.082070206684910829e+00 9.327031841315946536e+00 9.366687273556559390e+00 9.522583810595541820e+00 9.755771666989669910e+00 1.013189681836847278e+01 1.019499951048036124e+01 1.044344345839564880e+01 1.393582878181370788e+01 1.427576999933011948e+01 1.490253004411004589e+01 1.532102916249770530e+01 1.584922999998385329e+01 1.635459245723316357e+01 1.693711733491615234e+01 1.829749524473750810e+01
4.473444590628358419e+00 4.892316180890454724e+00 4.975165978838537839e+00 5.885778060772982379e+00 6.129544752194558299e+00 6.591397204855285352e+00 7.155896193575580710e+00 7.536227406586871069e+00 8.446710776446922253e+00 9.302596800764950657e+00 9.431792558415365235e+00 9.443145611866054168e+00 9.629328134554251406e+00 9.868603063649867835e+00 1.027434246391351991e+01 1.045759989406020196e+01 1.402694232849406042e+01 1.420284389840782602e+01 1.505872803281467931e+01 1.524820260466153954e+01 1.626220760220930828e+01 1.651414258685015568e+01 1.679235386961838472e+01 1.829014286090110986e+01
4.746349790244981826e+00 4.774921289561656401e+00 5.445778561339704282e+00 5.486503563708525100e+00 6.350554549850410346e+00 6.385996373014671157e+00 7.351368361722612654e+00 7.370292242690668516e+00 8.888967738782220351e+00 8.922841396546733250e+00 9.462355346346427609e+00 9.569353577110662812e+00 9.572973869790725843e+00 9.652632985096103013e+00 1.037111833236115110e+01 1.044046954889901713e+01 1.409924414715324659e+01 1.413596345464819493e+01 1.513052409019129030e+01 1.519309505256472725e+01 1.645912585710766152e+01 1.664347633791934555e+01 1.666646104665953843e+01 1.825228804687879958e+01
4.646261174576054032e+00 4.690705765221139245e+00 5.262683479030219047e+00 5.308737195976285683e+00 6.371763344067815638e+00 6.417079853886995977e+00 7.477881010721843857e+00 7.492450427280372693e+00 8.800657987686975048e+00 8.849749541265678587e+00 9.435052147843562054e+00 9.489577420782813633e+00 9.736732148204325199e+00 9.764455700606298194e+00 1.038350159038082055e+01 1.045237362019476990e+01 1.397632686534451629e+01 1.417513933012413396e+01 1.513712829885666977e+01 1.519443492495973835e+01 1.625497844871194175e+01 1.659542695185264805e+01 1.684148101688591481e+01 1.819607163575224007e+01
4.385644480227279374e+00 4.472114959843890070e+00 4.823916835650367219e+00 4.873670091459061382e+00 6.458215233005632605e+00 6.523139981923100628e+00 7.710900401788133962e+00 7.722428953049099043e+00 8.638498672593000194e+00 8.716154304016770382e+00 9.427434520729237377e+00 9.475760689393274205e+00 9.900319351512099075e+00 9.958885576457024769e+00 1.042675539938630891e+01 1.048405422459585346e+01 1.373953195885120060e+01 1.415484285058859015e+01 1.515148445536146937e+01 1.519834203000097794e+01 1.599257164727940506e+01 1.645273842710272660e+01 1.702354275225257041e+01 1.807115764127987134e+01
4.056685546530441222e+00 4.187566247183937662e+00 4.302717264699465360e+00 4.355988339377947050e+00 6.600199633600874805e+00 6.674059427290297108e+00 7.866272873605115734e+00 7.874285363308028529e+00 8.543715073859024400e+00 8.638165895851383169e+00 9.446961394630386977e+00 9.489668732397355200e+00 1.001753645014854577e+01 1.010283596655698624e+01 1.050931659404876761e+01 1.053423488719906054e+01 1.346311562303839970e+01 1.400037484542020394e+01 1.516403211028048581e+01 1.520320839437990834e+01 1.578255251133455062e+01 1.622291031042487219e+01 1.716867583310091305e+01 1.794287304394267224e+01
3.754811825537162306e+00 3.828101712199342366e+00 3.840288129460545541e+00 3.957941686382872248e+00 6.765458107688826495e+00 6.832272787650102153e+00 7.879200331271561275e+00 7.882632309879321397e+00 8.564061973322269594e+00 8.643909613155591032e+00 9.482410791009169060e+00 9.514031041526735066e+00 1.006924282448577124e+01 1.016817818713851374e+01 1.060416659312339505e+01 1.061067456851636237e+01 1.321830153904958927e+01 1.370647909509762563e+01 1.517210926390283099e+01 1.520486059980227189e+01 1.565704722611454081e+01 1.598671545690761775e+01 1.729968467944785360e+01 1.782605264353987096e+01
3.459708413943582084e+00 3.482425952508161338e+00 3.640086122029837945e+00 3.741002695847156279e+00 6.913544791080206586e+00 6.960442897545699559e+00 7.818220173293751962e+00 7.826968974163743376e+00 8.623766552512707406e+00 8.669294022352726614e+00 9.518733990043552140e+00 9.535936187882287030e+00 1.007890565396940197e+01 1.017579001374731007e+01 1.066340595565964300e+01 1.069816087428899998e+01 1.303160676257299144e+01 1.343063415790552284e+01 1.518113178950097364e+01 1.520120436449993484e+01 1.562422886410054979e+01 1.580012964932585895e+01 1.740817726595298609e+01 1.772597323769704403e+01
3.343861532658754854e+00 3.345908098055948798e+00 3.627235073754528916e+00 3.628615102137729753e+00 6.979478869000772079e+00 7.011273078121034175e+00 7.784421611612804881e+00 7.793251282017710224e+00 8.661040844374880976e+00 8.668060901253308970e+00 9.536145056715584545e+00 9.542961578559150837e+00 1.007735694359309520e+01 1.017073693007569091e+01 1.068349138102196605e+01 1.073561066073555281e+01 1.294818097746172469e+01 1.333180539740011206e+01 1.519044315242570953e+01 1.519441173733619443e+01 1.566409022644872984e+01 1.568739469552788712e+01 1.745789885027634369e+01 1.767827704137551592e+01
3.356679315661334151e+00 3.362271731136618591e+00 3.646507530442300915e+00 3.659835785173100042e+00 6.846716472810105536e+00 6.879786361443398057e+00 7.882686995835572752e+00 7.890498187907760475e+00 8.639690541835335580e+00 8.649960085774525353e+00 9.489520506816624845e+00 9.497279530596658859e+00 1.015020290182961205e+01 1.023055437362174835e+01 1.061919015902833330e+01 1.067035312816140902e+01 1.302162681147903811e+01 1.336904031234604240e+01 1.521615227973575912e+01 1.522006835338537201e+01 1.560638238036953851e+01 1.563085670943081062e+01 1.749112714306022909e+01 1.769686703297122321e+01
3.395640497139592373e+00 3.405117146591368993e+00 3.707254715850058169e+00 3.728427259855877196e+00 6.575356917148279301e+00 6.608050855417039848e+00 8.051177913488345439e+00 8.055660383149509940e+00 8.534554904489951355e+00 8.547413412338901395e+00 9.418314217331582583e+00 9.424972042054244881e+00 1.034216375723845793e+01 1.039060244770500141e+01 1.042641481316636920e+01 1.048086973973220815e+01 1.322525489738452542e+01 1.347763505273621476e+01 1.529067282703859831e+01 1.529533023777724132e+01 1.545142558688852219e+01 1.547908383752066896e+01 1.757678757380987733e+01 1.774671030959383344e+01
3.452289338223642812e+00 3.464623346894520228e+00 3.784414052947687068e+00 3.807105670237351802e+00 6.284316871197258791e+00 6.319812014688928947e+00 8.126674022693517685e+00 8.131753463160160678e+00 8.307350729141086632e+00 8.328009955956932941e+00 9.438095809480184784e+00 9.440610126000702707e+00 1.008146691007415541e+01 1.017056817596500906e+01 1.062380669304719660e+01 1.063952040117846565e+01 1.349138347043450104e+01 1.365704037989651987e+01 1.523129860112255507e+01 1.526478355100264217e+01 1.541367454520080926e+01 1.541713497141197209e+01 1.768843259913258237e+01 1.782826946969656490e+01
3.510862785826946109e+00 3.525374866562652088e+00 3.848898343515953169e+00 3.868603824118819201e+00 6.019154769348666889e+00 6.072851109662763314e+00 7.785597943486730621e+00 7.791576460604607846e+00 8.260364446615804823e+00 8.291331754560472334e+00 9.551745993515973865e+00 9.560633107013252641e+00 9.671039864530760255e+00 9.781979982474691582e+00 1.091509623320173361e+01 1.092789382760653538e+01 1.368913623813506497e+01 1.390727836312620092e+01 1.498634075801768795e+01 1.502208756922924415e+01 1.556980421045907548e+01 1.557418927166352596e+01 1.780180736690959620e+01 1.797874992306903508e+01
3.550426444627786005e+00 3.566692085884598740e+00 3.878664498918300119e+00 3.892869543300719215e+00 5.808881260130871915e+00 5.895531107712158381e+00 7.280861659103438299e+00 7.288686517442535262e+00 8.156306144689370541e+00 8.221846785691072412e+00 9.256289220687470731e+00 9.380182667532062979e+00 9.752117889912186754e+00 9.754674341898887491e+00 1.119499966769879507e+01 1.121766886836321042e+01 1.378030498261322023e+01 1.408687555109716527e+01 1.473981144284720024e+01 1.477053232650716552e+01 1.575394506107148018e+01 1.575890119853304583e+01 1.792807816398759613e+01 1.823550167183821458e+01
3.547911645907321443e+00 3.565864491331972808e+00 3.861594457981529338e+00 3.871181077289030270e+00 5.671018265310102002e+00 5.796123816419665786e+00 6.763283682657454499e+00 6.773818914389047485e+00 7.849217764798124719e+00 7.968142022330388485e+00 9.013120956411308171e+00 9.115146990445307296e+00 9.967907445949002465e+00 9.970202217996128269e+00 1.145189676828995751e+01 1.147666789063800685e+01 1.375380062370647849e+01 1.405756606632315631e+01 1.451503109633745403e+01 1.453301292168868031e+01 1.595031651794979410e+01 1.595515839899598554e+01 1.809921294820734161e+01 1.859790214458409352e+01
3.479464590039698990e+00 3.498601318910211422e+00 3.798629126884696117e+00 3.809459223118755844e+00 5.605262131868726350e+00 5.762949917094839947e+00 6.309824349735736249e+00 6.323179126897528590e+00 7.406347977703097385e+00 7.549733031088551094e+00 8.921620201117999471e+00 9.010529724819315689e+00 1.019293754459735624e+01 1.019584527187323886e+01 1.167521924296358016e+01 1.169830408424552104e+01 1.361545628675626141e+01 1.384278054446219208e+01 1.427187032716297566e+01 1.432787373510482354e+01 1.613881962537471892e+01 1.614215442359678221e+01 1.831560405024625737e+01 1.902630809718343841e+01
3.315734486907865985e+00 3.331131689881954294e+00 3.725188687744060534e+00 3.739323429372930718e+00 5.597794426156212033e+00 5.758906410763139583e+00 5.986416596608846064e+00 6.010044368852873298e+00 6.965975444892258395e+00 7.096538686138882390e+00 8.896938009565403149e+00 8.989085052926682806e+00 1.040695517031633344e+01 1.041122831003469074e+01 1.186183756687372970e+01 1.188207326769578565e+01 1.341260596318267950e+01 1.356171716099130720e+01 1.402802882690313169e+01 1.408975462352701591e+01 1.630101720239232677e+01 1.630268755315452367e+01 1.854665157544854281e+01 1.945105104625713821e+01
3.068708826653426147e+00 3.075629717557767595e+00 3.681601843906369353e+00 3.696289661020196959e+00 5.630783583101232281e+00 5.706104802061787495e+00 5.801206830869762854e+00 5.917424983861117482e+00 6.605676254418508364e+00 6.700476223591910419e+00 8.895381715307895121e+00 8.998567132364547305e+00 1.058895381760270915e+01 1.059415826695188478e+01 1.200960155961048414e+01 1.202698380112160059e+01 1.320877065719717791e+01 1.329362276640116214e+01 1.380174242240924798e+01 1.384398854176322047e+01 1.642437286677480301e+01 1.642521852891389500e+01 1.874979176296356087e+01 1.980364103011469368e+01
2.837796500657574938e+00 2.839026569537015821e+00 3.664516783403166666e+00 3.680495231270922041e+00 5.652361488311329119e+00 5.679814174220101819e+00 5.722950157654795866e+00 5.945486631440041414e+00 6.364944087122904826e+00 6.412657091319063696e+00 8.899838599915073090e+00 9.014444043513750060e+00 1.071446552650909467e+01 1.071944671049016229e+01 1.210982472169172297e+01 1.212529036496124313e+01 1.306315258841591032e+01 1.309835765553665254e+01 1.363214938769589502e+01 1.365101241421546696e+01 1.650140892439629425e+01 1.650176824593846447e+01 1.888763614417477044e+01 2.003426457342480305e+01
2.741069940145086203e+00 2.744460689119922581e+00 3.660348485999815438e+00 3.677809277286441247e+00 5.640718825075849985e+00 5.685599930944881031e+00 5.724588692960331571e+00 5.971102612560082790e+00 6.284884613880058701e+00 6.287699702535347157e+00 8.902230890792514728e+00 9.021726529830809582e+00 1.075989738855794720e+01 1.076433392387377097e+01 1.214624404378305478e+01 1.216119497519869164e+01 1.301828674833720001e+01 1.302012230420629990e+01 1.357106070304915058e+01 1.357209338582459246e+01 1.652764676520036957e+01 1.652774164957523340e+01 1.893627683413566487e+01 2.011422810494454083e+01
2.359393127923117728e+00 3.073424874794365991e+00 3.079116354012562784e+00 4.207859415630175626e+00 4.841509459478289479e+00 5.194986474263632914e+00 6.090932806609338890e+00 6.363261983264993482e+00 6.445314971575555774e+00 6.479457280480814596e+00 8.693055886912704366e+00 9.236644648232511301e+00 1.066504063059788443e+01 1.082546650638259322e+01 1.204212543483479259e+01 1.226807976761050334e+01 1.301014765149421137e+01 1.302763162891892712e+01 1.355559465845215783e+01 1.358792242225232449e+01 1.640741565098949906e+01 1.659139772638859611e+01 1.882983864912548455e+01 1.987545392574008218e+01
1.935599701328645672e+00 2.460788713491671054e+00 3.363111381705889080e+00 3.831592204643738953e+00 4.413398000956155087e+00 4.855769001819758124e+00 5.906389948616709518e+00 6.657468315942358217e+00 6.756804018319455984e+00 7.129202873513778016e+00 8.461212218161694665e+00 9.494752452686077149e+00 1.049599888979651752e+01 1.089949700343527894e+01 1.198715085817567427e+01 1.233084734951742156e+01 1.300150148285194973e+01 1.303484806886644165e+01 1.354102043843269243e+01 1.360331586688567640e+01 1.624199131996569179e+01 1.659409944405854631e+01 1.850451812025609399e+01 1.923256471489067110e+01
1.479246095848588682e+00 1.841653862700727506e+00 2.897606896084678585e+00 3.590247183063454361e+00 3.595603893700987097e+00 5.324655281005207463e+00 5.745207904143304845e+00 6.808445370181620326e+00 7.063686703776628661e+00 7.704131113295700217e+00 8.266115374781216829e+00 9.750733210982973631e+00 1.026253439292037939e+01 1.101472024351629209e+01 1.200072106209438338e+01 1.231198410658357822e+01 1.299427954427441634e+01 1.304081399210301129e+01 1.352858345784187399e+01 1.361645790918100118e+01 1.605310927052787662e+01 1.653714722043213214e+01 1.775415490879686686e+01 1.858320338028864782e+01
9.989297960115456343e-01 1.224865974100155519e+00 1.933664131425399502e+00 2.958754555975144473e+00 3.756408919071280383e+00 5.619194009993127459e+00 5.734703227201229936e+00 6.922754791703368049e+00 7.294981584462708391e+00 8.094997208347919582e+00 8.154869151806529715e+00 9.985688118713740735e+00 1.004329355146768066e+01 1.119198976279839641e+01 1.204476432126439001e+01 1.221316680380472341e+01 1.298920309441688659e+01 1.304545437194689583e+01 1.351892118457085701e+01 1.362633633821039147e+01 1.587246696323415662e+01 1.643225592581846328e+01 1.655854030026667800e+01 1.824397860205628064e+01
5.031916994963314682e-01 6.128817441850831216e-01 9.657343517008829537e-01 2.720220874513583631e+00 3.857918002651485878e+00 5.538656177523591850e+00 6.031788453476266021e+00 6.993761495608974421e+00 7.447794710043660338e+00 7.969988557621395131e+00 8.430557927476941771e+00 9.842314773536040562e+00 1.024131841212318683e+01 1.144304237427175153e+01 1.203263127839125701e+01 1.209260509964649266e+01 1.298635611592170847e+01 1.304851241477363999e+01 1.351270665283331773e+01 1.363239103541415531e+01 1.542444095249797797e+01 1.574777698516782998e+01 1.634149092954230653e+01 1.807051318396756656e+01
-3.378086464262748017e-04 -3.289598907197677030e-07 1.408182769520119139e-07 2.712116744496291698e+00 3.892087611543504355e+00 5.510915302005518157e+00 6.147563191249134640e+00 7.017808316904742050e+00 7.502490859349721042e+00 7.912009435182618233e+00 8.527473798311067554e+00 9.781674897079499331e+00 1.034385557918222887e+01 1.165064707796185850e+01 1.191463970260491756e+01 1.206437079271982604e+01 1.298546217998243613e+01 1.304959742992725324e+01 1.351054945893971748e+01 1.363442106434655621e+01 1.494391141510980603e+01 1.569670604218717180e+01 1.630044004517353073e+01 1.801667621679231601e+01
4.386928988305208166e-01 5.663277308363999785e-01 6.538119643091125921e-01 2.714482869203792781e+00 3.832150516891137837e+00 5.558583313552762029e+00 6.069397262153297667e+00 6.999714421815194321e+00 7.438553782345070253e+00 7.787232009677264699e+00 8.758158185767605630e+00 9.825411958357275211e+00 1.035547364843601770e+01 1.113180083172161083e+01 1.223412563240253270e+01 1.272504173165859243e+01 1.298626410250742502e+01 1.304825300012877598e+01 1.351282785248228002e+01 1.363240896224769294e+01 1.495498904983671551e+01 1.566433772246422151e+01 1.635508167727727979e+01 1.801161147787698980e+01
8.726283682326334556e-01 1.114768285330485886e+00 1.299723421392991574e+00 2.756703596072822560e+00 3.668879648347063593e+00 5.684382555744193155e+00 5.845333462039027594e+00 6.945995371388250739e+00 7.305650020262589805e+00 7.592540890480580451e+00 9.091661234682572257e+00 9.941957114119965411e+00 1.038473096213761693e+01 1.065500453783577228e+01 1.286985753081186878e+01 1.298867678647903290e+01 1.304435002363646134e+01 1.351946566659241888e+01 1.362650848391098890e+01 1.380039289356520094e+01 1.498840799982865946e+01 1.559259616601481468e+01 1.652124156559870016e+01 1.799682024393271362e+01
1.297295077552715004e+00 1.625350835267364014e+00 1.919872773906619035e+00 2.869845022099880794e+00 3.433033630280921678e+00 5.500317085728395838e+00 5.855658586428755363e+00 6.858328109411017337e+00 7.172725754005411680e+00 7.378277980386907409e+00 9.336058885816235886e+00 1.008853472480281255e+01 1.030626148902187467e+01 1.044133989262656037e+01 1.299270419632962614e+01 1.303826766202060128e+01 1.352989739895722110e+01 1.359570839534764097e+01 1.361710712299050208e+01 1.483545263011671445e+01 1.504622171775550044e+01 1.553372303494294293e+01 1.688860497032776564e+01 1.797694636159787862e+01
1.708595502266153421e+00 2.072954281834749057e+00 2.445217594098229252e+00 3.069315357574232461e+00 3.147834473750264372e+00 5.061510116211224819e+00 6.046330379613130468e+00 6.739476216270783304e+00 7.058809893690515480e+00 7.174963787637548940e+00 9.518124542003310040e+00 1.009947632945162077e+01 1.022680533189411634e+01 1.045969345343078949e+01 1.299830072267977243e+01 1.303059416164520457e+01 1.354326476647297284e+01 1.360479675061971783e+01 1.423848363156420938e+01 1.512378138001633587e+01 1.523757679288230982e+01 1.561171968890731598e+01 1.755519139013337337e+01 1.799276802803340303e+01
2.102870473597555634e+00 2.425128137636084702e+00 2.687872899008528105e+00 2.826594176861161323e+00 3.467682928919858298e+00 4.554500573307700861e+00 6.239645559605076386e+00 6.593264572096599885e+00 6.951691657961096560e+00 7.055185293598530194e+00 9.656149670890680881e+00 9.966074982010132643e+00 1.033872040851912288e+01 1.045608662037214387e+01 1.300530786065883326e+01 1.302205268830616092e+01 1.355852587641363804e+01 1.359032622214571795e+01 1.470971531931717635e+01 1.518497839437575081e+01 1.525924478065867618e+01 1.565796998616604796e+01 1.783845773492083353e+01 1.838479121187953780e+01
2.476452213862019747e+00 2.477002099281101710e+00 2.631004200044098074e+00 2.660770597417525529e+00 4.004737854100879346e+00 4.009538177481438481e+00 6.424588031779950192e+00 6.424614601158405769e+00 6.899351920863224130e+00 7.024517123582489475e+00 9.721845422324802755e+00 9.906872365205936504e+00 1.041175403525810772e+01 1.042097891208517702e+01 1.301337147204351830e+01 1.301342454906915691e+01 1.357453615944329428e+01 1.357460885255185090e+01 1.491037328666002360e+01 1.512634501061207359e+01 1.535503806984835329e+01 1.560533270285923635e+01 1.784638010448872691e+01 1.864049224488010736e+01
2.529789225012499809e+00 2.542355754015594105e+00 2.688681539121984265e+00 2.717914950346532965e+00 4.078048358191665557e+00 4.080658982912624744e+00 6.486378514861111277e+00 6.499750016472407133e+00 6.880884195277146453e+00 7.008576840678012232e+00 9.716026566711192913e+00 9.895874127187292757e+00 1.038201111775851970e+01 1.040084786977210030e+01 1.295473239247483654e+01 1.313421887073474004e+01 1.347810314820376298e+01 1.365598395601653436e+01 1.490521312413797972e+01 1.510860572436034133e+01 1.536571816055242401e+01 1.561426133450873621e+01 1.782441397821441242e+01 1.859618948170285790e+01
2.653983180716821710e+00 2.692583620245915466e+00 2.870716301792972658e+00 2.892149989927709886e+00 4.292324022627210134e+00 4.308010881754312571e+00 6.684840325309858500e+00 6.707992342789291129e+00 6.838417970987098471e+00 6.961968111426163119e+00 9.697574402861082632e+00 9.861515264156951233e+00 1.030217057686398974e+01 1.033903358727539334e+01 1.297487493834501748e+01 1.313156907085988934e+01 1.352243275311724702e+01 1.365573734173973719e+01 1.490152066625472393e+01 1.505105436276399722e+01 1.540457826204012193e+01 1.565593461484195181e+01 1.776744311630527662e+01 1.847330827164427447e+01
2.826223239259906261e+00 2.867716068212737390e+00 3.137939269545261922e+00 3.164812787048087994e+00 4.661619849121349191e+00 4.682023117378601107e+00 6.710683599178421055e+00 6.847861860313412485e+00 7.067391454862906208e+00 7.099117699970919126e+00 9.664023906198794478e+00 9.802355286200061357e+00 1.018277188716041692e+01 1.024504035969564164e+01 1.284850837104117716e+01 1.310402834980340359e+01 1.353142714926258705e+01 1.370030395268264201e+01 1.490859748255138229e+01 1.497200637416002600e+01 1.548875125155418786e+01 1.573452122109423534e+01 1.770162269553760126e+01 1.830109646380212851e+01
3.026749975667033521e+00 3.056381132447380633e+00 3.479045871089984754e+00 3.485492135057502772e+00 5.162641240069537396e+00 5.170850637092717861e+00 6.584857060900366932e+00 6.721374042086461387e+00 7.535480869687988026e+00 7.573540267421897454e+00 9.611053536189109181e+00 9.721459602647682274e+00 1.003609148138184004e+01 1.013291654047736046e+01 1.249505519346246096e+01 1.297524717126759697e+01 1.347523423822697097e+01 1.384445032053548275e+01 1.488724037157147961e+01 1.493533080062436724e+01 1.561382836735220714e+01 1.581670998298566211e+01 1.766365307510959326e+01 1.812381890004502694e+01
3.229485389079420177e+00 3.263309236541219960e+00 3.863689558468662799e+00 3.878032811868128871e+00 5.718803845598420033e+00 5.726153875727019837e+00 6.423361527068305321e+00 6.542113725025552995e+00 8.071775106541529965e+00 8.113077142833112987e+00 9.530321350250904544e+00 9.629218595533330927e+00 9.883921611219646408e+00 1.001387174826136928e+01 1.203479906932380139e+01 1.249091992838654441e+01 1.363382240613763052e+01 1.394522299748631866e+01 1.484261393129478535e+01 1.491619765002669951e+01 1.574448402422458670e+01 1.587022415424836730e+01 1.767751900164478229e+01 1.798714789069150299e+01
3.444448640691293306e+00 3.475860371005738081e+00 4.300300037824584365e+00 4.317488410440843971e+00 6.174239409229769215e+00 6.231381677237978423e+00 6.317838491204789797e+00 6.356811420069689689e+00 8.590895312168552067e+00 8.631488834734664550e+00 9.433318376531044436e+00 9.524729451570054906e+00 9.769416927493539404e+00 9.891935936112956185e+00 1.151526328806266264e+01 1.184969961429331242e+01 1.384320839049609120e+01 1.402085475563181838e+01 1.479508238123774433e+01 1.485417177519614818e+01 1.585778479589514767e+01 1.591010490598251614e+01 1.772746237757926124e+01 1.791058823129246491e+01
3.678652894771072823e+00 3.689993360410642520e+00 4.773061779619695244e+00 4.780560760414143573e+00 5.985248219305026041e+00 6.025852190613250947e+00 6.746214561312431357e+00 6.748074251559192938e+00 8.985758496415250818e+00 9.010530315379964961e+00 9.387932399906571135e+00 9.423979141272791793e+00 9.730696547960842935e+00 9.774165924488794843e+00 1.099449403560295835e+01 1.117633417087432335e+01 1.404485928321313004e+01 1.408405210919530859e+01 1.472797706546634799e+01 1.475130165456715403e+01 1.598119879145362354e+01 1.598943812569040901e+01 1.776751524564720341e+01 1.786816605244288425e+01
3.903503189174050814e+00 3.931661340113616898e+00 5.233048428129046137e+00 5.243566696157490270e+00 5.727237418601345276e+00 5.755166349422738747e+00 7.038179603811477669e+00 7.041200957628088730e+00 9.135508744300599560e+00 9.170726639712119876e+00 9.368234038667102581e+00 9.402037550158253154e+00 9.740148088694878581e+00 9.781921005814343317e+00 1.051855249584949448e+01 1.062843142655946060e+01 1.413500447819090233e+01 1.419237100076855107e+01 1.463176052354211798e+01 1.465749835906591692e+01 1.614921069384971020e+01 1.616164129196886989e+01 1.775425283606736571e+01 1.781040809212680287e+01
4.113025628852314597e+00 4.201555278627601808e+00 5.297394543752072416e+00 5.369581802419971517e+00 5.808575750692932971e+00 5.820277467978105967e+00 7.097911620783758480e+00 7.105056124006062568e+00 9.079079487479166488e+00 9.163889785532376209e+00 9.339781405724634666e+00 9.441458661444970701e+00 9.801140090179970343e+00 9.861255021694573131e+00 1.015878107339123204e+01 1.032322909149863932e+01 1.416525390194809830e+01 1.424053188472388243e+01 1.456959095683423477e+01 1.459357684252122667e+01 1.638514394831008758e+01 1.641188628846708042e+01 1.766468231120749266e+01 1.770399491559333072e+01
4.313228947808801728e+00 4.485215069254263831e+00 5.003724864263269900e+00 5.100875961610615406e+00 6.229666865353244987e+00 6.256925650183088550e+00 6.939350833303426391e+00 6.955200638468759244e+00 8.858348425496288314e+00 9.044752939786610213e+00 9.522933887335927494e+00 9.561411666067581194e+00 9.791523253502480983e+00 9.922714776238949597e+00 9.970859187079847530e+00 1.015549125113897055e+01 1.417370337600058505e+01 1.421401959778385837e+01 1.455451440266763719e+01 1.457086275242222051e+01 1.663734026817104095e+01 1.668698952697847560e+01 1.751175472382183074e+01 1.755704228335018158e+01
4.435283705168854063e+00 4.727737467448818620e+00 4.838913973741085783e+00 4.853060005836821844e+00 6.617640599481132924e+00 6.624406520835441903e+00 6.656631033469461833e+00 6.666641857105247482e+00 8.760661887900438316e+00 8.984609735851686096e+00 9.619831871845571314e+00 9.675966246800594917e+00 9.786692582143789565e+00 9.838405999674231239e+00 1.000500577122773294e+01 1.004538730139593916e+01 1.417739110840862971e+01 1.419091772093382886e+01 1.455149116943090881e+01 1.456965207818471519e+01 1.676750787694144051e+01 1.683870852218808523e+01 1.740651999090175650e+01 1.746662474125291808e+01
4.457983007985499846e+00 4.721026752970297835e+00 4.825166847821722449e+00 4.849110222257778879e+00 6.562571077031548406e+00 6.571604545529516450e+00 6.605903436061952405e+00 6.608545588842444474e+00 8.809328129494163662e+00 9.011478982795626536e+00 9.619060978541620344e+00 9.684842075185530419e+00 9.834308805403146891e+00 9.883062272910759560e+00 1.004307465741216454e+01 1.007071226210987192e+01 1.416210610116675639e+01 1.418956965099208745e+01 1.453623110947101971e+01 1.455875591331866126e+01 1.677424552911953626e+01 1.684098445581163972e+01 1.739153379345297168e+01 1.745493639414094744e+01
4.508932909815831280e+00 4.700045053940743678e+00 4.793084583194639592e+00 4.832161731054015696e+00 6.418569492711077906e+00 6.426344983584693082e+00 6.459746473855373594e+00 6.474708366505541157e+00 8.941809564197031435e+00 9.085430196172241679e+00 9.628770653886144615e+00 9.700136430760576189e+00 9.955156353929984547e+00 9.999066232232895146e+00 1.014131787236956050e+01 1.014486142631976051e+01 1.412094347734326227e+01 1.417459989605162463e+01 1.449718414369882247e+01 1.452001272561680700e+01 1.679476244423160480e+01 1.684934836046413409e+01 1.735548687694731029e+01 1.742387895924684926e+01
4.548388289268935125e+00 4.663824886202480258e+00 4.757587631999162348e+00 4.799411418837826737e+00 6.229313752945826010e+00 6.238148818092929204e+00 6.275397724484481188e+00 6.304249238609098249e+00 9.115541986145437647e+00 9.191315297716242227e+00 9.653523295335375565e+00 9.710522704877186939e+00 1.011264246689978741e+01 1.015081386407918096e+01 1.025279080929501596e+01 1.026775872983367854e+01 1.406205019846495219e+01 1.412808450311267450e+01 1.443788388099066466e+01 1.445523699223276637e+01 1.682947130669077396e+01 1.686764026072485478e+01 1.731843644093090617e+01 1.738210434492878775e+01
4.549384085352068396e+00 4.619102227271456584e+00 4.723694108073230424e+00 4.751465501593852281e+00 6.049170499001505164e+00 6.061015964976974146e+00 6.104513413774754760e+00 6.135276605058934685e+00 9.269628099964171142e+00 9.308000484355575921e+00 9.690273779116756359e+00 9.719122216520016622e+00 1.027557900281526670e+01 1.030008378824210524e+01 1.037526874111160780e+01 1.038991544146900914e+01 1.399762052823001035e+01 1.404366753652821309e+01 1.435612706944530714e+01 1.438386438937371103e+01 1.687617921622683781e+01 1.689908846409694121e+01 1.729658361640044717e+01 1.733682013048999693e+01
4.530095959436930109e+00 4.578305679925105842e+00 4.677665401872683759e+00 4.695577854948656871e+00 5.916012584060518442e+00 5.923299955135063577e+00 5.982597366852449028e+00 5.999016422035992058e+00 9.350209650391766658e+00 9.418483431862863853e+00 9.722673478826358462e+00 9.747954106429297383e+00 1.041146461919159094e+01 1.041459221652866773e+01 1.048785121486627148e+01 1.049722507364458401e+01 1.393899386792097417e+01 1.394191265101997423e+01 1.427435160429311445e+01 1.431553404060572277e+01 1.692585812701955561e+01 1.694170071716872172e+01 1.728654735116320396e+01 1.729785978971815652e+01
4.517722787385948457e+00 4.550622771935042721e+00 4.627650107698525694e+00 4.648242702693660355e+00 5.829422381148735788e+00 5.843431834407144976e+00 5.912504492953992496e+00 5.921323555906613301e+00 9.366009914708854467e+00 9.501725013250629459e+00 9.734621368080404125e+00 9.792847679098304781e+00 1.048190165994294532e+01 1.050003752322958128e+01 1.055011457242667916e+01 1.058974216017479719e+01 1.385141969530659800e+01 1.390610346769183892e+01 1.421589764327529259e+01 1.426401937885505689e+01 1.696373110393215455e+01 1.698452937739180513e+01 1.724977197722962430e+01 1.730071172991421946e+01
4.514827615050566401e+00 4.542114755501788892e+00 4.604510176503341157e+00 4.629423681600298046e+00 5.798577509382237594e+00 5.817537740276971903e+00 5.884839094455941222e+00 5.903119757819450086e+00 9.364759501381712425e+00 9.532573946183175551e+00 9.738717345296585393e+00 9.811064339350695107e+00 1.050484966144914978e+01 1.053029452514619990e+01 1.057134327445384159e+01 1.062336396785061865e+01 1.381736008636024593e+01 1.389418830391009863e+01 1.419466437309806928e+01 1.424474526790139350e+01 1.697771026006457262e+01 1.700464570614107274e+01 1.723171750643526678e+01 1.730443067976323945e+01
4.453372943857712762e+00 4.481329506968712906e+00 4.671657980341676897e+00 4.686285387501802902e+00 5.546083710346819018e+00 5.562420144744057993e+00 6.123313775868187925e+00 6.135733599853689491e+00 9.385915683497024986e+00 9.526737910660717290e+00 9.772824258537037068e+00 9.823658677083624724e+00 1.034967834427405364e+01 1.039002159798397251e+01 1.063776844623661688e+01 1.066948587591115150e+01 1.385059724629535616e+01 1.392136345093618743e+01 1.419829346065636422e+01 1.424209195314391252e+01 1.692946123246769474e+01 1.696041988382932431e+01 1.727588577223904309e+01 1.734155017308413349e+01
4.382619283388152986e+00 4.412586370795899882e+00 4.695124840046185355e+00 4.702965806074756117e+00 5.313104873961891350e+00 5.333102367888746365e+00 6.343838319307998574e+00 6.356157929688509789e+00 9.427278714716303298e+00 9.525551495690862680e+00 9.822551368352552714e+00 9.845490521825658092e+00 1.009477347147383952e+01 1.013827390557872832e+01 1.066747010829642406e+01 1.068497638147511175e+01 1.393910206575791122e+01 1.399142273462292607e+01 1.421213880888352854e+01 1.423587896197376779e+01 1.683750853760933097e+01 1.687110934287058939e+01 1.735897715993037593e+01 1.741559361057104383e+01
4.335167888923769475e+00 4.363787144655054462e+00 4.511613068166374418e+00 4.525316682366387511e+00 5.275515405261598900e+00 5.296362927572683788e+00 6.482679443726572899e+00 6.495240766442457847e+00 9.448202061177523703e+00 9.535681557844855050e+00 9.764738547756699916e+00 9.781794200874649903e+00 9.816295045018499366e+00 9.853362386171552245e+00 1.072953137998348794e+01 1.074001001112357834e+01 1.404695411583017695e+01 1.406456774481946148e+01 1.423364512964595363e+01 1.425056434257290938e+01 1.675090877685873991e+01 1.678354161367836284e+01 1.744614303584339510e+01 1.749515532772676352e+01
4.182628183600727745e+00 4.208752697920328245e+00 4.306230732199569644e+00 4.330809098232159648e+00 5.370449984940973920e+00 5.401404821598904782e+00 6.508852338221399414e+00 6.522076257461551840e+00 9.377713309982981471e+00 9.451226350965235667e+00 9.532711710693524410e+00 9.576095063617007241e+00 9.604179919870722060e+00 9.651798532120121621e+00 1.089735189366308532e+01 1.092783804134592351e+01 1.408590116755565624e+01 1.410168216242769468e+01 1.426645733261718263e+01 1.432336538936682402e+01 1.669255298285833433e+01 1.672729422344532679e+01 1.753661636446931382e+01 1.757937263858524801e+01
3.818846889726503768e+00 3.860477919754826903e+00 4.278369767552746339e+00 4.298192147101869587e+00 5.496398332431077449e+00 5.545952554557119107e+00 6.402396914906320013e+00 6.417216885994608155e+00 9.141021547933910085e+00 9.163749465998199284e+00 9.201432829869743202e+00 9.217718874732437229e+00 9.581584247410940947e+00 9.695459728709703739e+00 1.112925520607529606e+01 1.121304689986635950e+01 1.404764863118343676e+01 1.406516380600833926e+01 1.431964805964646104e+01 1.438637410024458774e+01 1.667678745959892339e+01 1.673017806124558859e+01 1.764004185097559940e+01 1.767956104288298391e+01
3.460277384686898383e+00 3.520650681084549927e+00 4.226530832798986559e+00 4.242607663274416296e+00 5.622533885306785884e+00 5.694134178651142797e+00 6.179320177909871425e+00 6.198158725336794461e+00 8.674464683965108946e+00 8.729504964616475959e+00 8.973194817710789195e+00 9.035302923754052529e+00 9.620544561786733340e+00 9.776258836728423773e+00 1.137682273531943977e+01 1.152503785196955377e+01 1.395129890909853465e+01 1.396817977615664930e+01 1.432023679010046102e+01 1.439150774058933457e+01 1.671449344921807523e+01 1.680799967551751450e+01 1.776526791350896417e+01 1.780662045232550383e+01
3.128726013004820672e+00 3.211404477018712456e+00 4.110993348899567579e+00 4.126296948247945906e+00 5.731954848384624768e+00 5.816974690054628638e+00 5.911055873735530319e+00 5.949227742642844596e+00 8.184046107318726726e+00 8.244192572007456477e+00 8.803801560016655259e+00 8.928645852263331406e+00 9.682956269030201568e+00 9.868918403717447774e+00 1.161228083411274881e+01 1.182772295111973904e+01 1.379668475020673490e+01 1.381851752056029170e+01 1.424477716103975311e+01 1.432395730125458044e+01 1.680545374325179253e+01 1.695363823801046621e+01 1.791242918965726716e+01 1.796091556369895770e+01
2.840969755861424417e+00 2.949025935284864897e+00 3.890644029450357699e+00 3.907707100703424530e+00 5.643383635307411161e+00 5.684604552357917839e+00 5.870725090170908267e+00 5.980491027240159241e+00 7.714138203156276852e+00 7.779292849538038013e+00 8.670072557180551698e+00 8.869226267631328042e+00 9.755656454289173496e+00 9.962455792948754052e+00 1.182489589021718146e+01 1.210747054422164126e+01 1.359843201418509651e+01 1.362381690566077808e+01 1.410611138382730267e+01 1.419240098005919037e+01 1.693302859876919442e+01 1.713966469626694078e+01 1.807045964643180369e+01 1.812935140109129506e+01
2.610198596470949539e+00 2.745043535884634345e+00 3.570083407314046831e+00 3.585910004611019275e+00 5.502261419728680103e+00 5.551226365001252994e+00 5.970039966189966130e+00 6.083870418179291306e+00 7.297420386314233731e+00 7.375182435345246645e+00 8.566746373359780620e+00 8.837254330475975195e+00 9.826636911289456933e+00 1.004756778204285794e+01 1.201178503561386002e+01 1.236168262168958165e+01 1.338505124537944901e+01 1.340737743923150127e+01 1.393336240017978866e+01 1.401692238345986574e+01 1.707087560696556139e+01 1.733009914687697872e+01 1.822094079953188484e+01 1.829074356337747886e+01
2.444447152249513255e+00 2.604126515591496105e+00 3.222964717304318327e+00 3.232532541481606181e+00 5.436234666176919639e+00 5.491644047095881831e+00 6.073787071174665542e+00 6.166417295153954647e+00 6.955147007641903301e+00 7.063876771630564377e+00 8.492522912523053691e+00 8.820925818217732584e+00 9.885597652696876736e+00 1.011607729582107851e+01 1.216853247008706518e+01 1.258832323033749923e+01 1.319342346630090113e+01 1.320687115812502554e+01 1.376030707769991501e+01 1.382383925079615139e+01 1.719180971357710774e+01 1.749159183422148800e+01 1.834442135273210894e+01 1.842339310522942597e+01
2.345939164108533426e+00 2.523619805411795536e+00 2.952704363471318594e+00 2.955301530342412164e+00 5.412095522953048743e+00 5.471609529957740747e+00 6.178952527726018218e+00 6.221433765581227071e+00 6.703347648144589499e+00 6.867019469369679996e+00 8.447915623241341265e+00 8.813593012639806545e+00 9.924569865266080981e+00 1.016087504334938529e+01 1.228043812843903737e+01 1.277034762428591463e+01 1.306104387365537534e+01 1.306481771440590656e+01 1.362584620648511269e+01 1.365143502079800264e+01 1.727374310143930103e+01 1.759882657270694395e+01 1.842511678337639935e+01 1.851008937910996366e+01
2.313423025989004511e+00 2.497692960901297887e+00 2.848506393369564016e+00 2.851102798449157483e+00 5.406326494033234731e+00 5.467359708375152394e+00 6.240752975553057524e+00 6.241649699816536945e+00 6.592432475477555620e+00 6.799072024011724835e+00 8.433088446714307906e+00 8.811568360149440338e+00 9.938211987834202787e+00 1.017652446413596934e+01 1.232249012852669345e+01 1.284890590486192075e+01 1.301423225750831669e+01 1.301468242415036869e+01 1.357280408610602507e+01 1.357354226638257622e+01 1.730264655052056710e+01 1.763630445033745175e+01 1.845312709562356446e+01 1.854017851533092553e+01
2.332142526981024755e+00 2.483472262990831236e+00 2.830154371085872977e+00 2.832273941684983587e+00 5.308872716596664709e+00 5.362791385949256195e+00 6.250637592322487279e+00 6.251386626949877900e+00 6.646101423522450702e+00 6.815690628580972188e+00 8.616855279140422041e+00 8.879300698044547246e+00 9.965683278964158731e+00 1.015844003756250302e+01 1.242517805481542581e+01 1.290904915055399549e+01 1.301419114373348584e+01 1.301451435235823695e+01 1.357299002006188005e+01 1.357357113156864514e+01 1.725034908826886593e+01 1.750441298051990202e+01 1.849080288416447715e+01 1.851212815369231279e+01
2.388917041092174731e+00 2.441018653196394883e+00 2.778770822874321755e+00 2.779761273280256795e+00 5.046147048151946812e+00 5.098043694557634176e+00 6.277852403286917848e+00 6.278246886741137622e+00 6.794708767615279754e+00 6.865117614640571020e+00 9.026784110346868673e+00 9.065109324832956617e+00 1.005048168090430849e+01 1.011650878949654597e+01 1.270672971804535401e+01 1.301407300211976192e+01 1.301410476887035017e+01 1.309636345706284644e+01 1.357346216333736422e+01 1.357365798834353576e+01 1.710964456538198419e+01 1.718988593404129972e+01 1.840495068906641762e+01 1.856389463926587879e+01
2.378101934520672867e+00 2.481918144030291984e+00 2.703885446058643005e+00 2.705051428839586158e+00 4.704626641808700604e+00 4.784953241277848157e+00 6.315990200918815134e+00 6.316026635240175047e+00 6.888810257718620988e+00 6.977598381359894297e+00 9.322655723143698836e+00 9.456797759819862037e+00 1.005834146135971707e+01 1.017915072000530152e+01 1.301365143567248950e+01 1.301391507415486437e+01 1.310510658492582614e+01 1.342910769498272394e+01 1.357376611229243757e+01 1.357405100880325932e+01 1.680048464932497509e+01 1.690793928563638460e+01 1.823841212832517300e+01 1.860753024472245798e+01
2.346200015395270455e+00 2.580969516700584609e+00 2.620505834431268166e+00 2.622762251474290096e+00 4.380596918412784646e+00 4.500727420644703436e+00 6.356632347807262384e+00 6.356800939966850805e+00 6.913326348890974415e+00 7.063277247657951285e+00 9.593238498877093789e+00 9.803426514044081941e+00 1.002172457726892496e+01 1.025903387380898302e+01 1.301335917670130016e+01 1.301373700518556831e+01 1.356030430322863367e+01 1.357392947964438434e+01 1.357450923320524083e+01 1.389704016669422693e+01 1.641697981662853323e+01 1.662700437006463261e+01 1.805446463811963653e+01 1.862627946216395713e+01
2.408757163998354045e+00 2.545730762385324475e+00 2.548242911682135681e+00 2.645896745656207028e+00 4.146655107001305574e+00 4.267740422669737299e+00 6.392127263035755291e+00 6.392299107119788992e+00 6.917590155665982898e+00 7.067946053486868330e+00 9.775396135916999185e+00 9.908148978290187259e+00 1.013950614898483416e+01 1.031049941450971374e+01 1.301327998907166084e+01 1.301357883538018179e+01 1.357412395622381140e+01 1.357473902399404153e+01 1.404331460843814661e+01 1.441598520376188297e+01 1.607148947243804216e+01 1.623672818271226603e+01 1.792161347326528187e+01 1.863349964872057640e+01
2.494383375858903573e+00 2.496077870337430227e+00 2.553032171537660044e+00 2.659060970222175690e+00 4.031216913678512093e+00 4.089170748721829618e+00 6.416128089840754889e+00 6.416206732489572850e+00 6.907967656701628378e+00 7.038736662093073804e+00 9.764399312001319942e+00 9.900935879029812980e+00 1.032765976509320183e+01 1.039063760738438802e+01 1.301332877514999176e+01 1.301346877207245889e+01 1.357434535259048225e+01 1.357473636557481100e+01 1.454208103949086883e+01 1.487754124000960232e+01 1.572102109453049934e+01 1.579999107036821648e+01 1.786099613679361298e+01 1.863824845264739238e+01
2.476452213862019747e+00 2.477002099281101710e+00 2.631004200044098074e+00 2.660770597417525529e+00 4.004737854100879346e+00 4.009538177481438481e+00 6.424588031779950192e+00 6.424614601158405769e+00 6.899351920863224130e+00 7.024517123582489475e+00 9.721845422324802755e+00 9.906872365205936504e+00 1.041175403525810772e+01 1.042097891208517702e+01 1.301337147204351830e+01 1.301342454906915691e+01 1.357453615944329428e+01 1.357460885255185090e+01 1.491037328666002360e+01 1.512634501061207359e+01 1.535503806984835329e+01 1.560533270285923635e+01 1.784638010448872691e+01 1.864049224488010736e+01
2.741069940145086203e+00 2.744460689119922581e+00 3.660348485999815438e+00 3.677809277286441247e+00 5.640718825075849985e+00 5.685599930944881031e+00 5.724588692960331571e+00 5.971102612560082790e+00 6.284884613880058701e+00 6.287699702535347157e+00 8.902230890792514728e+00 9.021726529830809582e+00 1.075989738855794720e+01 1.076433392387377097e+01 1.214624404378305478e+01 1.216119497519869164e+01 1.301828674833720001e+01 1.302012230420629990e+01 1.357106070304915058e+01 1.357209338582459246e+01 1.652764676520036957e+01 1.652774164957523340e+01 1.893627683413566487e+01 2.011422810494454083e+01
2.746547778440423304e+00 2.749750153950998310e+00 3.575085567447933599e+00 3.594394150349744965e+00 5.675624199401926973e+00 5.740966034382402050e+00 5.744580088885110847e+00 5.955750658666694619e+00 6.282741667274286179e+00 6.285399876674961028e+00 8.910377509959053199e+00 9.008688913556207822e+00 1.066363180314119496e+01 1.074569888414306185e+01 1.217008124341261954e+01 1.225312814258565375e+01 1.301806439358721157e+01 1.301985321620710501e+01 1.357115716261037264e+01 1.357217803882850760e+01 1.652892878250892039e+01 1.655703214371484222e+01 1.892338626875133301e+01 2.005676729415042914e+01
2.761792754750528545e+00 2.764578528888458120e+00 3.354720149157241149e+00 3.386638687865949127e+00 5.647863828249369611e+00 5.798751789071042495e+00 5.894466230453659250e+00 6.004520959149157733e+00 6.276714779860673055e+00 6.278966017409699063e+00 8.925867955650202745e+00 8.961724905115065809e+00 1.047217753814262586e+01 1.066190943233677935e+01 1.229145250769919251e+01 1.239672084338073965e+01 1.301745345318332348e+01 1.301909908646716652e+01 1.357142531679844843e+01 1.357240447514306858e+01 1.656412141176977215e+01 1.662830223584510492e+01 1.888563509789460326e+01 1.989238220365194110e+01
2.783562977330134469e+00 2.786019832322308876e+00 3.070190276857500677e+00 3.128185249395124323e+00 5.595088914668372659e+00 5.715452684796088256e+00 6.100468249389043862e+00 6.205916566909414733e+00 6.267946481334449871e+00 6.269695579120506679e+00 8.866751981002845895e+00 8.930159183945059809e+00 1.027935234347577165e+01 1.053414705544799901e+01 1.246025745652676342e+01 1.249777953372421635e+01 1.301660195221145422e+01 1.301800892975220947e+01 1.357180487704246019e+01 1.357270620705242514e+01 1.665226577333923430e+01 1.675769330440094507e+01 1.882386869154763787e+01 1.964227545821784915e+01
2.782598548261116189e+00 2.807416270094610589e+00 2.809795690431702297e+00 2.876847280856597244e+00 5.544279373582710058e+00 5.602949748347742620e+00 6.258130552758365717e+00 6.259444679820396651e+00 6.298658142932829662e+00 6.427242207853151257e+00 8.728833497124133700e+00 8.910576399899772682e+00 1.013536211718516711e+01 1.038777301850929113e+01 1.251055325968664356e+01 1.262380574435005620e+01 1.301569997946134549e+01 1.301679840805852706e+01 1.357220726062638327e+01 1.357301397204297189e+01 1.680955076550630523e+01 1.695525728321185355e+01 1.873682064058958829e+01 1.933451946642349029e+01
2.537611322300328265e+00 2.673022443063425957e+00 2.828688927223499849e+00 2.831144078772457107e+00 5.500342468161285581e+00 5.504391562744883615e+00 6.249207222331413902e+00 6.250247098047974958e+00 6.457338876037250763e+00 6.618954069127529038e+00 8.583208583881434706e+00 8.870390840453806547e+00 1.003626091280167820e+01 1.026327556301416521e+01 1.244605886002371342e+01 1.274894632507923120e+01 1.301492595193487389e+01 1.301570730806763265e+01 1.357253857277451736e+01 1.357328120807874328e+01 1.701925427843968563e+01 1.721374108182352458e+01 1.862623755596693798e+01 1.900060335889700980e+01
2.372115179357709103e+00 2.542386005977157026e+00 2.843308275260965967e+00 2.845861509888884200e+00 5.431065990325091519e+00 5.476982499341398025e+00 6.242984165344450886e+00 6.243906909067335143e+00 6.558103019020882662e+00 6.751228049406748255e+00 8.473766214162537835e+00 8.829127944404300266e+00 9.966075064686945595e+00 1.019495874661977730e+01 1.236094170850686780e+01 1.282416519801150478e+01 1.301441162167367693e+01 1.301495201747407471e+01 1.357273959667099561e+01 1.357347157691258133e+01 1.721669733748111497e+01 1.748909384864800387e+01 1.851277840288693710e+01 1.869007642703222771e+01
2.313423025989004511e+00 2.497692960901297887e+00 2.848506393369564016e+00 2.851102798449157483e+00 5.406326494033234731e+00 5.467359708375152394e+00 6.240752975553057524e+00 6.241649699816536945e+00 6.592432475477555620e+00 6.799072024011724835e+00 8.433088446714307906e+00 8.811568360149440338e+00 9.938211987834202787e+00 1.017652446413596934e+01 1.232249012852669345e+01 1.284890590486192075e+01 1.301423225750831669e+01 1.301468242415036869e+01 1.357280408610602507e+01 1.357354226638257622e+01 1.730264655052056710e+01 1.763630445033745175e+01 1.845312709562356446e+01 1.854017851533092553e+01
4.435283705168854063e+00 4.727737467448818620e+00 4.838913973741085783e+00 4.853060005836821844e+00 6.617640599481132924e+00 6.624406520835441903e+00 6.656631033469461833e+00 6.666641857105247482e+00 8.760661887900438316e+00 8.984609735851686096e+00 9.619831871845571314e+00 9.675966246800594917e+00 9.786692582143789565e+00 9.838405999674231239e+00 1.000500577122773294e+01 1.004538730139593916e+01 1.417739110840862971e+01 1.419091772093382886e+01 1.455149116943090881e+01 1.456965207818471519e+01 1.676750787694144051e+01 1.683870852218808523e+01 1.740651999090175650e+01 1.746662474125291808e+01
4.385740430711559945e+00 4.718082942740102759e+00 4.876146507710904743e+00 5.011403631813021953e+00 6.469316334672425839e+00 6.515367536541330828e+00 6.771547870622674381e+00 6.812782417642017307e+00 8.667934510724833785e+00 9.116740549961313889e+00 9.583442806680475101e+00 9.655729732325001535e+00 9.699020339110919764e+00 9.928908877066364269e+00 9.967868235999366888e+00 1.011249235956471715e+01 1.413362469417715594e+01 1.425840762551033336e+01 1.445344785595179360e+01 1.468473297881021011e+01 1.676960637383513131e+01 1.682449768915164867e+01 1.727982526289446241e+01 1.758689471828597561e+01
4.386534435227234852e+00 4.643336735784024505e+00 5.128467049942621259e+00 5.190363451159471175e+00 6.338228164006213028e+00 6.393100887590768444e+00 6.902190139689873050e+00 6.958088463173848659e+00 8.614762623360173066e+00 9.289934344548477441e+00 9.485849094779048585e+00 9.513692070668575695e+00 9.709509330559226825e+00 9.868692496183689045e+00 1.009830099854570129e+01 1.019606351179898773e+01 1.410295595025823978e+01 1.436074977643620620e+01 1.436549716812606192e+01 1.481841157636638329e+01 1.677062356751529748e+01 1.678574717199067123e+01 1.712632703828670699e+01 1.772748694843559036e+01
4.475752280537313332e+00 4.624797198704822421e+00 5.333799245729722749e+00 5.350013104946803821e+00 6.252896777173694964e+00 6.318175272095023054e+00 7.012449245115795371e+00 7.090848779979906702e+00 8.700453907855008495e+00 9.330835493124324032e+00 9.378816988999316706e+00 9.407283119459355802e+00 9.703035514224607638e+00 9.815888775798272903e+00 1.021440661395192606e+01 1.028781389394403689e+01 1.408717025015757685e+01 1.429330104307011595e+01 1.449798938276803462e+01 1.494911817747273197e+01 1.673121885680353316e+01 1.675782798054159173e+01 1.698174925202942376e+01 1.786746116023586595e+01
4.594400477909768910e+00 4.653966726412908983e+00 5.434422267074855206e+00 5.454558266677809186e+00 6.232755563825355338e+00 6.305668660020122829e+00 7.118720258894646769e+00 7.206832306020975132e+00 8.896642167875912222e+00 9.173552709129362270e+00 9.249170298382543010e+00 9.459614783934270577e+00 9.674386322900563329e+00 9.770700362390249083e+00 1.028813384322662827e+01 1.037723591398067313e+01 1.408214281445303762e+01 1.423468692479032427e+01 1.467079658577589996e+01 1.506109920107893174e+01 1.667082879810308071e+01 1.671766851625294237e+01 1.685892957759664412e+01 1.800549503120902628e+01
4.683303011522204962e+00 4.710263399729916145e+00 5.456924058551233969e+00 5.491009627589288122e+00 6.271771800679167619e+00 6.335083803270859626e+00 7.224991609399361359e+00 7.299263195685644412e+00 8.996586023786193209e+00 9.050915230263465006e+00 9.257009007714712467e+00 9.473502365293324345e+00 9.638588998563072607e+00 9.724708413617941360e+00 1.033493677415783729e+01 1.042885522669293685e+01 1.408462281862715315e+01 1.418744510274669146e+01 1.486716320464169705e+01 1.514241490831017956e+01 1.659502134215854596e+01 1.666834488936019198e+01 1.676347361961157745e+01 1.813005130989082403e+01
4.731892020934357568e+00 4.757148534249586724e+00 5.450820149964537897e+00 5.490527938517793416e+00 6.326246000792351332e+00 6.370902964447645367e+00 7.311911839371034283e+00 7.356410000621278478e+00 8.920409890697786892e+00 8.961145060670144602e+00 9.438784450856363861e+00 9.479005167356156392e+00 9.608184016412867123e+00 9.680174332078852473e+00 1.036204790641656537e+01 1.044182185073350766e+01 1.409247697230075147e+01 1.415211433238906835e+01 1.504625268808183414e+01 1.518653940115574841e+01 1.650415621683043454e+01 1.664443025709140045e+01 1.669618456660608530e+01 1.821949200272849723e+01
4.746349790244981826e+00 4.774921289561656401e+00 5.445778561339704282e+00 5.486503563708525100e+00 6.350554549850410346e+00 6.385996373014671157e+00 7.351368361722612654e+00 7.370292242690668516e+00 8.888967738782220351e+00 8.922841396546733250e+00 9.462355346346427609e+00 9.569353577110662812e+00 9.572973869790725843e+00 9.652632985096103013e+00 1.037111833236115110e+01 1.044046954889901713e+01 1.409924414715324659e+01 1.413596345464819493e+01 1.513052409019129030e+01 1.519309505256472725e+01 1.645912585710766152e+01 1.664347633791934555e+01 1.666646104665953843e+01 1.825228804687879958e+01
3.343861532658754854e+00 3.345908098055948798e+00 3.627235073754528916e+00 3.628615102137729753e+00 6.979478869000772079e+00 7.011273078121034175e+00 7.784421611612804881e+00 7.793251282017710224e+00 8.661040844374880976e+00 8.668060901253308970e+00 9.536145056715584545e+00 9.542961578559150837e+00 1.007735694359309520e+01 1.017073693007569091e+01 1.068349138102196605e+01 1.073561066073555281e+01 1.294818097746172469e+01 1.333180539740011206e+01 1.519044315242570953e+01 1.519441173733619443e+01 1.566409022644872984e+01 1.568739469552788712e+01 1.745789885027634369e+01 1.767827704137551592e+01
3.403664660902438577e+00 3.412084789634310056e+00 3.658197357930875970e+00 3.664330557396824783e+00 6.921496294517536896e+00 6.951193693009615870e+00 7.598082539608391528e+00 7.619655562384551217e+00 8.803205440449080044e+00 8.810706061095975983e+00 9.563638560263623134e+00 9.582955899906039576e+00 1.006382476516724189e+01 1.014423306214960796e+01 1.069752140500801296e+01 1.073795443509490788e+01 1.300433147145006529e+01 1.336230317283972191e+01 1.505631740348578518e+01 1.506976679737432256e+01 1.580908339484871306e+01 1.583455156036795408e+01 1.745712026812590523e+01 1.766824868847489327e+01
3.580778967754041808e+00 3.595080984263992807e+00 3.758547103929962940e+00 3.768763601517766126e+00 6.754707458658673502e+00 6.777258631472077077e+00 7.225387440512755610e+00 7.262306425894211159e+00 9.029215139735487838e+00 9.062026065577374112e+00 9.665994863058465114e+00 9.700923201506984839e+00 1.002467021364367028e+01 1.008004054562087148e+01 1.072625451555739851e+01 1.074751593732145238e+01 1.315322239688750550e+01 1.344730585387368649e+01 1.483345688827029818e+01 1.485120825985628557e+01 1.607674013460227869e+01 1.610327456283035730e+01 1.745127897693707197e+01 1.763642012015581884e+01
3.847703024313105402e+00 3.866718194291239197e+00 3.931392995769007470e+00 3.946982534253081987e+00 6.500360057367118749e+00 6.510630445608025951e+00 6.813049585018117860e+00 6.855602575402026666e+00 9.179775399864448460e+00 9.275688215888653332e+00 9.835746490563696653e+00 9.868051180189549854e+00 9.986315565009871165e+00 1.002814869878723059e+01 1.074322877933123976e+01 1.075978952770339703e+01 1.335187145829523558e+01 1.356965398795374611e+01 1.461846584756854561e+01 1.463873911893202973e+01 1.636337522607844619e+01 1.638543894105366405e+01 1.743071075024824879e+01 1.757852270706843356e+01
4.140300395323063931e+00 4.153014514530246615e+00 4.195936882098348697e+00 4.209517104059248283e+00 6.190674793049174340e+00 6.200496563217132717e+00 6.409721737256028895e+00 6.447485156185565280e+00 9.271691177442898280e+00 9.417811770209826960e+00 9.838635195192823701e+00 9.884989258785184418e+00 1.014294867110738707e+01 1.017124989183024120e+01 1.072986342000498361e+01 1.074995216957889888e+01 1.355784499867171178e+01 1.370671587032165917e+01 1.442817418707842769e+01 1.445395390224507537e+01 1.663771999189962969e+01 1.664993343513563318e+01 1.738291846366518811e+01 1.749084443763007712e+01
4.388733769251737193e+00 4.410408016829624245e+00 4.480165003625641518e+00 4.498687406814960710e+00 5.907286729313999452e+00 5.925925750435946604e+00 6.059539979428955725e+00 6.086154479293786501e+00 9.336744375639598914e+00 9.502303706054956223e+00 9.770446465157240468e+00 9.834334665017280486e+00 1.036550100146026843e+01 1.038021620023616798e+01 1.067054790088547556e+01 1.069550775894783179e+01 1.373417684676277339e+01 1.383205415383931758e+01 1.427141648951187136e+01 1.430964472908321561e+01 1.686750704939671053e+01 1.687840540429901637e+01 1.730132329832639471e+01 1.737897661205177258e+01
4.514827615050566401e+00 4.542114755501788892e+00 4.604510176503341157e+00 4.629423681600298046e+00 5.798577509382237594e+00 5.817537740276971903e+00 5.884839094455941222e+00 5.903119757819450086e+00 9.364759501381712425e+00 9.532573946183175551e+00 9.738717345296585393e+00 9.811064339350695107e+00 1.050484966144914978e+01 1.053029452514619990e+01 1.057134327445384159e+01 1.062336396785061865e+01 1.381736008636024593e+01 1.389418830391009863e+01 1.419466437309806928e+01 1.424474526790139350e+01 1.697771026006457262e+01 1.700464570614107274e+01 1.723171750643526678e+01 1.730443067976323945e+01
