5.572288167675124027e-02
1.568214617278707035e-01
2.579200417789901389e-01
3.590186218301096299e-01
4.601172018812290654e-01
5.612157819323485564e-01
6.623143619834680473e-01
7.634129420345874273e-01
8.645115220857069183e-01
9.656101021368261872e-01
1.066708682187945678e+00
1.167807262239065169e+00
1.268905842290184882e+00
1.370004422341304151e+00
1.471103002392423642e+00
1.572201582443542911e+00
1.673300162494662624e+00
1.774398742545782115e+00
1.875497322596901384e+00
1.976595902648020875e+00
2.077694482699140366e+00
2.178793062750259857e+00
2.279891642801379348e+00
2.380990222852498395e+00
2.482088802903618330e+00
2.583187382954737821e+00
2.684285963005856868e+00
2.785384543056976359e+00
2.886483123108095850e+00
2.987581703159215341e+00
3.088680283210334832e+00
3.189778863261454322e+00
3.290877443312573813e+00
3.391976023363693304e+00
3.493074603414812795e+00
3.594173183465932286e+00
3.695271763517051333e+00
3.796370343568170824e+00
3.897468923619290315e+00
3.998567503670409362e+00
4.099666083721528409e+00
4.200764663772647900e+00
4.301863243823768279e+00
4.402961823874887770e+00
4.504060403926007261e+00
4.605158983977125864e+00
4.706257564028245355e+00
4.807356144079364846e+00
4.908454724130485225e+00
5.009553304181604716e+00
5.110651884232723319e+00
5.211750464283842810e+00
5.312849044334962301e+00
5.413947624386081792e+00
5.515046204437201283e+00
5.616144784488320774e+00
5.717243364539440265e+00
5.818341944590559756e+00
5.919440524641679247e+00
6.020539104692798738e+00
6.121637684743917340e+00
6.222736264795037719e+00
6.323834844846157210e+00
6.424933424897276701e+00
6.526032004948396192e+00
6.627130584999514795e+00
6.728229165050634286e+00
6.829327745101753777e+00
6.930426325152874156e+00
7.031524905203993647e+00
7.132623485255112250e+00
7.233722065306231741e+00
7.334820645357351232e+00
7.435919225408470723e+00
7.537017805459591102e+00
7.638116385510709705e+00
7.739214965561830084e+00
7.840313545612950463e+00
7.941412125664069066e+00
8.042510705715189445e+00
8.143609285766308048e+00
8.244707865817428427e+00
8.345806445868547030e+00
8.446905025919665633e+00
8.548003605970786012e+00
8.649102186021904615e+00
8.750200766073024994e+00
8.851299346124143597e+00
8.952397926175263976e+00
9.053496506226382579e+00
9.154595086277502958e+00
9.255693666328623337e+00
9.356792246379741940e+00
9.457890826430860542e+00
9.558989406481979145e+00
9.660087986533099524e+00
9.761186566584219904e+00
9.862285146635338506e+00
9.963383726686458886e+00
1.006448230673757749e+01
1.016558088678869787e+01
1.026667946683981647e+01
1.036777804689093685e+01
1.046887662694205545e+01
1.056997520699317406e+01
1.067107378704429443e+01
1.077217236709541304e+01
1.087327094714653342e+01
1.097436952719765202e+01
1.107546810724877240e+01
1.117656668729989278e+01
1.127766526735101138e+01
1.137876384740213176e+01
1.147986242745324859e+01
1.158096100750436896e+01
1.168205958755548757e+01
1.178315816760660795e+01
1.188425674765772833e+01
1.198535532770884693e+01
1.208645390775996731e+01
1.218755248781108591e+01
1.228865106786220629e+01
1.238974964791332667e+01
1.249084822796444350e+01
1.259194680801556387e+01
1.269304538806668248e+01
1.279414396811780286e+01
1.289524254816892146e+01
1.299634112822004184e+01
1.309743970827116222e+01
1.319853828832228082e+01
1.329963686837340120e+01
1.340073544842451980e+01
1.350183402847563841e+01
1.360293260852675701e+01
1.370403118857787739e+01
1.380512976862899777e+01
1.390622834868011637e+01
1.400732692873123675e+01
1.410842550878235535e+01
1.420952408883347573e+01
1.431062266888459611e+01
1.441172124893571471e+01
1.451281982898683331e+01
1.461391840903795192e+01
1.471501698908907230e+01
1.481611556914019090e+01
1.491721414919131128e+01
1.501831272924243166e+01
1.511941130929355026e+01
1.522050988934466709e+01
1.532160846939578747e+01
1.542270704944690785e+01
1.552380562949802645e+01
1.562490420954914683e+01
1.572600278960026365e+01
1.582710136965138403e+01
1.592819994970250441e+01
1.602929852975362479e+01
1.613039710980473984e+01
1.623149568985586200e+01
1.633259426990698060e+01
1.643369284995810276e+01
1.653479143000922136e+01
1.663589001006033996e+01
1.673698859011145856e+01
1.683808717016258072e+01
1.693918575021369932e+01
1.704028433026481792e+01
1.714138291031593653e+01
1.724248149036705513e+01
1.734358007041817729e+01
1.744467865046929589e+01
1.754577723052041804e+01
1.764687581057153309e+01
1.774797439062265525e+01
1.784907297067377385e+01
1.795017155072489601e+01
1.805127013077601106e+01
1.815236871082712966e+01
1.825346729087825182e+01
1.835456587092937042e+01
1.845566445098049257e+01
1.855676303103160762e+01
1.865786161108272978e+01
1.875896019113384838e+01
1.886005877118497054e+01
1.896115735123608914e+01
1.906225593128720774e+01
1.916335451133832635e+01
1.926445309138944495e+01
1.936555167144056711e+01
1.946665025149168571e+01
1.956774883154280431e+01
1.966884741159392291e+01
1.976994599164504507e+01
1.987104457169616367e+01
1.997214315174728227e+01
2.007324173179840088e+01
2.017434031184951948e+01
