0.000000000000000000e+00
9.822392922337190579e-02
1.964478584467438116e-01
2.946717876701157035e-01
3.928957168934876232e-01
4.911196461168595429e-01
5.893435753402314070e-01
6.875675045636033822e-01
7.857914337869752464e-01
8.840153630103471105e-01
9.822392922337190857e-01
1.082414600046953446e+00
1.182589907860187806e+00
1.282765215673422166e+00
1.382940523486656526e+00
1.483115831299890885e+00
1.583291139113125467e+00
1.672585620225281788e+00
1.761880101337438109e+00
1.851174582449594208e+00
1.940469063561750529e+00
2.029763544673906850e+00
2.119058025786062949e+00
2.208352506898219492e+00
2.297646988010375591e+00
2.386941469122532133e+00
2.476235950234688232e+00
2.565530431346844331e+00
2.665705739160078913e+00
2.765881046973313051e+00
2.866056354786547633e+00
2.966231662599781771e+00
3.066406970413016353e+00
3.166582278226250491e+00
3.258807698856631685e+00
3.351033119487012879e+00
3.443258540117394517e+00
3.535483960747775711e+00
3.627709381378156905e+00
3.719934802008538099e+00
3.809229283120694198e+00
3.898523764232850741e+00
3.987818245345006840e+00
4.077112726457163383e+00
4.166407207569319482e+00
4.255701688681475581e+00
4.344996169793631680e+00
4.434290650905788667e+00
4.523585132017944765e+00
4.612879613130100864e+00
4.702174094242256963e+00
4.788038643796458160e+00
4.873903193350658469e+00
4.959767742904859666e+00
5.045632292459060864e+00
5.131496842013261173e+00
5.217361391567462370e+00
5.303225941121663567e+00
5.385079215474473102e+00
5.466932489827283526e+00
5.548785764180093061e+00
5.630639038532903484e+00
5.712492312885713019e+00
5.794345587238523443e+00
5.876198861591332978e+00
5.958052135944143402e+00
6.039905410296952937e+00
6.121758684649762472e+00
6.203611959002572895e+00
6.285465233355382431e+00
6.371329782909583628e+00
6.457194332463783937e+00
6.543058882017985134e+00
6.628923431572186331e+00
6.714787981126386640e+00
6.800652530680587837e+00
6.886517080234789034e+00
6.886517080234789034e+00
6.965567440775116026e+00
7.044617801315443018e+00
7.123668161855769121e+00
7.202718522396096112e+00
7.281768882936423104e+00
7.360819243476750096e+00
7.439869604017077087e+00
7.439869604017077087e+00
7.518919964557404079e+00
7.597970325097731070e+00
7.677020685638057174e+00
7.756071046178384165e+00
7.835121406718711157e+00
7.914171767259038148e+00
7.993222127799365140e+00
7.993222127799365140e+00
8.085447548429746334e+00
8.177672969060127528e+00
8.269898389690508722e+00
8.362123810320889916e+00
8.454349230951271110e+00
8.546574651581652304e+00
