-2.833699486387829758e+00
-2.700547724956980478e+00
-2.567395963526130753e+00
-2.434244202095281473e+00
-2.301092440664432193e+00
-2.167940679233582468e+00
-2.034788917802733188e+00
-1.901637156371883908e+00
-1.768485394941034183e+00
-1.635333633510184681e+00
-1.502181872079335179e+00
-1.369030110648485898e+00
-1.235878349217636396e+00
-1.102726587786786894e+00
-9.695748263559376134e-01
-8.364230649250880001e-01
-7.032713034942387198e-01
-5.701195420633894395e-01
-4.369677806325397706e-01
-3.038160192016904904e-01
-1.706642577708407937e-01
-3.751249633999151345e-02
9.563926509085775296e-02
2.287910265217074357e-01
3.619427879525567437e-01
4.950945493834059685e-01
6.282463108142556374e-01
7.613980722451049177e-01
8.945498336759541980e-01
1.027701595106803811e+00
1.160853356537653536e+00
1.294005117968502372e+00
1.427156879399352096e+00
1.560308640830201821e+00
1.693460402261050657e+00
1.826612163691900381e+00
1.959763925122750106e+00
2.092915686553598942e+00
2.226067447984448666e+00
2.359219209415298391e+00
2.492370970846148115e+00
2.625522732276996951e+00
2.758674493707846676e+00
2.891826255138696400e+00
3.024978016569545236e+00
3.158129778000394960e+00
3.291281539431244241e+00
3.424433300862093077e+00
3.557585062292942801e+00
3.690736823723792526e+00
3.823888585154641806e+00
3.957040346585491530e+00
4.090192108016341699e+00
4.223343869447189647e+00
4.356495630878039371e+00
4.489647392308889096e+00
4.622799153739738820e+00
4.755950915170587656e+00
4.889102676601437381e+00
5.022254438032287105e+00
5.155406199463136829e+00
5.288557960893984777e+00
5.421709722324834502e+00
5.554861483755684226e+00
5.688013245186533950e+00
5.821165006617383675e+00
5.954316768048233399e+00
6.087468529479083124e+00
6.220620290909931072e+00
6.353772052340780796e+00
6.486923813771630520e+00
6.620075575202480245e+00
6.753227336633329969e+00
6.886379098064179693e+00
7.019530859495027642e+00
7.152682620925877366e+00
7.285834382356727090e+00
7.418986143787576815e+00
7.552137905218426539e+00
7.685289666649276263e+00
7.818441428080125988e+00
7.951593189510973936e+00
8.084744950941823660e+00
8.217896712372672496e+00
8.351048473803523109e+00
8.484200235234371945e+00
8.617351996665222558e+00
8.750503758096069618e+00
8.883655519526920230e+00
9.016807280957769066e+00
9.149959042388619679e+00
9.283110803819468515e+00
9.416262565250319128e+00
9.549414326681166187e+00
9.682566088112016800e+00
9.815717849542865636e+00
9.948869610973716249e+00
1.008202137240456508e+01
1.021517313383541570e+01
1.034832489526626453e+01
1.048147665669711337e+01
1.061462841812796221e+01
1.074778017955881282e+01
1.088093194098966165e+01
1.101408370242051227e+01
1.114723546385136110e+01
1.128038722528220994e+01
1.141353898671305878e+01
1.154669074814390939e+01
1.167984250957475822e+01
1.181299427100560884e+01
1.194614603243645767e+01
1.207929779386730651e+01
1.221244955529815535e+01
1.234560131672900596e+01
1.247875307815985657e+01
1.261190483959070541e+01
1.274505660102155247e+01
1.287820836245240486e+01
1.301136012388325192e+01
1.314451188531410430e+01
1.327766364674495136e+01
1.341081540817580020e+01
1.354396716960665081e+01
1.367711893103749965e+01
1.381027069246835026e+01
1.394342245389919910e+01
1.407657421533004971e+01
1.420972597676089677e+01
1.434287773819174561e+01
1.447602949962259622e+01
1.460918126105344506e+01
1.474233302248429567e+01
1.487548478391514450e+01
1.500863654534599512e+01
1.514178830677684218e+01
1.527494006820768924e+01
1.540809182963854163e+01
1.554124359106938869e+01
1.567439535250024107e+01
1.580754711393108813e+01
1.594069887536193697e+01
1.607385063679278758e+01
1.620700239822363642e+01
1.634015415965448881e+01
1.647330592108533409e+01
1.660645768251618648e+01
1.673960944394703532e+01
1.687276120537788415e+01
1.700591296680873299e+01
1.713906472823958183e+01
1.727221648967043421e+01
1.740536825110128305e+01
1.753852001253213189e+01
1.767167177396298072e+01
1.780482353539382956e+01
1.793797529682468195e+01
1.807112705825552723e+01
1.820427881968637962e+01
1.833743058111722846e+01
1.847058234254808085e+01
1.860373410397892613e+01
1.873688586540977496e+01
1.887003762684062735e+01
1.900318938827147619e+01
1.913634114970232503e+01
1.926949291113317386e+01
1.940264467256402270e+01
1.953579643399487509e+01
1.966894819542572037e+01
1.980209995685657276e+01
1.993525171828742160e+01
2.006840347971827043e+01
2.020155524114911927e+01
2.033470700257996810e+01
2.046785876401082049e+01
2.060101052544166933e+01
2.073416228687251817e+01
2.086731404830336700e+01
2.100046580973421939e+01
2.113361757116506467e+01
2.126676933259591351e+01
2.139992109402676590e+01
2.153307285545761474e+01
2.166622461688846357e+01
2.179937637831931241e+01
2.193252813975016124e+01
2.206567990118101363e+01
2.219883166261185892e+01
2.233198342404271131e+01
2.246513518547356014e+01
2.259828694690441253e+01
2.273143870833525781e+01
2.286459046976610665e+01
2.299774223119695904e+01
2.313089399262780788e+01
2.326404575405865671e+01
2.339719751548950555e+01
2.353034927692035794e+01
2.366350103835120677e+01
