0.000000000000000000e+00
1.030933535679976337e-01
2.061867071359952674e-01
3.092800607039928873e-01
4.123734142719905349e-01
5.154667678399881270e-01
6.185601214079857746e-01
7.216534749759834222e-01
8.247468285439810698e-01
9.278401821119787174e-01
1.030933535679976254e+00
1.134026889247973902e+00
1.237120242815971549e+00
1.340213596383969197e+00
1.443306949951966844e+00
1.546400303519964492e+00
1.656857468057104876e+00
1.767314632594245261e+00
1.877771797131385423e+00
1.988228961668526029e+00
2.098686126205666191e+00
2.209143290742806798e+00
2.319600455279946960e+00
2.428947469384737268e+00
2.538294483489527575e+00
2.647641497594317883e+00
2.756988511699108191e+00
2.866335525803898499e+00
2.968848351527139329e+00
3.071361177250380159e+00
3.173874002973620989e+00
3.276386828696861819e+00
3.378899654420102650e+00
3.481412480143343480e+00
3.583925305866584310e+00
3.686438131589825140e+00
3.788950957313065970e+00
3.891463783036306801e+00
3.993976608759547631e+00
4.096489434482788461e+00
4.199002260206029291e+00
4.301515085929270121e+00
4.404027911652510952e+00
4.506540737375751782e+00
4.609557810242540299e+00
4.712574883109329704e+00
4.815591955976118221e+00
4.918609028842907627e+00
5.021626101709696144e+00
5.124643174576485549e+00
5.227660247443274066e+00
5.330677320310062584e+00
5.433694393176851989e+00
5.536711466043641394e+00
5.639728538910429911e+00
5.742745611777218429e+00
5.845762684644007834e+00
5.950981898024812367e+00
6.056201111405616011e+00
6.161420324786419656e+00
6.266639538167224188e+00
6.371858751548028721e+00
6.477077964928832365e+00
6.582297178309636010e+00
6.687516391690440543e+00
6.792735605071245075e+00
6.902082619176034939e+00
7.011429633280825691e+00
7.120776647385615554e+00
7.230123661490406306e+00
7.339470675595196170e+00
7.430593187349187723e+00
7.521715699103180164e+00
7.612838210857171717e+00
7.703960722611163270e+00
7.795083234365155711e+00
7.886205746119147264e+00
7.977328257873139705e+00
8.068450769627130370e+00
8.159573281381122811e+00
8.250695793135115252e+00
8.341818304889105917e+00
8.432940816643098358e+00
8.527638108685822615e+00
8.622335400728545096e+00
8.717032692771269353e+00
8.811729984813993610e+00
8.906427276856716091e+00
9.001124568899440348e+00
9.095821860942164605e+00
9.190519152984887086e+00
9.285216445027611343e+00
9.379913737070335600e+00
9.379913737070335600e+00
9.471036248824328041e+00
9.562158760578318706e+00
9.653281272332311147e+00
9.744403784086303588e+00
9.835526295840294253e+00
9.926648807594286694e+00
