-3.169744689986821573e+00
-3.028977334713325753e+00
-2.888209979439829933e+00
-2.747442624166334113e+00
-2.606675268892837849e+00
-2.465907913619342029e+00
-2.325140558345846209e+00
-2.184373203072349945e+00
-2.043605847798854569e+00
-1.902838492525358527e+00
-1.762071137251862707e+00
-1.621303781978366887e+00
-1.480536426704871289e+00
-1.339769071431375247e+00
-1.199001716157879205e+00
-1.058234360884383385e+00
-9.174670056108875649e-01
-7.766996503373918559e-01
-6.359322950638960359e-01
-4.951649397903998273e-01
-3.543975845169040073e-01
-2.136302292434082151e-01
-7.286287396991243670e-02
6.790448130358336942e-02
2.086718365770791617e-01
3.494391918505753702e-01
4.902065471240711347e-01
6.309739023975673433e-01
7.717412576710631633e-01
9.125086129445589833e-01
1.053275968218054803e+00
1.194043323491550623e+00
1.334810678765046443e+00
1.475578034038542041e+00
1.616345389312037861e+00
1.757112744585533681e+00
1.897880099859029501e+00
2.038647455132525099e+00
2.179414810406021807e+00
2.320182165679517627e+00
2.460949520953013447e+00
2.601716876226509267e+00
2.742484231500005087e+00
2.883251586773500907e+00
3.024018942046996727e+00
3.164786297320492547e+00
3.305553652593988367e+00
3.446321007867484187e+00
3.587088363140980007e+00
3.727855718414476716e+00
3.868623073687972092e+00
4.009390428961467912e+00
4.150157784234964176e+00
4.290925139508459552e+00
4.431692494781956704e+00
4.572459850055452080e+00
4.713227205328947456e+00
4.853994560602443720e+00
4.994761915875939096e+00
5.135529271149435360e+00
5.276296626422930736e+00
5.417063981696427000e+00
5.557831336969922376e+00
5.698598692243418640e+00
5.839366047516914016e+00
5.980133402790410280e+00
6.120900758063905656e+00
6.261668113337401920e+00
6.402435468610897296e+00
6.543202823884393560e+00
6.683970179157888936e+00
6.824737534431385200e+00
6.965504889704880576e+00
7.106272244978375952e+00
7.247039600251872216e+00
7.387806955525369368e+00
7.528574310798865632e+00
7.669341666072361008e+00
7.810109021345857272e+00
7.950876376619352648e+00
8.091643731892848024e+00
8.232411087166344288e+00
8.373178442439840552e+00
8.513945797713336816e+00
8.654713152986831304e+00
8.795480508260327568e+00
8.936247863533823832e+00
9.077015218807318320e+00
9.217782574080814584e+00
9.358549929354310848e+00
9.499317284627807112e+00
9.640084639901301600e+00
9.780851995174797864e+00
9.921619350448294128e+00
1.006238670572179039e+01
1.020315406099528488e+01
1.034392141626878114e+01
1.048468877154227918e+01
1.062545612681577545e+01
1.076622348208926994e+01
1.090699083736276620e+01
1.104775819263626246e+01
1.118852554790975695e+01
1.132929290318325322e+01
1.147006025845674948e+01
1.161082761373024574e+01
1.175159496900374023e+01
1.189236232427723650e+01
1.203312967955073454e+01
1.217389703482423080e+01
1.231466439009772529e+01
1.245543174537122155e+01
1.259619910064471782e+01
1.273696645591821230e+01
1.287773381119170857e+01
1.301850116646520483e+01
1.315926852173870110e+01
1.330003587701219558e+01
1.344080323228569185e+01
1.358157058755918811e+01
1.372233794283268438e+01
1.386310529810617886e+01
1.400387265337967513e+01
1.414464000865317139e+01
1.428540736392666766e+01
1.442617471920016214e+01
1.456694207447365841e+01
1.470770942974715467e+01
1.484847678502064916e+01
1.498924414029414542e+01
1.513001149556764169e+01
1.527077885084113795e+01
1.541154620611463244e+01
1.555231356138812870e+01
1.569308091666162497e+01
1.583384827193512123e+01
1.597461562720861572e+01
1.611538298248211376e+01
1.625615033775560647e+01
1.639691769302910274e+01
1.653768504830259900e+01
1.667845240357609526e+01
1.681921975884959153e+01
1.695998711412308779e+01
1.710075446939658406e+01
1.724152182467007677e+01
1.738228917994357303e+01
1.752305653521706930e+01
1.766382389049056556e+01
1.780459124576406182e+01
1.794535860103756164e+01
1.808612595631105791e+01
1.822689331158455417e+01
1.836766066685804688e+01
1.850842802213154314e+01
1.864919537740503941e+01
1.878996273267853567e+01
1.893073008795203194e+01
1.907149744322552820e+01
1.921226479849902447e+01
1.935303215377251718e+01
1.949379950904601344e+01
1.963456686431950970e+01
1.977533421959300597e+01
1.991610157486650223e+01
2.005686893013999850e+01
2.019763628541349476e+01
2.033840364068699103e+01
2.047917099596048374e+01
2.061993835123398000e+01
2.076070570650747626e+01
2.090147306178097253e+01
2.104224041705446879e+01
2.118300777232796506e+01
2.132377512760146132e+01
2.146454248287495403e+01
2.160530983814845030e+01
2.174607719342194656e+01
2.188684454869544282e+01
2.202761190396893909e+01
2.216837925924243535e+01
2.230914661451593162e+01
2.244991396978942788e+01
2.259068132506292059e+01
2.273144868033641686e+01
2.287221603560991312e+01
2.301298339088340938e+01
2.315375074615690565e+01
2.329451810143040191e+01
2.343528545670389818e+01
2.357605281197739089e+01
2.371682016725088715e+01
2.385758752252438342e+01
2.399835487779788323e+01
2.413912223307137950e+01
2.427988958834487576e+01
2.442065694361837203e+01
2.456142429889186474e+01
2.470219165416536100e+01
2.484295900943885371e+01
