-5.132772940363523396e-05 -6.372031207770021090e-06 -4.212185585826637928e-08 4.656025464666161962e-01 4.864653090496808829e-01 5.124143686124534858e-01 7.513893054423959050e-01 7.780287557485926486e-01 7.966633784137355789e-01 8.176428902707604252e-01 8.302530411947021127e-01 8.697272351963775128e-01 9.951932580535112205e-01 1.020612158648617429e+00 1.065338425942556233e+00 1.076422424236000985e+00 1.149506928781925286e+00 1.248519305281646785e+00 1.341654626019926466e+00 1.390220803806610395e+00 1.458966082173361878e+00 1.521904998971099321e+00 1.611414570225433218e+00 1.681505224461014913e+00 2.212283614333977688e+00 2.265227562112813953e+00 2.282957248144845686e+00 2.686410736746903449e+00 2.689835563034085997e+00 3.185019003444156116e+00
-4.378165608385530157e-03 1.152385305261930531e-01 3.534916933082900559e-01 4.657922465130578393e-01 4.865923095324445335e-01 5.318798964761435322e-01 7.284248789222410592e-01 7.504741167491012499e-01 7.790174779576399811e-01 8.126618811169702417e-01 8.776774383631220644e-01 9.039275132650161915e-01 9.526312086251574884e-01 1.035139784309243804e+00 1.077101214424946996e+00 1.100537599403537792e+00 1.228451670736316670e+00 1.263325789969250268e+00 1.346141968109004550e+00 1.491889681912429433e+00 1.527268631398807974e+00 1.552744372260527417e+00 1.610925419816332971e+00 1.816791624420740048e+00 2.124229045719267628e+00 2.212896728751739150e+00 2.281377380374224995e+00 2.653828325609681293e+00 2.684957393205665621e+00 3.205680417532219550e+00
8.025865034645442153e-02 1.688562810790875390e-01 4.128199769008160103e-01 4.983899368705687616e-01 5.702664683969922432e-01 6.061047289555053785e-01 6.341082349266093932e-01 7.279511142348134012e-01 7.560780842639575061e-01 7.650627805638235968e-01 8.898372748971160595e-01 8.962045773377502744e-01 1.066820720672796874e+00 1.092168665231962210e+00 1.142998873755567191e+00 1.242187009016122001e+00 1.305711874531211514e+00 1.346513220802288302e+00 1.361357804113093151e+00 1.516956792021529887e+00 1.602336601645146796e+00 1.612260616721417517e+00 1.745158094464228871e+00 1.857988301653204166e+00 2.081550406385389351e+00 2.193565461545951223e+00 2.375357975771391406e+00 2.552894563614657386e+00 2.664371034322324139e+00 3.236687925677058431e+00
-1.026238038388522095e-01 2.084696079726418849e-01 3.089632376165728500e-01 4.930737904933229498e-01 5.125926755316498884e-01 5.959634015355963488e-01 6.478183215945551021e-01 7.040855410183827212e-01 7.293529042943043272e-01 8.565699267764390612e-01 9.174181982985276651e-01 9.718780984935851963e-01 1.075458595761272118e+00 1.159574923426940352e+00 1.194137691713988536e+00 1.336098209817260907e+00 1.348476052379124823e+00 1.403189731259446571e+00 1.468284008495625681e+00 1.520614938904997437e+00 1.571881272343252034e+00 1.611216643614037380e+00 1.786815451786259112e+00 1.924902229418958388e+00 1.993371116520300301e+00 2.265500790073897708e+00 2.381905728792645949e+00 2.615700198008542809e+00 2.799131830618627692e+00 3.236340286142107558e+00
-2.258859685939941797e-01 1.886420740019384978e-01 2.979974776813892334e-01 4.410009458923738190e-01 4.643235951686198182e-01 6.070469972418666149e-01 6.770249680506921219e-01 6.879451442235020586e-01 7.206021386026353337e-01 8.506392299547509417e-01 9.390838709225680647e-01 1.064360068104752477e+00 1.090676228228359301e+00 1.132776572070427923e+00 1.195108103969499291e+00 1.231360853546133116e+00 1.331953084041074931e+00 1.367380521772435742e+00 1.501921465045712889e+00 1.524793278414682485e+00 1.609835363526665564e+00 1.673630858500983365e+00 1.744976882666198881e+00 2.073099513412269168e+00 2.165117648697503228e+00 2.247814206173776697e+00 2.306760376123948131e+00 2.519045366217200765e+00 3.146120012538794253e+00 3.196278641299937107e+00
-3.511314445127660666e-01 2.337254509263261559e-01 3.177744243227633159e-01 4.435049883925565317e-01 4.731763266150320613e-01 5.788319745010740425e-01 6.243324009128383700e-01 6.925591655675629177e-01 7.303500138700117494e-01 8.307451899784985550e-01 9.061224874135436202e-01 9.675861819709338230e-01 1.073469122231136996e+00 1.150287659360787140e+00 1.249809302866512262e+00 1.265102263355024181e+00 1.315178595345321222e+00 1.345844168039634692e+00 1.462212355870734060e+00 1.557210451655737016e+00 1.590716350085387587e+00 1.618461419127037004e+00 1.822853565639562579e+00 1.966896195984302764e+00 2.260186949011731006e+00 2.304581508962491476e+00 2.348404180613991699e+00 2.522259554506360857e+00 3.142012414093687589e+00 3.330154459566005976e+00
-4.267375742845005981e-01 -9.145216316674302515e-02 3.802361086451344629e-01 4.570315141261478420e-01 5.292601288445337726e-01 5.804494159500276362e-01 6.545577747091400056e-01 6.881591500440993325e-01 7.383446169689037442e-01 8.003797969525339173e-01 8.902647660029437970e-01 9.758402687211582549e-01 1.080966408229388831e+00 1.127561178161970545e+00 1.207513304210124261e+00 1.254880711004078719e+00 1.301761840711062934e+00 1.341258930432630114e+00 1.404220161197685002e+00 1.532247976015446600e+00 1.538157474160208205e+00 1.621405909993242078e+00 1.897074679275407405e+00 2.001410516036875809e+00 2.104815332827802088e+00 2.322743441503626549e+00 2.337171362169268019e+00 2.661060758146490013e+00 3.104619251870570640e+00 3.372055063213939885e+00
-4.540315644464013034e-01 -1.453802985299128547e-01 4.324545447996042125e-01 4.357893397438188932e-01 6.112147962719142180e-01 6.507160592551040068e-01 6.716184887903963174e-01 7.124996688248874666e-01 7.372631386903815143e-01 7.934106848229025566e-01 8.765024344230435416e-01 9.831478189301899873e-01 1.051162453393624352e+00 1.114538921299562890e+00 1.130966927450513859e+00 1.193448350398319535e+00 1.270847177969020914e+00 1.319817619155052579e+00 1.442888440322021237e+00 1.508009157168790582e+00 1.522302445652313097e+00 1.614374924149287072e+00 1.831233926509909349e+00 2.025377983444831109e+00 2.162480777826051970e+00 2.272013633818359857e+00 2.358280514786521564e+00 2.656574118579346333e+00 3.093025917345342712e+00 3.323398484142386256e+00
-4.305777261705576175e-01 1.560881017341561872e-01 4.520559460167798416e-01 4.670556112412234118e-01 5.357236185495491965e-01 6.336940535601408575e-01 6.961660733571164439e-01 7.243700304072212548e-01 7.628955141934653517e-01 7.912095198884984137e-01 9.343431739018803750e-01 1.042139459165225102e+00 1.055404197007173028e+00 1.066551355714691951e+00 1.159348327910258103e+00 1.193270326301332007e+00 1.247221093416417625e+00 1.313426325019796836e+00 1.399947926392959063e+00 1.495223731758679842e+00 1.549946937083158893e+00 1.605806456681520666e+00 1.628065774837432089e+00 2.041890704540193724e+00 2.249185575013513017e+00 2.311749344584494104e+00 2.376792093214378898e+00 2.526791801120101155e+00 3.104041228774785388e+00 3.239986221159322888e+00
-3.542888934086229624e-01 3.012240518022388236e-01 3.724147808279271721e-01 4.312218405688225120e-01 5.324019681877781851e-01 6.088951266119903005e-01 6.618414144566583390e-01 7.118094473765063102e-01 7.446283579703724120e-01 7.683349151571760016e-01 9.587524700575067449e-01 1.037109304133193355e+00 1.087011758679217621e+00 1.178630119858424807e+00 1.198433685510621904e+00 1.251439760209747565e+00 1.261539691332730362e+00 1.329148198604468423e+00 1.423198630323894154e+00 1.506262029776446854e+00 1.569938668173154195e+00 1.576678692293014938e+00 1.589131800459329114e+00 1.738005151544465221e+00 2.275918046153288188e+00 2.358655414130615302e+00 2.387438889952197218e+00 2.462733852124474154e+00 3.133173354169612512e+00 3.183657485455007929e+00
1.030160131652472916e-01 2.413773167579814083e-01 3.588959253221310486e-01 4.509118836395114016e-01 5.468964542692839048e-01 6.238362345397515663e-01 6.511735116042713933e-01 7.172631241363897070e-01 8.147858321629404266e-01 8.735378384137393315e-01 1.040824160155267242e+00 1.072143870447882508e+00 1.094479473716688966e+00 1.165471306592876344e+00 1.219947922207270441e+00 1.235347157388340777e+00 1.262900680473301396e+00 1.330207452520302036e+00 1.382862004738081074e+00 1.499894993392547171e+00 1.577221869718038905e+00 1.604709732882501516e+00 1.723316443907054518e+00 1.849431924562420892e+00 2.207155513089117616e+00 2.336983225547181409e+00 2.384127418259210263e+00 2.482282806848791434e+00 3.184500938062683861e+00 3.194958939310470925e+00
1.425053411930806424e-01 2.507355175609045639e-01 3.537016547286647161e-01 4.862236154303432034e-01 5.498643491804504624e-01 6.130374332570184270e-01 6.237750770781046450e-01 7.334567627915744570e-01 8.689494338074515989e-01 9.303988552611279772e-01 1.027548013673276639e+00 1.086658856499797210e+00 1.106578996294951711e+00 1.122557197663961226e+00 1.179346755497310051e+00 1.247902850803702890e+00 1.262619622088117621e+00 1.314979349646645312e+00 1.441716455425570143e+00 1.525988355163414578e+00 1.535125344594720387e+00 1.612494835195676046e+00 1.863806565694993367e+00 1.866679974168983902e+00 2.132212135078385362e+00 2.200605036357606181e+00 2.324124705451585893e+00 2.508334973082578578e+00 3.047509429840648654e+00 3.156510514585636251e+00
1.766956130047091789e-01 2.179079633764573198e-01 3.909704684652018369e-01 5.089598995310306018e-01 5.939846997133313433e-01 5.954277326769604750e-01 6.417576309478281171e-01 7.502627783840948306e-01 8.214312647056326577e-01 9.120960773150000866e-01 9.830857907073737856e-01 1.053974464798628885e+00 1.116172182905271537e+00 1.144137330961341181e+00 1.184248635111879278e+00 1.227554172262781407e+00 1.279475653911496646e+00 1.300554216075799463e+00 1.480886080677697558e+00 1.541985832002623624e+00 1.562605730046874308e+00 1.608408748104438457e+00 1.823743423507292016e+00 1.946845854054449099e+00 2.001883705785143075e+00 2.291088366329393722e+00 2.520181360978277496e+00 2.639252725811910949e+00 2.681947393437447147e+00 3.224139309387891394e+00
-4.073101685033480579e-01 8.455270415569118847e-02 3.212014014659042571e-01 4.410577570007682691e-01 5.092172969508536040e-01 5.443315529526079333e-01 6.729202487333438842e-01 7.269290136146667747e-01 7.786632846465396662e-01 8.414202296099786427e-01 9.230991957788449165e-01 9.596187295012474916e-01 9.855887039401891592e-01 1.084481016806041698e+00 1.116638820404855403e+00 1.125352038189831427e+00 1.223225813457028854e+00 1.271222565050146303e+00 1.324459943953609775e+00 1.539013559865734848e+00 1.565192920825239531e+00 1.602552094071236999e+00 1.850452280852278308e+00 2.114158688243192419e+00 2.152320574825396182e+00 2.263932253013125173e+00 2.359534033175127554e+00 2.617747570339140850e+00 2.670751782291409082e+00 3.261878761076953293e+00
-3.625864688282744996e-01 7.961057287717908382e-02 9.569024620135804793e-02 4.687929189450100176e-01 4.865186525823626540e-01 5.198725008053960428e-01 7.306566893564316878e-01 7.539482930119347781e-01 7.856287653139601979e-01 8.006987034797978797e-01 8.462226859335527651e-01 8.966184683072658812e-01 9.741632649544549327e-01 9.971786481063730223e-01 1.070912852634334111e+00 1.074138907903106288e+00 1.185902984464930476e+00 1.247954578460085839e+00 1.339488975052212094e+00 1.437884931069025374e+00 1.521867451352540979e+00 1.585832914822993933e+00 1.614502400347914701e+00 1.826604777826726922e+00 2.167448596080521206e+00 2.259839007276240430e+00 2.266714210456664436e+00 2.639440696116996943e+00 2.690056998604439364e+00 3.186795038490106702e+00
-3.162614095584378449e-01 -6.482813772389497964e-02 3.047952218515594391e-01 4.482948558812068218e-01 5.360796839506815070e-01 5.411787055974270899e-01 6.938230371248066408e-01 7.243778589222084063e-01 7.590833925357418632e-01 7.860563112499789895e-01 8.544649991670940636e-01 8.855545407170938299e-01 9.502491770344871913e-01 1.092833192252112617e+00 1.120419799896988700e+00 1.136118440613271829e+00 1.246664021601610495e+00 1.279637069144046846e+00 1.349112949072241552e+00 1.523805269479224567e+00 1.565494977502823737e+00 1.618126768595513854e+00 1.765561810677167998e+00 1.980305858221064863e+00 2.087860696343536659e+00 2.226373299846693854e+00 2.314811854031007865e+00 2.657634475942143748e+00 2.694072018991530815e+00 3.274454432437580387e+00
-4.356950960150829943e-01 -1.975654609073960316e-02 3.467114223461540412e-01 4.869850367115419187e-01 5.481561837426806028e-01 6.189520241382268084e-01 6.367282617636611519e-01 6.779867280597243751e-01 7.447916131594839451e-01 8.190029785263382989e-01 8.524261941194738457e-01 8.941986684251760353e-01 9.525269706977321782e-01 1.169845612409448954e+00 1.187192297363889981e+00 1.212972902980420153e+00 1.281893456337733994e+00 1.322470164781433200e+00 1.476771983024869339e+00 1.546694347722853191e+00 1.607827902068241999e+00 1.651646409331742893e+00 1.793415472934154042e+00 1.979844453237054047e+00 2.264345760891848691e+00 2.271532358177407840e+00 2.512916365239085792e+00 2.633120084070923905e+00 2.700619789051379893e+00 3.297509961539472290e+00
-1.769786764188069905e-01 8.002273154306589753e-02 3.818084323152170501e-01 4.745238551808568794e-01 5.594080932601831480e-01 5.654963565146390314e-01 6.327845558407115822e-01 6.984460555678163596e-01 7.367300882828561326e-01 7.773484992755321787e-01 8.565497727621871338e-01 8.885948552378081233e-01 9.695831410054880362e-01 1.116638574563356467e+00 1.153221891015146827e+00 1.176609810200299311e+00 1.287519764717629966e+00 1.330525424468662843e+00 1.356694306645896297e+00 1.534262589200140692e+00 1.585742326904185262e+00 1.630739925420700231e+00 1.860061604304029004e+00 1.991849673833576917e+00 2.150753623536194148e+00 2.186566628810674207e+00 2.388149772207738497e+00 2.619237670616433533e+00 2.680286991328060697e+00 3.302384586983806436e+00
-4.871432202979403270e-02 1.568217788203954688e-01 4.196196016314984734e-01 4.797805542929744482e-01 5.532895186826163325e-01 5.722876721683902712e-01 6.713800109053648102e-01 7.222561197547783252e-01 7.551338407479003534e-01 7.939983617120597303e-01 8.961753681726167819e-01 9.079367713712714894e-01 9.723797438838244211e-01 1.068211088428074884e+00 1.115546720798339830e+00 1.173274184245478802e+00 1.231515146730059129e+00 1.319907862717293989e+00 1.347288947399801318e+00 1.511558850234859586e+00 1.555141200348620023e+00 1.605348058999799710e+00 1.661009394939086947e+00 1.937488542093854571e+00 2.091747798748975651e+00 2.171026976238490835e+00 2.297623529243396856e+00 2.561744649208895552e+00 2.680660572023497057e+00 3.207736779199995336e+00
1.757274761243870775e-01 2.248832278728048750e-01 3.820957559356641386e-01 4.867995657922138952e-01 5.659102354534126800e-01 6.205931656705361288e-01 6.410971623498233907e-01 7.144294538631918989e-01 8.078583689599825313e-01 8.127710759184625378e-01 8.625799043768509478e-01 9.335280663431347881e-01 9.620214193311472650e-01 1.052663561597986241e+00 1.116349682690991107e+00 1.200453278310223970e+00 1.251440745615620020e+00 1.322999808198288552e+00 1.350542149497246491e+00 1.489688600844698785e+00 1.523826331371980425e+00 1.604773713953030700e+00 1.675183136509594162e+00 1.791148609305199146e+00 2.231577819884346336e+00 2.251137682562364795e+00 2.332727172847487207e+00 2.675523521959702222e+00 2.691423345581935855e+00 3.190436111773571781e+00
2.284038543652632536e-01 2.518338726828888707e-01 4.512949353947071640e-01 5.160435912058450869e-01 5.454927498599264624e-01 5.993766919055036890e-01 6.947252582341589822e-01 7.684829612597948723e-01 7.967510517998830366e-01 8.843190506416133134e-01 9.616225001321411225e-01 9.987561246113897395e-01 1.009436823409110229e+00 1.136254345462966331e+00 1.152291317296853856e+00 1.242495857961136485e+00 1.304547079980794555e+00 1.380362734876431130e+00 1.411854323610499229e+00 1.494648924843438476e+00 1.541338818537283828e+00 1.611426949759791283e+00 1.684235317017684697e+00 1.859953460687437055e+00 2.166465048959737683e+00 2.249673836743563360e+00 2.276530184020660652e+00 2.684132182002009870e+00 3.018864760222077059e+00 3.188110762754389871e+00
2.019501704173780054e-01 2.866942814513110949e-01 4.015795391805778713e-01 4.818075918883038544e-01 5.649380989836486622e-01 6.031763475388072226e-01 6.398164665557685149e-01 7.529013255342549282e-01 7.928205333538631550e-01 8.123209449205768262e-01 9.783790849656630595e-01 1.039318764941618012e+00 1.048574019022233461e+00 1.070057006754059570e+00 1.211274881318355812e+00 1.234794531864993550e+00 1.272286731791423930e+00 1.301785338141988158e+00 1.372809144168575468e+00 1.531251934014765448e+00 1.538143023298738532e+00 1.616838880745899321e+00 1.934672823927890750e+00 2.001585343238299952e+00 2.060913387616326808e+00 2.211858470701010937e+00 2.285844969110111258e+00 2.650551897493536480e+00 3.073752484325398271e+00 3.176877006013996585e+00
8.685431304084828552e-02 2.821085698652803786e-01 4.181599485172078356e-01 4.471716375084066608e-01 5.196208564769297933e-01 5.769917624463331007e-01 6.327009072614215857e-01 7.320475549051759234e-01 8.239280714770991221e-01 8.408107029002879207e-01 9.499828614962526618e-01 1.007909107595158504e+00 1.088321760973381291e+00 1.101308010799083803e+00 1.235637430229489908e+00 1.245015099542745585e+00 1.258924814198729036e+00 1.372577561064822316e+00 1.483715497888054013e+00 1.506130681616602685e+00 1.562492683985900355e+00 1.601597832573553370e+00 1.627346853912600144e+00 1.817568962382302811e+00 2.202957543030673815e+00 2.244562116473732161e+00 2.343102187516647561e+00 2.562098574559199538e+00 3.165308546109776966e+00 3.179756497699205209e+00
-3.164204663549751717e-01 1.659868912329104107e-01 3.700306870104961288e-01 4.456086967017465206e-01 5.349910129119093138e-01 5.672249258837507302e-01 6.245428173900627877e-01 6.912549307554756162e-01 7.112799792547997990e-01 8.311705351476880166e-01 9.025607229957164357e-01 9.856546557144831855e-01 1.083839689890289337e+00 1.128057898619084343e+00 1.242568996382061197e+00 1.259634319138915437e+00 1.310746755026668264e+00 1.374360261724828280e+00 1.475593041447689657e+00 1.547952171472599447e+00 1.597908447227307072e+00 1.608758421117246540e+00 1.777101925250464065e+00 1.793940926622021870e+00 2.290150947632478395e+00 2.312206993424378521e+00 2.384413831464124112e+00 2.522195413675942355e+00 3.142838263310202773e+00 3.307617261673187148e+00
-4.097036648021357141e-01 2.538226800677680361e-01 3.562039081294528509e-01 4.521769037938599411e-01 5.035754513295965795e-01 6.099825108689100883e-01 6.340960162935108668e-01 6.974956729857376692e-01 7.491567942132488778e-01 8.061278951323486153e-01 9.168408111754833278e-01 9.647051121477885349e-01 1.080977812065617716e+00 1.156714094932842052e+00 1.229167924580025995e+00 1.250136516793707520e+00 1.304459311566628310e+00 1.353751681371837323e+00 1.354676137488170173e+00 1.538376229670580742e+00 1.556807821560362681e+00 1.624108045139915246e+00 1.888566127377316883e+00 1.984041597428292114e+00 2.143693597881238588e+00 2.277928355445069553e+00 2.327387683361916260e+00 2.621607291181087263e+00 3.115537449737222353e+00 3.370009667601707282e+00
-4.139919455278230354e-01 2.408009353639535277e-01 3.180173609853278460e-01 4.218021399451485909e-01 5.520381111852930012e-01 6.328313280061701462e-01 7.044693173790640417e-01 7.163690861046640990e-01 7.536351464980132198e-01 7.646785881292443854e-01 9.493678547536705814e-01 1.092818762905586771e+00 1.102474935345232998e+00 1.123239346002079309e+00 1.189495064089510112e+00 1.222885567604403922e+00 1.256367897918875931e+00 1.337604679033916000e+00 1.347393089640538388e+00 1.522572191263599661e+00 1.576495218396443354e+00 1.602524454105162421e+00 1.677245567922997616e+00 1.957339637994193637e+00 1.965087446045771458e+00 2.232731698573858559e+00 2.361215053981830625e+00 2.614281825803968395e+00 3.108627318707638310e+00 3.256501941133679079e+00
-4.058787829813001458e-01 2.439335916699282292e-01 3.143961834567180480e-01 3.958914322633594329e-01 5.692763510624462286e-01 6.113891734904473019e-01 6.718359986353709123e-01 7.105671876962967870e-01 7.398182955618582968e-01 7.536934972611309957e-01 9.368386787070787092e-01 1.030377886944063182e+00 1.087162647864979181e+00 1.159729206739182450e+00 1.197725501650014790e+00 1.231590666241447751e+00 1.243484371239075958e+00 1.334017615100037135e+00 1.341861739945283682e+00 1.507976557778959004e+00 1.562164963776824900e+00 1.580266262266999400e+00 1.592937223714163464e+00 1.837811128747792955e+00 2.269991937998938170e+00 2.328347306479314760e+00 2.363034244573235743e+00 2.431529621976300959e+00 3.102028808352212508e+00 3.185684085844774138e+00
-2.439131030884239548e-01 3.054491188135555202e-01 3.739492112712701211e-01 4.422336516348588376e-01 5.564727796250004133e-01 5.951277149304482483e-01 6.522539039538890471e-01 7.083215825069585359e-01 7.824980592832093684e-01 7.880772535038511606e-01 9.920483349916375815e-01 1.050437668112038425e+00 1.084473754200349083e+00 1.169757581770593635e+00 1.203570348593486328e+00 1.251657657348326902e+00 1.262254551086698262e+00 1.328199804108491477e+00 1.484344259102742036e+00 1.505011694494760910e+00 1.543908382259561618e+00 1.582546564602291594e+00 1.641909796990207671e+00 1.716771384769034459e+00 2.299556114513797045e+00 2.341439050245623932e+00 2.363469822347294524e+00 2.530281358701852223e+00 3.179960330275116043e+00 3.185639577098037911e+00
1.164564560853823677e-01 2.613827316834272940e-01 3.441577428038883335e-01 4.485751532365755967e-01 5.234366003023535052e-01 5.928221173994766557e-01 6.274009888920620837e-01 6.925154987045948340e-01 8.352456233162265375e-01 8.799666781697358386e-01 9.776585298466495821e-01 1.063734764977629865e+00 1.081967762504952635e+00 1.093199171609500864e+00 1.181037096896820460e+00 1.225600713418251164e+00 1.243890748525222412e+00 1.262169723630038654e+00 1.331091289306260084e+00 1.499958724632068474e+00 1.566225361215330736e+00 1.618773772308090164e+00 1.752265935076406045e+00 2.081158196623855705e+00 2.170842666241455277e+00 2.219185246037252313e+00 2.338198474111695901e+00 2.570416159589197669e+00 3.150658013058286411e+00 3.218787046145164865e+00
-8.194401300360437679e-02 2.301492312264850626e-01 3.823930054811727208e-01 5.114342147429461471e-01 5.194585624451150130e-01 6.195727453302052323e-01 6.366864908400033940e-01 6.762060585000446711e-01 8.271173552657415939e-01 9.062756679271442017e-01 9.098733700149382875e-01 9.783178025190539806e-01 1.040650193649970578e+00 1.127899146592677315e+00 1.186314685450416961e+00 1.244976857771467493e+00 1.256079957268340541e+00 1.337161942933694725e+00 1.362448363798813178e+00 1.510959470837606622e+00 1.515230212134897503e+00 1.628243962139178436e+00 1.740802135753022117e+00 1.978354216899792739e+00 2.050982619094031456e+00 2.177539959001208114e+00 2.326681437371173278e+00 2.656000548231840508e+00 3.091111714654071640e+00 3.173991271899406996e+00
-1.999501974906157664e-01 1.393278690511447204e-01 4.080156342602974107e-01 4.963594595371274565e-01 5.539178712787196091e-01 6.225094540001752108e-01 6.366745945570697618e-01 6.577955502233834295e-01 7.712900967191441692e-01 8.575649260459015100e-01 8.768499622303067564e-01 9.105853821152414262e-01 9.836002458786293756e-01 1.161260455421950777e+00 1.200014850759621110e+00 1.223567266613548643e+00 1.299654509184926310e+00 1.316088188775105472e+00 1.511629062558215164e+00 1.538093477064607306e+00 1.611730910186125021e+00 1.627114831037221432e+00 1.699657966045862167e+00 1.806007621003859143e+00 2.234979419574946835e+00 2.296720858452793834e+00 2.359264897180356257e+00 2.697052712773163385e+00 2.888202133699981466e+00 3.231145486004939560e+00
-3.690712903212027274e-01 4.587473109812265776e-02 3.367474133750593679e-01 4.867051940317481673e-01 5.655701865453579558e-01 6.010674019731078177e-01 6.126402858318179545e-01 6.727854246076011568e-01 7.292493127804861031e-01 7.952498803149026241e-01 8.425380671816344869e-01 9.065152728715925035e-01 9.295593089216619420e-01 1.157273916772126432e+00 1.177622082183771735e+00 1.206763685872585867e+00 1.305370588795435438e+00 1.340134970188502805e+00 1.437763322827041446e+00 1.545642345151712505e+00 1.603248410124707313e+00 1.655198886993791030e+00 1.842097614043574527e+00 2.030390075527357840e+00 2.233592989145541274e+00 2.249159506043298062e+00 2.537741655874631075e+00 2.583439086444522026e+00 2.682675881096174386e+00 3.319874674758506838e+00
8.920183783077255402e-02 1.671763836195992170e-01 4.236069872672396652e-01 5.173780558605279856e-01 5.695333223516525489e-01 5.809092182905339907e-01 6.291384002152067279e-01 7.108315960574694836e-01 7.422503497382626492e-01 7.701565013187390285e-01 8.762845907898939579e-01 8.869540056937017525e-01 1.068687205787684169e+00 1.112214090004494116e+00 1.139982020115324346e+00 1.192637426790580824e+00 1.292384361624669076e+00 1.338207388941015097e+00 1.361707441120036277e+00 1.524599519900452282e+00 1.593679728094730574e+00 1.623942178015988391e+00 1.757685616963390318e+00 1.976449741939784843e+00 2.061929327264530709e+00 2.171900008516905345e+00 2.376263095007864479e+00 2.605284455041980696e+00 2.662136029208366228e+00 3.266776729444059058e+00
-7.785906962227599759e-02 2.086252908326392819e-01 3.756928054931810146e-01 5.030196852630532955e-01 5.654696083703606435e-01 6.271880280960350218e-01 6.431772509304366503e-01 7.121451345932802157e-01 7.688097971315698276e-01 7.910119712855622209e-01 9.027185547124974008e-01 9.222487197626147992e-01 9.436553967578078517e-01 1.068621547311327635e+00 1.123462089913010331e+00 1.190851116777574825e+00 1.250499703111310090e+00 1.335659714108162310e+00 1.353235812949414196e+00 1.511636722524458021e+00 1.557072677914777881e+00 1.601367400887838910e+00 1.676444756281449955e+00 1.782696638849511794e+00 2.189244568232382004e+00 2.248797474426242005e+00 2.411890399111640715e+00 2.442031046643686309e+00 2.685560162870650025e+00 3.193653550405981534e+00
2.334342140514211461e-01 2.412949945926048112e-01 4.174493358961433587e-01 5.080426524486938433e-01 5.735845967874919626e-01 6.149996230627234883e-01 6.730751367060991974e-01 7.160334115346140837e-01 8.145201073757514232e-01 8.436785847300565244e-01 8.968178265688175888e-01 9.732211330412411376e-01 9.849525730566585091e-01 1.076365268557667232e+00 1.134444968853452584e+00 1.220369447426050025e+00 1.313917125482787274e+00 1.384307796855770212e+00 1.468021414672958436e+00 1.499477489667562891e+00 1.523725146619858917e+00 1.579767797139990160e+00 1.616465572848697185e+00 1.733859805767517193e+00 2.206694807015791682e+00 2.231343759282502948e+00 2.250123580222952224e+00 2.691672492963129049e+00 2.940479800222250972e+00 3.186697487984868182e+00
2.255934763938174659e-01 2.541264686321436650e-01 4.486425136598413133e-01 5.221944275802427038e-01 5.571237033662571614e-01 5.976182639302822786e-01 6.600094740499520274e-01 7.836078429953612368e-01 7.983501522118198190e-01 8.802417972332954310e-01 9.792127868008699831e-01 9.902187116917334775e-01 1.031598147689672063e+00 1.087750352987753244e+00 1.178663247694604621e+00 1.208339110081622314e+00 1.246999511428045437e+00 1.295441013885452186e+00 1.390340684009745642e+00 1.513661551946033912e+00 1.539085474660670361e+00 1.618091303995816244e+00 1.763354317705606578e+00 2.107640849095438362e+00 2.135649159498714589e+00 2.161877956243685173e+00 2.258447582848249091e+00 2.679721855107419337e+00 3.120322970753520497e+00 3.174455626760600335e+00
1.906282901033848620e-01 3.029357009690030189e-01 3.937032737208712718e-01 4.377890059572969172e-01 5.174366104897270002e-01 5.890663371939609538e-01 6.199680982074414759e-01 6.998104432151185383e-01 7.491364043189751021e-01 8.405403508219170261e-01 9.715129688871539937e-01 1.003204567593435570e+00 1.055256754900519844e+00 1.086698197709590641e+00 1.218766164881184499e+00 1.250551310945741568e+00 1.261414870969555402e+00 1.322898493178155999e+00 1.382814743111917322e+00 1.522614651794417906e+00 1.559849522039183922e+00 1.616310276163375415e+00 1.784633053070988629e+00 1.970044777988723572e+00 2.013862662907730972e+00 2.260218808037322891e+00 2.325579918456064821e+00 2.635955530202702679e+00 3.136136836897423397e+00 3.182686821988645942e+00
-1.566013807239650668e-01 2.663843068691149618e-01 3.905846951459992500e-01 4.411415891510859222e-01 5.123745808407200730e-01 5.668576859157561376e-01 6.538283429638575006e-01 7.127721410333395236e-01 7.563562917314943235e-01 8.556947893742922195e-01 9.196655726751825632e-01 9.964751543677133894e-01 1.089632561112345632e+00 1.103051366983740733e+00 1.242885089994832271e+00 1.259486033435074592e+00 1.269191265204607122e+00 1.367537705080939414e+00 1.497902745838498806e+00 1.525617890483325301e+00 1.559704522011013950e+00 1.572218087021643784e+00 1.657279906064628605e+00 1.770470036536508252e+00 2.255423433772422825e+00 2.304187455638157189e+00 2.345645372938062412e+00 2.528420851499035393e+00 3.175459620245468351e+00 3.219023538137743223e+00
2.274609191368326400e-01 2.995846991706311302e-01 3.916691835329454419e-01 4.289433587546969129e-01 4.722915783734637496e-01 5.826599659714978285e-01 6.377186159702059598e-01 6.908344717142516078e-01 7.412132857830625587e-01 8.871890667064560310e-01 9.325646441392693164e-01 9.887335687387255323e-01 1.019896547693313060e+00 1.073281228582411373e+00 1.206167269795561214e+00 1.227833385176140268e+00 1.262152193975737413e+00 1.272154017497190370e+00 1.400925849226358322e+00 1.516185110027668870e+00 1.583007583736630641e+00 1.608654677779379982e+00 1.616484309360448846e+00 1.910795610526749622e+00 2.038771673603154255e+00 2.269726417981140276e+00 2.348028796130012807e+00 2.658186629558800362e+00 3.189024548018546845e+00 3.214827994565958580e+00
2.055007511445165747e-01 2.387167939006268058e-01 4.741014624515737519e-01 5.089674239206164463e-01 5.265091154748077207e-01 5.532547528532184566e-01 6.439447406832611298e-01 6.603105242820955789e-01 7.274998653814146454e-01 8.936895112882227155e-01 9.238502799454760828e-01 9.457952705186654097e-01 9.746485524373869058e-01 1.007456267183521881e+00 1.157037128818261040e+00 1.180822573397473985e+00 1.212013087661940824e+00 1.299747270455868353e+00 1.430919310019312274e+00 1.530962658525033548e+00 1.551849120593592479e+00 1.621258893581328131e+00 1.653072583169491905e+00 1.837347400341350356e+00 2.201056486447248606e+00 2.242780471569418399e+00 2.413803670791955014e+00 2.692247247134762933e+00 3.155964984626951519e+00 3.328019403819735267e+00
2.286192445166445875e-01 2.660511376638553527e-01 4.171110752072941796e-01 4.639088904685582659e-01 5.214862135629170226e-01 6.068773784431994445e-01 6.352622144229080892e-01 6.694094031792929833e-01 7.372490308630031963e-01 9.068636035539574536e-01 9.272452520490235273e-01 9.500152450163271700e-01 9.831087908340033765e-01 1.028632930473276863e+00 1.162750209579495486e+00 1.184134969715540109e+00 1.226659013689060496e+00 1.289633662452439378e+00 1.424962451301101218e+00 1.524910893111781851e+00 1.579991614940825961e+00 1.613438340027476992e+00 1.704516174777603199e+00 1.733352559744623766e+00 2.153700630501011126e+00 2.252496407776214848e+00 2.366030178852836841e+00 2.684799892753999551e+00 3.173127698853302814e+00 3.287483565678190001e+00
1.652338666292675062e-01 3.058100441529246205e-01 3.693736993476530173e-01 4.275452072956747451e-01 4.529821956375860159e-01 5.651628512859049325e-01 6.552055895765660498e-01 7.180463228090540051e-01 7.809315150034269459e-01 8.905769391111466593e-01 9.163887819763523179e-01 9.902257202152076054e-01 1.055075754423598910e+00 1.090411186494713469e+00 1.227670553883244864e+00 1.244143500031024363e+00 1.250911539673922546e+00 1.332146411461548219e+00 1.415095122963752505e+00 1.487961055441668234e+00 1.529044105008746657e+00 1.579879151909666435e+00 1.624401655719176718e+00 1.931043664590742726e+00 2.078455086596974422e+00 2.279941982721140903e+00 2.308196922048782351e+00 2.619118003992804145e+00 3.185264567241056444e+00 3.196583256680192164e+00
-2.953844278265065348e-01 1.854519042189760603e-01 3.613343962689376521e-01 4.406039294147786611e-01 5.216804966693827650e-01 5.566875070946000204e-01 6.189551510167800030e-01 6.914162219769256490e-01 7.099170573471706991e-01 8.400542036447160577e-01 9.004905986063542755e-01 9.847165174730965198e-01 1.082584296522529188e+00 1.125222727722732241e+00 1.251427550728161142e+00 1.257720029448604615e+00 1.310826531784294646e+00 1.363943454433962588e+00 1.485871649208199363e+00 1.551784939876669212e+00 1.592188958169577839e+00 1.636291738691137088e+00 1.745546278945902197e+00 1.774842882783739251e+00 2.283639114224595534e+00 2.309069338059261067e+00 2.422881519880318191e+00 2.488983577183221829e+00 3.150752997095202623e+00 3.289413979030809898e+00
-4.384866799076061472e-01 -8.328319930296931850e-02 3.795527420054212175e-01 4.655826468247796779e-01 5.172265984043081799e-01 5.766700806769098353e-01 6.533020144570141907e-01 6.904125169350640023e-01 7.463500310069921539e-01 7.988174110364059111e-01 8.849648001778792628e-01 9.718941466339778845e-01 1.080353136148636040e+00 1.126420960258057269e+00 1.208265307519127862e+00 1.238049374174194917e+00 1.288356008886187398e+00 1.335371409318242719e+00 1.402511586727289483e+00 1.528210121721032655e+00 1.540445314383571462e+00 1.623005704910011504e+00 1.880844717308536307e+00 2.035529341031700579e+00 2.056487686689610683e+00 2.327092434036705182e+00 2.341660455486893611e+00 2.670687773226436690e+00 3.101129356840457874e+00 3.371491812622125828e+00
-4.838384070951617932e-01 -2.454458798252646123e-01 4.165024026453431616e-01 4.339496155097697372e-01 5.841674928879632134e-01 6.306417716419658870e-01 6.580500883650601818e-01 7.146983856954134406e-01 7.671825163748920984e-01 7.795498180076801953e-01 7.905708570702554283e-01 9.630150617228118159e-01 1.044219012400621427e+00 1.059594488825156500e+00 1.092231774451782655e+00 1.213079015075369638e+00 1.220574624852617251e+00 1.351128391831271980e+00 1.433702417891305148e+00 1.494796339527201257e+00 1.542604345813392674e+00 1.565311293417962490e+00 1.607775384808369568e+00 1.713706111991942560e+00 2.216962053902538088e+00 2.340612609093710716e+00 2.417944040312439924e+00 2.695827618482816934e+00 3.089408313173636511e+00 3.250372036321372615e+00
-4.898606803422062561e-01 -2.878946797794753598e-01 4.135962649425655724e-01 4.250401643222492809e-01 5.913043683252677818e-01 6.407991450264622912e-01 6.601026187783776145e-01 7.264952292466961836e-01 7.501588977004628456e-01 7.624149196589400379e-01 7.876082366727884532e-01 9.624245589687350222e-01 1.027893140342524436e+00 1.044655901673331666e+00 1.091467877920068608e+00 1.199103584897272423e+00 1.215526933224575057e+00 1.365266526662922475e+00 1.437191033983665545e+00 1.484502483784458704e+00 1.503771933543795569e+00 1.545222980082332498e+00 1.601875924209872570e+00 1.655453623340009450e+00 2.230584018513108724e+00 2.348920438977263991e+00 2.443919693349582811e+00 2.693682180136304449e+00 3.088737565138028440e+00 3.215437059904984185e+00
-4.598062379951074474e-01 -1.781186714455917919e-01 3.941998227645592268e-01 4.429328809615530882e-01 5.313492900376989292e-01 6.091871263344595944e-01 6.588596218624475087e-01 6.889149402330988492e-01 7.538229892595194048e-01 7.925712297759007763e-01 8.705595912275108095e-01 9.695513463907232676e-01 1.077279161502171734e+00 1.107947740800067749e+00 1.171464452298002668e+00 1.204867508069718207e+00 1.274174638446635699e+00 1.329362391945172472e+00 1.421328066672722379e+00 1.516683762824186710e+00 1.535332237017432488e+00 1.621324020054420334e+00 1.845432876619967466e+00 1.940624700023744653e+00 2.112282462795647131e+00 2.330374460500272082e+00 2.359797937836538573e+00 2.689341407910707193e+00 3.093176706880886417e+00 3.351905800926555656e+00
-3.438614749239410351e-01 1.369569607134918376e-01 3.741060204021103286e-01 4.480208118974854381e-01 5.461769067625206198e-01 5.692342397087567507e-01 6.316277447883690277e-01 6.905940514909780781e-01 7.144281526575979591e-01 8.220439220524741186e-01 9.022188635733231488e-01 9.848826175292999530e-01 1.083766004992360532e+00 1.131255571700413132e+00 1.232026819887659608e+00 1.262261184612793352e+00 1.313284529524670008e+00 1.383058623987837299e+00 1.455493548037891216e+00 1.544206407930508895e+00 1.576916068362453460e+00 1.608142930052633757e+00 1.818086812863762169e+00 1.832084888391237065e+00 2.297536055937474231e+00 2.315184981873287029e+00 2.332661658153920126e+00 2.561230953041061298e+00 3.133335683825452911e+00 3.328892876797785227e+00
4.872574789309907367e-02 2.973924487425288476e-01 3.790848496814627211e-01 4.324006988868288048e-01 4.743585520142258871e-01 5.614355783764006791e-01 6.539386714519973554e-01 7.147694574316787453e-01 7.675413832784885315e-01 8.741421746243445146e-01 9.182472034835191810e-01 9.935176400080848458e-01 1.076234986199081423e+00 1.096351039794559057e+00 1.237388469056236895e+00 1.249561278627724814e+00 1.265843291758941724e+00 1.355657969268561969e+00 1.460505890777019422e+00 1.496112690342505935e+00 1.534015979581579314e+00 1.570904738075691975e+00 1.635176276646975513e+00 1.850963448741894224e+00 2.189769581229443762e+00 2.289124836340537428e+00 2.315090162132727336e+00 2.580191982689084007e+00 3.188268284170566069e+00 3.194340105367957428e+00
2.331412824602405731e-01 2.824395114702171194e-01 3.974075932117893117e-01 4.412563626723078336e-01 4.987186497113721972e-01 5.940680868234933243e-01 6.355899502482467156e-01 6.727063449715738885e-01 7.427647161634353123e-01 8.979329255785540864e-01 9.291436330619211592e-01 9.841653387257285335e-01 9.867046662766503218e-01 1.052548035616553745e+00 1.190172577085767402e+00 1.194585322967032015e+00 1.242199546619933592e+00 1.279331770088454556e+00 1.412648799447740133e+00 1.521046030342627642e+00 1.584426806313709246e+00 1.613114256067047503e+00 1.659191605407188908e+00 1.806621157233261554e+00 2.102042127991603060e+00 2.261419210629478815e+00 2.358364257408874565e+00 2.674414749392651114e+00 3.182471365991055290e+00 3.251801939023675647e+00
2.087430218493846190e-01 2.331203361520972628e-01 4.782864931350997439e-01 5.157576244096118145e-01 5.377359416560643091e-01 5.456253237307130410e-01 6.579556013606081555e-01 6.629374791489770491e-01 7.102033337287221304e-01 8.992225065160938113e-01 9.166688363590813626e-01 9.444720847569791911e-01 9.739621287060583610e-01 9.998893858234375598e-01 1.152201396763394614e+00 1.179626446253690730e+00 1.208103223447758001e+00 1.301560752570204205e+00 1.435849613614037734e+00 1.531106848222322681e+00 1.546218261275745354e+00 1.622368259767174026e+00 1.639788089892539880e+00 1.841295830630029551e+00 2.210911162494553217e+00 2.240832191548724595e+00 2.417545525342656099e+00 2.693563890748300604e+00 3.153447462287304326e+00 3.337967254601688083e+00
2.127615042608051177e-01 2.951177820590391576e-01 4.411581703331695081e-01 4.771467211711215017e-01 5.142104246938398182e-01 5.452789354393553500e-01 6.080106086884941030e-01 6.650287134752895790e-01 8.155950781820283657e-01 8.374808004536781203e-01 9.187752077446614818e-01 9.745970217776565026e-01 1.054591088422176970e+00 1.078720910210641870e+00 1.142582955214093809e+00 1.194439799618632225e+00 1.201909287740269061e+00 1.305588566414603191e+00 1.421783698049240208e+00 1.534954014234670927e+00 1.600681011037017543e+00 1.631331889371456567e+00 1.782395239015140964e+00 1.872159433272881923e+00 2.111981934570394071e+00 2.224994318288746165e+00 2.414105048809662701e+00 2.670620614282989802e+00 3.186221198601331128e+00 3.328888046824539426e+00
2.661405910064740254e-01 3.192136269133740156e-01 3.940780970989648524e-01 4.395872095124856438e-01 4.964639775903331165e-01 5.251560310517056074e-01 5.621528385431319164e-01 6.661087333991266846e-01 8.121517011202756819e-01 8.504550537133154231e-01 9.427357224006378544e-01 9.979015980679279973e-01 1.124654602254924862e+00 1.160191701093156169e+00 1.165368992537162196e+00 1.191475632219265002e+00 1.239217352809286243e+00 1.308310444170591058e+00 1.495868021778483881e+00 1.516622320219508602e+00 1.618691085794317974e+00 1.651335534412078587e+00 1.840739808598033767e+00 1.892642755212458949e+00 2.168568919356380409e+00 2.263733614718614451e+00 2.428873416923616357e+00 2.554948719046218564e+00 3.194780720144319464e+00 3.330332822416338434e+00
2.300429201220419995e-01 3.050872982470800854e-01 3.626594203019966600e-01 4.179480674088102976e-01 4.900566074615311796e-01 5.142632782778130407e-01 5.308197486122059328e-01 7.104544575535031159e-01 7.932698087625206229e-01 8.486411506742007616e-01 9.308940072367603014e-01 1.000547385720717664e+00 1.130650587363896120e+00 1.158198401308751180e+00 1.205771244293367905e+00 1.220042822593666365e+00 1.239776766145972209e+00 1.265933242807018022e+00 1.458942816880388404e+00 1.552470888039288788e+00 1.572400994469804969e+00 1.663906401102592358e+00 1.871456166112174690e+00 1.934516852202358583e+00 2.225775903012749080e+00 2.281234058282314070e+00 2.312486723786748133e+00 2.596326309706830759e+00 3.145181834402651422e+00 3.355316059823723052e+00
-1.763911818370001994e-01 2.794977195768676981e-01 3.328468910358305943e-01 4.255032141140286384e-01 4.759551533522167199e-01 5.319471287038494145e-01 5.802145732315463489e-01 7.401662270720571479e-01 7.722082460163484097e-01 8.254639403359264049e-01 9.264106710701247582e-01 9.367990404131899540e-01 1.094625372067233871e+00 1.101302260454176007e+00 1.186032034591234074e+00 1.213775659307790633e+00 1.227178739030209575e+00 1.242162192624051809e+00 1.394330695123985331e+00 1.527618575314092508e+00 1.564812908486566734e+00 1.633932420931812457e+00 1.778456253345995108e+00 1.914908976680868680e+00 2.196208583562814010e+00 2.301150672052750146e+00 2.337819432185714419e+00 2.698556016026932625e+00 3.121786735264255430e+00 3.336189241775036507e+00
-2.803065807453168357e-01 2.592291464992065309e-01 3.357941439904676417e-01 4.687460846480009935e-01 4.767731796015083345e-01 5.171685748503108693e-01 5.802450590838126310e-01 6.896167795001219014e-01 7.983740898293846255e-01 8.130466996839373905e-01 8.357000948078630032e-01 9.627192001963398305e-01 1.043022667706287043e+00 1.047150775208727902e+00 1.204479297942536942e+00 1.212939106792902733e+00 1.232731100317808748e+00 1.245625268114396444e+00 1.404707241961829611e+00 1.463010811941813705e+00 1.525544634854954396e+00 1.566154788047666280e+00 1.651417731520203658e+00 1.920399110451559643e+00 2.303085366047203930e+00 2.333383040409729325e+00 2.371759937380772065e+00 2.710801118580917102e+00 3.123682597021773866e+00 3.302347325833480340e+00
1.213337530193197150e-01 2.331920688367047079e-01 3.558441408874581380e-01 4.680450702227209048e-01 5.287892786907395504e-01 5.409776208309605705e-01 6.361634079394581365e-01 6.780121429913114062e-01 7.898054006829731133e-01 8.621420999373673455e-01 8.695920875071818656e-01 9.487767624900437236e-01 1.011663401828063913e+00 1.104195146819174411e+00 1.202979284761429124e+00 1.214314936127851130e+00 1.240670651541057046e+00 1.247856656153058408e+00 1.391025958500726079e+00 1.496065436510263025e+00 1.543703336852948249e+00 1.644476682720332317e+00 1.693858651749223565e+00 1.742986396842030716e+00 2.193854480988006728e+00 2.254161133046347576e+00 2.342737834117495144e+00 2.698782563255657685e+00 3.155176517626087307e+00 3.222253050298272914e+00
1.756125107694448406e-01 2.040441384572043992e-01 4.133792514588764955e-01 5.210827832077873367e-01 5.587381914222635526e-01 6.050812270369663182e-01 6.376969799058663790e-01 6.527748402862286747e-01 7.844597873301235591e-01 8.756989903675830300e-01 8.862817343549755922e-01 9.129069046363094131e-01 9.905747595271917616e-01 1.148682542422996722e+00 1.203947058265856462e+00 1.229157059927115325e+00 1.288324099302141645e+00 1.346836173360884681e+00 1.453445164348231122e+00 1.506312105532787493e+00 1.539486644595750464e+00 1.614932347950724489e+00 1.631513622198378810e+00 1.878258117712476638e+00 2.203829415435679007e+00 2.232426695187617494e+00 2.314087769049802734e+00 2.694311190449127036e+00 3.019776777223370789e+00 3.194584572795608590e+00
-4.438023107687243396e-01 -5.971487588495118237e-02 3.546652067952142384e-01 4.788221569245224019e-01 5.385744604958531134e-01 6.146797261696774761e-01 6.461226520375882298e-01 7.000444413780575470e-01 7.464926275372979481e-01 8.096047661074956547e-01 8.504381990124405544e-01 9.038952842471146276e-01 9.562357377819725723e-01 1.166167693488431523e+00 1.184273426956166331e+00 1.209987625546062651e+00 1.263550009016683573e+00 1.322268753155054100e+00 1.454717178744943107e+00 1.549009185028347835e+00 1.604103186159650862e+00 1.636316110682495495e+00 1.833416995108281267e+00 1.992992087152206437e+00 2.262587796894827807e+00 2.269154944496122983e+00 2.539061493147824145e+00 2.566404991239272348e+00 2.703738589397670644e+00 3.301747375123440520e+00
-5.466833000935015230e-01 -8.684758148725224558e-02 2.653045145872026667e-01 4.340442038831284211e-01 5.201339016504230583e-01 5.438958939820132121e-01 7.151949949274508667e-01 7.252244971511843108e-01 7.483172805238323955e-01 8.052366790593370460e-01 8.558578084837900057e-01 9.042398101331606819e-01 9.612538769626358670e-01 1.075019644816465725e+00 1.114990033909735168e+00 1.121661972454098599e+00 1.202730783911872159e+00 1.265444580750693326e+00 1.342347962458414479e+00 1.522601431685463691e+00 1.559795485893081590e+00 1.613312292623197530e+00 1.830773559012622620e+00 1.923896861882911091e+00 2.118792092052577569e+00 2.258364102221913861e+00 2.307210372588396563e+00 2.667000740782750512e+00 2.696287474899901948e+00 3.266267308356776589e+00
-1.725725743147536392e-02 1.806342619540541108e-02 3.825828298247885284e-02 4.654529210963979646e-01 4.865910866538499802e-01 5.126193320316728697e-01 7.512602334643534441e-01 7.786872302712189997e-01 7.962838507741664129e-01 8.169437100357767045e-01 8.318585980485250220e-01 8.698195152861528667e-01 9.936252218247572099e-01 1.020575161744248227e+00 1.065782100346701844e+00 1.075952391165832411e+00 1.151475222590137903e+00 1.248488921118498851e+00 1.341715525750713178e+00 1.392042493269135317e+00 1.459869180116457832e+00 1.521950360054678208e+00 1.611412655792118009e+00 1.682516152808385623e+00 2.211505322296734466e+00 2.264880604986726720e+00 2.282670924043505245e+00 2.686226826354656705e+00 2.689779018344379047e+00 3.185368557516010668e+00
-5.076025896787655922e-01 -9.208849924976532375e-02 2.873376017940556526e-01 4.373934524782654432e-01 5.257468028075888977e-01 5.513636153500448556e-01 7.039252019510948699e-01 7.241666524494573265e-01 7.531789028992559309e-01 7.944816553029176998e-01 8.456360853514900411e-01 9.014305487530405170e-01 9.480223144033917970e-01 1.093790581349626034e+00 1.125924390972199873e+00 1.137385569123505746e+00 1.220378405729120042e+00 1.276340682691156525e+00 1.343905108334503273e+00 1.527634600896551786e+00 1.567107557971859855e+00 1.616435434813529026e+00 1.861354976437108455e+00 1.965347657412804594e+00 2.090369064931603571e+00 2.256555049567602556e+00 2.314864592212019456e+00 2.658950163105286091e+00 2.699632328782068047e+00 3.279369897995266570e+00
-4.356950960150871577e-01 -1.975654609074494958e-02 3.467114223461553735e-01 4.869850367115407530e-01 5.481561837426807138e-01 6.189520241382270305e-01 6.367282617636605968e-01 6.779867280597241530e-01 7.447916131594843892e-01 8.190029785263380768e-01 8.524261941194737346e-01 8.941986684251763684e-01 9.525269706977317341e-01 1.169845612409448510e+00 1.187192297363889759e+00 1.212972902980420153e+00 1.281893456337733994e+00 1.322470164781432755e+00 1.476771983024869783e+00 1.546694347722853857e+00 1.607827902068242443e+00 1.651646409331743559e+00 1.793415472934154042e+00 1.979844453237052937e+00 2.264345760891847359e+00 2.271532358177407396e+00 2.512916365239084904e+00 2.633120084070924349e+00 2.700619789051378561e+00 3.297509961539471846e+00
-1.566013807239639566e-01 2.663843068691112426e-01 3.905846951459976957e-01 4.411415891510843679e-01 5.123745808407195179e-01 5.668576859157559156e-01 6.538283429638569455e-01 7.127721410333397456e-01 7.563562917314951006e-01 8.556947893742922195e-01 9.196655726751823412e-01 9.964751543677133894e-01 1.089632561112345188e+00 1.103051366983740289e+00 1.242885089994832715e+00 1.259486033435074592e+00 1.269191265204607344e+00 1.367537705080939636e+00 1.497902745838498584e+00 1.525617890483325745e+00 1.559704522011014172e+00 1.572218087021644006e+00 1.657279906064627939e+00 1.770470036536508252e+00 2.255423433772422825e+00 2.304187455638156745e+00 2.345645372938061968e+00 2.528420851499035837e+00 3.175459620245468351e+00 3.219023538137743667e+00
2.101783561309388537e-01 2.999380496722993672e-01 3.940102763157846133e-01 4.423845523221247578e-01 4.762587042078395561e-01 5.775009666747742409e-01 6.270365192001863264e-01 6.677565813990450350e-01 7.476670993801123322e-01 8.679552696864545336e-01 9.519750032976029841e-01 9.906226528834931599e-01 1.029645595410544345e+00 1.076461946862494967e+00 1.208931996532599307e+00 1.243690878813359824e+00 1.266659282029550804e+00 1.275273044830522062e+00 1.391292933287016753e+00 1.521566108081215285e+00 1.573264684623138621e+00 1.615554024873514516e+00 1.689673512097924268e+00 1.931845775400626186e+00 2.026810266875186173e+00 2.269731725534352762e+00 2.352534385657756300e+00 2.654835437613304983e+00 3.185126551782318405e+00 3.195618927699538592e+00
2.104504400586736101e-01 2.433216365437605166e-01 4.771802732149849624e-01 5.197024655449309360e-01 5.378552418444417782e-01 6.176618994371767535e-01 6.375573494336472802e-01 6.971379265462217534e-01 7.522072694698304085e-01 8.624273205414010324e-01 9.345405766177451445e-01 9.432336736848447867e-01 9.928534043951195986e-01 1.016745689937718966e+00 1.159640583996577323e+00 1.182515839227137988e+00 1.219379134473623782e+00 1.300235957396418174e+00 1.420074099924846234e+00 1.532867511896601753e+00 1.536218684915734656e+00 1.625046932233633168e+00 1.665830739585147269e+00 1.930509259340585704e+00 2.194157291700395529e+00 2.243124435433646813e+00 2.342405015232578158e+00 2.690850416589916527e+00 3.158176120776042151e+00 3.286946765799718673e+00
2.625427759088492241e-01 2.740342052184794319e-01 3.438763960297629985e-01 5.026316771125228788e-01 5.384888973647734556e-01 6.202263745884860624e-01 6.443683801699355840e-01 7.050639231051056832e-01 8.497852158646219678e-01 9.053063740643578772e-01 9.420060215050602981e-01 9.628338726379349621e-01 1.000545700961899431e+00 1.053318185611083146e+00 1.111901152804173121e+00 1.172592100884641386e+00 1.214454650796168655e+00 1.299593827306027682e+00 1.439479083258161429e+00 1.521944343020956492e+00 1.567407962363082774e+00 1.610945419241170740e+00 1.663262853564650978e+00 1.775321157248906934e+00 2.132787834258677684e+00 2.180582001003242620e+00 2.254734783866497061e+00 2.688153874155385203e+00 3.180376989818634481e+00 3.209627824775099114e+00
-4.532880477152475412e-02 2.239837425619435607e-01 3.050654941798011666e-01 4.439555626546740630e-01 5.090710391097561516e-01 5.719076590440653751e-01 6.764197042079772570e-01 6.926205242712971666e-01 7.456078099777039281e-01 9.020194619933813440e-01 9.354295008966184710e-01 1.020029458721584126e+00 1.044730233581891099e+00 1.077217087328246059e+00 1.157399098141667970e+00 1.208795040347833583e+00 1.295470928418161582e+00 1.321464785510126916e+00 1.413500996696024137e+00 1.510773918805561999e+00 1.582473587846050522e+00 1.627980750832976886e+00 1.886850348044394776e+00 1.947229770796824910e+00 1.994859975480822278e+00 2.092835191223725744e+00 2.278499481814001637e+00 2.638547682339566602e+00 3.026711736530582453e+00 3.205880961424144360e+00
-2.365712119426085225e-01 1.978534146985819198e-01 3.017280364605378074e-01 4.410429065457399656e-01 4.600041428944696142e-01 6.088073144579122520e-01 6.778648967983960105e-01 6.893580435125941097e-01 7.224212798717886130e-01 8.461599555682909335e-01 9.402868772184292956e-01 1.066718008618514402e+00 1.100245234853527654e+00 1.139180270382600391e+00 1.198730227693987294e+00 1.232376145145909874e+00 1.328251446583245343e+00 1.368490651402048730e+00 1.502152433813612742e+00 1.533184710409302598e+00 1.612250443032749114e+00 1.685896968132514884e+00 1.721888825938286294e+00 2.074587004813631008e+00 2.165637548418446023e+00 2.264391648758251385e+00 2.316807145867262108e+00 2.503372675360509003e+00 3.169449045348654792e+00 3.193956614274082284e+00
-2.971685775079853653e-01 2.446544676317165268e-01 3.762409831145467343e-01 4.291296481943545627e-01 4.716450936849521658e-01 6.170970471361435505e-01 6.807220797545223689e-01 7.223734952691784894e-01 7.472585502924224965e-01 7.914574918515385749e-01 9.468291292410001558e-01 1.105634716938004747e+00 1.197008924015715570e+00 1.216824023647744557e+00 1.228241584155945310e+00 1.287822912848229695e+00 1.296840997975685417e+00 1.357644342700872198e+00 1.440169586097294285e+00 1.561259451392247311e+00 1.571783542233478492e+00 1.615675994672243876e+00 1.769817154248460422e+00 1.997948611951592124e+00 2.011750686377763220e+00 2.305516318526533937e+00 2.322023077070107355e+00 2.498273079979185685e+00 3.162812041803313878e+00 3.271577757369067196e+00
-3.573718978541097768e-01 1.755839145947428459e-01 3.146893762403223382e-01 3.965554873705436911e-01 5.735809847075179491e-01 6.020986560932244380e-01 6.925009037447449334e-01 7.321937052935802992e-01 7.397856367605111227e-01 7.529745350747675259e-01 9.449532657383077350e-01 1.081318209246590945e+00 1.108134452196737119e+00 1.197850855685936411e+00 1.221721538096491200e+00 1.258004644927112725e+00 1.271327563485583401e+00 1.294439982953291990e+00 1.425089147707659931e+00 1.552254276604290606e+00 1.559231359615355084e+00 1.596883594747449120e+00 1.690870759372827381e+00 1.707425724658679700e+00 2.219469263274122195e+00 2.231310015521907886e+00 2.358350326702274291e+00 2.438278687034784120e+00 3.113892205937421664e+00 3.202974952203165415e+00
-3.542888934086229624e-01 3.012240518022395452e-01 3.724147808279273941e-01 4.312218405688225675e-01 5.324019681877788512e-01 6.088951266119904115e-01 6.618414144566583390e-01 7.118094473765056440e-01 7.446283579703721900e-01 7.683349151571763347e-01 9.587524700575065228e-01 1.037109304133193133e+00 1.087011758679217621e+00 1.178630119858424807e+00 1.198433685510621460e+00 1.251439760209747565e+00 1.261539691332730362e+00 1.329148198604468201e+00 1.423198630323894154e+00 1.506262029776446632e+00 1.569938668173154417e+00 1.576678692293014938e+00 1.589131800459329114e+00 1.738005151544464999e+00 2.275918046153287300e+00 2.358655414130615302e+00 2.387438889952196330e+00 2.462733852124474154e+00 3.133173354169613845e+00 3.183657485455007929e+00
-6.721945255595758451e-02 3.004123033579755297e-01 3.306183942906364415e-01 4.425806489437537072e-01 5.677233184312054926e-01 5.780229241517164107e-01 6.387728061384173595e-01 6.925267648038595514e-01 7.672292631153502240e-01 7.844922549678200463e-01 9.935708934320826025e-01 1.044697034060388718e+00 1.049885304746618564e+00 1.173336070938966857e+00 1.198384608981375887e+00 1.220286793244300450e+00 1.242722671937753764e+00 1.269162713986322411e+00 1.361680895442418215e+00 1.479042391611528950e+00 1.522588989049477703e+00 1.587377162813768505e+00 1.624113712552827549e+00 1.959189303863178244e+00 2.078023112615941415e+00 2.352616929046553285e+00 2.369205497394193394e+00 2.629016902165388192e+00 3.157413119492907150e+00 3.224636414103733806e+00
-9.576499113416928055e-02 2.708332610573507271e-01 3.086145137177399023e-01 4.666089811997652936e-01 5.213389526790811468e-01 5.489777556730065511e-01 5.957260577370205867e-01 6.621837366225792332e-01 7.910074535041390353e-01 8.119763484032705980e-01 8.555830590069901653e-01 1.001089979003650265e+00 1.028868837232841171e+00 1.052407876356626693e+00 1.207369539332061148e+00 1.211583896039722275e+00 1.220696170205371134e+00 1.249783593482333810e+00 1.393619418137767907e+00 1.466717891169060817e+00 1.525018643431463872e+00 1.572537285326568446e+00 1.642439169074377148e+00 1.946806813568369821e+00 2.249214921675482426e+00 2.336579289334331122e+00 2.371544836898971109e+00 2.695914353739448099e+00 3.130229170934736516e+00 3.291065591227164244e+00
-2.331089015803779474e-01 2.634586972809273564e-01 3.269272203612973438e-01 4.685722474100796342e-01 4.966723167817607698e-01 5.207268573328442951e-01 5.845877260275780252e-01 6.801499932248998848e-01 7.958741071853557836e-01 8.161823665183609577e-01 8.369704995995382868e-01 9.758327173903115215e-01 1.037844897734168992e+00 1.049956531138246607e+00 1.205858747969436706e+00 1.212366511163956107e+00 1.228066149552070607e+00 1.247598772064162809e+00 1.400878134780564555e+00 1.464241246339743618e+00 1.525403015003288010e+00 1.568235406406187638e+00 1.648384850953334313e+00 1.931435249913247443e+00 2.287073903545314035e+00 2.334357855054028263e+00 2.371649795163495611e+00 2.705709941868456703e+00 3.125486567290629569e+00 3.299244994166557365e+00
1.720290322374846970e-01 2.761115813472470037e-01 3.115471534716901525e-01 4.490469676432606305e-01 5.524845150476150879e-01 6.002923684666879867e-01 6.242190953422720456e-01 6.753374344268466833e-01 7.758355256582623038e-01 7.924036729880067353e-01 9.949096777036430250e-01 1.007445272111536561e+00 1.050727383768147671e+00 1.123822941166934042e+00 1.185387717770505667e+00 1.210468342023533594e+00 1.228441135665469641e+00 1.258798967957874382e+00 1.366336856339175343e+00 1.476107885984980550e+00 1.523433862336768696e+00 1.585200140940512981e+00 1.625516638830279526e+00 2.041244573087198866e+00 2.067230809155571780e+00 2.346973006693601871e+00 2.369865385505470101e+00 2.652666049180810948e+00 3.147935042671161643e+00 3.251012284677964992e+00
-3.036168633471251210e-01 3.160538927593624092e-01 3.708213732459877954e-01 4.309079268892151982e-01 5.373431198432933042e-01 6.003088769482506359e-01 6.575753162993293044e-01 7.079732059528484056e-01 7.521938972472709262e-01 7.722495247181121458e-01 9.698655344700635172e-01 1.040919348214202733e+00 1.088475911743931990e+00 1.171082566581705064e+00 1.202606962581837191e+00 1.254755728857847030e+00 1.262170723952671603e+00 1.320710065760055008e+00 1.469163683547207722e+00 1.515045575216100726e+00 1.529720383843640619e+00 1.581712105333650031e+00 1.662131457100720189e+00 1.667293298518083500e+00 2.223203209521576351e+00 2.359600066304301080e+00 2.377021823515643728e+00 2.527478763581084031e+00 3.158091048777002641e+00 3.177948183649456748e+00
-4.330130942023029395e-01 1.751686080808896595e-01 3.759075947583542798e-01 4.235579002737023258e-01 5.559318705772785529e-01 6.130481626550803309e-01 6.638465070827619385e-01 7.170552358273137861e-01 7.443716261571287074e-01 7.625893911616224985e-01 9.305003140751543222e-01 1.026938053281287289e+00 1.072852300365782385e+00 1.080450642409476192e+00 1.184414089892900090e+00 1.206192276518839090e+00 1.230752016242517621e+00 1.319699764605873904e+00 1.370078616999955035e+00 1.492479811067185969e+00 1.550683540135494143e+00 1.569592979099958097e+00 1.601424019001454591e+00 1.963113659712924619e+00 2.233114378295934621e+00 2.352442788915005689e+00 2.381683136043423854e+00 2.472061370520684420e+00 3.097982624873734991e+00 3.193423807890853894e+00
-4.808279841076848471e-01 -3.087085994709553582e-01 3.628544433834110516e-01 4.034074939100862345e-01 5.890572211646964984e-01 6.159090572630000482e-01 6.684795710684348080e-01 7.263472418342484804e-01 7.531722953982750157e-01 7.650253061832343882e-01 8.120115839663989421e-01 9.551652146602204185e-01 1.024800130876978521e+00 1.057862492882003735e+00 1.115918233251601110e+00 1.211173295978523745e+00 1.214339009815276205e+00 1.354262532705808209e+00 1.417976321809840456e+00 1.481452279736515276e+00 1.537172426977626127e+00 1.557414735174813325e+00 1.601272682361995603e+00 1.809247281231008975e+00 2.170270904908314424e+00 2.350294143801311630e+00 2.428053108765656276e+00 2.638202069829238550e+00 3.087740922046926961e+00 3.194883398564312138e+00
-4.910687021688711074e-01 -2.883613947084286422e-01 4.181944100456354563e-01 4.226061525472668556e-01 6.185024021391815063e-01 6.404722100076561953e-01 6.616484730817241422e-01 7.322414098352485468e-01 7.384043197328806762e-01 7.515202952643679213e-01 7.909197902817316495e-01 9.688418324761932654e-01 1.021703543273513093e+00 1.043490034933387767e+00 1.089977462778336070e+00 1.181887571346831534e+00 1.216750008371384251e+00 1.375993750219328904e+00 1.434513548715886433e+00 1.442832084260913694e+00 1.485272594456902961e+00 1.548916586014122077e+00 1.596153233218287282e+00 1.620410738212457069e+00 2.229600848405932645e+00 2.353861797334112271e+00 2.456829341177567017e+00 2.694325223864063368e+00 3.089492485484663487e+00 3.195477492217731808e+00
-4.684606101539653955e-01 -2.190314274738912881e-01 4.500575807733170897e-01 5.251244960201769674e-01 5.799490316521466182e-01 5.897879997919854844e-01 6.829696887675731354e-01 6.859777247985918702e-01 7.260287698317376970e-01 8.122124521221409932e-01 9.458344375864061737e-01 9.860832094877441945e-01 9.994398345098151060e-01 1.062020661608121141e+00 1.090306364602610323e+00 1.200064030218604749e+00 1.205170301973290670e+00 1.365317756381563941e+00 1.440106779420693428e+00 1.449760503070892437e+00 1.551125019873998978e+00 1.570798175829621890e+00 1.643075493005961452e+00 1.722830876019201929e+00 2.204115357332114833e+00 2.229753985808419436e+00 2.402077828670004855e+00 2.695270316353765239e+00 3.125622763107299473e+00 3.196462490944420143e+00
-3.987610807721985173e-01 3.585085451676117696e-02 4.810219498489582413e-01 5.160502488255944709e-01 5.407791481442494330e-01 5.848976224786612832e-01 6.239073294167000183e-01 7.054470200092988197e-01 7.452416278325261212e-01 8.696488025831202728e-01 9.107427416878488557e-01 9.217172234489380278e-01 1.087184891892427840e+00 1.096085597341857953e+00 1.186132244178669248e+00 1.229315650527937231e+00 1.246564082364467474e+00 1.317942477614040264e+00 1.451114850283495850e+00 1.464015823603505018e+00 1.556738431799639111e+00 1.632723016373545333e+00 1.665855555072388139e+00 1.899745822516499150e+00 2.188277355257414403e+00 2.223218168970924502e+00 2.338514096039048695e+00 2.692927080090059544e+00 3.004669001803950135e+00 3.194728791017160674e+00
-2.914413269096458037e-01 -2.491988344643574493e-01 3.842256975214265458e-01 4.717616739334393183e-01 5.707144277009218447e-01 5.839864939486467676e-01 6.495698302365778831e-01 6.779959913627399137e-01 7.535423476170300949e-01 7.800985784051364114e-01 8.964144999451604257e-01 9.083091856432933264e-01 1.060260745995859066e+00 1.081266077657523361e+00 1.194003796778862814e+00 1.211438968951782824e+00 1.227928680367544878e+00 1.337990496616669356e+00 1.451569214444845324e+00 1.506403669370977472e+00 1.518319688615127783e+00 1.648978442445456105e+00 1.682880379165917262e+00 1.869860480434476502e+00 2.217617009605652445e+00 2.282501493850000784e+00 2.526781594868044323e+00 2.567947016390162762e+00 2.686796501195234832e+00 3.203781210459052620e+00
-2.976653486849613617e-01 -6.789353543117133960e-02 3.262921075644140134e-01 3.824623570742885503e-01 4.975245707332727751e-01 6.021296533318674093e-01 6.543139846175416441e-01 7.110337448057156839e-01 7.632086612495769806e-01 8.157350705086541254e-01 8.487787916522359088e-01 9.269426987724505018e-01 9.761692031666500124e-01 1.059080897995368975e+00 1.086334073520779819e+00 1.169085905644144274e+00 1.234711553846354226e+00 1.311178997298192428e+00 1.322398659411235355e+00 1.451752778832883672e+00 1.479288116540486087e+00 1.611590640225392113e+00 1.686628490617986031e+00 1.866520747735733066e+00 2.133690436003448543e+00 2.214208952875670544e+00 2.297838094472349102e+00 2.663515957468276074e+00 2.685595689107759476e+00 3.203296768061718591e+00
-5.132772940363523396e-05 -6.372031207770021090e-06 -4.212185585826637928e-08 4.656025464666161962e-01 4.864653090496808829e-01 5.124143686124534858e-01 7.513893054423959050e-01 7.780287557485926486e-01 7.966633784137355789e-01 8.176428902707604252e-01 8.302530411947021127e-01 8.697272351963775128e-01 9.951932580535112205e-01 1.020612158648617429e+00 1.065338425942556233e+00 1.076422424236000985e+00 1.149506928781925286e+00 1.248519305281646785e+00 1.341654626019926466e+00 1.390220803806610395e+00 1.458966082173361878e+00 1.521904998971099321e+00 1.611414570225433218e+00 1.681505224461014913e+00 2.212283614333977688e+00 2.265227562112813953e+00 2.282957248144845686e+00 2.686410736746903449e+00 2.689835563034085997e+00 3.185019003444156116e+00
-1.935539871340743456e-01 1.186509245959745940e-01 1.449363988750190235e-01 4.644149957786753991e-01 4.722483281894837015e-01 5.410413185069711250e-01 7.197173418087892127e-01 7.560008062891591107e-01 7.773736841073922710e-01 8.220650408871437165e-01 8.449127683888958407e-01 8.955990655499536102e-01 9.632379842277160042e-01 1.011149982297107286e+00 1.064188514902862481e+00 1.105814954567055253e+00 1.214197092090214980e+00 1.252970518756028273e+00 1.341463654916219772e+00 1.456937892446593885e+00 1.538317427808638671e+00 1.579932610016858474e+00 1.611171356904430807e+00 1.812380367592573593e+00 2.142750627242596018e+00 2.242009376285485800e+00 2.265020417770048144e+00 2.641554269584965642e+00 2.687963589315208068e+00 3.190974408191757483e+00
-1.227082809130930763e-01 2.297703397099103706e-01 3.601014102115723814e-01 4.722088304435202999e-01 5.463468967844398172e-01 5.862665917749430022e-01 6.518318351805566513e-01 6.754073079803069035e-01 7.394953176481773305e-01 8.408230296433492068e-01 8.924448630496986112e-01 9.378072243216569737e-01 9.634633884832490835e-01 1.045756950669777918e+00 1.108505881876178822e+00 1.187978938809460372e+00 1.241541744029991623e+00 1.309386011237519742e+00 1.366746042307558362e+00 1.523131054523708672e+00 1.591046456527890562e+00 1.614146077164930304e+00 1.663720452699589680e+00 1.904930171101809400e+00 2.163918542157986735e+00 2.200241719584463684e+00 2.308632279342575533e+00 2.507525898720833091e+00 2.681041694054262070e+00 3.204410251587219705e+00
-1.493490565571128081e-01 2.848341525010458231e-01 3.438727922219459998e-01 4.816351623757357259e-01 5.660904451422442696e-01 6.135090707382226949e-01 6.387628677026410129e-01 6.820418204041841514e-01 7.869210352858068136e-01 8.847319354629324950e-01 9.278948015767981561e-01 9.995093281143515584e-01 1.025769658801976458e+00 1.072892802993712147e+00 1.135316455688935466e+00 1.244161887440738079e+00 1.310756204333701547e+00 1.412252271887689536e+00 1.464267818270359900e+00 1.543683355937523594e+00 1.591684599636583153e+00 1.615193426356214879e+00 1.684511045467739887e+00 1.787132963032463717e+00 2.135992972856360694e+00 2.167357651251645034e+00 2.281901068381154030e+00 2.660551627918515294e+00 2.688876048848946709e+00 3.221550920917806593e+00
-1.369687479034864541e-01 2.882452875803838133e-01 3.418207885964687498e-01 4.574814597301086749e-01 5.431398914724369087e-01 5.760074014017444455e-01 6.168956772572533609e-01 7.447188333806105121e-01 7.980759244669205499e-01 9.605642296412061354e-01 9.931529281628286299e-01 1.052047213217095711e+00 1.064051012487489567e+00 1.107428289549896361e+00 1.147351970291233592e+00 1.202306354778405861e+00 1.290154637750874800e+00 1.318555264146405337e+00 1.436536098207025214e+00 1.571504112601002756e+00 1.616233065605821917e+00 1.747166434719520378e+00 1.834521229736181924e+00 1.933567878244711435e+00 1.987696748847774364e+00 2.092584678927956965e+00 2.127894937856512403e+00 2.638454349147489886e+00 2.979980009269601826e+00 3.236639405689165638e+00
1.594814316622561734e-01 2.947099719848478849e-01 3.647349649312800479e-01 4.188363913673557870e-01 4.971363985829002630e-01 5.726516869964126677e-01 6.291727201014848392e-01 7.396990099320936984e-01 8.321447532763658339e-01 9.225273528849757820e-01 9.921168213129792912e-01 1.026776569373220704e+00 1.067357488521790687e+00 1.128128682187494736e+00 1.174602477866887318e+00 1.232008790849688395e+00 1.295070675031064988e+00 1.346978186046682069e+00 1.428996165625012527e+00 1.573705150112769902e+00 1.624435266727149996e+00 1.663831399603257433e+00 1.855166762594168794e+00 1.942453011734330381e+00 2.044578832853821027e+00 2.094010684295522839e+00 2.197354255795286093e+00 2.598488232452626612e+00 3.142182456206186636e+00 3.240015444995309135e+00
2.287000146828985780e-01 3.113355790974995374e-01 3.819868438613498451e-01 4.220051115037459222e-01 4.781284633577289056e-01 5.967395174043491624e-01 6.558117178529894176e-01 7.319566029858753931e-01 8.267482800164827061e-01 9.274895299672510918e-01 9.654013179689825419e-01 1.029471385065018563e+00 1.080533791455540182e+00 1.161274233169616421e+00 1.198924220094258697e+00 1.267728038818935365e+00 1.307808456951869758e+00 1.399116536540063516e+00 1.421700536881229215e+00 1.528013213168126105e+00 1.572124274120871856e+00 1.628288901663372146e+00 1.886719765852165942e+00 1.960288289953019625e+00 1.996064255498621653e+00 2.226774988954350665e+00 2.259725045587060333e+00 2.544149776625209469e+00 3.195130993939158781e+00 3.225083852332629064e+00
1.043362046058833453e-01 2.334323046891100539e-01 3.339695032278238163e-01 4.879792819588784636e-01 5.347864793755706669e-01 6.266794499916283900e-01 6.797713803905499619e-01 7.950946965478191686e-01 8.648554410910084256e-01 9.256755131497167444e-01 9.551064273512960279e-01 1.049301439552575266e+00 1.107321050164055132e+00 1.184502406974107247e+00 1.194664820806883965e+00 1.261157724005264491e+00 1.296876225540491978e+00 1.423184901105090772e+00 1.503587564376522412e+00 1.558991896419940293e+00 1.632705286215418550e+00 1.663751396684515660e+00 1.821050083144225118e+00 1.919738774553324312e+00 2.085687871763813206e+00 2.138726792359976425e+00 2.336929675337811485e+00 2.475848634773055945e+00 3.181809952074718950e+00 3.195251829131718679e+00
-1.694640873792215841e-01 3.895794523446351187e-02 3.166307154386648337e-01 5.573767554532205182e-01 6.120076651972563564e-01 6.458267487571662802e-01 6.894234473288829435e-01 8.175884389591786539e-01 8.743201615237412572e-01 9.347339449653255805e-01 1.040970137604913637e+00 1.080985075257479888e+00 1.161641442415031866e+00 1.183762246238818872e+00 1.227817215554820374e+00 1.244684055228328923e+00 1.275695321308737862e+00 1.455162727635409992e+00 1.516063446836418915e+00 1.593018937522149070e+00 1.668917695358623110e+00 1.725778454104402337e+00 1.829452979538440216e+00 1.893818729337064299e+00 1.988663718014711534e+00 2.195583810941269309e+00 2.344259078460221524e+00 2.393852477708148907e+00 3.142384271973049703e+00 3.165579749476778559e+00
-2.161043086003884284e-01 -1.102257294254507386e-01 3.125073222087774161e-01 6.035896116394067201e-01 6.448606635570088841e-01 6.519704710563660743e-01 6.690347517806511934e-01 8.366190416826998488e-01 8.609646622173228181e-01 9.132486081081915286e-01 1.071194884612418186e+00 1.092701387511126665e+00 1.170156180150669467e+00 1.211135613510735398e+00 1.238586320328283419e+00 1.256586721726424827e+00 1.432093476503560447e+00 1.476443353610634501e+00 1.492839498195836390e+00 1.588085855730782425e+00 1.618975174964387476e+00 1.690274161712074674e+00 1.768080998680723326e+00 1.796607874342347699e+00 2.199113482130179431e+00 2.238342411135639143e+00 2.297341519501145068e+00 2.302313372205875730e+00 3.123342972260056083e+00 3.151264460960822689e+00
-1.374673358838884862e-01 1.775544312340438524e-01 3.761345426449164142e-01 4.628111472416712169e-01 5.513651018115797164e-01 6.564554275270401140e-01 6.796080440109824039e-01 7.039308280823654007e-01 7.219655250387277956e-01 1.021433160844036125e+00 1.040198329685918965e+00 1.118570356046223013e+00 1.141261276940224612e+00 1.180203564151039997e+00 1.281772712542694537e+00 1.316302221301877351e+00 1.423981700510454029e+00 1.548102089110691804e+00 1.592837134854699910e+00 1.597214971394652627e+00 1.642817590678120609e+00 1.681828453622173480e+00 1.827334293031648738e+00 1.873997769701828187e+00 2.280632617590004685e+00 2.282824243198263492e+00 2.297481272790666385e+00 2.308687576346577508e+00 3.181278392116488440e+00 3.317265562567288661e+00
-1.273213310495924511e-01 2.332670576120559336e-01 3.856136275526922952e-01 4.642060125372262647e-01 5.562888951974028773e-01 6.199664637824707780e-01 6.919827908693391150e-01 6.978734241804539495e-01 7.264222505713485711e-01 9.896774656281238647e-01 1.027825052241187809e+00 1.093693193071699543e+00 1.142076356539460047e+00 1.160655609715661729e+00 1.242813170504363462e+00 1.304686519786666388e+00 1.372694846156262027e+00 1.439066551569086361e+00 1.577486491046535599e+00 1.619223405666194271e+00 1.651720387102258769e+00 1.742622758896753998e+00 1.876717467480494062e+00 1.932434318416338614e+00 2.079004096478590302e+00 2.107994942884202416e+00 2.449549352582048645e+00 2.464034209084668081e+00 3.062557476566729608e+00 3.318428799178593014e+00
-7.281081959985309660e-02 3.127474276303861545e-01 3.989244829084892530e-01 4.863822024713149172e-01 5.472643654467120866e-01 5.853277217827208556e-01 6.608181284714498283e-01 7.021023899089828824e-01 7.405089896745505884e-01 8.577180610664926208e-01 9.927912966579647280e-01 1.051399608850399847e+00 1.119904586272137514e+00 1.141438796453351223e+00 1.172600906058417269e+00 1.206914005269328127e+00 1.311565770583748680e+00 1.368507213943484180e+00 1.490415966050951058e+00 1.596027080808322340e+00 1.629619736070487379e+00 1.853677458762125196e+00 1.896363712514442357e+00 1.914523933590417171e+00 1.985101538184973702e+00 2.045761913793660902e+00 2.570085466393479123e+00 2.576515509679042637e+00 2.739255165560863237e+00 3.305511809802592182e+00
9.930917974545269700e-02 2.813160358774150493e-01 4.196684553872213619e-01 4.713243603225309442e-01 4.917995808217810461e-01 6.001324746735562377e-01 6.223275964672122518e-01 6.820411486828521497e-01 7.375586061849698227e-01 8.136515675020935534e-01 9.356212251408982938e-01 1.012878674466259232e+00 1.033469456937213815e+00 1.063017281123613822e+00 1.104824031180322574e+00 1.167912132251422097e+00 1.268236989954522720e+00 1.323038790169501322e+00 1.391418270230229792e+00 1.556008814587199085e+00 1.611034158249281756e+00 1.654942696957075299e+00 1.731376694028592844e+00 2.055355309526480490e+00 2.066677412742873532e+00 2.136330756677370157e+00 2.319071031906467351e+00 2.643565221784582420e+00 2.652212382035156857e+00 3.265553231892918795e+00
9.039497518433661782e-02 1.585742923206270860e-01 2.214942307376072395e-01 4.485963208321057105e-01 4.658390200946934678e-01 5.643051375272909453e-01 6.930471489804450602e-01 7.577106379387714696e-01 7.882557067246063198e-01 8.077334423669692010e-01 8.768380674009146336e-01 9.008957754045190391e-01 9.891398057181328696e-01 1.020753060020405334e+00 1.058222276396130201e+00 1.128640711482935766e+00 1.243765211011812033e+00 1.248558858674566840e+00 1.339883661905356682e+00 1.472740167706669157e+00 1.511591923601705245e+00 1.605587276349395021e+00 1.617990403422220114e+00 1.775246045121731342e+00 2.172460453902876232e+00 2.219948640146308882e+00 2.265744490258506438e+00 2.677816474400055213e+00 2.682268832145254578e+00 3.211817597336187990e+00
-5.132772940363523396e-05 -6.372031207770021090e-06 -4.212185585826637928e-08 4.656025464666161962e-01 4.864653090496808829e-01 5.124143686124534858e-01 7.513893054423959050e-01 7.780287557485926486e-01 7.966633784137355789e-01 8.176428902707604252e-01 8.302530411947021127e-01 8.697272351963775128e-01 9.951932580535112205e-01 1.020612158648617429e+00 1.065338425942556233e+00 1.076422424236000985e+00 1.149506928781925286e+00 1.248519305281646785e+00 1.341654626019926466e+00 1.390220803806610395e+00 1.458966082173361878e+00 1.521904998971099321e+00 1.611414570225433218e+00 1.681505224461014913e+00 2.212283614333977688e+00 2.265227562112813953e+00 2.282957248144845686e+00 2.686410736746903449e+00 2.689835563034085997e+00 3.185019003444156116e+00
