-7.366124452406408452e-01
-7.154481132910450736e-01
-6.942837813414494130e-01
-6.731194493918536415e-01
-6.519551174422579809e-01
-6.307907854926622093e-01
-6.096264535430665488e-01
-5.884621215934707772e-01
-5.672977896438750056e-01
-5.461334576942793451e-01
-5.249691257446835735e-01
-5.038047937950878019e-01
-4.826404618454920858e-01
-4.614761298958963698e-01
-4.403117979463005982e-01
-4.191474659967048821e-01
-3.979831340471091661e-01
-3.768188020975134500e-01
-3.556544701479177339e-01
-3.344901381983219624e-01
-3.133258062487262463e-01
-2.921614742991305302e-01
-2.709971423495348142e-01
-2.498328103999390426e-01
-2.286684784503433543e-01
-2.075041465007475827e-01
-1.863398145511519222e-01
-1.651754826015561506e-01
-1.440111506519603790e-01
-1.228468187023647185e-01
-1.016824867527689330e-01
-8.051815480317327245e-02
-5.935382285357750087e-02
-3.818949090398172930e-02
-1.702515895438605834e-02
4.139172995209712373e-03
2.530350494480538073e-02
4.646783689440114884e-02
6.763216884399692042e-02
8.879650079359259485e-02
1.099608327431883664e-01
1.311251646927840409e-01
1.522894966423798124e-01
1.734538285919755840e-01
1.946181605415712446e-01
2.157824924911669051e-01
2.369468244407627877e-01
2.581111563903584760e-01
2.792754883399541366e-01
3.004398202895500192e-01
3.216041522391456797e-01
3.427684841887413403e-01
3.639328161383370008e-01
3.850971480879328834e-01
4.062614800375285440e-01
4.274258119871242045e-01
4.485901439367200871e-01
4.697544758863157477e-01
4.909188078359114082e-01
5.120831397855073464e-01
5.332474717351030069e-01
5.544118036846986675e-01
5.755761356342943280e-01
5.967404675838902106e-01
6.179047995334858712e-01
6.390691314830815317e-01
6.602334634326774143e-01
6.813977953822730749e-01
7.025621273318687354e-01
7.237264592814643960e-01
7.448907912310602786e-01
7.660551231806559391e-01
7.872194551302515997e-01
8.083837870798474823e-01
8.295481190294431428e-01
8.507124509790388034e-01
8.718767829286346860e-01
8.930411148782303465e-01
9.142054468278260071e-01
9.353697787774216676e-01
9.565341107270174392e-01
9.776984426766133218e-01
9.988627746262087603e-01
1.020027106575804643e+00
1.041191438525400637e+00
1.062355770474995964e+00
1.083520102424591958e+00
1.104684434374187729e+00
1.125848766323783279e+00
1.147013098273379050e+00
1.168177430222974600e+00
1.189341762172570371e+00
1.210506094122166365e+00
1.231670426071761693e+00
1.252834758021357686e+00
1.273999089970953458e+00
1.295163421920549007e+00
1.316327753870144779e+00
1.337492085819740772e+00
1.358656417769336100e+00
1.379820749718932094e+00
1.400985081668527643e+00
1.422149413618123415e+00
1.443313745567719186e+00
1.464478077517314736e+00
1.485642409466910729e+00
1.506806741416506501e+00
1.527971073366102051e+00
1.549135405315697822e+00
1.570299737265293816e+00
1.591464069214889143e+00
1.612628401164485137e+00
1.633792733114080908e+00
1.654957065063676458e+00
1.676121397013272230e+00
1.697285728962868223e+00
1.718450060912463551e+00
1.739614392862059544e+00
1.760778724811655316e+00
1.781943056761250865e+00
1.803107388710846637e+00
1.824271720660442186e+00
1.845436052610037958e+00
1.866600384559633952e+00
1.887764716509229279e+00
1.908929048458825273e+00
1.930093380408421044e+00
1.951257712358016594e+00
1.972422044307612365e+00
1.993586376257208359e+00
2.014750708206803687e+00
2.035915040156399680e+00
2.057079372105995674e+00
2.078243704055590779e+00
2.099408036005186773e+00
2.120572367954782766e+00
2.141736699904378316e+00
2.162901031853973866e+00
2.184065363803569415e+00
2.205229695753165409e+00
2.226394027702761402e+00
2.247558359652356952e+00
2.268722691601952501e+00
2.289887023551548495e+00
2.311051355501144045e+00
2.332215687450740038e+00
2.353380019400335588e+00
2.374544351349931137e+00
2.395708683299527131e+00
2.416873015249123124e+00
2.438037347198718230e+00
2.459201679148314224e+00
2.480366011097910217e+00
2.501530343047505767e+00
2.522694674997101316e+00
2.543859006946697310e+00
2.565023338896292859e+00
2.586187670845888853e+00
2.607352002795483958e+00
2.628516334745079952e+00
2.649680666694675946e+00
2.670844998644271495e+00
2.692009330593867045e+00
2.713173662543463038e+00
2.734337994493058588e+00
2.755502326442654581e+00
2.776666658392250131e+00
2.797830990341845681e+00
2.818995322291441674e+00
2.840159654241037668e+00
2.861323986190633217e+00
2.882488318140228767e+00
2.903652650089824760e+00
2.924816982039420310e+00
2.945981313989016304e+00
2.967145645938611409e+00
2.988309977888207403e+00
3.009474309837803396e+00
3.030638641787398946e+00
3.051802973736994939e+00
3.072967305686590045e+00
3.094131637636186039e+00
3.115295969585782032e+00
3.136460301535377582e+00
3.157624633484973575e+00
3.178788965434568681e+00
3.199953297384164674e+00
3.221117629333760224e+00
3.242281961283356218e+00
3.263446293232952211e+00
3.284610625182548205e+00
3.305774957132142866e+00
3.326939289081738860e+00
3.348103621031334853e+00
3.369267952980930847e+00
3.390432284930526396e+00
3.411596616880122390e+00
3.432760948829717496e+00
3.453925280779313489e+00
3.475089612728909039e+00
