0.000000000000000000e+00
2.659680516649235923e-02
5.319361033298471847e-02
7.979041549947707423e-02
1.063872206659694369e-01
1.329840258324617996e-01
1.595808309989541485e-01
1.861776361654465251e-01
2.127744413319388739e-01
2.393712464984312227e-01
2.659680516649235993e-01
2.925648568314159759e-01
3.191616619979082969e-01
3.448653599758846888e-01
3.705690579538610252e-01
3.962727559318374171e-01
4.219764539098138090e-01
4.476801518877902009e-01
4.733838498657665372e-01
4.990875478437429291e-01
5.247912458217193210e-01
5.504949437996956574e-01
5.761986417776721048e-01
5.761986417776721048e-01
6.021090108081269543e-01
6.280193798385818038e-01
6.539297488690365423e-01
6.798401178994913918e-01
7.057504869299462413e-01
7.316608559604010908e-01
7.575712249908559404e-01
7.834815940213107899e-01
8.093919630517656394e-01
8.353023320822203779e-01
8.612127011126753384e-01
8.871230701431300769e-01
9.130334391735849264e-01
9.389438082040397759e-01
9.650277348070882555e-01
9.911116614101367350e-01
1.017195588013185326e+00
1.043279514616233694e+00
1.069363441219282285e+00
1.095447367822330653e+00
1.121531294425379244e+00
1.147615221028427612e+00
1.173699147631476203e+00
1.199783074234524793e+00
1.225867000837573162e+00
1.251950927440621530e+00
1.278034854043670121e+00
1.304118780646718712e+00
1.304118780646718712e+00
1.330205230850638687e+00
1.356291681054558662e+00
1.382378131258478415e+00
1.408464581462398391e+00
1.434551031666318366e+00
1.460637481870238119e+00
1.486723932074158094e+00
1.512810382278078070e+00
1.538896832481998045e+00
1.564983282685918020e+00
1.591069732889837773e+00
1.617156183093757749e+00
1.643242633297677724e+00
1.669329083501597477e+00
1.695415533705517452e+00
1.721501983909437428e+00
1.745589181575515125e+00
1.769676379241592823e+00
1.793763576907670521e+00
1.817850774573747996e+00
1.841937972239825694e+00
1.866025169905903391e+00
1.890112367571981089e+00
1.914199565238058787e+00
1.938286762904136484e+00
1.962373960570214182e+00
1.986461158236291880e+00
2.010548355902369355e+00
2.034635553568447275e+00
2.058722751234524750e+00
2.082809948900602670e+00
2.082809948900602670e+00
2.107309500255725609e+00
2.131809051610848105e+00
2.156308602965971044e+00
2.180808154321093539e+00
2.205307705676216479e+00
2.229807257031339418e+00
2.254306808386461913e+00
2.278806359741584853e+00
2.303305911096707792e+00
2.327805462451830287e+00
2.352305013806953227e+00
2.376804565162075722e+00
2.401304116517198661e+00
2.425803667872321601e+00
2.450303219227444096e+00
