-1.246695465639006128e+00
-1.109878665276404108e+00
-9.730618649138021992e-01
-8.362450645512001790e-01
-6.994282641885981588e-01
-5.626114638259962497e-01
-4.257946634633942296e-01
-2.889778631007922094e-01
-1.521610627381902447e-01
-1.534426237558825928e-02
1.214725379870137262e-01
2.582893383496157047e-01
3.951061387122176694e-01
5.319229390748196895e-01
6.687397394374217097e-01
8.055565398000236188e-01
9.423733401626256390e-01
1.079190140525227548e+00
1.216006940887829568e+00
1.352823741250431588e+00
1.489640541613033609e+00
1.626457341975635629e+00
1.763274142338237649e+00
1.900090942700839447e+00
2.036907743063441689e+00
2.173724543426043709e+00
2.310541343788645285e+00
2.447358144151247306e+00
2.584174944513849326e+00
2.720991744876451790e+00
2.857808545239053366e+00
2.994625345601654942e+00
3.131442145964257406e+00
3.268258946326859871e+00
3.405075746689461447e+00
3.541892547052063023e+00
3.678709347414665487e+00
3.815526147777267951e+00
3.952342948139869527e+00
4.089159748502471103e+00
4.225976548865073568e+00
4.362793349227676032e+00
4.499610149590277608e+00
4.636426949952879184e+00
4.773243750315481648e+00
4.910060550678083224e+00
5.046877351040684800e+00
5.183694151403286376e+00
5.320510951765888841e+00
5.457327752128491305e+00
5.594144552491092881e+00
5.730961352853694457e+00
5.867778153216296921e+00
6.004594953578899386e+00
6.141411753941500962e+00
6.278228554304102538e+00
6.415045354666705002e+00
6.551862155029307466e+00
6.688678955391909930e+00
6.825495755754510618e+00
6.962312556117113083e+00
7.099129356479715547e+00
7.235946156842316235e+00
7.372762957204918699e+00
7.509579757567521163e+00
7.646396557930124516e+00
7.783213358292726980e+00
7.920030158655325891e+00
8.056846959017928356e+00
8.193663759380530820e+00
8.330480559743133284e+00
8.467297360105735748e+00
8.604114160468338213e+00
8.740930960830940677e+00
8.877747761193543141e+00
9.014564561556142053e+00
9.151381361918744517e+00
9.288198162281346981e+00
9.425014962643949445e+00
9.561831763006551910e+00
9.698648563369154374e+00
9.835465363731755062e+00
9.972282164094357526e+00
1.010909896445695821e+01
1.024591576481955890e+01
1.038273256518216137e+01
1.051954936554476383e+01
1.065636616590736629e+01
1.079318296626996876e+01
1.092999976663257122e+01
1.106681656699517369e+01
1.120363336735777260e+01
1.134045016772037506e+01
1.147726696808297753e+01
1.161408376844557999e+01
1.175090056880818246e+01
1.188771736917078492e+01
1.202453416953338738e+01
1.216135096989598985e+01
1.229816777025858876e+01
1.243498457062119122e+01
1.257180137098379369e+01
1.270861817134639615e+01
1.284543497170899862e+01
1.298225177207160108e+01
1.311906857243420355e+01
1.325588537279680601e+01
1.339270217315940492e+01
1.352951897352200739e+01
1.366633577388460985e+01
1.380315257424721231e+01
1.393996937460981478e+01
1.407678617497241724e+01
1.421360297533501971e+01
1.435041977569762217e+01
1.448723657606022464e+01
1.462405337642282710e+01
1.476087017678542601e+01
1.489768697714802848e+01
1.503450377751063094e+01
1.517132057787323340e+01
1.530813737823583587e+01
1.544495417859843833e+01
1.558177097896104080e+01
1.571858777932363971e+01
1.585540457968624217e+01
1.599222138004884464e+01
1.612903818041144532e+01
1.626585498077404779e+01
1.640267178113665025e+01
1.653948858149925272e+01
1.667630538186185518e+01
1.681312218222445765e+01
1.694993898258705656e+01
1.708675578294965902e+01
1.722357258331226149e+01
1.736038938367486395e+01
1.749720618403746641e+01
1.763402298440006888e+01
1.777083978476267134e+01
1.790765658512527025e+01
1.804447338548787272e+01
1.818129018585047518e+01
1.831810698621307765e+01
1.845492378657568011e+01
1.859174058693828258e+01
1.872855738730088504e+01
1.886537418766348750e+01
1.900219098802608997e+01
1.913900778838868888e+01
1.927582458875129134e+01
1.941264138911389381e+01
1.954945818947649627e+01
1.968627498983909874e+01
1.982309179020170120e+01
1.995990859056430367e+01
2.009672539092690258e+01
2.023354219128950504e+01
2.037035899165210751e+01
2.050717579201470997e+01
2.064399259237731243e+01
2.078080939273991490e+01
2.091762619310251736e+01
2.105444299346511983e+01
2.119125979382772229e+01
2.132807659419032120e+01
2.146489339455292367e+01
2.160171019491552613e+01
2.173852699527812860e+01
2.187534379564073106e+01
2.201216059600333352e+01
2.214897739636593599e+01
2.228579419672853490e+01
2.242261099709113736e+01
2.255942779745373983e+01
2.269624459781634229e+01
2.283306139817894476e+01
2.296987819854154722e+01
2.310669499890414968e+01
2.324351179926675215e+01
2.338032859962935461e+01
2.351714539999195352e+01
2.365396220035455599e+01
2.379077900071715845e+01
2.392759580107976092e+01
2.406441260144236338e+01
2.420122940180496585e+01
2.433804620216756831e+01
2.447486300253016722e+01
2.461167980289276969e+01
2.474849660325537215e+01
2.488531340361797461e+01
2.502213020398057708e+01
2.515894700434317954e+01
2.529576380470578201e+01
2.543258060506838447e+01
2.556939740543098694e+01
2.570621420579358585e+01
2.584303100615618831e+01
2.597984780651879078e+01
