0.000000000000000000e+00
1.026094125059145573e-01
2.052188250118291146e-01
3.078282375177436858e-01
4.104376500236582292e-01
5.130470625295727727e-01
6.156564750354873716e-01
7.182658875414018596e-01
8.208753000473164585e-01
9.234847125532310574e-01
1.026094125059145545e+00
1.128703537565060033e+00
1.231312950070974743e+00
1.333922362576889231e+00
1.436531775082803941e+00
1.539141187588718429e+00
1.641750600094632917e+00
1.744360012600547627e+00
1.846969425106462115e+00
1.949578837612376603e+00
2.052188250118291091e+00
2.154797662624205579e+00
2.257407075130120511e+00
2.360016487636034554e+00
2.462625900141949487e+00
2.559366982003949520e+00
2.656108063865949109e+00
2.752849145727949143e+00
2.849590227589949176e+00
2.946331309451949210e+00
3.043072391313948799e+00
3.139813473175948833e+00
3.236554555037948866e+00
3.333295636899948455e+00
3.430036718761948489e+00
3.526777800623948522e+00
3.623518882485948112e+00
3.720259964347948145e+00
3.817001046209948179e+00
3.913742128071947768e+00
4.010483209933948245e+00
4.107224291795947835e+00
4.203965373657947424e+00
4.296691312333619450e+00
4.389417251009290588e+00
4.482143189684962614e+00
4.574869128360633752e+00
4.667595067036305778e+00
4.760321005711977804e+00
4.853046944387648942e+00
4.945772883063320968e+00
5.038498821738992106e+00
5.131224760414664132e+00
5.223950699090336158e+00
5.316676637766007296e+00
5.409402576441679322e+00
5.502128515117350460e+00
5.594854453793022486e+00
5.687580392468694512e+00
5.780306331144365650e+00
5.873032269820037676e+00
5.965758208495708814e+00
6.058484147171380840e+00
6.151210085847052866e+00
6.243936024522724892e+00
6.336661963198396030e+00
6.423728936874195661e+00
6.510795910549996179e+00
6.597862884225795810e+00
6.684929857901595440e+00
6.771996831577395959e+00
6.859063805253195589e+00
6.946130778928995220e+00
7.033197752604795738e+00
7.120264726280595369e+00
7.207331699956394999e+00
7.294398673632194630e+00
7.381465647307995148e+00
7.468532620983794779e+00
7.555599594659595297e+00
7.642666568335394928e+00
7.729733542011194558e+00
7.816800515686994189e+00
7.903867489362793819e+00
7.990934463038594338e+00
8.078001436714394856e+00
8.078001436714394856e+00
8.172717817489084879e+00
8.267434198263774903e+00
8.362150579038466702e+00
8.456866959813156726e+00
8.551583340587846749e+00
8.646299721362536772e+00
8.741016102137226795e+00
8.835732482911918595e+00
8.930448863686608618e+00
9.025165244461298641e+00
9.119881625235988665e+00
9.214598006010678688e+00
9.309314386785370488e+00
