-3.052141575433245713e+00
-2.917655091583611249e+00
-2.783168607733976341e+00
-2.648682123884341877e+00
-2.514195640034707413e+00
-2.379709156185072949e+00
-2.245222672335438485e+00
-2.110736188485803577e+00
-1.976249704636168891e+00
-1.841763220786534427e+00
-1.707276736936899741e+00
-1.572790253087265055e+00
-1.438303769237630592e+00
-1.303817285387996128e+00
-1.169330801538361442e+00
-1.034844317688726756e+00
-9.003578338390922919e-01
-7.658713499894578280e-01
-6.313848661398233642e-01
-4.968983822901884562e-01
-3.624118984405539923e-01
-2.279254145909195006e-01
-9.343893074128459264e-02
4.104755310834988513e-02
1.755340369579843629e-01
3.100205208076188268e-01
4.445070046572533462e-01
5.789934885068882542e-01
7.134799723565227181e-01
8.479664562061576261e-01
9.824529400557920900e-01
1.116939423905426443e+00
1.251425907755061129e+00
1.385912391604695593e+00
1.520398875454330057e+00
1.654885359303964520e+00
1.789371843153598984e+00
1.923858327003234336e+00
2.058344810852868800e+00
2.192831294702503264e+00
2.327317778552137728e+00
2.461804262401772192e+00
2.596290746251406656e+00
2.730777230101041120e+00
2.865263713950676472e+00
2.999750197800310936e+00
3.134236681649945400e+00
3.268723165499579864e+00
3.403209649349214327e+00
3.537696133198848791e+00
3.672182617048483255e+00
3.806669100898118163e+00
3.941155584747752627e+00
4.075642068597387535e+00
4.210128552447021555e+00
4.344615036296656463e+00
4.479101520146290483e+00
4.613588003995927167e+00
4.748074487845561187e+00
4.882560971695196095e+00
5.017047455544830115e+00
5.151533939394465023e+00
5.286020423244099042e+00
5.420506907093733950e+00
5.554993390943367970e+00
5.689479874793002878e+00
5.823966358642636898e+00
5.958452842492271806e+00
6.092939326341905826e+00
6.227425810191540734e+00
6.361912294041174754e+00
6.496398777890809662e+00
6.630885261740443681e+00
6.765371745590080366e+00
6.899858229439714385e+00
7.034344713289349293e+00
7.168831197138983313e+00
7.303317680988618221e+00
7.437804164838252241e+00
7.572290648687887149e+00
7.706777132537521169e+00
7.841263616387156077e+00
7.975750100236790097e+00
8.110236584086424116e+00
8.244723067936059024e+00
8.379209551785693932e+00
8.513696035635328840e+00
8.648182519484961972e+00
8.782669003334598656e+00
8.917155487184233564e+00
9.051641971033868472e+00
9.186128454883501604e+00
9.320614938733136512e+00
9.455101422582771420e+00
9.589587906432406328e+00
9.724074390282039460e+00
9.858560874131674368e+00
9.993047357981309275e+00
1.012753384183094418e+01
1.026202032568057909e+01
1.039650680953021222e+01
1.053099329337984713e+01
1.066547977722948204e+01
1.079996626107911695e+01
1.093445274492875008e+01
1.106893922877838676e+01
1.120342571262802167e+01
1.133791219647765658e+01
1.147239868032728971e+01
1.160688516417692462e+01
1.174137164802655953e+01
1.187585813187619443e+01
1.201034461572582757e+01
1.214483109957546425e+01
1.227931758342509916e+01
1.241380406727473407e+01
1.254829055112436720e+01
1.268277703497400211e+01
1.281726351882363701e+01
1.295175000267327192e+01
1.308623648652290505e+01
1.322072297037253996e+01
1.335520945422217487e+01
1.348969593807180978e+01
1.362418242192144291e+01
1.375866890577107782e+01
1.389315538962071273e+01
1.402764187347034763e+01
1.416212835731998076e+01
1.429661484116961567e+01
1.443110132501925058e+01
1.456558780886888549e+01
1.470007429271851862e+01
1.483456077656815353e+01
1.496904726041778844e+01
1.510353374426742334e+01
1.523802022811705648e+01
1.537250671196669138e+01
1.550699319581632629e+01
1.564147967966596120e+01
1.577596616351559433e+01
1.591045264736522924e+01
1.604493913121486415e+01
1.617942561506449906e+01
1.631391209891413396e+01
1.644839858276377242e+01
1.658288506661340378e+01
1.671737155046303869e+01
1.685185803431267360e+01
1.698634451816230850e+01
1.712083100201194341e+01
1.725531748586157832e+01
1.738980396971121323e+01
1.752429045356084814e+01
1.765877693741047949e+01
1.779326342126011440e+01
1.792774990510974931e+01
1.806223638895938421e+01
1.819672287280901912e+01
1.833120935665865403e+01
1.846569584050828894e+01
1.860018232435792385e+01
1.873466880820755875e+01
1.886915529205719011e+01
1.900364177590682502e+01
1.913812825975645993e+01
1.927261474360609483e+01
1.940710122745572974e+01
1.954158771130536465e+01
1.967607419515499956e+01
1.981056067900463447e+01
1.994504716285426582e+01
2.007953364670390073e+01
2.021402013055353564e+01
2.034850661440317054e+01
2.048299309825280545e+01
2.061747958210244391e+01
2.075196606595207882e+01
2.088645254980171373e+01
2.102093903365134508e+01
2.115542551750097999e+01
2.128991200135061490e+01
2.142439848520024981e+01
2.155888496904988472e+01
2.169337145289951962e+01
2.182785793674915453e+01
2.196234442059878944e+01
2.209683090444842080e+01
2.223131738829805570e+01
2.236580387214769061e+01
2.250029035599732552e+01
2.263477683984696043e+01
2.276926332369659534e+01
2.290374980754623024e+01
2.303823629139586515e+01
2.317272277524549651e+01
2.330720925909513142e+01
2.344169574294476632e+01
2.357618222679440123e+01
2.371066871064403614e+01
