-8.393304491020828761e-01
-8.161141874097416204e-01
-7.928979257174004758e-01
-7.696816640250591091e-01
-7.464654023327178534e-01
-7.232491406403767087e-01
-7.000328789480354530e-01
-6.768166172556940863e-01
-6.536003555633529416e-01
-6.303840938710116859e-01
-6.071678321786704302e-01
-5.839515704863292855e-01
-5.607353087939879188e-01
-5.375190471016466631e-01
-5.143027854093055184e-01
-4.910865237169641517e-01
-4.678702620246230071e-01
-4.446540003322817514e-01
-4.214377386399404957e-01
-3.982214769475992955e-01
-3.750052152552579843e-01
-3.517889535629167286e-01
-3.285726918705755284e-01
-3.053564301782342727e-01
-2.821401684858930725e-01
-2.589239067935518723e-01
-2.357076451012105334e-01
-2.124913834088693054e-01
-1.892751217165280775e-01
-1.660588600241868495e-01
-1.428425983318455383e-01
-1.196263366395043104e-01
-9.641007494716309634e-02
-7.319381325482188227e-02
-4.997755156248065433e-02
-2.676128987013932925e-02
-3.545028177798109116e-03
1.967123351454311275e-02
4.288749520688433375e-02
6.610375689922565190e-02
8.932001859156687984e-02
1.125362802839080939e-01
1.357525419762494190e-01
1.589688036685905359e-01
1.821850653609318749e-01
2.054013270532729918e-01
2.286175887456143030e-01
2.518338504379556420e-01
2.750501121302967311e-01
2.982663738226380978e-01
3.214826355149791870e-01
3.446988972073204982e-01
3.679151588996618649e-01
3.911314205920029541e-01
4.143476822843442653e-01
4.375639439766856320e-01
4.607802056690267212e-01
4.839964673613680324e-01
5.072127290537091771e-01
5.304289907460505438e-01
5.536452524383917995e-01
5.768615141307329441e-01
6.000777758230743109e-01
6.232940375154153445e-01
6.465102992077567112e-01
6.697265609000980779e-01
6.929428225924391116e-01
7.161590842847804783e-01
7.393753459771216230e-01
7.625916076694628787e-01
7.858078693618042454e-01
8.090241310541453901e-01
8.322403927464866458e-01
8.554566544388277904e-01
8.786729161311691572e-01
9.018891778235104129e-01
9.251054395158515575e-01
9.483217012081928132e-01
9.715379629005340689e-01
9.947542245928754356e-01
1.017970486285216802e+00
1.041186747977557614e+00
1.064403009669899092e+00
1.087619271362240347e+00
1.110835533054581603e+00
1.134051794746922637e+00
1.157268056439263892e+00
1.180484318131605148e+00
1.203700579823946626e+00
1.226916841516287882e+00
1.250133103208628693e+00
1.273349364900970171e+00
1.296565626593311427e+00
1.319781888285652682e+00
1.342998149977994160e+00
1.366214411670334972e+00
1.389430673362676227e+00
1.412646935055017705e+00
1.435863196747358961e+00
1.459079458439700216e+00
1.482295720132041250e+00
1.505511981824382506e+00
1.528728243516723762e+00
1.551944505209065239e+00
1.575160766901406495e+00
1.598377028593747307e+00
1.621593290286088784e+00
1.644809551978430040e+00
1.668025813670771296e+00
1.691242075363112773e+00
1.714458337055454029e+00
1.737674598747794841e+00
1.760890860440136318e+00
1.784107122132477574e+00
1.807323383824818830e+00
1.830539645517160308e+00
1.853755907209501119e+00
1.876972168901842375e+00
1.900188430594183853e+00
1.923404692286525108e+00
1.946620953978866364e+00
1.969837215671207398e+00
1.993053477363548653e+00
2.016269739055890131e+00
2.039486000748231387e+00
2.062702262440572643e+00
2.085918524132913454e+00
2.109134785825254710e+00
2.132351047517595966e+00
2.155567309209937665e+00
2.178783570902278921e+00
2.201999832594619733e+00
2.225216094286960988e+00
2.248432355979302244e+00
2.271648617671643500e+00
2.294864879363985199e+00
2.318081141056326011e+00
2.341297402748667267e+00
2.364513664441008522e+00
2.387729926133349778e+00
2.410946187825691034e+00
2.434162449518032290e+00
2.457378711210373545e+00
2.480594972902714801e+00
2.503811234595056057e+00
2.527027496287397312e+00
2.550243757979738568e+00
2.573460019672079824e+00
2.596676281364421079e+00
2.619892543056762335e+00
2.643108804749103591e+00
2.666325066441444847e+00
2.689541328133786102e+00
2.712757589826127358e+00
2.735973851518468614e+00
2.759190113210809869e+00
2.782406374903151125e+00
2.805622636595491937e+00
2.828838898287833636e+00
2.852055159980174892e+00
2.875271421672516148e+00
2.898487683364857403e+00
2.921703945057198215e+00
2.944920206749539915e+00
2.968136468441881171e+00
2.991352730134221982e+00
3.014568991826563682e+00
3.037785253518904494e+00
3.061001515211246193e+00
3.084217776903587005e+00
3.107434038595928261e+00
3.130650300288269960e+00
3.153866561980610772e+00
3.177082823672952472e+00
3.200299085365293283e+00
3.223515347057634095e+00
3.246731608749976239e+00
3.269947870442317051e+00
3.293164132134658750e+00
3.316380393826999562e+00
3.339596655519340374e+00
3.362812917211682073e+00
3.386029178904023329e+00
3.409245440596365029e+00
3.432461702288705840e+00
3.455677963981046652e+00
3.478894225673388352e+00
3.502110487365729163e+00
3.525326749058071307e+00
3.548543010750412119e+00
3.571759272442752930e+00
3.594975534135094630e+00
3.618191795827435442e+00
3.641408057519777142e+00
3.664624319212118397e+00
3.687840580904459209e+00
3.711056842596800909e+00
3.734273104289141720e+00
3.757489365981483420e+00
3.780705627673824676e+00
