-3.129762285795408161e+00
-2.988961943545738187e+00
-2.848161601296067769e+00
-2.707361259046397794e+00
-2.566560916796727820e+00
-2.425760574547057846e+00
-2.284960232297387428e+00
-2.144159890047717454e+00
-2.003359547798047036e+00
-1.862559205548377061e+00
-1.721758863298707087e+00
-1.580958521049036891e+00
-1.440158178799366695e+00
-1.299357836549696721e+00
-1.158557494300026747e+00
-1.017757152050356328e+00
-8.769568098006862433e-01
-7.361564675510162692e-01
-5.953561253013458510e-01
-4.545557830516758768e-01
-3.137554408020058472e-01
-1.729550985523354567e-01
-3.215475630266544788e-02
1.086455859470045471e-01
2.494459281966749653e-01
3.902462704463449672e-01
5.310466126960149413e-01
6.718469549456849155e-01
8.126472971953550006e-01
9.534476394450257519e-01
1.094247981694695726e+00
1.235048323944365700e+00
1.375848666194035896e+00
1.516649008443705871e+00
1.657449350693375845e+00
1.798249692943045819e+00
1.939050035192716681e+00
2.079850377442386655e+00
2.220650719692056629e+00
2.361451061941726604e+00
2.502251404191396578e+00
2.643051746441066552e+00
2.783852088690737414e+00
2.924652430940407388e+00
3.065452773190077362e+00
3.206253115439747337e+00
3.347053457689417311e+00
3.487853799939087285e+00
3.628654142188758147e+00
3.769454484438428121e+00
3.910254826688098095e+00
4.051055168937767625e+00
4.191855511187437600e+00
4.332655853437107574e+00
4.473456195686777548e+00
4.614256537936447522e+00
4.755056880186117496e+00
4.895857222435787470e+00
5.036657564685459221e+00
5.177457906935129195e+00
5.318258249184799169e+00
5.459058591434469143e+00
5.599858933684140005e+00
5.740659275933809980e+00
5.881459618183479954e+00
6.022259960433149928e+00
6.163060302682819902e+00
6.303860644932489876e+00
6.444660987182159850e+00
6.585461329431829824e+00
6.726261671681499799e+00
6.867062013931171549e+00
7.007862356180841523e+00
7.148662698430511497e+00
7.289463040680181471e+00
7.430263382929851446e+00
7.571063725179521420e+00
7.711864067429191394e+00
7.852664409678861368e+00
7.993464751928531342e+00
8.134265094178200428e+00
8.275065436427871290e+00
8.415865778677540376e+00
8.556666120927211239e+00
8.697466463176882101e+00
8.838266805426552963e+00
8.979067147676222049e+00
9.119867489925892912e+00
9.260667832175563774e+00
9.401468174425232860e+00
9.542268516674903722e+00
9.683068858924572808e+00
9.823869201174243670e+00
9.964669543423912756e+00
1.010546988567358362e+01
1.024627022792325270e+01
1.038707057017292534e+01
1.052787091242259443e+01
1.066867125467226529e+01
1.080947159692193438e+01
1.095027193917160524e+01
1.109107228142127433e+01
1.123187262367094519e+01
1.137267296592061427e+01
1.151347330817028514e+01
1.165427365041995422e+01
1.179507399266962508e+01
1.193587433491929417e+01
1.207667467716896503e+01
1.221747501941863590e+01
1.235827536166830498e+01
1.249907570391797584e+01
1.263987604616764493e+01
1.278067638841731579e+01
1.292147673066698488e+01
1.306227707291665574e+01
1.320307741516632838e+01
1.334387775741599569e+01
1.348467809966566833e+01
1.362547844191533564e+01
1.376627878416500828e+01
1.390707912641467559e+01
1.404787946866434822e+01
1.418867981091401553e+01
1.432948015316368817e+01
1.447028049541335548e+01
1.461108083766302812e+01
1.475188117991269543e+01
1.489268152216236807e+01
1.503348186441203893e+01
1.517428220666170802e+01
1.531508254891137888e+01
1.545588289116104797e+01
1.559668323341071883e+01
1.573748357566038791e+01
1.587828391791005878e+01
1.601908426015972964e+01
1.615988460240939872e+01
1.630068494465906781e+01
1.644148528690874045e+01
1.658228562915840953e+01
1.672308597140807862e+01
1.686388631365775126e+01
1.700468665590742035e+01
1.714548699815709298e+01
1.728628734040675852e+01
1.742708768265643116e+01
1.756788802490610024e+01
1.770868836715577288e+01
1.784948870940543841e+01
1.799028905165511105e+01
1.813108939390478014e+01
1.827188973615445278e+01
1.841269007840411831e+01
1.855349042065379095e+01
1.869429076290346359e+01
1.883509110515313267e+01
1.897589144740280176e+01
1.911669178965247085e+01
1.925749213190214348e+01
1.939829247415181257e+01
1.953909281640148166e+01
1.967989315865115074e+01
1.982069350090082338e+01
1.996149384315049247e+01
2.010229418540016155e+01
2.024309452764983064e+01
2.038389486989950328e+01
2.052469521214917592e+01
2.066549555439884145e+01
2.080629589664851409e+01
2.094709623889818317e+01
2.108789658114785581e+01
2.122869692339752135e+01
2.136949726564719398e+01
2.151029760789686307e+01
2.165109795014653571e+01
2.179189829239620124e+01
2.193269863464587388e+01
2.207349897689554297e+01
2.221429931914521561e+01
2.235509966139488469e+01
2.249590000364455378e+01
2.263670034589422642e+01
2.277750068814389550e+01
2.291830103039356459e+01
2.305910137264323367e+01
2.319990171489290631e+01
2.334070205714257540e+01
2.348150239939224804e+01
2.362230274164191357e+01
2.376310308389158621e+01
2.390390342614125885e+01
2.404470376839092793e+01
2.418550411064059702e+01
2.432630445289026611e+01
2.446710479513993874e+01
2.460790513738960783e+01
2.474870547963927692e+01
2.488950582188894600e+01
