-1.847593874007326387e-01
-1.649970519017663062e-01
-1.452347164027999460e-01
-1.254723809038335858e-01
-1.057100454048672394e-01
-8.594770990590089310e-02
-6.618537440693453289e-02
-4.642303890796817961e-02
-2.666070340900183328e-02
-6.898367910035486938e-03
1.286396758893085940e-02
3.262630308789720573e-02
5.238863858686357983e-02
7.215097408582990535e-02
9.191330958479627944e-02
1.116756450837625980e-01
1.314379805827289860e-01
1.512003160816953462e-01
1.709626515806616787e-01
1.907249870796280389e-01
2.104873225785943713e-01
2.302496580775607316e-01
2.500119935765270363e-01
2.697743290754934242e-01
2.895366645744598122e-01
3.092990000734261447e-01
3.290613355723924216e-01
3.488236710713588651e-01
3.685860065703251975e-01
3.883483420692915300e-01
4.081106775682578625e-01
4.278730130672242504e-01
4.476353485661905829e-01
4.673976840651569153e-01
4.871600195641234143e-01
5.069223550630896913e-01
5.266846905620560237e-01
5.464470260610223562e-01
5.662093615599886887e-01
5.859716970589550211e-01
6.057340325579213536e-01
6.254963680568877971e-01
6.452587035558541295e-01
6.650210390548204620e-01
6.847833745537867944e-01
7.045457100527531269e-01
7.243080455517194594e-01
7.440703810506857918e-01
7.638327165496523463e-01
7.835950520486186788e-01
8.033573875475849002e-01
8.231197230465512327e-01
8.428820585455175651e-01
8.626443940444838976e-01
8.824067295434504521e-01
9.021690650424167846e-01
9.219314005413831170e-01
9.416937360403494495e-01
9.614560715393157819e-01
9.812184070382820034e-01
1.000980742537248336e+00
1.020743078036215001e+00
1.040505413535181223e+00
1.060267749034147444e+00
1.080030084533113888e+00
1.099792420032080109e+00
1.119554755531046553e+00
1.139317091030012774e+00
1.159079426528979440e+00
1.178841762027945661e+00
1.198604097526912104e+00
1.218366433025878326e+00
1.238128768524844547e+00
1.257891104023810991e+00
1.277653439522777212e+00
1.297415775021743878e+00
1.317178110520710099e+00
1.336940446019676543e+00
1.356702781518642764e+00
1.376465117017609208e+00
1.396227452516575429e+00
1.415989788015541651e+00
1.435752123514508316e+00
1.455514459013474537e+00
1.475276794512440981e+00
1.495039130011407202e+00
1.514801465510373646e+00
1.534563801009339867e+00
1.554326136508306311e+00
1.574088472007272754e+00
1.593850807506238976e+00
1.613613143005205419e+00
1.633375478504171641e+00
1.653137814003138084e+00
1.672900149502104306e+00
1.692662485001070749e+00
1.712424820500037193e+00
1.732187155999003414e+00
1.751949491497969857e+00
1.771711826996936079e+00
1.791474162495902522e+00
1.811236497994868744e+00
1.830998833493835187e+00
1.850761168992801409e+00
1.870523504491767852e+00
1.890285839990733852e+00
1.910048175489700295e+00
1.929810510988666961e+00
1.949572846487633182e+00
1.969335181986599626e+00
1.989097517485565847e+00
2.008859852984532068e+00
2.028622188483498512e+00
2.048384523982464955e+00
2.068146859481431399e+00
2.087909194980397398e+00
2.107671530479363842e+00
2.127433865978330285e+00
2.147196201477296285e+00
2.166958536976262728e+00
2.186720872475229172e+00
2.206483207974196059e+00
2.226245543473162058e+00
2.246007878972128502e+00
2.265770214471094945e+00
2.285532549970060945e+00
2.305294885469027388e+00
2.325057220967993832e+00
2.344819556466960275e+00
2.364581891965926275e+00
2.384344227464892718e+00
2.404106562963859162e+00
2.423868898462825605e+00
2.443631233961791605e+00
2.463393569460758048e+00
2.483155904959724491e+00
2.502918240458690935e+00
2.522680575957657378e+00
2.542442911456623822e+00
2.562205246955590265e+00
2.581967582454556265e+00
2.601729917953522708e+00
2.621492253452489152e+00
2.641254588951455151e+00
2.661016924450421595e+00
2.680779259949388038e+00
2.700541595448354482e+00
2.720303930947320481e+00
2.740066266446286924e+00
2.759828601945253368e+00
2.779590937444219811e+00
2.799353272943186255e+00
2.819115608442152698e+00
2.838877943941119142e+00
2.858640279440085141e+00
2.878402614939051585e+00
2.898164950438018028e+00
2.917927285936984472e+00
2.937689621435950471e+00
2.957451956934916915e+00
2.977214292433883358e+00
2.996976627932849357e+00
3.016738963431815801e+00
3.036501298930782244e+00
3.056263634429749132e+00
3.076025969928715131e+00
3.095788305427681575e+00
3.115550640926648018e+00
3.135312976425614018e+00
3.155075311924580461e+00
3.174837647423546905e+00
3.194599982922513348e+00
3.214362318421479348e+00
3.234124653920445791e+00
3.253886989419412235e+00
3.273649324918378678e+00
3.293411660417344677e+00
3.313173995916311121e+00
3.332936331415278008e+00
3.352698666914244008e+00
3.372461002413210451e+00
3.392223337912176895e+00
3.411985673411143338e+00
3.431748008910109338e+00
3.451510344409075781e+00
3.471272679908042225e+00
3.491035015407008224e+00
3.510797350905974668e+00
3.530559686404941111e+00
3.550322021903907554e+00
3.570084357402873554e+00
3.589846692901839997e+00
3.609609028400806885e+00
3.629371363899772884e+00
3.649133699398739328e+00
3.668896034897705771e+00
3.688658370396672215e+00
3.708420705895638214e+00
3.728183041394604658e+00
3.747945376893571101e+00
