0.000000000000000000e+00
2.453537433400344511e-02
4.907074866800689023e-02
7.360612300201033187e-02
9.814149733601378045e-02
1.226768716700172290e-01
1.472122460040206637e-01
1.717476203380241262e-01
1.962829946720275609e-01
2.208183690060309956e-01
2.453537433400344581e-01
2.698891176740378928e-01
2.944244920080413275e-01
3.189598663420447622e-01
3.434952406760482524e-01
3.699255091863188905e-01
3.963557776965895285e-01
4.227860462068602221e-01
4.492163147171308601e-01
4.492163147171308601e-01
4.744303169997671765e-01
4.996443192824035484e-01
5.248583215650398648e-01
5.500723238476762367e-01
5.752863261303124975e-01
6.005003284129488694e-01
6.257143306955852413e-01
6.509283329782215022e-01
6.761423352608578741e-01
7.013563375434941349e-01
7.265703398261305068e-01
7.517843421087668787e-01
7.769983443914032506e-01
8.022123466740395115e-01
8.276493913376483658e-01
8.530864360012572201e-01
8.785234806648661854e-01
9.039605253284750397e-01
9.293975699920838940e-01
9.548346146556927483e-01
9.802716593193017136e-01
1.005708703982910457e+00
1.031145748646519422e+00
1.056582793310128388e+00
1.082019837973737131e+00
1.107456882637346096e+00
1.132893927300954839e+00
1.158330971964563805e+00
1.158330971964563805e+00
1.182931413019766786e+00
1.207531854074969768e+00
1.232132295130172972e+00
1.256732736185375954e+00
1.281333177240578935e+00
1.305933618295781917e+00
1.330534059350984899e+00
1.355134500406188103e+00
1.379734941461391085e+00
1.404335382516594066e+00
1.428935823571797048e+00
1.453536264627000030e+00
1.478136705682203234e+00
1.502737146737406215e+00
1.527337587792609197e+00
1.551938028847812179e+00
1.576538469903015383e+00
1.600507816972358999e+00
1.624477164041702615e+00
1.648446511111046231e+00
1.672415858180389847e+00
1.696385205249733463e+00
1.720354552319077079e+00
1.744323899388420696e+00
1.768293246457764312e+00
1.792262593527107928e+00
1.816231940596451322e+00
1.840201287665794938e+00
1.864170634735138554e+00
1.888139981804482170e+00
1.912109328873825786e+00
1.936078675943169403e+00
1.936078675943169403e+00
1.959171782480094492e+00
1.982264889017019582e+00
2.005357995553944672e+00
2.028451102090869540e+00
2.051544208627794852e+00
2.074637315164719720e+00
2.097730421701645032e+00
2.120823528238569899e+00
2.143916634775495211e+00
2.167009741312420079e+00
2.190102847849345391e+00
2.213195954386270259e+00
2.236289060923195571e+00
2.259382167460120439e+00
2.282475273997045306e+00
2.305568380533970618e+00
2.328661487070895486e+00
2.351754593607820798e+00
