-7.167933564610464714e-01
-5.834930724534198587e-01
-4.501927884457932461e-01
-3.168925044381666334e-01
-1.835922204305400485e-01
-5.029193642291346356e-02
8.300834758471313524e-02
2.163086315923397340e-01
3.496089155999663189e-01
4.829091996075929316e-01
6.162094836152195443e-01
7.495097676228461570e-01
8.828100516304727696e-01
1.016110335638099382e+00
1.149410619645725884e+00
1.282710903653352386e+00
1.416011187660979109e+00
1.549311471668605833e+00
1.682611755676232335e+00
1.815912039683858614e+00
1.949212323691485560e+00
2.082512607699112284e+00
2.215812891706738785e+00
2.349113175714365287e+00
2.482413459721991789e+00
2.615713743729618734e+00
2.749014027737245236e+00
2.882314311744871294e+00
3.015614595752498239e+00
3.148914879760125185e+00
3.282215163767751243e+00
3.415515447775377744e+00
3.548815731783004690e+00
3.682116015790631636e+00
3.815416299798257693e+00
3.948716583805883751e+00
4.082016867813511141e+00
4.215317151821137642e+00
4.348617435828763256e+00
4.481917719836390646e+00
4.615218003844017147e+00
4.748518287851644537e+00
4.881818571859271039e+00
5.015118855866896652e+00
5.148419139874524042e+00
5.281719423882150544e+00
5.415019707889776157e+00
5.548319991897403547e+00
5.681620275905030049e+00
5.814920559912657438e+00
5.948220843920283052e+00
6.081521127927909554e+00
6.214821411935536943e+00
6.348121695943163445e+00
6.481421979950789058e+00
6.614722263958416448e+00
6.748022547966042950e+00
6.881322831973668563e+00
7.014623115981295953e+00
7.147923399988922455e+00
7.281223683996548068e+00
7.414523968004175458e+00
7.547824252011801960e+00
7.681124536019429350e+00
7.814424820027054963e+00
7.947725104034681465e+00
8.081025388042309743e+00
8.214325672049934468e+00
8.347625956057562746e+00
8.480926240065189248e+00
8.614226524072813973e+00
8.747526808080442251e+00
8.880827092088068753e+00
9.014127376095693478e+00
9.147427660103321756e+00
9.280727944110948258e+00
9.414028228118572983e+00
9.547328512126201261e+00
9.680628796133827763e+00
9.813929080141454264e+00
9.947229364149080766e+00
1.008052964815670727e+01
1.021382993216433377e+01
1.034713021617196027e+01
1.048043050017958855e+01
1.061373078418721327e+01
1.074703106819483978e+01
1.088033135220246805e+01
1.101363163621009456e+01
1.114693192021771928e+01
1.128023220422534756e+01
1.141353248823297406e+01
1.154683277224059879e+01
1.168013305624822706e+01
1.181343334025585357e+01
1.194673362426348007e+01
1.208003390827110657e+01
1.221333419227873307e+01
1.234663447628635957e+01
1.247993476029398607e+01
1.261323504430161435e+01
1.274653532830923908e+01
1.287983561231686558e+01
1.301313589632449386e+01
1.314643618033211858e+01
1.327973646433974508e+01
1.341303674834737336e+01
1.354633703235499809e+01
1.367963731636262459e+01
1.381293760037025287e+01
1.394623788437787759e+01
1.407953816838550587e+01
1.421283845239313237e+01
1.434613873640075887e+01
1.447943902040838360e+01
1.461273930441601188e+01
1.474603958842364015e+01
1.487933987243126310e+01
1.501264015643889138e+01
1.514594044044652144e+01
1.527924072445414438e+01
1.541254100846177266e+01
1.554584129246940094e+01
1.567914157647702744e+01
1.581244186048465217e+01
1.594574214449228045e+01
1.607904242849990695e+01
1.621234271250753167e+01
1.634564299651515995e+01
1.647894328052278823e+01
1.661224356453041295e+01
1.674554384853803768e+01
1.687884413254566596e+01
1.701214441655329068e+01
1.714544470056091896e+01
1.727874498456854724e+01
1.741204526857617552e+01
1.754534555258379669e+01
1.767864583659142497e+01
1.781194612059905324e+01
1.794524640460667797e+01
1.807854668861430625e+01
1.821184697262193453e+01
1.834514725662955570e+01
1.847844754063718398e+01
1.861174782464481225e+01
1.874504810865243698e+01
1.887834839266006526e+01
1.901164867666769354e+01
1.914494896067531471e+01
1.927824924468294299e+01
1.941154952869057126e+01
1.954484981269819599e+01
1.967815009670582427e+01
1.981145038071345255e+01
1.994475066472107727e+01
2.007805094872870200e+01
2.021135123273633027e+01
2.034465151674395855e+01
2.047795180075158328e+01
2.061125208475921156e+01
2.074455236876683983e+01
2.087785265277446101e+01
2.101115293678208928e+01
2.114445322078971756e+01
2.127775350479734229e+01
2.141105378880497057e+01
2.154435407281259884e+01
2.167765435682022357e+01
2.181095464082784829e+01
2.194425492483547657e+01
2.207755520884310485e+01
2.221085549285072958e+01
2.234415577685835785e+01
2.247745606086598258e+01
2.261075634487360730e+01
2.274405662888123558e+01
2.287735691288886386e+01
2.301065719689648859e+01
2.314395748090411686e+01
2.327725776491174159e+01
2.341055804891936631e+01
2.354385833292699459e+01
2.367715861693462287e+01
2.381045890094224760e+01
2.394375918494987587e+01
2.407705946895750415e+01
2.421035975296512888e+01
2.434366003697275360e+01
2.447696032098038188e+01
2.461026060498801016e+01
2.474356088899563488e+01
2.487686117300326316e+01
2.501016145701088789e+01
2.514346174101851261e+01
2.527676202502614089e+01
2.541006230903376917e+01
2.554336259304139389e+01
2.567666287704902217e+01
2.580996316105664690e+01
