-6.778833663071935633e-02
-4.881016221203644811e-02
-2.983198779335355030e-02
-1.085381337467064729e-02
8.124361044012253993e-03
2.710253546269514660e-02
4.608070988137805829e-02
6.505888430006095957e-02
8.403705871874385391e-02
1.030152331374267483e-01
1.219934075561096426e-01
1.409715819747925647e-01
1.599497563934754729e-01
1.789279308121583811e-01
1.979061052308412894e-01
2.168842796495241698e-01
2.358624540682070780e-01
2.548406284868899863e-01
2.738188029055728667e-01
2.927969773242557472e-01
3.117751517429386277e-01
3.307533261616216191e-01
3.497315005803044996e-01
3.687096749989873801e-01
3.876878494176702605e-01
4.066660238363531965e-01
4.256441982550361325e-01
4.446223726737189574e-01
4.636005470924018934e-01
4.825787215110847184e-01
5.015568959297675988e-01
5.205350703484505903e-01
5.395132447671335818e-01
5.584914191858164623e-01
5.774695936044992317e-01
5.964477680231821122e-01
6.154259424418651037e-01
6.344041168605480951e-01
6.533822912792307536e-01
6.723604656979137451e-01
6.913386401165967365e-01
7.103168145352796170e-01
7.292949889539626085e-01
7.482731633726453779e-01
7.672513377913282584e-01
7.862295122100112499e-01
8.052076866286941303e-01
8.241858610473768998e-01
8.431640354660598913e-01
8.621422098847427717e-01
8.811203843034257632e-01
9.000985587221086437e-01
9.190767331407916352e-01
9.380549075594744046e-01
9.570330819781572851e-01
9.760112563968402766e-01
9.949894308155232681e-01
1.013967605234206149e+00
1.032945779652888918e+00
1.051923954071571909e+00
1.070902128490254901e+00
1.089880302908937670e+00
1.108858477327620440e+00
1.127836651746303431e+00
1.146814826164986423e+00
1.165793000583669414e+00
1.184771175002352184e+00
1.203749349421034953e+00
1.222727523839717945e+00
1.241705698258400936e+00
1.260683872677083928e+00
1.279662047095766475e+00
1.298640221514449467e+00
1.317618395933132458e+00
1.336596570351815449e+00
1.355574744770498441e+00
1.374552919189181210e+00
1.393531093607863980e+00
1.412509268026546971e+00
1.431487442445229963e+00
1.450465616863912732e+00
1.469443791282595724e+00
1.488421965701278493e+00
1.507400140119961485e+00
1.526378314538644476e+00
1.545356488957327246e+00
1.564334663376010237e+00
1.583312837794693007e+00
1.602291012213375998e+00
1.621269186632058990e+00
1.640247361050741759e+00
1.659225535469424750e+00
1.678203709888107520e+00
1.697181884306790511e+00
1.716160058725473281e+00
1.735138233144156272e+00
1.754116407562839264e+00
1.773094581981522255e+00
1.792072756400205025e+00
1.811050930818887794e+00
1.830029105237570786e+00
1.849007279656253777e+00
1.867985454074936769e+00
1.886963628493619538e+00
1.905941802912302530e+00
1.924919977330985521e+00
1.943898151749668068e+00
1.962876326168351060e+00
1.981854500587033829e+00
2.000832675005717043e+00
2.019810849424399812e+00
2.038789023843082582e+00
2.057767198261765795e+00
2.076745372680448565e+00
2.095723547099131778e+00
2.114701721517814104e+00
2.133679895936497317e+00
2.152658070355180087e+00
2.171636244773862856e+00
2.190614419192546070e+00
2.209592593611228839e+00
2.228570768029911608e+00
2.247548942448594822e+00
2.266527116867277591e+00
2.285505291285960361e+00
2.304483465704643130e+00
2.323461640123326344e+00
2.342439814542009113e+00
2.361417988960691883e+00
2.380396163379375096e+00
2.399374337798057866e+00
2.418352512216741079e+00
2.437330686635423849e+00
2.456308861054106174e+00
2.475287035472789388e+00
2.494265209891472157e+00
2.513243384310155371e+00
2.532221558728838140e+00
2.551199733147520909e+00
2.570177907566204123e+00
2.589156081984886892e+00
2.608134256403570106e+00
2.627112430822252431e+00
2.646090605240935201e+00
2.665068779659618414e+00
2.684046954078301184e+00
2.703025128496984397e+00
2.722003302915667167e+00
2.740981477334349936e+00
2.759959651753033150e+00
2.778937826171715919e+00
2.797916000590398689e+00
2.816894175009081458e+00
2.835872349427764672e+00
2.854850523846447441e+00
2.873828698265130210e+00
2.892806872683813424e+00
2.911785047102496193e+00
2.930763221521179407e+00
2.949741395939862176e+00
2.968719570358544502e+00
2.987697744777227715e+00
3.006675919195910485e+00
3.025654093614593698e+00
3.044632268033276468e+00
3.063610442451959237e+00
3.082588616870642451e+00
3.101566791289325220e+00
3.120544965708008434e+00
3.139523140126691203e+00
3.158501314545373528e+00
3.177479488964056742e+00
3.196457663382739511e+00
3.215435837801422725e+00
3.234414012220105494e+00
3.253392186638788264e+00
3.272370361057471477e+00
3.291348535476154247e+00
3.310326709894837460e+00
3.329304884313519786e+00
3.348283058732202555e+00
3.367261233150885769e+00
3.386239407569568538e+00
3.405217581988251752e+00
3.424195756406934521e+00
3.443173930825617290e+00
3.462152105244300504e+00
3.481130279662983273e+00
3.500108454081666043e+00
3.519086628500348812e+00
3.538064802919032026e+00
3.557042977337714795e+00
3.576021151756397565e+00
3.594999326175080778e+00
3.613977500593763548e+00
3.632955675012446761e+00
3.651933849431129531e+00
3.670912023849811856e+00
3.689890198268495070e+00
3.708868372687178283e+00
