-1.467048293838897122e+00
-1.335848612042865424e+00
-1.204648930246833505e+00
-1.073449248450801585e+00
-9.422495666547697768e-01
-8.110498848587379683e-01
-6.798502030627061599e-01
-5.486505212666743514e-01
-4.174508394706424319e-01
-2.862511576746105679e-01
-1.550514758785787039e-01
-2.385179408254681568e-02
1.073478877134848436e-01
2.385475695095167215e-01
3.697472513055485854e-01
5.009469331015806715e-01
6.321466148976123689e-01
7.633462966936439553e-01
8.945459784896760969e-01
1.025745660285707794e+00
1.156945342081739936e+00
1.288145023877771411e+00
1.419344705673803553e+00
1.550544387469835250e+00
1.681744069265866948e+00
1.812943751061899089e+00
1.944143432857930343e+00
2.075343114653962928e+00
2.206542796449994626e+00
2.337742478246026323e+00
2.468942160042058909e+00
2.600141841838090606e+00
2.731341523634122304e+00
2.862541205430154001e+00
2.993740887226185254e+00
3.124940569022217840e+00
3.256140250818249537e+00
3.387339932614281235e+00
3.518539614410312932e+00
3.649739296206345518e+00
3.780938978002377215e+00
3.912138659798408913e+00
4.043338341594440166e+00
4.174538023390471864e+00
4.305737705186504449e+00
4.436937386982536147e+00
4.568137068778567844e+00
4.699336750574599542e+00
4.830536432370631239e+00
4.961736114166663825e+00
5.092935795962695522e+00
5.224135477758727220e+00
5.355335159554758917e+00
5.486534841350791503e+00
5.617734523146823200e+00
5.748934204942854898e+00
5.880133886738886595e+00
6.011333568534918292e+00
6.142533250330949990e+00
6.273732932126981687e+00
6.404932613923014273e+00
6.536132295719045970e+00
6.667331977515077668e+00
6.798531659311109365e+00
6.929731341107141063e+00
7.060931022903172760e+00
7.192130704699204458e+00
7.323330386495236155e+00
7.454530068291267852e+00
7.585729750087300438e+00
7.716929431883332136e+00
7.848129113679363833e+00
7.979328795475395530e+00
8.110528477271426340e+00
8.241728159067458037e+00
8.372927840863489735e+00
8.504127522659521432e+00
8.635327204455553129e+00
8.766526886251586603e+00
8.897726568047618301e+00
9.028926249843649998e+00
9.160125931639681696e+00
9.291325613435713393e+00
9.422525295231745091e+00
9.553724977027776788e+00
9.684924658823808485e+00
9.816124340619840183e+00
9.947324022415873657e+00
1.007852370421190535e+01
1.020972338600793705e+01
1.034092306780396875e+01
1.047212274960000045e+01
1.060332243139603214e+01
1.073452211319206384e+01
1.086572179498809554e+01
1.099692147678412724e+01
1.112812115858015893e+01
1.125932084037619241e+01
1.139052052217222410e+01
1.152172020396825580e+01
1.165291988576428750e+01
1.178411956756031920e+01
1.191531924935635089e+01
1.204651893115238259e+01
1.217771861294841429e+01
1.230891829474444599e+01
1.244011797654047946e+01
1.257131765833651116e+01
1.270251734013254286e+01
1.283371702192857455e+01
1.296491670372460447e+01
1.309611638552063617e+01
1.322731606731666787e+01
1.335851574911269957e+01
1.348971543090873126e+01
1.362091511270476474e+01
1.375211479450079466e+01
1.388331447629682813e+01
1.401451415809285805e+01
1.414571383988889153e+01
1.427691352168492500e+01
1.440811320348095492e+01
1.453931288527698840e+01
1.467051256707301832e+01
1.480171224886905179e+01
1.493291193066508171e+01
1.506411161246111519e+01
1.519531129425714688e+01
1.532651097605318036e+01
1.545771065784921383e+01
1.558891033964524375e+01
1.572011002144127723e+01
1.585130970323730715e+01
1.598250938503334062e+01
1.611370906682936877e+01
1.624490874862540224e+01
1.637610843042143216e+01
1.650730811221746563e+01
1.663850779401349911e+01
1.676970747580952903e+01
1.690090715760556250e+01
1.703210683940159242e+01
1.716330652119762590e+01
1.729450620299365582e+01
1.742570588478968929e+01
1.755690556658571921e+01
1.768810524838175269e+01
1.781930493017778616e+01
1.795050461197381608e+01
1.808170429376984956e+01
1.821290397556587948e+01
1.834410365736191295e+01
1.847530333915794287e+01
1.860650302095397635e+01
1.873770270275000627e+01
1.886890238454603974e+01
1.900010206634207321e+01
1.913130174813810314e+01
1.926250142993413661e+01
1.939370111173016653e+01
1.952490079352620000e+01
1.965610047532222993e+01
1.978730015711826340e+01
1.991849983891429332e+01
2.004969952071032679e+01
2.018089920250636027e+01
2.031209888430239019e+01
2.044329856609842366e+01
2.057449824789445358e+01
2.070569792969048706e+01
2.083689761148651698e+01
2.096809729328255045e+01
2.109929697507858037e+01
2.123049665687461385e+01
2.136169633867064732e+01
2.149289602046667724e+01
2.162409570226271072e+01
2.175529538405874064e+01
2.188649506585477411e+01
2.201769474765080403e+01
2.214889442944683751e+01
2.228009411124286743e+01
2.241129379303890090e+01
2.254249347483493437e+01
2.267369315663096430e+01
2.280489283842699777e+01
2.293609252022302769e+01
2.306729220201906116e+01
2.319849188381509109e+01
2.332969156561112456e+01
2.346089124740715448e+01
2.359209092920318795e+01
2.372329061099921788e+01
2.385449029279525135e+01
2.398568997459128482e+01
2.411688965638731474e+01
2.424808933818334822e+01
2.437928901997937814e+01
2.451048870177541161e+01
2.464168838357144153e+01
