0.000000000000000000e+00
8.022817518493600975e-02
1.604563503698720195e-01
2.406845255548080154e-01
3.209127007397440390e-01
4.011408759246800626e-01
4.813690511096160307e-01
5.615972262945521098e-01
6.418254014794880780e-01
7.274264063944813064e-01
8.130274113094744237e-01
8.986284162244676521e-01
9.842294211394608805e-01
1.069830426054453998e+00
1.155431430969447337e+00
1.241032435884440455e+00
1.321260611069376534e+00
1.401488786254312391e+00
1.481716961439248470e+00
1.561945136624184549e+00
1.642173311809120406e+00
1.722401486994056485e+00
1.802629662178992564e+00
1.882857837363928422e+00
1.957758716664547372e+00
2.032659595965166321e+00
2.107560475265785715e+00
2.182461354566404665e+00
2.257362233867023615e+00
2.332263113167642565e+00
2.407163992468261959e+00
2.482064871768880909e+00
2.559843222127477613e+00
2.637621572486073873e+00
2.715399922844670577e+00
2.793178273203266837e+00
2.870956623561863541e+00
2.948734973920459801e+00
3.026513324279056505e+00
3.097827257776777365e+00
3.169141191274498226e+00
3.240455124772219087e+00
3.311769058269939947e+00
3.383082991767660808e+00
3.454396925265381668e+00
3.525710858763102973e+00
3.597024792260823833e+00
3.668338725758544694e+00
3.743239605059163644e+00
3.818140484359782594e+00
3.893041363660401988e+00
3.967942242961020938e+00
4.042843122261640332e+00
4.117744001562258838e+00
4.192644880862878232e+00
4.267545760163496738e+00
4.338859693661217598e+00
4.410173627158938459e+00
4.481487560656659319e+00
4.552801494154380180e+00
4.624115427652101040e+00
4.695429361149821901e+00
4.766743294647542761e+00
4.838057228145263622e+00
4.909371161642984482e+00
4.975949721021312833e+00
5.042528280399640295e+00
5.109106839777968645e+00
5.175685399156296995e+00
5.242263958534624457e+00
5.308842517912952808e+00
5.375421077291281158e+00
5.441999636669608620e+00
5.508578196047936970e+00
5.508578196047936970e+00
5.576634252611708753e+00
5.644690309175480536e+00
5.712746365739253207e+00
5.780802422303024990e+00
5.848858478866796773e+00
5.916914535430568556e+00
5.984970591994340339e+00
6.053026648558113010e+00
6.053026648558113010e+00
6.130804998916709714e+00
6.208583349275306418e+00
6.286361699633902234e+00
6.364140049992498938e+00
6.441918400351095642e+00
6.519696750709692346e+00
6.597475101068289050e+00
6.597475101068289050e+00
6.665531157632060832e+00
6.733587214195832615e+00
6.801643270759605286e+00
6.869699327323377069e+00
6.937755383887148852e+00
7.005811440450920635e+00
7.073867497014692418e+00
7.141923553578465089e+00
