0.000000000000000000e+00
5.465556169393313152e-02
1.093111233878662630e-01
1.639666850817994015e-01
2.186222467757325261e-01
2.732778084696656506e-01
3.279333701635988030e-01
3.825889318575318998e-01
4.372444935514650521e-01
4.919000552453982045e-01
5.464376197098848031e-01
6.009751841743714573e-01
6.555127486388581115e-01
7.100503131033447657e-01
7.645878775678314199e-01
8.191254420323180740e-01
8.736630064968047282e-01
9.282005709612913824e-01
9.827381354257780366e-01
1.037393697119711078e+00
1.092049258813644341e+00
1.146704820507577383e+00
1.201360382201510646e+00
1.256015943895443687e+00
1.310671505589376729e+00
1.365327067283309992e+00
1.419982628977243033e+00
1.474638190671176297e+00
1.529175755135662840e+00
1.583713319600149605e+00
1.638250884064636148e+00
1.692788448529122913e+00
1.747326012993609456e+00
1.801863577458096222e+00
1.856401141922582765e+00
1.910938706387069530e+00
1.965476270851556073e+00
2.026686333146936914e+00
2.087896395442317754e+00
2.149106457737698150e+00
2.210316520033078991e+00
2.259506525557618772e+00
2.308696531082158554e+00
2.357886536606698336e+00
2.407076542131238117e+00
2.456266547655777899e+00
2.505456553180318124e+00
2.554646558704857906e+00
2.603836564229397688e+00
2.653026569753937469e+00
2.702216575278477251e+00
2.751300383296515051e+00
2.800384191314553295e+00
2.849467999332591095e+00
2.898551807350629339e+00
2.947635615368667139e+00
2.996719423386704939e+00
3.045803231404743183e+00
3.094887039422780983e+00
3.143970847440819227e+00
3.193054655458857027e+00
3.242244660983396809e+00
3.291434666507936591e+00
3.340624672032476372e+00
3.389814677557016154e+00
3.439004683081556379e+00
3.488194688606095717e+00
3.537384694130635943e+00
3.586574699655175724e+00
3.635764705179715506e+00
3.684954710704255287e+00
3.729576354357017287e+00
3.774197998009778843e+00
3.818819641662540842e+00
3.863441285315302398e+00
3.908062928968064398e+00
3.952684572620825953e+00
3.997306216273587953e+00
4.041927859926349953e+00
4.086549503579111509e+00
4.131171147231873064e+00
4.175792790884635508e+00
4.175792790884635508e+00
4.224760840720939825e+00
4.273728890557245030e+00
4.322696940393549347e+00
4.371664990229853665e+00
4.420633040066158870e+00
4.420633040066158870e+00
4.469601089902463187e+00
4.518569139738768392e+00
4.567537189575072709e+00
4.616505239411377026e+00
4.665473289247682231e+00
4.665473289247682231e+00
4.714441339083986549e+00
4.763409388920291754e+00
4.812377438756596071e+00
4.861345488592900388e+00
4.910313538429205593e+00
