0.000000000000000000e+00
4.631407820005484233e-02
9.262815640010968465e-02
1.389422346001645270e-01
1.852563128002193693e-01
2.315703910002742116e-01
2.778844692003290540e-01
3.241985474003838963e-01
3.705126256004387386e-01
4.168267038004935809e-01
4.631407820005484233e-01
5.094548602006032656e-01
5.557689384006581079e-01
6.020830166007129503e-01
6.491939891603297763e-01
6.963049617199467134e-01
7.434159342795635395e-01
7.905269068391803655e-01
8.376378793987973026e-01
8.847488519584141287e-01
9.318598245180309547e-01
9.789707970776477808e-01
1.026081769637264607e+00
1.073192742196881433e+00
1.120303714756498259e+00
1.167414687316115307e+00
1.214525659875732133e+00
1.214525659875732133e+00
1.259665031000362312e+00
1.304804402124992269e+00
1.349943773249622447e+00
1.395083144374252626e+00
1.440222515498882583e+00
1.485361886623512762e+00
1.530501257748142940e+00
1.575640628872772897e+00
1.620779999997402854e+00
1.665919371122033033e+00
1.711058742246663211e+00
1.756198113371293168e+00
1.801337484495923347e+00
1.846476855620553525e+00
1.891616226745183482e+00
1.936755597869813661e+00
1.981894968994443840e+00
2.027034340119073796e+00
2.072173711243704197e+00
2.122661887256045432e+00
2.173150063268386667e+00
2.223638239280727902e+00
2.223638239280727902e+00
2.270514032887112954e+00
2.317389826493498006e+00
2.364265620099883058e+00
2.411141413706268111e+00
2.458017207312653163e+00
2.504893000919038215e+00
2.551768794525422823e+00
2.598644588131807875e+00
2.645520381738192928e+00
2.692396175344577980e+00
2.739271968950963032e+00
2.786147762557348084e+00
2.833023556163733137e+00
2.875018944441941837e+00
2.917014332720150982e+00
2.959009720998359683e+00
3.001005109276568827e+00
3.043000497554777528e+00
3.084995885832986673e+00
3.126991274111195374e+00
3.168986662389404518e+00
3.210982050667613219e+00
3.252977438945822364e+00
3.294972827224031064e+00
3.336968215502239765e+00
3.378963603780448910e+00
3.420958992058658055e+00
3.462954380336866755e+00
3.462954380336866755e+00
3.506058673459975239e+00
3.549162966583083278e+00
3.592267259706191762e+00
3.635371552829300246e+00
3.678475845952408285e+00
3.721580139075516769e+00
3.764684432198625252e+00
3.807788725321733736e+00
3.850893018444841776e+00
3.893997311567950259e+00
3.937101604691058299e+00
3.980205897814166782e+00
4.023310190937275266e+00
4.066414484060383749e+00
4.109518777183492233e+00
4.152623070306599828e+00
4.195727363429708312e+00
4.238831656552816796e+00
4.281935949675925279e+00
4.325040242799033763e+00
