-1.521602394262941866e-07 6.791023753986398296e-08 1.677648675192029942e-07 9.384598632326563106e+00 1.319181033412044535e+01 1.319181033412070647e+01
1.991703994430188973e-01 8.490034010003473242e-01 1.058587055590114012e+00 9.332068700295685915e+00 1.315322006301249580e+01 1.353038951095317088e+01
4.136388955649135668e-01 1.692068970178199905e+00 2.443443406371650806e+00 9.177030383257806179e+00 1.303864649752021521e+01 1.441287130128879568e+01
6.553163328771720586e-01 2.522569391656357851e+00 4.139134117644729827e+00 8.927189444781783223e+00 1.285179890309065165e+01 1.557339216992414954e+01
9.304545600495385260e-01 3.332331887748253507e+00 5.983246773706857091e+00 8.595603655997285486e+00 1.259930746299894011e+01 1.678626979889849125e+01
1.238412598779672136e+00 4.110366990592036807e+00 7.820181274970090968e+00 8.201180033467664998e+00 1.229161958548840339e+01 1.790592825004261712e+01
1.570403301077528679e+00 4.840740157080571038e+00 7.769795684893121113e+00 9.523677004317590900e+00 1.194480255331851559e+01 1.884877937530921344e+01
1.907008883667220323e+00 5.498850628580027156e+00 7.336566339288782324e+00 1.098800678813092446e+01 1.158398066498657819e+01 1.957436423590861096e+01
2.213951680940953626e+00 6.045497330722785279e+00 6.949494483459020877e+00 1.124902750465609103e+01 1.212020094994882768e+01 2.007372554966663003e+01
2.439121969207763474e+00 6.421509940148589557e+00 6.671547673261821743e+00 1.099973922195656861e+01 1.283956218464707888e+01 2.035948426096154407e+01
2.523672150779159740e+00 6.558203065360866724e+00 6.568593974196144103e+00 1.090523591333535514e+01 1.308683864920299023e+01 2.045154756042814270e+01
2.445943120985468511e+00 6.528139302052120563e+00 6.704060152109798665e+00 1.096779488781347922e+01 1.306671402056930020e+01 2.031419102766301776e+01
2.204952256530015031e+00 6.409272872096991591e+00 7.110542623183786937e+00 1.113524494737705695e+01 1.301763741896087545e+01 1.991073106323413811e+01
1.765431678566438123e+00 6.219558179275527010e+00 7.700812534917420571e+00 1.134458554304755395e+01 1.297891822923621596e+01 1.926745094715105111e+01
9.586663208683714466e-01 5.971827419617403265e+00 8.383409905112864990e+00 1.149213696645532146e+01 1.302323862529263820e+01 1.842971697310573376e+01
-1.231039711668461489e+00 5.684465496239883286e+00 9.072748998990531888e+00 1.149284601917665860e+01 1.320537657866664283e+01 1.746436011552766843e+01
-1.986970513537627436e+00 5.381604443814167915e+00 9.694850397843550738e+00 1.136665915458397969e+01 1.348184098732914649e+01 1.646241692532257161e+01
-2.478054424773025843e+00 5.092786976453278491e+00 1.018555207018333064e+01 1.118859566964652608e+01 1.376552018540994560e+01 1.553909419641712653e+01
-2.807063166492416606e+00 4.851225497807460485e+00 1.048690275630310254e+01 1.103459404616232398e+01 1.398805699768358934e+01 1.482293938679062784e+01
-2.999229194316976432e+00 4.689511027220598649e+00 1.057180950998304603e+01 1.097780079137980636e+01 1.408025634255535152e+01 1.443610241256972593e+01
-3.062633569138946577e+00 4.632467470887034366e+00 1.056443803857312247e+01 1.097826082047470564e+01 1.405458101818341632e+01 1.436823256939424276e+01
-3.007394501018863853e+00 4.684296893743828960e+00 1.052480085991342840e+01 1.101522753129163945e+01 1.412884506501083415e+01 1.438175611036747270e+01
-2.843677374150427095e+00 4.837879454093270581e+00 1.039639315775374584e+01 1.111055220532864141e+01 1.433622849080882311e+01 1.442407655996339599e+01
-2.578959659557233941e+00 5.088298925582996901e+00 1.015224828504069876e+01 1.121496275098883189e+01 1.449951156428852350e+01 1.463996309731533607e+01
-2.229237210300159422e+00 5.428294704628370049e+00 9.754657469158294347e+00 1.124821404009495041e+01 1.461046251309501720e+01 1.499786711370728298e+01
-1.819887458002099834e+00 5.846339127989850226e+00 9.168027649483986963e+00 1.111947414403401879e+01 1.474922596998404245e+01 1.536644145621190027e+01
-1.380762579341345386e+00 6.323558742515515085e+00 8.371506916143708565e+00 1.075631569531782006e+01 1.489239517832472970e+01 1.569491502548223849e+01
-9.352804674487990022e-01 6.833854688810342637e+00 7.364410558620896552e+00 1.012173173967663864e+01 1.500362428216750565e+01 1.592534840143953723e+01
-4.749355269626936438e-01 6.164836694012319818e+00 7.348167875515864367e+00 9.214192135714812437e+00 1.504270189933298951e+01 1.600342606515883404e+01
3.277020517292646429e-01 4.804996873785235323e+00 7.839381793073255444e+00 8.061360692969531172e+00 1.497564601794951322e+01 1.589136731656138224e+01
4.694097068413852214e-01 3.321172903868285786e+00 6.715441136779994658e+00 8.285087559387816825e+00 1.478334904763278068e+01 1.557749271967895233e+01
4.547034476646793499e-01 1.698936008509893014e+00 5.251018737116846857e+00 8.668206660413407150e+00 1.446920734353367344e+01 1.508345208493993717e+01
-1.047070869590790432e+00 3.741295436353765380e-01 3.762665293404028777e+00 8.976497996307555738e+00 1.406690959286205178e+01 1.447148458626116074e+01
-1.302598906805153334e+00 2.611986534153534767e-01 2.354815001228173443e+00 9.201699573840356194e+00 1.364764279550532855e+01 1.385095948378399555e+01
-8.118191457850277848e-01 1.333615768293060222e-01 1.106410393129141800e+00 9.338656923187091508e+00 1.331852793014269842e+01 1.337359900777582311e+01
-1.521602394262941866e-07 6.791023753986398296e-08 1.677648675192029942e-07 9.384598632326563106e+00 1.319181033412044535e+01 1.319181033412070647e+01
1.039855472651515372e-01 1.039855472662793157e-01 5.263557308935237211e-01 9.639742442864291050e+00 1.318921183656729390e+01 1.318921183656755680e+01
2.027329279391231198e-01 2.027329279416796859e-01 1.020062090171689251e+00 1.032171892693467363e+01 1.318192864742167991e+01 1.318192864742193926e+01
2.912769033784226580e-01 2.912769033819683773e-01 1.456064935372263003e+00 1.123535716556058262e+01 1.317139798087390723e+01 1.317139798087415237e+01
3.651801091298511603e-01 3.651801091342350425e-01 1.815886200267796902e+00 1.217022626380360606e+01 1.315970129419789458e+01 1.315970129419812018e+01
4.207546099759317815e-01 4.207546099809965634e-01 2.084704556550072585e+00 1.295533960865884282e+01 1.314915524746840703e+01 1.314915524746858999e+01
4.552391657735324615e-01 4.552391657790802459e-01 2.250968537358799981e+00 1.314185287954817483e+01 1.314185287954831516e+01 1.347207042966482327e+01
4.669265037052588996e-01 4.669265037108895622e-01 2.307245232026544191e+00 1.313924584663673123e+01 1.313924584663685202e+01 1.365178207003237887e+01
8.926312311366793040e-01 1.494852709419669523e+00 2.292900971300846358e+00 1.310805730114905465e+01 1.330483797179108940e+01 1.357248157929797827e+01
1.587946621388023338e+00 2.255342029080932065e+00 2.910215211003295721e+00 1.301523253394875290e+01 1.333749154553071214e+01 1.376416758580423760e+01
2.211438585202158080e+00 2.314228927929089075e+00 4.388176751397614872e+00 1.286306928838086883e+01 1.295557808229473196e+01 1.442547740085320740e+01
2.189796573237747790e+00 3.038157074649735279e+00 5.885744502608626583e+00 1.244148276752179250e+01 1.265567197293559865e+01 1.518267616185869606e+01
2.227599084792608153e+00 3.746036366119080085e+00 7.354132015476844586e+00 1.181622797221928067e+01 1.239945954535679284e+01 1.594337187623963459e+01
2.359586828303207540e+00 4.425458355876132011e+00 8.738689997725177960e+00 1.110784686992853132e+01 1.210410635983287264e+01 1.663877190033429443e+01
2.600919274152982741e+00 5.060528661083601776e+00 9.983507024964524135e+00 1.035310918047053264e+01 1.178422997384750914e+01 1.722387126663023338e+01
2.934377592921491473e+00 5.628142637973858164e+00 9.601526823360583052e+00 1.103340003154374571e+01 1.146225376184964695e+01 1.767488014139626173e+01
3.305437052676346799e+00 6.093670017876669398e+00 8.923911180399624499e+00 1.117241205967009243e+01 1.183509029218990349e+01 1.798601605648342527e+01
3.617414634741821011e+00 6.408771833123613426e+00 8.425082405287774634e+00 1.096280733977024902e+01 1.234033508906600218e+01 1.816454319612577351e+01
3.744199068359440385e+00 6.521862350055816826e+00 8.235520162578612968e+00 1.088489630688596854e+01 1.251328287886904000e+01 1.822217735420238682e+01
3.699731499900401399e+00 6.649214817323115589e+00 8.194016214938493192e+00 1.092852529264307471e+01 1.252286982004110172e+01 1.815237114338958690e+01
3.566709329054834399e+00 7.006511848678520060e+00 8.071669381356171513e+00 1.103894447676931989e+01 1.256476569573082358e+01 1.794758348937256898e+01
3.346112926112388752e+00 7.531498166034232611e+00 7.875018675661853429e+00 1.115909500458276504e+01 1.267599059140007434e+01 1.762177921025634575e+01
3.038934886700255245e+00 7.615101586304719561e+00 8.148290726675185169e+00 1.122333113122033765e+01 1.289431251040259596e+01 1.719842491761428604e+01
2.644702340636369886e+00 7.307626314747532881e+00 8.784938819687157618e+00 1.120699059608416626e+01 1.321426647625042960e+01 1.671055381847088483e+01
2.157402533681615608e+00 6.973099739449851064e+00 9.380504854913706225e+00 1.113047728162219130e+01 1.358757962173275580e+01 1.620017721066896854e+01
1.550394464088308277e+00 6.636696323140703235e+00 9.886896525185553841e+00 1.102514602909772101e+01 1.396007170565807876e+01 1.571577567591093150e+01
6.521709178705741294e-01 6.327451361549449871e+00 1.027099894979999561e+01 1.091772244737266462e+01 1.428867042361658335e+01 1.530580941673931505e+01
-1.057604051196037398e+00 6.076151971801424523e+00 1.051828325224752803e+01 1.083141319473785380e+01 1.454141485908329123e+01 1.500784991857275230e+01
-1.449075034547838037e+00 5.911367189485787321e+00 1.063160445409955734e+01 1.079090610094698910e+01 1.468967622327428835e+01 1.484398425245334963e+01
-1.560886839849106922e+00 5.853879671660591200e+00 1.065165631065960739e+01 1.078981570351418284e+01 1.471554951920868781e+01 1.481586104172375684e+01
-1.464898712624137289e+00 5.901977800526297280e+00 1.060214799676379549e+01 1.082149013858913733e+01 1.472066138342098007e+01 1.481312839823007721e+01
-1.175808203737008339e+00 6.054703355273650445e+00 1.045240823452539125e+01 1.090456728076470050e+01 1.473592504164032135e+01 1.480531095098050010e+01
-6.440034767212471367e-01 6.330303412871739255e+00 1.019918507794146301e+01 1.100478507820544927e+01 1.476187874690107193e+01 1.479324632909777293e+01
6.914722441909856299e-01 6.739802041566494317e+00 9.838353322756187680e+00 1.107069290128744043e+01 1.477737645679816936e+01 1.480071301863537769e+01
1.076238765706795109e+00 7.273801591385733012e+00 9.366702410771338805e+00 1.104348843273361958e+01 1.475659956341403323e+01 1.485451651226182612e+01
1.286621058861985301e+00 7.905144814203062253e+00 8.783950173668440442e+00 1.087129645976983205e+01 1.472732671954600825e+01 1.491905512835821845e+01
1.440778975900746550e+00 8.094477139333397631e+00 8.600765971078386585e+00 1.052188083135780161e+01 1.468328074531111938e+01 1.497787923977099922e+01
1.583993183293214146e+00 7.308463832921296088e+00 9.329850349437341706e+00 9.985767842836215991e+00 1.461629437685672706e+01 1.500436870935448930e+01
1.728761119798815971e+00 6.442422998000623124e+00 9.270686376671879003e+00 1.006562582277600271e+01 1.451798297753562572e+01 1.497090353972657084e+01
1.870297219196496608e+00 5.519299383540838377e+00 8.394855234105222053e+00 1.078422889258956729e+01 1.438195131183626962e+01 1.485789836973053113e+01
1.998619257010023187e+00 4.568284524030241656e+00 7.382969235158247656e+00 1.146338945443960000e+01 1.420618409946934690e+01 1.465905914834466195e+01
2.105625506542428305e+00 3.624301951661960786e+00 6.264107259541341399e+00 1.208187892748879833e+01 1.399532485962262207e+01 1.438362248024574974e+01
2.187629410241854533e+00 2.726761802440624827e+00 5.069896753484890439e+00 1.261972747931965522e+01 1.376249654687247137e+01 1.405684830124538109e+01
1.916688008908657981e+00 2.245177248445453522e+00 3.832092232092092932e+00 1.305892175725931459e+01 1.353003302922761542e+01 1.371879737325597937e+01
1.231703062394788883e+00 2.281602046649956250e+00 2.580468542900036688e+00 1.332798227014142256e+01 1.338428193878148953e+01 1.342014866100171488e+01
7.083006153753741430e-01 1.351289100529480480e+00 2.301156615377334180e+00 1.318897565232457403e+01 1.321336412815938033e+01 1.358429664870313580e+01
4.669265037052588996e-01 4.669265037108895622e-01 2.307245232026544191e+00 1.313924584663673123e+01 1.313924584663685202e+01 1.365178207003237887e+01
2.523672150779159740e+00 6.558203065360866724e+00 6.568593974196144103e+00 1.090523591333535514e+01 1.308683864920299023e+01 2.045154756042814270e+01
2.568635368955075826e+00 6.556824309498128223e+00 6.631644922235099493e+00 1.090446206085302805e+01 1.306994622459601985e+01 2.037244376280723301e+01
2.696562383106730021e+00 6.552896054820440241e+00 6.810566276948334163e+00 1.090225819529535300e+01 1.302025289999001956e+01 2.014502076653488416e+01
2.888549115714584392e+00 6.547011770390391838e+00 7.077282999969479960e+00 1.089895954492517660e+01 1.294109125294460938e+01 1.979841318431531505e+01
3.117585706745772622e+00 6.540062693760324564e+00 7.391981198232246086e+00 1.089506800850991119e+01 1.283921561738796413e+01 1.937920196535619155e+01
3.351446684279943966e+00 6.533104834492406532e+00 7.709288134845813545e+00 1.089117591606752633e+01 1.272627754339862705e+01 1.894769615786618999e+01
3.555033525399690308e+00 6.527199346795112156e+00 7.982768017832150065e+00 1.088787592332750798e+01 1.261985479263814369e+01 1.857125773265003588e+01
3.694486134249715725e+00 6.523249888703274380e+00 8.169155905515404825e+00 1.088567071539770836e+01 1.254206965665541063e+01 1.831378982686359080e+01
3.744199068359440385e+00 6.521862350055816826e+00 8.235520162578612968e+00 1.088489630688596854e+01 1.251328287886904000e+01 1.822217735420238682e+01
-3.062633569138946577e+00 4.632467470887034366e+00 1.056443803857312247e+01 1.097826082047470564e+01 1.405458101818341632e+01 1.436823256939424276e+01
-3.019991514803915145e+00 4.684525527584959548e+00 1.056794673153412845e+01 1.097158706773769232e+01 1.408022425327169458e+01 1.438539512202671844e+01
-2.894752622137819031e+00 4.829803557072857245e+00 1.057784854256926010e+01 1.095234581351288483e+01 1.415305110699010882e+01 1.443421949085175271e+01
-2.695388301950842891e+00 5.039686113995569983e+00 1.059242718411538675e+01 1.092292294329200075e+01 1.426147751204662661e+01 1.450714628972530917e+01
-2.437514384477996288e+00 5.276961043041612065e+00 1.060927227258001615e+01 1.088730007145999323e+01 1.438847212420595412e+01 1.459293771828798825e+01
-2.146636484951383039e+00 5.504478972675809878e+00 1.062575944369773140e+01 1.085073087003679682e+01 1.451446324613917405e+01 1.467846749253905614e+01
-1.862777435310034146e+00 5.690612057578454674e+00 1.063947271702176600e+01 1.081901067452784737e+01 1.462047491965706492e+01 1.475076360773451256e+01
-1.644852545904069485e+00 5.811859648271742174e+00 1.064850734744044125e+01 1.079745394085048105e+01 1.469089840771850319e+01 1.479895871814191821e+01
-1.560886839849106922e+00 5.853879671660591200e+00 1.065165631065960739e+01 1.078981570351418284e+01 1.471554951920868781e+01 1.481586104172375684e+01
