-4.316364819454072688e+00
-4.181538507610127020e+00
-4.046712195766180464e+00
-3.911885883922234797e+00
-3.777059572078288685e+00
-3.642233260234342573e+00
-3.507406948390396462e+00
-3.372580636546450350e+00
-3.237754324702504238e+00
-3.102928012858558127e+00
-2.968101701014612015e+00
-2.833275389170665903e+00
-2.698449077326720236e+00
-2.563622765482773680e+00
-2.428796453638827568e+00
-2.293970141794881457e+00
-2.159143829950935345e+00
-2.024317518106989233e+00
-1.889491206263043344e+00
-1.754664894419097232e+00
-1.619838582575150898e+00
-1.485012270731204787e+00
-1.350185958887258675e+00
-1.215359647043312563e+00
-1.080533335199366896e+00
-9.457070233554207839e-01
-8.108807115114746722e-01
-6.760543996675285605e-01
-5.412280878235824488e-01
-4.064017759796362816e-01
-2.715754641356901700e-01
-1.367491522917440305e-01
-1.922840447797914947e-03
1.329034713961482206e-01
2.677297832400943323e-01
4.025560950840404439e-01
5.373824069279865556e-01
6.722087187719326673e-01
8.070350306158788900e-01
9.418613424598250017e-01
1.076687654303771113e+00
1.211513966147717225e+00
1.346340277991663337e+00
1.481166589835609448e+00
1.615992901679555560e+00
1.750819213523501672e+00
1.885645525367447783e+00
2.020471837211394117e+00
2.155298149055339341e+00
2.290124460899285452e+00
2.424950772743231564e+00
2.559777084587177676e+00
2.694603396431123787e+00
2.829429708275069899e+00
2.964256020119016011e+00
3.099082331962962122e+00
3.233908643806908234e+00
3.368734955650855234e+00
3.503561267494800457e+00
3.638387579338747457e+00
3.773213891182692681e+00
3.908040203026639681e+00
4.042866514870585348e+00
4.177692826714531904e+00
4.312519138558477572e+00
4.447345450402422351e+00
4.582171762246369795e+00
4.716998074090314574e+00
4.851824385934262018e+00
4.986650697778206798e+00
5.121477009622154242e+00
5.256303321466099021e+00
5.391129633310046465e+00
5.525955945153991244e+00
5.660782256997938688e+00
5.795608568841883468e+00
5.930434880685830912e+00
6.065261192529775691e+00
6.200087504373723135e+00
6.334913816217667915e+00
6.469740128061615358e+00
6.604566439905560138e+00
6.739392751749507582e+00
6.874219063593453249e+00
7.009045375437399805e+00
7.143871687281345473e+00
7.278697999125292029e+00
7.413524310969237696e+00
7.548350622813184252e+00
7.683176934657129920e+00
7.818003246501076475e+00
7.952829558345022143e+00
8.087655870188969587e+00
8.222482182032914366e+00
8.357308493876860922e+00
8.492134805720805701e+00
8.626961117564752257e+00
8.761787429408698813e+00
8.896613741252643592e+00
9.031440053096590148e+00
9.166266364940536704e+00
9.301092676784483260e+00
9.435918988628428039e+00
9.570745300472374595e+00
9.705571612316321151e+00
9.840397924160267706e+00
9.975224236004212486e+00
1.011005054784815904e+01
1.024487685969210560e+01
1.037970317153605215e+01
1.051452948337999693e+01
1.064935579522394349e+01
1.078418210706789004e+01
1.091900841891183482e+01
1.105383473075578316e+01
1.118866104259972971e+01
1.132348735444367449e+01
1.145831366628761927e+01
1.159313997813156760e+01
1.172796628997551416e+01
1.186279260181945894e+01
1.199761891366340372e+01
1.213244522550735205e+01
1.226727153735129860e+01
1.240209784919524338e+01
1.253692416103918816e+01
1.267175047288313650e+01
1.280657678472708305e+01
1.294140309657102783e+01
1.307622940841497261e+01
1.321105572025891739e+01
1.334588203210286750e+01
1.348070834394681228e+01
1.361553465579075706e+01
1.375036096763470361e+01
1.388518727947865194e+01
1.402001359132259672e+01
1.415483990316654150e+01
1.428966621501048806e+01
1.442449252685443639e+01
1.455931883869838117e+01
1.469414515054232595e+01
1.482897146238627251e+01
1.496379777423022084e+01
1.509862408607416562e+01
1.523345039791811040e+01
1.536827670976205695e+01
1.550310302160600529e+01
1.563792933344995006e+01
1.577275564529389484e+01
1.590758195713784140e+01
1.604240826898178796e+01
1.617723458082573629e+01
1.631206089266968107e+01
1.644688720451362585e+01
1.658171351635757418e+01
1.671653982820151896e+01
1.685136614004546374e+01
1.698619245188940852e+01
1.712101876373335685e+01
1.725584507557730518e+01
1.739067138742124996e+01
1.752549769926519474e+01
1.766032401110913952e+01
1.779515032295308785e+01
1.792997663479703263e+01
1.806480294664097741e+01
1.819962925848492574e+01
1.833445557032887407e+01
1.846928188217281885e+01
1.860410819401676363e+01
1.873893450586070841e+01
1.887376081770465674e+01
1.900858712954860152e+01
1.914341344139254630e+01
1.927823975323649464e+01
1.941306606508044297e+01
1.954789237692438775e+01
1.968271868876833253e+01
1.981754500061227731e+01
1.995237131245622564e+01
2.008719762430017042e+01
2.022202393614411520e+01
2.035685024798806353e+01
2.049167655983201186e+01
2.062650287167595664e+01
2.076132918351990142e+01
2.089615549536384620e+01
2.103098180720779453e+01
2.116580811905173931e+01
2.130063443089568409e+01
2.143546074273963242e+01
2.157028705458357720e+01
2.170511336642752553e+01
2.183993967827147031e+01
2.197476599011541509e+01
2.210959230195935987e+01
2.224441861380330820e+01
2.237924492564725654e+01
2.251407123749120132e+01
