-3.583966850409124216e+00
-3.460203889621936924e+00
-3.336440928834749631e+00
-3.212677968047562338e+00
-3.088915007260375045e+00
-2.965152046473187752e+00
-2.841389085686000460e+00
-2.717626124898813167e+00
-2.593863164111626318e+00
-2.470100203324439025e+00
-2.346337242537251733e+00
-2.222574281750064440e+00
-2.098811320962877147e+00
-1.975048360175689632e+00
-1.851285399388502562e+00
-1.727522438601315491e+00
-1.603759477814128198e+00
-1.479996517026940905e+00
-1.356233556239753391e+00
-1.232470595452566542e+00
-1.108707634665379249e+00
-9.849446738781919564e-01
-8.611817130910045526e-01
-7.374187523038172598e-01
-6.136557915166299670e-01
-4.898928307294430073e-01
-3.661298699422556591e-01
-2.423669091550683385e-01
-1.186039483678810180e-01
5.159012419306306836e-03
1.289219732064932067e-01
2.526849339936805272e-01
3.764478947808678755e-01
5.002108555680552238e-01
6.239738163552425165e-01
7.477367771424298093e-01
8.714997379296172131e-01
9.952626987168045058e-01
1.119025659503990910e+00
1.242788620291178425e+00
1.366551581078365718e+00
1.490314541865553011e+00
1.614077502652740304e+00
1.737840463439927596e+00
1.861603424227114889e+00
1.985366385014302404e+00
2.109129345801489475e+00
2.232892306588676767e+00
2.356655267375864504e+00
2.480418228163050909e+00
2.604181188950238202e+00
2.727944149737425494e+00
2.851707110524612787e+00
2.975470071311800080e+00
3.099233032098987373e+00
3.222995992886174665e+00
3.346758953673361958e+00
3.470521914460549251e+00
3.594284875247736544e+00
3.718047836034923392e+00
3.841810796822110685e+00
3.965573757609297978e+00
4.089336718396484827e+00
4.213099679183672563e+00
4.336862639970860300e+00
4.460625600758047149e+00
4.584388561545234886e+00
4.708151522332421735e+00
4.831914483119609471e+00
4.955677443906796320e+00
5.079440404693984057e+00
5.203203365481170906e+00
5.326966326268358642e+00
5.450729287055545491e+00
5.574492247842733228e+00
5.698255208629919188e+00
5.822018169417106037e+00
5.945781130204293774e+00
6.069544090991480623e+00
6.193307051778668360e+00
6.317070012565855208e+00
6.440832973353042945e+00
6.564595934140229794e+00
6.688358894927417531e+00
6.812121855714604379e+00
6.935884816501792116e+00
7.059647777288979853e+00
7.183410738076166702e+00
7.307173698863354439e+00
7.430936659650541287e+00
7.554699620437729024e+00
7.678462581224916761e+00
7.802225542012104498e+00
7.925988502799291346e+00
8.049751463586478195e+00
8.173514424373665932e+00
8.297277385160853669e+00
8.421040345948037853e+00
8.544803306735225590e+00
8.668566267522411550e+00
8.792329228309599287e+00
8.916092189096787024e+00
9.039855149883974761e+00
9.163618110671160721e+00
9.287381071458348458e+00
9.411144032245536195e+00
9.534906993032723932e+00
9.658669953819911669e+00
9.782432914607097629e+00
9.906195875394285366e+00
1.002995883618147310e+01
1.015372179696866084e+01
1.027748475775584680e+01
1.040124771854303454e+01
1.052501067933022227e+01
1.064877364011741001e+01
1.077253660090459597e+01
1.089629956169178371e+01
1.102006252247897145e+01
1.114382548326615918e+01
1.126758844405334692e+01
1.139135140484053288e+01
1.151511436562772062e+01
1.163887732641490835e+01
1.176264028720209609e+01
1.188640324798928205e+01
1.201016620877646979e+01
1.213392916956365752e+01
1.225769213035084526e+01
1.238145509113803122e+01
1.250521805192521896e+01
1.262898101271240670e+01
1.275274397349959443e+01
1.287650693428678217e+01
1.300026989507396813e+01
1.312403285586115587e+01
1.324779581664834360e+01
1.337155877743553134e+01
1.349532173822271730e+01
1.361908469900990504e+01
1.374284765979709277e+01
1.386661062058428051e+01
1.399037358137146647e+01
1.411413654215865421e+01
1.423789950294584195e+01
1.436166246373302968e+01
1.448542542452021742e+01
1.460918838530740338e+01
1.473295134609459112e+01
1.485671430688177885e+01
1.498047726766896304e+01
1.510424022845615077e+01
1.522800318924333673e+01
1.535176615003052447e+01
1.547552911081771221e+01
1.559929207160489995e+01
1.572305503239208591e+01
1.584681799317927364e+01
1.597058095396646138e+01
1.609434391475364734e+01
1.621810687554083685e+01
1.634186983632802281e+01
1.646563279711521233e+01
1.658939575790239829e+01
1.671315871868958425e+01
1.683692167947677376e+01
1.696068464026395972e+01
1.708444760105114568e+01
1.720821056183833520e+01
1.733197352262552116e+01
1.745573648341271067e+01
1.757949944419989663e+01
1.770326240498708259e+01
1.782702536577427210e+01
1.795078832656145806e+01
1.807455128734864758e+01
1.819831424813583354e+01
1.832207720892301950e+01
1.844584016971020901e+01
1.856960313049739497e+01
1.869336609128458093e+01
1.881712905207177045e+01
1.894089201285895641e+01
1.906465497364614592e+01
1.918841793443333188e+01
1.931218089522051784e+01
1.943594385600770735e+01
1.955970681679489331e+01
1.968346977758208283e+01
1.980723273836926879e+01
1.993099569915645475e+01
2.005475865994364426e+01
2.017852162073083022e+01
2.030228458151801618e+01
2.042604754230520214e+01
2.054981050309238810e+01
2.067357346387957762e+01
2.079733642466676358e+01
2.092109938545394954e+01
2.104486234624114260e+01
