-4.184897292673002589e+00
-4.053977659355234131e+00
-3.923058026037465673e+00
-3.792138392719696771e+00
-3.661218759401928313e+00
-3.530299126084159411e+00
-3.399379492766391397e+00
-3.268459859448622495e+00
-3.137540226130854037e+00
-3.006620592813085135e+00
-2.875700959495316678e+00
-2.744781326177548664e+00
-2.613861692859779762e+00
-2.482942059542011304e+00
-2.352022426224242402e+00
-2.221102792906473944e+00
-2.090183159588705042e+00
-1.959263526270936584e+00
-1.828343892953167904e+00
-1.697424259635399224e+00
-1.566504626317630544e+00
-1.435584992999862308e+00
-1.304665359682093628e+00
-1.173745726364324948e+00
-1.042826093046556268e+00
-9.119064597287876994e-01
-7.809868264110190195e-01
-6.500671930932504505e-01
-5.191475597754822147e-01
-3.882279264577135347e-01
-2.573082931399448547e-01
-1.263886598221762025e-01
4.530973495592447928e-03
1.354506068133611019e-01
2.663702401311297541e-01
3.972898734488984340e-01
5.282095067666671140e-01
6.591291400844356829e-01
7.900487734022043629e-01
9.209684067199730428e-01
1.051888040037741723e+00
1.182807673355509515e+00
1.313727306673278195e+00
1.444646939991046874e+00
1.575566573308815554e+00
1.706486206626584012e+00
1.837405839944352692e+00
1.968325473262121372e+00
2.099245106579890052e+00
2.230164739897658954e+00
2.361084373215427412e+00
2.492004006533195870e+00
2.622923639850964772e+00
2.753843273168733230e+00
2.884762906486502132e+00
3.015682539804270590e+00
3.146602173122038604e+00
3.277521806439807062e+00
3.408441439757575964e+00
3.539361073075344422e+00
3.670280706393112879e+00
3.801200339710881781e+00
3.932119973028650239e+00
4.063039606346419141e+00
4.193959239664187599e+00
4.324878872981956057e+00
4.455798506299725403e+00
4.586718139617493861e+00
4.717637772935262319e+00
4.848557406253030777e+00
4.979477039570799235e+00
5.110396672888568581e+00
5.241316306206337039e+00
5.372235939524105497e+00
5.503155572841873955e+00
5.634075206159643301e+00
5.764994839477411759e+00
5.895914472795180217e+00
6.026834106112948675e+00
6.157753739430717133e+00
6.288673372748486479e+00
6.419593006066253160e+00
6.550512639384021618e+00
6.681432272701790076e+00
6.812351906019559422e+00
6.943271539337327880e+00
7.074191172655096338e+00
7.205110805972864796e+00
7.336030439290634142e+00
7.466950072608402600e+00
7.597869705926171058e+00
7.728789339243939516e+00
7.859708972561707974e+00
7.990628605879477320e+00
8.121548239197245778e+00
8.252467872515014236e+00
8.383387505832782693e+00
8.514307139150551151e+00
8.645226772468319609e+00
8.776146405786088067e+00
8.907066039103858301e+00
9.037985672421626759e+00
9.168905305739395217e+00
9.299824939057163675e+00
9.430744572374932133e+00
9.561664205692700591e+00
9.692583839010469049e+00
9.823503472328237507e+00
9.954423105646005965e+00
1.008534273896377620e+01
1.021626237228154466e+01
1.034718200559931311e+01
1.047810163891707980e+01
1.060902127223484825e+01
1.073994090555261671e+01
1.087086053887038517e+01
1.100178017218815363e+01
1.113269980550592386e+01
1.126361943882369232e+01
1.139453907214146255e+01
1.152545870545922924e+01
1.165637833877699947e+01
1.178729797209476615e+01
1.191821760541253639e+01
1.204913723873030307e+01
1.218005687204807330e+01
1.231097650536584176e+01
1.244189613868361199e+01
1.257281577200137868e+01
1.270373540531914536e+01
1.283465503863691559e+01
1.296557467195468227e+01
1.309649430527245251e+01
1.322741393859021919e+01
1.335833357190798942e+01
1.348925320522575788e+01
1.362017283854352812e+01
1.375109247186129480e+01
1.388201210517906503e+01
1.401293173849683171e+01
1.414385137181460195e+01
1.427477100513236863e+01
1.440569063845013886e+01
1.453661027176790554e+01
1.466752990508567756e+01
1.479844953840344424e+01
1.492936917172121447e+01
1.506028880503898115e+01
1.519120843835675139e+01
1.532212807167451807e+01
1.545304770499228830e+01
1.558396733831005498e+01
1.571488697162782522e+01
1.584580660494559368e+01
1.597672623826336391e+01
1.610764587158113059e+01
1.623856550489890083e+01
1.636948513821666751e+01
1.650040477153443774e+01
1.663132440485220442e+01
1.676224403816997466e+01
1.689316367148774134e+01
1.702408330480550802e+01
1.715500293812327826e+01
1.728592257144104494e+01
1.741684220475881517e+01
1.754776183807658541e+01
1.767868147139435564e+01
1.780960110471212232e+01
1.794052073802989256e+01
1.807144037134765924e+01
1.820236000466542947e+01
1.833327963798319615e+01
1.846419927130096639e+01
1.859511890461873307e+01
1.872603853793650330e+01
1.885695817125426998e+01
1.898787780457204022e+01
1.911879743788980690e+01
1.924971707120757713e+01
1.938063670452534382e+01
1.951155633784311405e+01
1.964247597116088073e+01
1.977339560447865097e+01
1.990431523779642120e+01
2.003523487111419144e+01
2.016615450443195812e+01
2.029707413774972835e+01
2.042799377106749503e+01
2.055891340438526527e+01
2.068983303770303195e+01
2.082075267102080218e+01
2.095167230433856886e+01
2.108259193765633555e+01
2.121351157097410578e+01
2.134443120429187246e+01
2.147535083760964270e+01
2.160627047092740938e+01
2.173719010424517961e+01
2.186810973756294629e+01
