0.000000000000000000e+00
5.816216734746363498e-02
1.163243346949272700e-01
1.744865020423909119e-01
2.326486693898545399e-01
2.908108367373181680e-01
3.489730040847818238e-01
3.489730040847818238e-01
4.470474848614888197e-01
4.976446953175800436e-01
5.482419057736712675e-01
5.988391162297623804e-01
6.494363266858536043e-01
7.000335371419448283e-01
7.506307475980360522e-01
8.012279580541272761e-01
8.518251685102185000e-01
9.024223789663097239e-01
9.530195894224008368e-01
1.003616799878491950e+00
1.054214010334583396e+00
1.054214010334583396e+00
1.102897950901594815e+00
1.151581891468606234e+00
1.200265832035617874e+00
1.248949772602629293e+00
1.297633713169640712e+00
1.346317653736652131e+00
1.395001594303663772e+00
1.443685534870675191e+00
1.492369475437686610e+00
1.541053416004698029e+00
1.589737356571709448e+00
1.638421297138720867e+00
1.687105237705732508e+00
1.735789178272743927e+00
1.789926894555305958e+00
1.844064610837867990e+00
1.898202327120430022e+00
1.952340043402992054e+00
2.006477759685553863e+00
2.060615475968115895e+00
2.060615475968115895e+00
2.110375673667970631e+00
2.160135871367825366e+00
2.209896069067680102e+00
2.259656266767534838e+00
2.309416464467389574e+00
2.359176662167244309e+00
2.408936859867099045e+00
2.458697057566953781e+00
2.508457255266808517e+00
2.558217452966663696e+00
2.607977650666518432e+00
2.657737848366373168e+00
2.657737848366373168e+00
2.707139228438730338e+00
2.756540608511087065e+00
2.805941988583444235e+00
2.855343368655800962e+00
2.904744748728158132e+00
2.954146128800514859e+00
3.003547508872872029e+00
3.052948888945229200e+00
3.102350269017585926e+00
3.151751649089943097e+00
3.201153029162299823e+00
3.250554409234656994e+00
3.299955789307014165e+00
3.349357169379370891e+00
3.397041255602922138e+00
3.444725341826473830e+00
3.492409428050025078e+00
3.540093514273576325e+00
3.587777600497128017e+00
3.635461686720679264e+00
3.683145772944230512e+00
3.730829859167782203e+00
3.778513945391333451e+00
3.826198031614884698e+00
3.873882117838436390e+00
3.921566204061987637e+00
3.969250290285539329e+00
4.016934376509090576e+00
4.016934376509090576e+00
4.061671975669761459e+00
4.106409574830433229e+00
4.151147173991104111e+00
4.195884773151774993e+00
4.240622372312446764e+00
4.285359971473117646e+00
4.330097570633788528e+00
4.374835169794460299e+00
4.419572768955131181e+00
4.464310368115802063e+00
4.509047967276472946e+00
4.553785566437144716e+00
4.598523165597815598e+00
4.643260764758487369e+00
4.687998363919158251e+00
