-6.051217783336649420e-02
-4.271853994657678205e-02
-2.492490205978707685e-02
-7.131264172997369907e-03
1.066237371379234224e-02
2.845601160058205265e-02
4.624964948737175091e-02
6.404328737416148387e-02
8.183692526095118214e-02
9.963056314774088040e-02
1.174242010345306064e-01
1.352178389213203047e-01
1.530114768081100030e-01
1.708051146948997290e-01
1.885987525816894550e-01
2.063923904684791255e-01
2.241860283552688515e-01
2.419796662420585498e-01
2.597733041288482481e-01
2.775669420156379741e-01
2.953605799024277001e-01
3.131542177892173151e-01
3.309478556760070411e-01
3.487414935627967671e-01
3.665351314495864932e-01
3.843287693363762192e-01
4.021224072231659452e-01
4.199160451099556712e-01
4.377096829967453973e-01
4.555033208835350123e-01
4.732969587703247383e-01
4.910905966571144643e-01
5.088842345439041903e-01
5.266778724306939719e-01
5.444715103174836424e-01
5.622651482042734239e-01
5.800587860910629834e-01
5.978524239778527649e-01
6.156460618646424354e-01
6.334396997514322170e-01
6.512333376382218875e-01
6.690269755250116690e-01
6.868206134118012285e-01
7.046142512985910100e-01
7.224078891853806805e-01
7.402015270721704621e-01
7.579951649589601326e-01
7.757888028457499141e-01
7.935824407325394736e-01
8.113760786193292551e-01
8.291697165061189256e-01
8.469633543929087072e-01
8.647569922796983777e-01
8.825506301664881592e-01
9.003442680532778297e-01
9.181379059400676113e-01
9.359315438268572818e-01
9.537251817136470633e-01
9.715188196004365118e-01
9.893124574872262933e-01
1.007106095374016075e+00
1.024899733260805634e+00
1.042693371147595416e+00
1.060487009034385197e+00
1.078280646921174979e+00
1.096074284807964538e+00
1.113867922694754320e+00
1.131661560581544101e+00
1.149455198468333883e+00
1.167248836355123442e+00
1.185042474241913224e+00
1.202836112128702784e+00
1.220629750015492565e+00
1.238423387902282125e+00
1.256217025789071906e+00
1.274010663675861688e+00
1.291804301562651469e+00
1.309597939449441029e+00
1.327391577336230810e+00
1.345185215223020592e+00
1.362978853109810373e+00
1.380772490996599933e+00
1.398566128883389714e+00
1.416359766770179496e+00
1.434153404656969055e+00
1.451947042543758615e+00
1.469740680430548396e+00
1.487534318317338178e+00
1.505327956204127959e+00
1.523121594090917519e+00
1.540915231977707300e+00
1.558708869864497082e+00
1.576502507751286863e+00
1.594296145638076423e+00
1.612089783524866204e+00
1.629883421411655986e+00
1.647677059298445545e+00
1.665470697185235105e+00
1.683264335072024886e+00
1.701057972958814668e+00
1.718851610845604450e+00
1.736645248732394009e+00
1.754438886619183791e+00
1.772232524505973572e+00
1.790026162392763354e+00
1.807819800279552913e+00
1.825613438166342695e+00
1.843407076053132254e+00
1.861200713939922258e+00
1.878994351826711595e+00
1.896787989713501599e+00
1.914581627600291158e+00
1.932375265487081162e+00
1.950168903373870499e+00
1.967962541260660503e+00
1.985756179147450062e+00
2.003549817034239400e+00
2.021343454921029625e+00
2.039137092807818963e+00
2.056930730694608744e+00
2.074724368581398526e+00
2.092518006468188307e+00
2.110311644354978089e+00
2.128105282241767870e+00
2.145898920128557208e+00
2.163692558015347434e+00
2.181486195902136771e+00
2.199279833788926553e+00
2.217073471675716334e+00
2.234867109562505672e+00
2.252660747449295897e+00
2.270454385336085235e+00
2.288248023222875016e+00
2.306041661109664798e+00
2.323835298996454579e+00
2.341628936883243917e+00
2.359422574770034142e+00
2.377216212656823480e+00
2.395009850543613705e+00
2.412803488430403043e+00
2.430597126317192824e+00
2.448390764203982606e+00
2.466184402090771943e+00
2.483978039977561725e+00
2.501771677864351506e+00
2.519565315751141288e+00
2.537358953637931069e+00
2.555152591524720851e+00
2.572946229411510188e+00
2.590739867298300414e+00
2.608533505185089751e+00
2.626327143071879533e+00
2.644120780958669314e+00
2.661914418845459096e+00
2.679708056732248878e+00
2.697501694619038215e+00
2.715295332505827997e+00
2.733088970392617778e+00
2.750882608279407560e+00
2.768676246166196897e+00
2.786469884052987123e+00
2.804263521939776460e+00
2.822057159826566686e+00
2.839850797713356023e+00
2.857644435600145805e+00
2.875438073486935586e+00
2.893231711373725368e+00
2.911025349260514705e+00
2.928818987147304487e+00
2.946612625034094268e+00
2.964406262920884050e+00
2.982199900807673831e+00
2.999993538694463169e+00
3.017787176581253394e+00
3.035580814468042732e+00
3.053374452354832513e+00
3.071168090241622295e+00
3.088961728128412076e+00
3.106755366015201858e+00
3.124549003901991640e+00
3.142342641788780977e+00
3.160136279675570758e+00
3.177929917562360540e+00
3.195723555449149877e+00
3.213517193335940103e+00
3.231310831222729441e+00
3.249104469109519666e+00
3.266898106996309004e+00
3.284691744883098785e+00
3.302485382769888567e+00
3.320279020656678348e+00
3.338072658543467686e+00
3.355866296430257467e+00
3.373659934317047249e+00
3.391453572203837030e+00
3.409247210090626812e+00
3.427040847977416149e+00
3.444834485864206375e+00
3.462628123750995712e+00
3.480421761637785494e+00
