-3.760901062252220761e+00
-3.636879123528759195e+00
-3.512857184805298516e+00
-3.388835246081836949e+00
-3.264813307358375383e+00
-3.140791368634914260e+00
-3.016769429911453138e+00
-2.892747491187992015e+00
-2.768725552464530448e+00
-2.644703613741068882e+00
-2.520681675017607759e+00
-2.396659736294146636e+00
-2.272637797570685514e+00
-2.148615858847223947e+00
-2.024593920123762381e+00
-1.900571981400301036e+00
-1.776550042676839913e+00
-1.652528103953378569e+00
-1.528506165229917446e+00
-1.404484226506455880e+00
-1.280462287782994979e+00
-1.156440349059533412e+00
-1.032418410336072068e+00
-9.083964716126109451e-01
-7.843745328891494895e-01
-6.603525941656880338e-01
-5.363306554422269112e-01
-4.123087167187655111e-01
-2.882867779953039999e-01
-1.642648392718429884e-01
-4.024290054838151193e-02
8.377903817507953432e-02
2.078009768985409900e-01
3.318229156220024456e-01
4.558448543454639568e-01
5.798667930689245242e-01
7.038887317923859799e-01
8.279106705158475465e-01
9.519326092393090022e-01
1.075954547962770347e+00
1.199976486686231025e+00
1.323998425409692592e+00
1.448020364133153937e+00
1.572042302856615503e+00
1.696064241580076848e+00
1.820086180303538415e+00
1.944108119026999093e+00
2.068130057750460438e+00
2.192151996473922004e+00
2.316173935197383571e+00
2.440195873920844694e+00
2.564217812644305372e+00
2.688239751367766939e+00
2.812261690091228505e+00
2.936283628814690072e+00
3.060305567538151195e+00
3.184327506261612761e+00
3.308349444985073440e+00
3.432371383708535006e+00
3.556393322431996573e+00
3.680415261155457696e+00
3.804437199878919706e+00
3.928459138602380385e+00
4.052481077325842840e+00
4.176503016049303518e+00
4.300524954772764197e+00
4.424546893496226652e+00
4.548568832219686442e+00
4.672590770943148897e+00
4.796612709666609575e+00
4.920634648390070254e+00
5.044656587113532709e+00
5.168678525836993387e+00
5.292700464560455842e+00
5.416722403283916520e+00
5.540744342007377199e+00
5.664766280730839654e+00
5.788788219454299444e+00
5.912810158177761899e+00
6.036832096901222577e+00
6.160854035624683256e+00
6.284875974348145711e+00
6.408897913071606389e+00
6.532919851795068844e+00
6.656941790518529523e+00
6.780963729241991977e+00
6.904985667965451768e+00
7.029007606688912446e+00
7.153029545412374901e+00
7.277051484135835580e+00
7.401073422859298034e+00
7.525095361582758713e+00
7.649117300306219391e+00
7.773139239029681846e+00
7.897161177753142525e+00
8.021183116476604980e+00
8.145205055200065658e+00
8.269226993923526337e+00
8.393248932646988791e+00
8.517270871370449470e+00
8.641292810093911925e+00
8.765314748817370827e+00
8.889336687540831505e+00
9.013358626264293960e+00
9.137380564987754639e+00
9.261402503711217093e+00
9.385424442434677772e+00
9.509446381158138450e+00
9.633468319881600905e+00
9.757490258605061584e+00
9.881512197328524039e+00
1.000553413605198472e+01
1.012955607477544717e+01
1.025357801349890785e+01
1.037759995222236853e+01
1.050162189094583098e+01
1.062564382966929166e+01
1.074966576839275412e+01
1.087368770711621480e+01
1.099770964583967547e+01
1.112173158456313615e+01
1.124575352328659683e+01
1.136977546201005929e+01
1.149379740073351996e+01
1.161781933945698064e+01
1.174184127818044132e+01
1.186586321690390555e+01
1.198988515562736623e+01
1.211390709435082691e+01
1.223792903307428759e+01
1.236195097179774827e+01
1.248597291052121250e+01
1.260999484924467318e+01
1.273401678796813385e+01
1.285803872669159453e+01
1.298206066541505521e+01
1.310608260413851944e+01
1.323010454286198012e+01
1.335412648158544080e+01
1.347814842030890148e+01
1.360217035903236216e+01
1.372619229775582461e+01
1.385021423647928529e+01
1.397423617520274597e+01
1.409825811392620665e+01
1.422228005264966733e+01
1.434630199137313156e+01
1.447032393009659224e+01
1.459434586882005291e+01
1.471836780754351359e+01
1.484238974626697427e+01
1.496641168499043850e+01
1.509043362371389918e+01
1.521445556243735808e+01
1.533847750116081876e+01
1.546249943988427944e+01
1.558652137860774367e+01
1.571054331733120435e+01
1.583456525605466503e+01
1.595858719477812571e+01
1.608260913350158461e+01
1.620663107222505062e+01
1.633065301094850952e+01
1.645467494967197197e+01
1.657869688839543088e+01
1.670271882711889688e+01
1.682674076584235578e+01
1.695076270456581824e+01
1.707478464328927714e+01
1.719880658201273960e+01
1.732282852073620205e+01
1.744685045945966095e+01
1.757087239818312341e+01
1.769489433690658231e+01
1.781891627563004477e+01
1.794293821435350722e+01
1.806696015307696968e+01
1.819098209180042858e+01
1.831500403052389103e+01
1.843902596924734993e+01
1.856304790797081594e+01
1.868706984669427484e+01
1.881109178541773730e+01
1.893511372414119620e+01
1.905913566286465866e+01
1.918315760158812111e+01
1.930717954031158357e+01
1.943120147903504247e+01
1.955522341775850492e+01
1.967924535648196382e+01
1.980326729520542628e+01
1.992728923392888873e+01
2.005131117265234764e+01
2.017533311137581009e+01
2.029935505009926899e+01
2.042337698882273500e+01
2.054739892754619390e+01
2.067142086626965636e+01
2.079544280499311526e+01
2.091946474371657771e+01
