0.000000000000000000e+00
4.900656824863481448e-02
9.801313649726962896e-02
1.470197047459044504e-01
1.960262729945392579e-01
2.450328412431740654e-01
2.940394094918089007e-01
3.430459777404437083e-01
3.920525459890785158e-01
4.410591142377133234e-01
4.900656824863481309e-01
5.390722507349829939e-01
5.880788189836178015e-01
6.370853872322526090e-01
6.853089210980640722e-01
7.335324549638756464e-01
7.817559888296871096e-01
8.299795226954985727e-01
8.782030565613101469e-01
9.264265904271216101e-01
9.719326895151396695e-01
1.017438788603157729e+00
1.062944887691175788e+00
1.108450986779193848e+00
1.153957085867211907e+00
1.199463184955229966e+00
1.244969284043247804e+00
1.290475383131266085e+00
1.335981482219283922e+00
1.381487581307302204e+00
1.426993680395320041e+00
1.472499779483338100e+00
1.518005878571356160e+00
1.563511977659374219e+00
1.611735511525185682e+00
1.659959045390997145e+00
1.708182579256808609e+00
1.756406113122620294e+00
1.804629646988431757e+00
1.852853180854243220e+00
1.910476319720682437e+00
1.968099458587121653e+00
2.025722597453560869e+00
2.068194956602377843e+00
2.110667315751194373e+00
2.153139674900011347e+00
2.195612034048828320e+00
2.238084393197644850e+00
2.280556752346461824e+00
2.323029111495278798e+00
2.365501470644095772e+00
2.407973829792912301e+00
2.450446188941729275e+00
2.492918548090546249e+00
2.535390907239363223e+00
2.577863266388179753e+00
2.620335625536996726e+00
2.662807984685813700e+00
2.711031518551625386e+00
2.759255052417436627e+00
2.807478586283248312e+00
2.855702120149059553e+00
2.903925654014871238e+00
2.952149187880682923e+00
2.994621547029499897e+00
3.037093906178316427e+00
3.079566265327133401e+00
3.122038624475950375e+00
3.164510983624767348e+00
3.206983342773583878e+00
3.249455701922400852e+00
3.291928061071217826e+00
3.334400420220034356e+00
3.376872779368851329e+00
3.419345138517668303e+00
3.461817497666484833e+00
3.504289856815301807e+00
3.546762215964118781e+00
3.589234575112935310e+00
3.630569032712202215e+00
3.671903490311469120e+00
3.713237947910736469e+00
3.754572405510003374e+00
3.795906863109270279e+00
3.837241320708537184e+00
3.878575778307804534e+00
3.878575778307804534e+00
3.921793132457633835e+00
3.965010486607463136e+00
4.008227840757292881e+00
4.051445194907121738e+00
4.051445194907121738e+00
4.094662549056951484e+00
4.137879903206780341e+00
4.181097257356610086e+00
4.224314611506438943e+00
4.224314611506438943e+00
4.281937750372877716e+00
4.339560889239317376e+00
4.397184028105756148e+00
