-6.021878651075822653e+00
-5.889543534488288934e+00
-5.757208417900754327e+00
-5.624873301313221496e+00
-5.492538184725687778e+00
-5.360203068138153171e+00
-5.227867951550619452e+00
-5.095532834963085733e+00
-4.963197718375552014e+00
-4.830862601788018296e+00
-4.698527485200483689e+00
-4.566192368612950858e+00
-4.433857252025416251e+00
-4.301522135437882532e+00
-4.169187018850348814e+00
-4.036851902262815095e+00
-3.904516785675281376e+00
-3.772181669087747213e+00
-3.639846552500213495e+00
-3.507511435912679332e+00
-3.375176319325146057e+00
-3.242841202737611894e+00
-3.110506086150078175e+00
-2.978170969562544457e+00
-2.845835852975010294e+00
-2.713500736387476575e+00
-2.581165619799942412e+00
-2.448830503212409138e+00
-2.316495386624874975e+00
-2.184160270037340812e+00
-2.051825153449807537e+00
-1.919490036862273818e+00
-1.787154920274739656e+00
-1.654819803687205715e+00
-1.522484687099671552e+00
-1.390149570512138499e+00
-1.257814453924604337e+00
-1.125479337337070396e+00
-9.931442207495363439e-01
-8.608091041620031802e-01
-7.284739875744691284e-01
-5.961388709869351876e-01
-4.638037543994011358e-01
-3.314686378118670840e-01
-1.991335212243339203e-01
-6.679840463679988238e-02
6.553671195073414169e-02
1.978718285382681519e-01
3.302069451258021759e-01
4.625420617133353951e-01
5.948771783008693914e-01
7.272122948884034432e-01
8.595474114759374951e-01
9.918825280634706587e-01
1.124217644651004600e+00
1.256552761238538762e+00
1.388887877826072703e+00
1.521222994413606644e+00
1.653558111001140807e+00
1.785893227588673859e+00
1.918228344176207134e+00
2.050563460763742185e+00
2.182898577351275016e+00
2.315233693938810067e+00
2.447568810526343341e+00
2.579903927113876616e+00
2.712239043701411223e+00
2.844574160288944498e+00
2.976909276876479549e+00
3.109244393464012379e+00
3.241579510051545654e+00
3.373914626639080705e+00
3.506249743226613980e+00
3.638584859814148587e+00
3.770919976401681861e+00
3.903255092989215136e+00
4.035590209576749743e+00
4.167925326164283462e+00
4.300260442751816292e+00
4.432595559339350899e+00
4.564930675926884618e+00
4.697265792514419225e+00
4.829600909101952055e+00
4.961936025689485774e+00
5.094271142277020381e+00
5.226606258864553212e+00
5.358941375452088707e+00
5.491276492039621537e+00
5.623611608627155256e+00
5.755946725214689863e+00
5.888281841802222694e+00
6.020616958389757301e+00
6.152952074977291019e+00
6.285287191564823850e+00
6.417622308152359345e+00
6.549957424739892176e+00
6.682292541327426783e+00
6.814627657914960501e+00
6.946962774502493332e+00
7.079297891090027939e+00
7.211633007677561658e+00
7.343968124265094488e+00
7.476303240852629095e+00
7.608638357440162814e+00
7.740973474027697421e+00
7.873308590615231140e+00
8.005643707202763082e+00
8.137978823790298577e+00
8.270313940377832296e+00
8.402649056965366015e+00
8.534984173552899733e+00
8.667319290140433452e+00
8.799654406727968947e+00
8.931989523315500890e+00
9.064324639903036385e+00
9.196659756490568327e+00
9.328994873078103822e+00
9.461329989665637541e+00
9.593665106253171260e+00
9.726000222840703202e+00
9.858335339428236921e+00
9.990670456015774192e+00
1.012300557260330613e+01
1.025534068919083985e+01
1.038767580577837357e+01
1.052001092236590551e+01
1.065234603895344279e+01
1.078468115554097650e+01
1.091701627212850845e+01
1.104935138871604217e+01
1.118168650530357588e+01
1.131402162189111138e+01
1.144635673847864510e+01
1.157869185506617882e+01
1.171102697165371076e+01
1.184336208824124448e+01
1.197569720482878175e+01
1.210803232141631369e+01
1.224036743800384741e+01
1.237270255459138113e+01
1.250503767117891485e+01
1.263737278776645034e+01
1.276970790435398406e+01
1.290204302094151778e+01
1.303437813752904972e+01
1.316671325411658344e+01
1.329904837070412071e+01
1.343138348729165266e+01
1.356371860387918638e+01
1.369605372046672009e+01
1.382838883705425204e+01
1.396072395364178576e+01
1.409305907022932303e+01
1.422539418681685497e+01
1.435772930340438869e+01
1.449006441999192241e+01
1.462239953657945435e+01
1.475473465316699162e+01
1.488706976975452534e+01
1.501940488634205728e+01
1.515174000292959278e+01
1.528407511951712294e+01
1.541641023610465844e+01
1.554874535269219571e+01
1.568108046927972588e+01
1.581341558586726137e+01
1.594575070245479154e+01
1.607808581904232881e+01
1.621042093562986608e+01
1.634275605221739625e+01
1.647509116880492996e+01
1.660742628539246013e+01
1.673976140197999740e+01
1.687209651856753467e+01
1.700443163515506484e+01
1.713676675174260211e+01
1.726910186833013228e+01
1.740143698491766600e+01
1.753377210150520327e+01
1.766610721809273343e+01
1.779844233468027070e+01
1.793077745126780087e+01
1.806311256785533814e+01
1.819544768444287186e+01
1.832778280103040203e+01
1.846011791761793930e+01
1.859245303420546946e+01
1.872478815079300674e+01
1.885712326738054401e+01
1.898945838396807062e+01
1.912179350055560789e+01
1.925412861714313806e+01
1.938646373373067533e+01
1.951879885031821260e+01
1.965113396690574277e+01
1.978346908349327649e+01
1.991580420008080665e+01
2.004813931666834392e+01
2.018047443325588119e+01
2.031280954984341136e+01
