-4.429180911042596702e-01
-4.231102939609129865e-01
-4.033024968175663028e-01
-3.834946996742196745e-01
-3.636869025308730463e-01
-3.438791053875264181e-01
-3.240713082441797344e-01
-3.042635111008330506e-01
-2.844557139574864224e-01
-2.646479168141397387e-01
-2.448401196707931105e-01
-2.250323225274464267e-01
-2.052245253840997707e-01
-1.854167282407531148e-01
-1.656089310974064865e-01
-1.458011339540598028e-01
-1.259933368107131468e-01
-1.061855396673665186e-01
-8.637774252401982100e-02
-6.656994538067317890e-02
-4.676214823732654374e-02
-2.695435109397985307e-02
-7.146553950633214441e-03
1.266124319271342592e-02
3.246904033606011486e-02
5.227683747940670145e-02
7.208463462275339906e-02
9.189243176610008279e-02
1.117002289094466694e-01
1.315080260527933531e-01
1.513158231961400646e-01
1.711236203394866373e-01
1.909314174828333488e-01
2.107392146261800325e-01
2.305470117695266052e-01
2.503548089128733167e-01
2.701626060562200005e-01
2.899704031995665732e-01
3.097782003429132569e-01
3.295859974862599961e-01
3.493937946296065689e-01
3.692015917729532526e-01
3.890093889162999363e-01
4.088171860596465090e-01
4.286249832029932483e-01
4.484327803463399320e-01
4.682405774896865047e-01
4.880483746330331885e-01
5.078561717763798722e-01
5.276639689197265559e-01
5.474717660630730176e-01
5.672795632064197013e-01
5.870873603497664961e-01
6.068951574931131798e-01
6.267029546364598636e-01
6.465107517798065473e-01
6.663185489231530090e-01
6.861263460664996927e-01
7.059341432098463764e-01
7.257419403531930602e-01
7.455497374965397439e-01
7.653575346398864276e-01
7.851653317832328893e-01
8.049731289265796841e-01
8.247809260699263678e-01
8.445887232132730515e-01
8.643965203566197353e-01
8.842043174999661970e-01
9.040121146433128807e-01
9.238199117866595644e-01
9.436277089300062482e-01
9.634355060733529319e-01
9.832433032166996156e-01
1.003051100360046188e+00
1.022858897503392761e+00
1.042666694646739556e+00
1.062474491790086129e+00
1.082282288933432923e+00
1.102090086076779496e+00
1.121897883220126069e+00
1.141705680363472863e+00
1.161513477506819436e+00
1.181321274650166231e+00
1.201129071793512804e+00
1.220936868936859598e+00
1.240744666080205949e+00
1.260552463223552744e+00
1.280360260366899317e+00
1.300168057510246111e+00
1.319975854653592684e+00
1.339783651796939479e+00
1.359591448940286051e+00
1.379399246083632624e+00
1.399207043226979419e+00
1.419014840370325992e+00
1.438822637513672786e+00
1.458630434657019359e+00
1.478438231800365932e+00
1.498246028943712727e+00
1.518053826087059299e+00
1.537861623230405872e+00
1.557669420373752667e+00
1.577477217517099239e+00
1.597285014660446034e+00
1.617092811803792607e+00
1.636900608947138958e+00
1.656708406090485974e+00
1.676516203233832325e+00
1.696324000377179342e+00
1.716131797520525692e+00
1.735939594663872709e+00
1.755747391807219060e+00
1.775555188950565633e+00
1.795362986093912649e+00
1.815170783237259000e+00
1.834978580380606017e+00
1.854786377523952368e+00
1.874594174667298940e+00
1.894401971810645957e+00
1.914209768953992086e+00
1.934017566097338880e+00
1.953825363240685897e+00
1.973633160384032692e+00
1.993440957527378821e+00
2.013248754670725837e+00
2.033056551814072854e+00
2.052864348957418539e+00
2.072672146100765556e+00
2.092479943244112572e+00
2.112287740387458701e+00
2.132095537530805274e+00
2.151903334674152291e+00
2.171711131817499307e+00
2.191518928960845436e+00
2.211326726104192453e+00
2.231134523247539025e+00
2.250942320390885154e+00
2.270750117534232171e+00
2.290557914677579188e+00
2.310365711820925760e+00
2.330173508964271889e+00
2.349981306107618906e+00
2.369789103250965923e+00
2.389596900394312051e+00
2.409404697537658624e+00
2.429212494681005641e+00
2.449020291824351769e+00
2.468828088967698786e+00
2.488635886111045359e+00
2.508443683254392376e+00
2.528251480397738504e+00
2.548059277541085521e+00
2.567867074684432094e+00
2.587674871827778222e+00
2.607482668971125239e+00
2.627290466114472256e+00
2.647098263257818829e+00
2.666906060401164957e+00
2.686713857544511974e+00
2.706521654687858991e+00
2.726329451831205120e+00
2.746137248974551692e+00
2.765945046117898709e+00
2.785752843261244838e+00
2.805560640404591854e+00
2.825368437547938427e+00
2.845176234691285444e+00
2.864984031834631573e+00
2.884791828977978589e+00
2.904599626121325606e+00
2.924407423264671291e+00
2.944215220408018308e+00
2.964023017551365324e+00
2.983830814694712341e+00
3.003638611838058026e+00
3.023446408981405042e+00
3.043254206124752059e+00
3.063062003268098188e+00
3.082869800411445205e+00
3.102677597554791777e+00
3.122485394698138794e+00
3.142293191841484923e+00
3.162100988984831940e+00
3.181908786128178512e+00
3.201716583271524641e+00
3.221524380414871658e+00
3.241332177558218675e+00
3.261139974701564803e+00
3.280947771844911376e+00
3.300755568988258393e+00
3.320563366131605409e+00
3.340371163274951538e+00
3.360178960418298111e+00
3.379986757561644239e+00
3.399794554704991256e+00
3.419602351848338273e+00
3.439410148991684846e+00
3.459217946135030974e+00
3.479025743278377991e+00
3.498833540421725008e+00
