-2.697753087943493000e+00
-2.560909015720388648e+00
-2.424064943497283853e+00
-2.287220871274179057e+00
-2.150376799051074705e+00
-2.013532726827969910e+00
-1.876688654604865114e+00
-1.739844582381760540e+00
-1.603000510158655967e+00
-1.466156437935551393e+00
-1.329312365712446820e+00
-1.192468293489342024e+00
-1.055624221266237228e+00
-9.187801490431326545e-01
-7.819360768200280809e-01
-6.450920045969235073e-01
-5.082479323738188226e-01
-3.714038601507142490e-01
-2.345597879276096476e-01
-9.771571570450503230e-02
3.912835651859957603e-02
1.759724287417041844e-01
3.128165009648087858e-01
4.496605731879134149e-01
5.865046454110184326e-01
7.233487176341230063e-01
8.601927898572276909e-01
9.970368620803322646e-01
1.133880934303436838e+00
1.270725006526541412e+00
1.407569078749646208e+00
1.544413150972750781e+00
1.681257223195855355e+00
1.818101295418959928e+00
1.954945367642064502e+00
2.091789439865169076e+00
2.228633512088273871e+00
2.365477584311378223e+00
2.502321656534483019e+00
2.639165728757587814e+00
2.776009800980692166e+00
2.912853873203796962e+00
3.049697945426901313e+00
3.186542017650006109e+00
3.323386089873110461e+00
3.460230162096215256e+00
3.597074234319320052e+00
3.733918306542424403e+00
3.870762378765530087e+00
4.007606450988634883e+00
4.144450523211738791e+00
4.281294595434843586e+00
4.418138667657948382e+00
4.554982739881053178e+00
4.691826812104157973e+00
4.828670884327261881e+00
4.965514956550366676e+00
5.102359028773470584e+00
5.239203100996576268e+00
5.376047173219680175e+00
5.512891245442784971e+00
5.649735317665888878e+00
5.786579389888994562e+00
5.923423462112098470e+00
6.060267534335203266e+00
6.197111606558308949e+00
6.333955678781412857e+00
6.470799751004518541e+00
6.607643823227622448e+00
6.744487895450727244e+00
6.881331967673831151e+00
7.018176039896936835e+00
7.155020112120040743e+00
7.291864184343146427e+00
7.428708256566249446e+00
7.565552328789356018e+00
7.702396401012459926e+00
7.839240473235563833e+00
7.976084545458667741e+00
8.112928617681774313e+00
8.249772689904878220e+00
8.386616762127982128e+00
8.523460834351086035e+00
8.660304906574193495e+00
8.797148978797297403e+00
8.933993051020401310e+00
9.070837123243503441e+00
9.207681195466610902e+00
9.344525267689714809e+00
9.481369339912818717e+00
9.618213412135922624e+00
9.755057484359030084e+00
9.891901556582133992e+00
1.002874562880523790e+01
1.016558970102834181e+01
1.030243377325144749e+01
1.043927784547455140e+01
1.057612191769765531e+01
1.071296598992076277e+01
1.084981006214386667e+01
1.098665413436697058e+01
1.112349820659007449e+01
1.126034227881318195e+01
1.139718635103628586e+01
1.153403042325938976e+01
1.167087449548249189e+01
1.180771856770559936e+01
1.194456263992870326e+01
1.208140671215180717e+01
1.221825078437491108e+01
1.235509485659801854e+01
1.249193892882112245e+01
1.262878300104422635e+01
1.276562707326733026e+01
1.290247114549043417e+01
1.303931521771353985e+01
1.317615928993664376e+01
1.331300336215974767e+01
1.344984743438285157e+01
1.358669150660595903e+01
1.372353557882906294e+01
1.386037965105216685e+01
1.399722372327527076e+01
1.413406779549837822e+01
1.427091186772148035e+01
1.440775593994458426e+01
1.454460001216768816e+01
1.468144408439079562e+01
1.481828815661389953e+01
1.495513222883700344e+01
1.509197630106011090e+01
1.522882037328321481e+01
1.536566444550631871e+01
1.550250851772942262e+01
1.563935258995252831e+01
1.577619666217563221e+01
1.591304073439873612e+01
1.604988480662184003e+01
1.618672887884494571e+01
1.632357295106805140e+01
1.646041702329115353e+01
1.659726109551425921e+01
1.673410516773736489e+01
1.687094923996047058e+01
1.700779331218357271e+01
1.714463738440667839e+01
1.728148145662978408e+01
1.741832552885288976e+01
1.755516960107599189e+01
1.769201367329909402e+01
1.782885774552220326e+01
1.796570181774530539e+01
1.810254588996841107e+01
1.823938996219151321e+01
1.837623403441462244e+01
1.851307810663772457e+01
1.864992217886083026e+01
1.878676625108393239e+01
1.892361032330703807e+01
1.906045439553014376e+01
1.919729846775324589e+01
1.933414253997635512e+01
1.947098661219945726e+01
1.960783068442256294e+01
1.974467475664566507e+01
1.988151882886877431e+01
2.001836290109187644e+01
2.015520697331497857e+01
2.029205104553808425e+01
2.042889511776118994e+01
2.056573918998429562e+01
2.070258326220739775e+01
2.083942733443050344e+01
2.097627140665360912e+01
2.111311547887671480e+01
2.124995955109981693e+01
2.138680362332292262e+01
2.152364769554602830e+01
2.166049176776913043e+01
2.179733583999223612e+01
2.193417991221533825e+01
2.207102398443844748e+01
2.220786805666154962e+01
2.234471212888465530e+01
2.248155620110775743e+01
2.261840027333086667e+01
2.275524434555396880e+01
2.289208841777707093e+01
2.302893249000017661e+01
2.316577656222328230e+01
2.330262063444638798e+01
2.343946470666949011e+01
2.357630877889259935e+01
2.371315285111570148e+01
2.384999692333880716e+01
2.398684099556190930e+01
2.412368506778501498e+01
2.426052914000812066e+01
2.439737321223122279e+01
2.453421728445432848e+01
