0.000000000000000000e+00
8.294023097297097136e-02
1.658804619459419427e-01
2.488206929189129002e-01
3.317609238918838854e-01
4.147011548648548707e-01
4.976413858378258004e-01
5.805816168107967856e-01
6.635218477837677709e-01
7.464620787567387561e-01
8.294023097297097413e-01
9.123425407026807266e-01
9.952827716756516008e-01
1.078223002648622586e+00
1.161163233621593571e+00
1.244103464594564556e+00
1.332967997779890723e+00
1.421832530965216668e+00
1.510697064150542834e+00
1.599561597335868779e+00
1.688426130521194946e+00
1.777290663706521112e+00
1.866155196891847057e+00
1.954126596523096504e+00
2.042097996154346173e+00
2.130069395785595621e+00
2.218040795416845068e+00
2.306012195048094515e+00
2.388485382202390817e+00
2.470958569356687118e+00
2.553431756510983863e+00
2.635904943665280165e+00
2.718378130819576466e+00
2.800851317973872767e+00
2.883324505128169069e+00
2.965797692282465370e+00
3.048270879436762115e+00
3.130744066591058417e+00
3.213217253745354718e+00
3.295690440899651019e+00
3.378163628053947320e+00
3.460636815208244066e+00
3.543110002362540367e+00
3.625583189516836669e+00
3.708462051461077102e+00
3.791340913405317981e+00
3.874219775349558414e+00
3.957098637293798848e+00
4.039977499238039726e+00
4.122856361182280160e+00
4.205735223126520594e+00
4.288614085070761028e+00
4.371492947015001462e+00
4.454371808959241896e+00
4.537250670903482330e+00
4.620129532847723652e+00
4.703008394791964086e+00
4.787658913555447704e+00
4.872309432318930433e+00
4.956959951082414051e+00
5.041610469845897669e+00
5.126260988609381286e+00
5.210911507372864016e+00
5.295562026136347633e+00
5.380212544899831251e+00
5.464863063663313980e+00
5.552834463294563427e+00
5.640805862925812875e+00
5.728777262557062322e+00
5.816748662188311769e+00
5.904720061819561217e+00
5.978029561512268941e+00
6.051339061204976666e+00
6.124648560897685279e+00
6.197958060590393004e+00
6.271267560283100728e+00
6.344577059975808453e+00
6.417886559668516178e+00
6.491196059361224791e+00
6.564505559053932515e+00
6.637815058746640240e+00
6.711124558439347965e+00
6.784434058132055689e+00
6.860619525019190590e+00
6.936804991906325490e+00
7.012990458793460391e+00
7.089175925680596180e+00
7.165361392567731080e+00
7.241546859454865981e+00
7.317732326342000881e+00
7.393917793229135782e+00
7.470103260116271571e+00
7.546288727003406471e+00
7.546288727003406471e+00
7.619598226696114196e+00
7.692907726388821921e+00
7.766217226081530534e+00
7.839526725774238258e+00
7.912836225466945983e+00
7.986145725159653708e+00
