-4.188056602752507018e+00 -4.188056602747336044e+00 -4.188051749220059072e+00 1.976412015199726507e-02 2.022911121435872969e-02 2.022911136945343066e-02
-4.201948140648395835e+00 -4.201945007723078440e+00 -1.710696937647049554e+00 -5.220610755723533725e-01 -5.220499425385252135e-01 1.981738560810171634e+00
-4.242808187199393899e+00 -4.242805344113346422e+00 -1.039359024906171935e+00 -1.039354492896897408e+00 3.673876044577015776e+00 6.311921017892360375e+00
-4.308118578245258234e+00 -4.308116160642706305e+00 -1.545602574783206506e+00 -1.545600593006406065e+00 5.340556188449108177e+00 1.009275768347095870e+01
-4.393502612856067913e+00 -4.393500682264225965e+00 -2.034819692565774218e+00 -2.034819137336961070e+00 6.771939173493493058e+00 1.317171822003044568e+01
-4.492654498687458364e+00 -4.492653033854653977e+00 -2.500383919745178485e+00 -2.500383611283393925e+00 7.954716813697641165e+00 1.560005329862195111e+01
-4.597524020455063365e+00 -4.597522922462218276e+00 -2.935085814044666286e+00 -2.935085028989551592e+00 8.903912765531009299e+00 1.736362522296529320e+01
-4.698861449870998186e+00 -4.698860557311227204e+00 -3.331242406544811185e+00 -3.331241458480767026e+00 9.670615004345053833e+00 1.847073206487752728e+01
-4.787165996545118318e+00 -4.787165105500969631e+00 -3.680795536737870410e+00 -3.680794698151602873e+00 1.033108318513080093e+01 1.897352855509013736e+01
-4.854122090684785285e+00 -4.854120976473883076e+00 -3.975167484226713732e+00 -3.975166995260499103e+00 1.095753865902424096e+01 1.897776422368442795e+01
-4.894836932077291536e+00 -4.894835382882614994e+00 -4.204375572501056091e+00 -4.204375517601882883e+00 1.156978224180116754e+01 1.865315021678637564e+01
-4.911289159837626705e+00 -4.911287078714071441e+00 -4.354819223841062126e+00 -4.354818565085956550e+00 1.208009105416698858e+01 1.824718195331361770e+01
-4.914114244031080325e+00 -4.914111886727550171e+00 -4.408471210400559670e+00 -4.408470250471903995e+00 1.229185072567192627e+01 1.805869578188186253e+01
-4.929668749669246175e+00 -4.684594240861367886e+00 -4.437453172423534653e+00 -4.132454375337798247e+00 1.228389298667840634e+01 1.794632160793386078e+01
-4.975216184470235170e+00 -4.522170036868176091e+00 -3.941286049614732612e+00 -3.209868815074725656e+00 1.226141167732938797e+01 1.761949479358599291e+01
-5.047493601751551928e+00 -4.656192166146929878e+00 -2.344431927694028861e+00 2.130797027314565717e-01 1.222894417570681824e+01 1.710825843651818801e+01
-5.141372663650743746e+00 -4.829595213519665364e+00 2.688363021151201959e+00 3.567975986590051551e+00 1.219514824115237062e+01 1.645987018924898848e+01
-5.250271825360309563e+00 -5.029914335901826128e+00 4.625097584548881535e+00 5.130408559153149639e+00 1.217391669627927442e+01 1.573457247378392942e+01
-5.366656223182966201e+00 -5.243168754081254157e+00 5.961066354470299977e+00 6.277746398050918053e+00 1.218426230406286059e+01 1.499961737268779238e+01
-5.482575781651139124e+00 -5.454851631813244950e+00 6.939968221397075254e+00 7.127873091206533118e+00 1.224594978960641889e+01 1.432136926805001131e+01
-5.650849507368294056e+00 -5.590202650300951426e+00 7.622651452230295277e+00 7.726479374681564316e+00 1.236774606538149257e+01 1.375521433012749384e+01
-5.818283037551275072e+00 -5.682338196782836803e+00 8.056863884716047863e+00 8.111125620942116754e+00 1.253335143988506317e+01 1.333412379220177968e+01
-5.946257147394329756e+00 -5.752865674091808046e+00 8.303258945294953008e+00 8.327929600764326423e+00 1.270156892477923094e+01 1.306117594960578820e+01
-6.026495729242362209e+00 -5.797127966859555670e+00 8.422688909763715870e+00 8.429226926636903983e+00 1.282516371516306819e+01 1.291522549674874654e+01
-6.053828097682805165e+00 -5.812212386943559572e+00 8.457559348765428808e+00 8.457570878091754452e+00 1.287030039846495377e+01 1.287030740355385916e+01
-6.029692385502991137e+00 -5.798555500810342878e+00 8.387539293280154240e+00 8.539831638083866139e+00 1.284660903758591921e+01 1.293757534942890253e+01
-5.958954493914797368e+00 -5.756531503123776261e+00 8.172788697473921005e+00 8.735938042441466322e+00 1.276217813144840640e+01 1.313205162036455320e+01
-5.848707645271588262e+00 -5.680911309358227967e+00 7.804917478052779245e+00 8.929867739441077035e+00 1.258446584511943023e+01 1.342989572167471657e+01
-5.718254405921386230e+00 -5.555543371958907350e+00 7.286577873544406891e+00 9.009122019121891256e+00 1.228023284131842985e+01 1.379115492439564861e+01
-5.589533650069998139e+00 -5.362958416910257320e+00 6.651606677330840434e+00 8.906337657044218759e+00 1.183540966137744377e+01 1.417083248729013967e+01
-5.460051742345226167e+00 -5.111422995959596705e+00 5.987586972147694198e+00 8.604169128713168746e+00 1.126614675339792981e+01 1.453282020432788713e+01
-5.323342018546812326e+00 -4.814378711298263447e+00 5.447872380242096746e+00 8.127813785711913042e+00 1.061632609033962282e+01 1.484927800484475924e+01
-5.179309674702843758e+00 -4.479885559893845404e+00 5.208076170338559407e+00 7.535856925317102828e+00 9.944094859824025079e+00 1.508552245604286313e+01
-5.030958474184444640e+00 -4.113574777502242874e+00 5.327994316194234692e+00 6.903472969932793468e+00 9.305082155529275312e+00 1.518520899311606698e+01
-4.882560723296430538e+00 -3.720082160515448599e+00 5.645572456886799095e+00 6.295330836886841475e+00 8.741010673022660882e+00 1.506650633024839792e+01
-4.738852421419657013e+00 -3.303436396428979016e+00 5.737506471150084053e+00 5.862180947275398069e+00 8.271884879336395713e+00 1.463034468089158935e+01
-4.604537938430967259e+00 -2.867182045279947911e+00 5.205615514708034297e+00 5.729386459019668365e+00 7.848555913408050699e+00 1.377623298672318519e+01
-4.483931467285529493e+00 -2.414462789578885715e+00 4.639324637267797868e+00 5.187454177182818427e+00 7.282592305414544498e+00 1.241922095137097770e+01
-4.380709642867364195e+00 -1.948120556462717978e+00 3.973222274349586858e+00 4.261755631313894455e+00 6.357333246338640720e+00 1.050017379783109028e+01
-4.297774046643287882e+00 -1.470816196254653541e+00 2.809253059008354203e+00 3.163497969273707522e+00 4.987115292933474997e+00 7.973369537772724946e+00
-4.237220708392876567e+00 -1.828327481144382816e+00 -9.851502966977528919e-01 2.193609593547331649e+00 3.309581525991199591e+00 4.679567601719079484e+00
-4.200403461618995138e+00 -3.665124993353354732e+00 -2.689831868112845470e+00 -4.937007938029557286e-01 1.171532186259738761e+00 1.626970261983542221e+00
-4.188056602752507018e+00 -4.188056602747336044e+00 -4.188051749220059072e+00 1.976412015199726507e-02 2.022911121435872969e-02 2.022911136945343066e-02
-3.821085040794109045e+00 -3.819093131627579574e+00 -2.985116662171508839e+00 7.964569623574445645e-01 1.340846223800496340e+00 1.344510329298021389e+00
-2.702138199977131894e+00 -2.684177537151043680e+00 1.462970994844975170e+00 2.697076145583162443e+00 2.714202876619462579e+00 3.915621844513839989e+00
9.878807665976473418e-01 1.094442483824157764e+00 2.051633896417378811e+00 4.022148806004803845e+00 4.066537964991094434e+00 7.075350769631067571e+00
2.465113730244978374e+00 2.866625618922394647e+00 2.931725961382337875e+00 5.117077157152938760e+00 5.196829561803252950e+00 9.432748381791890679e+00
2.720682248336116160e+00 3.750920886236259300e+00 3.829546752187275249e+00 5.853781780265861379e+00 5.968467727154926017e+00 1.121778656239324334e+01
2.874196757399890334e+00 4.258996181933205172e+00 4.363204918120985099e+00 6.284934487647861445e+00 6.424049668743389674e+00 1.249339612769023589e+01
3.022150177839078911e+00 4.470031787385691402e+00 4.609660047727050625e+00 6.572639962535100189e+00 6.713927334277243197e+00 1.332133900067237597e+01
3.265110585497380313e+00 4.470207797083353363e+00 4.637950509199430194e+00 6.872829055702162293e+00 6.994591929906929018e+00 1.377744110776878905e+01
3.649798731833995724e+00 4.442673028091061127e+00 4.603992649523484637e+00 7.240921891552689615e+00 7.332402072899978585e+00 1.394373420142361475e+01
4.146936962958007733e+00 4.565809401538721168e+00 4.677819556176255666e+00 7.662371386405055773e+00 7.718624010439270045e+00 1.389726023947956257e+01
4.685360847016642794e+00 4.895798759976899284e+00 4.933916554608681615e+00 8.102746177796204208e+00 8.121388066371997283e+00 1.370256180401264245e+01
5.182027207579636752e+00 5.349024276886724216e+00 5.383848373408812726e+00 8.507572023715923137e+00 8.525354828956880127e+00 1.341022406426242952e+01
5.605982496156040717e+00 5.852507512268822154e+00 5.940245544354631591e+00 8.852855686928707613e+00 8.901194138547166901e+00 1.306011770485347689e+01
5.986872326341385886e+00 6.375665780012553796e+00 6.493421363383436784e+00 9.147910859283747698e+00 9.216686246203602551e+00 1.268542535699283036e+01
6.357516883225661886e+00 6.891999702646312898e+00 7.017649716201159293e+00 9.397501110879151298e+00 9.474440151961156076e+00 1.231372954071538750e+01
6.755382606265667000e+00 7.394975426387792261e+00 7.509812007455920480e+00 9.612496244657599220e+00 9.686020820183676605e+00 1.196466087963758085e+01
7.202896301913973787e+00 7.881956199346895175e+00 7.973237487876907892e+00 9.800187591298548995e+00 9.861735305330256551e+00 1.164704540131028665e+01
7.695299898447564679e+00 8.345569764689592773e+00 8.408108576774253606e+00 9.958828106238373223e+00 1.000391681186961179e+01 1.135874472159525439e+01
8.206222622693701396e+00 8.773203322230397561e+00 8.809049513225286177e+00 1.007829822524504593e+01 1.010647229378455592e+01 1.108972270283527806e+01
8.703469099020743727e+00 9.151962958994261044e+00 9.168048392061130869e+00 1.014499343451211288e+01 1.015908126206249840e+01 1.082646994738013113e+01
9.162679467116483067e+00 9.473090744796545337e+00 9.477893093332703245e+00 1.014786828090602455e+01 1.015271592233043663e+01 1.055559110499301312e+01
9.572057015028201832e+00 9.731253961276584263e+00 9.731802755381723458e+00 1.008359806528975788e+01 1.008431085759689694e+01 1.026590671934776644e+01
9.887453387638506896e+00 9.887454029742210437e+00 9.887454029742849926e+00 9.991281383257570425e+00 9.991281383259316584e+00 9.991283122509125647e+00
9.638562698363474013e+00 9.645605985238482560e+00 9.850650126891849823e+00 9.944535570331828112e+00 1.020478910515736537e+01 1.021169836547366927e+01
9.313304762460143493e+00 9.329122250821850315e+00 9.740605974387584354e+00 9.805665561958806009e+00 1.043730154691237111e+01 1.045586056646542339e+01
8.954834154428551685e+00 8.980587299502762022e+00 9.558421464546531965e+00 9.578476184573215590e+00 1.064905739596685308e+01 1.069238755786384232e+01
8.565082739580249793e+00 8.601638724624995902e+00 9.268377161405714659e+00 9.305897260489320644e+00 1.084207342064958723e+01 1.093526980103785107e+01
8.143627796456533119e+00 8.192936265378904181e+00 8.881182537349845418e+00 8.985413220748677432e+00 1.101882788210000896e+01 1.120060343224949406e+01
7.687163116043378430e+00 7.753647901658212938e+00 8.421775742817835919e+00 8.599640004576693642e+00 1.118128700411372378e+01 1.150308043099502697e+01
7.189779865126287639e+00 7.280147907085687820e+00 7.892869024620265073e+00 8.151018847302077930e+00 1.133086180685835842e+01 1.185341464658584520e+01
6.644150505607875346e+00 6.764816839381671443e+00 7.293975603687532505e+00 7.640974937751486173e+00 1.146859241286413322e+01 1.225712440990394825e+01
6.042449396729427491e+00 6.195113971400187047e+00 6.620455133064371722e+00 7.068850174203094916e+00 1.159533579557852612e+01 1.271497842875732509e+01
5.375662622776406607e+00 5.552512868747032648e+00 5.861975381181852462e+00 6.430488356365754221e+00 1.171182278708357316e+01 1.322441429845134309e+01
4.629807685007284235e+00 4.809630833113044623e+00 4.998461810898725766e+00 5.716130998939009444e+00 1.181856393293959684e+01 1.378065160642684361e+01
3.775493751630077721e+00 3.919874711069252005e+00 3.986941432327122392e+00 4.906316339665208304e+00 1.191569847099207813e+01 1.437652457773711490e+01
2.703440753463487667e+00 2.732984049092774814e+00 2.771574635552167543e+00 3.960693008891752243e+00 1.200292524659181126e+01 1.500095756233520383e+01
-7.499006988825809294e-01 5.462811068125281722e-01 1.084497469114697132e+00 2.772529780922177167e+00 1.207959879426211280e+01 1.563691810732409593e+01
-2.741885957559002662e+00 -2.554734348917855780e+00 -2.128149802862964179e+00 5.239984016759443586e-01 1.214496396518806698e+01 1.626013874294068984e+01
-3.659327008592215158e+00 -3.539482625356395573e+00 -3.087064913112681719e+00 -2.512172908739138677e+00 1.219841897323504831e+01 1.683968305796131659e+01
-4.249134162610151755e+00 -4.178746836514876328e+00 -3.698646694668042301e+00 -3.436410269400672846e+00 1.223968705172415028e+01 1.734067510433468584e+01
-4.629176223083580233e+00 -4.596672874945930687e+00 -4.100280438508248082e+00 -3.995321902177907170e+00 1.226883134861605029e+01 1.772865217126055981e+01
-4.844306563225454276e+00 -4.835979027520631135e+00 -4.332275303387780774e+00 -4.307388606687369226e+00 1.228612511189706602e+01 1.797447743897754080e+01
-4.914114244031080325e+00 -4.914111886727550171e+00 -4.408471210400559670e+00 -4.408470250471903995e+00 1.229185072567192627e+01 1.805869578188186253e+01
-6.053828097682805165e+00 -5.812212386943559572e+00 8.457559348765428808e+00 8.457570878091754452e+00 1.287030039846495377e+01 1.287030740355385916e+01
-5.870297265314841084e+00 -5.649750406516738543e+00 8.455592134283881123e+00 8.455603406566980951e+00 1.284544755511469027e+01 1.284545440279064898e+01
-5.297406737873463278e+00 -5.140815407174060603e+00 8.451378659119349379e+00 8.451389184418108158e+00 1.277166054228894332e+01 1.277166693150596721e+01
-4.235403886034804444e+00 -4.193855585979015643e+00 8.449745117065218025e+00 8.449754476319609964e+00 1.265118393083289838e+01 1.265118960073123233e+01
-2.421139018797708431e+00 -2.198750316236623092e+00 8.457959061110797094e+00 8.457966947613284603e+00 1.248753908843988114e+01 1.248754384128278261e+01
2.850634752684800155e+00 3.212673282687877663e+00 8.484640649733877993e+00 8.484646900238926648e+00 1.228523949685438055e+01 1.228524321520816542e+01
4.858932495746853597e+00 5.148724321808105131e+00 8.538420565435576037e+00 8.538425174787677818e+00 1.204947113042561746e+01 1.204947378648768463e+01
6.301891215491417952e+00 6.535347500812886956e+00 8.626566779159734466e+00 8.626569893166541547e+00 1.178579587101637927e+01 1.178579752645983802e+01
7.450100730952240902e+00 7.614717152090586083e+00 8.753853181000691208e+00 8.753855065913487721e+00 1.149992965495269637e+01 1.149993045041354378e+01
8.368740195555371741e+00 8.456914789994542048e+00 8.921909832193835044e+00 8.921910824832878006e+00 1.119763295422812988e+01 1.119763308851062789e+01
9.078449544195581922e+00 9.092255821828805651e+00 9.129156893570183229e+00 9.129157341309289464e+00 1.088473643846297456e+01 1.088473673855310864e+01
9.371195785236764664e+00 9.371195984688808878e+00 9.536883017842926691e+00 9.585176460242898600e+00 1.056734708201455675e+01 1.056734760088874125e+01
9.640907201359937062e+00 9.640907330316691670e+00 9.800227574292955879e+00 9.889664124436729153e+00 1.025272253397945832e+01 1.025272312982876599e+01
9.887453387638506896e+00 9.887454029742210437e+00 9.887454029742849926e+00 9.991281383257570425e+00 9.991281383259316584e+00 9.991283122509125647e+00
