-6.102735327064497284e+00
-5.975976713777797045e+00
-5.849218100491095917e+00
-5.722459487204394790e+00
-5.595700873917694551e+00
-5.468942260630994312e+00
-5.342183647344293185e+00
-5.215425034057592057e+00
-5.088666420770890930e+00
-4.961907807484190691e+00
-4.835149194197489564e+00
-4.708390580910788437e+00
-4.581631967624088198e+00
-4.454873354337387958e+00
-4.328114741050686831e+00
-4.201356127763985704e+00
-4.074597514477285465e+00
-3.947838901190584338e+00
-3.821080287903883210e+00
-3.694321674617182527e+00
-3.567563061330481844e+00
-3.440804448043781161e+00
-3.314045834757080478e+00
-3.187287221470379350e+00
-3.060528608183678667e+00
-2.933769994896978428e+00
-2.807011381610277301e+00
-2.680252768323576174e+00
-2.553494155036875490e+00
-2.426735541750175251e+00
-2.299976928463473680e+00
-2.173218315176772997e+00
-2.046459701890072314e+00
-1.919701088603371852e+00
-1.792942475316671391e+00
-1.666183862029970042e+00
-1.539425248743269359e+00
-1.412666635456568676e+00
-1.285908022169867326e+00
-1.159149408883166865e+00
-1.032390795596466182e+00
-9.056321823097656099e-01
-7.788735690230650377e-01
-6.521149557363636884e-01
-5.253563424496631162e-01
-3.985977291629624886e-01
-2.718391158762610837e-01
-1.450805025895605116e-01
-1.832188930285993597e-02
1.084367239838406466e-01
2.351953372705412049e-01
3.619539505572426097e-01
4.887125638439431818e-01
6.154711771306438095e-01
7.422297904173451588e-01
8.689884037040457310e-01
9.957470169907463031e-01
1.122505630277446986e+00
1.249264243564147447e+00
1.376022856850849019e+00
1.502781470137550368e+00
1.629540083424250829e+00
1.756298696710951512e+00
1.883057309997651974e+00
2.009815923284352657e+00
2.136574536571053340e+00
2.263333149857753579e+00
2.390091763144454262e+00
2.516850376431154945e+00
2.643608989717857405e+00
2.770367603004557644e+00
2.897126216291258327e+00
3.023884829577959010e+00
3.150643442864659693e+00
3.277402056151359933e+00
3.404160669438060616e+00
3.530919282724763075e+00
3.657677896011463314e+00
3.784436509298163998e+00
3.911195122584864681e+00
4.037953735871565364e+00
4.164712349158265603e+00
4.291470962444966730e+00
4.418229575731666969e+00
4.544988189018367208e+00
4.671746802305070112e+00
4.798505415591770351e+00
4.925264028878470590e+00
5.052022642165171717e+00
5.178781255451871957e+00
5.305539868738572196e+00
5.432298482025273323e+00
5.559057095311975338e+00
5.685815708598676466e+00
5.812574321885376705e+00
5.939332935172076944e+00
6.066091548458778071e+00
6.192850161745478310e+00
6.319608775032178549e+00
6.446367388318879676e+00
6.573126001605579916e+00
6.699884614892281931e+00
6.826643228178983058e+00
6.953401841465683297e+00
7.080160454752384425e+00
7.206919068039084664e+00
7.333677681325784903e+00
7.460436294612486030e+00
7.587194907899187157e+00
7.713953521185887396e+00
7.840712134472588524e+00
7.967470747759288763e+00
8.094229361045989890e+00
8.220987974332690129e+00
8.347746587619390368e+00
8.474505200906090607e+00
8.601263814192792623e+00
8.728022427479496415e+00
8.854781040766196654e+00
8.981539654052896893e+00
9.108298267339597132e+00
9.235056880626297371e+00
9.361815493912999386e+00
9.488574107199699625e+00
9.615332720486399865e+00
9.742091333773100104e+00
9.868849947059800343e+00
9.995608560346502358e+00
1.012236717363320260e+01
1.024912578691990284e+01
1.037588440020660308e+01
1.050264301349330331e+01
1.062940162678000355e+01
1.075616024006670557e+01
1.088291885335340581e+01
1.100967746664010605e+01
1.113643607992680629e+01
1.126319469321351008e+01
1.138995330650021032e+01
1.151671191978691233e+01
1.164347053307361257e+01
1.177022914636031281e+01
1.189698775964701305e+01
1.202374637293371329e+01
1.215050498622041530e+01
1.227726359950711554e+01
1.240402221279381578e+01
1.253078082608051602e+01
1.265753943936721626e+01
1.278429805265391828e+01
1.291105666594061852e+01
1.303781527922731875e+01
1.316457389251402255e+01
1.329133250580072279e+01
1.341809111908742302e+01
1.354484973237412504e+01
1.367160834566082528e+01
1.379836695894752552e+01
1.392512557223422576e+01
1.405188418552092600e+01
1.417864279880762801e+01
1.430540141209432825e+01
1.443216002538102849e+01
1.455891863866772873e+01
1.468567725195442897e+01
1.481243586524112921e+01
1.493919447852783122e+01
1.506595309181453146e+01
1.519271170510123170e+01
1.531947031838793549e+01
1.544622893167463573e+01
1.557298754496133775e+01
1.569974615824803799e+01
1.582650477153473823e+01
1.595326338482143846e+01
1.608002199810814048e+01
1.620678061139484072e+01
1.633353922468154096e+01
1.646029783796824120e+01
1.658705645125494144e+01
1.671381506454164168e+01
1.684057367782834191e+01
1.696733229111504215e+01
1.709409090440174239e+01
1.722084951768844618e+01
1.734760813097514998e+01
1.747436674426185022e+01
1.760112535754855045e+01
1.772788397083525069e+01
1.785464258412195093e+01
1.798140119740865117e+01
1.810815981069535141e+01
1.823491842398205165e+01
1.836167703726875189e+01
1.848843565055545213e+01
1.861519426384215237e+01
1.874195287712885616e+01
1.886871149041555640e+01
1.899547010370225664e+01
1.912222871698895688e+01
