-5.452687442627718317e-01
-4.089661546155929361e-01
-2.726635649684140961e-01
-1.363609753212352282e-01
-5.838567405629416332e-05
1.362442039731226184e-01
2.725467936203014307e-01
4.088493832674804929e-01
5.451519729146593329e-01
6.814545625618381175e-01
8.177571522090171241e-01
9.540597418561959087e-01
1.090362331503374582e+00
1.226664921150553811e+00
1.362967510797732817e+00
1.499270100444911602e+00
1.635572690092090387e+00
1.771875279739269171e+00
1.908177869386447956e+00
2.044480459033627184e+00
2.180783048680805969e+00
2.317085638327984753e+00
2.453388227975163538e+00
2.589690817622342323e+00
2.725993407269521551e+00
2.862295996916700780e+00
2.998598586563879564e+00
3.134901176211058349e+00
3.271203765858237578e+00
3.407506355505416362e+00
3.543808945152595147e+00
3.680111534799773931e+00
3.816414124446952716e+00
3.952716714094131500e+00
4.089019303741310729e+00
4.225321893388489514e+00
4.361624483035668298e+00
4.497927072682847083e+00
4.634229662330026756e+00
4.770532251977205540e+00
4.906834841624384325e+00
5.043137431271563109e+00
5.179440020918741894e+00
5.315742610565920678e+00
5.452045200213099463e+00
5.588347789860278247e+00
5.724650379507457032e+00
5.860952969154635817e+00
5.997255558801814601e+00
6.133558148448994274e+00
6.269860738096173058e+00
6.406163327743351843e+00
6.542465917390530628e+00
6.678768507037709412e+00
6.815071096684888197e+00
6.951373686332066981e+00
7.087676275979246654e+00
7.223978865626425439e+00
7.360281455273604223e+00
7.496584044920783008e+00
7.632886634567962680e+00
7.769189224215141465e+00
7.905491813862320249e+00
8.041794403509499034e+00
8.178096993156678707e+00
8.314399582803856603e+00
8.450702172451036276e+00
8.587004762098214172e+00
8.723307351745393845e+00
8.859609941392571741e+00
8.995912531039751414e+00
9.132215120686929311e+00
9.268517710334108983e+00
9.404820299981286880e+00
9.541122889628466552e+00
9.677425479275646225e+00
9.813728068922825898e+00
9.950030658570003794e+00
1.008633324821718347e+01
1.022263583786436314e+01
1.035893842751154104e+01
1.049524101715872071e+01
1.063154360680589861e+01
1.076784619645307828e+01
1.090414878610025617e+01
1.104045137574743585e+01
1.117675396539461374e+01
1.131305655504179342e+01
1.144935914468897131e+01
1.158566173433615099e+01
1.172196432398332888e+01
1.185826691363050855e+01
1.199456950327768645e+01
1.213087209292486612e+01
1.226717468257204402e+01
1.240347727221922369e+01
1.253977986186640159e+01
1.267608245151358304e+01
1.281238504116076093e+01
1.294868763080794061e+01
1.308499022045511850e+01
1.322129281010229818e+01
1.335759539974947607e+01
1.349389798939665575e+01
1.363020057904383364e+01
1.376650316869101331e+01
1.390280575833819121e+01
1.403910834798537088e+01
1.417541093763255056e+01
1.431171352727972845e+01
1.444801611692690813e+01
1.458431870657408780e+01
1.472062129622126747e+01
1.485692388586844537e+01
1.499322647551562504e+01
1.512952906516280116e+01
1.526583165480998083e+01
1.540213424445715873e+01
1.553843683410433840e+01
1.567473942375151630e+01
1.581104201339869597e+01
1.594734460304587387e+01
1.608364719269305354e+01
1.621994978234023321e+01
1.635625237198740933e+01
1.649255496163458901e+01
1.662885755128176868e+01
1.676516014092894835e+01
1.690146273057612447e+01
1.703776532022330414e+01
1.717406790987048382e+01
1.731037049951766349e+01
1.744667308916484316e+01
1.758297567881201928e+01
1.771927826845919896e+01
1.785558085810637863e+01
1.799188344775355830e+01
1.812818603740073442e+01
1.826448862704791409e+01
1.840079121669509377e+01
1.853709380634227344e+01
1.867339639598944956e+01
1.880969898563662923e+01
1.894600157528380890e+01
1.908230416493098858e+01
1.921860675457816470e+01
1.935490934422534437e+01
1.949121193387252404e+01
1.962751452351970372e+01
1.976381711316687984e+01
1.990011970281406306e+01
2.003642229246124273e+01
2.017272488210842241e+01
2.030902747175559853e+01
2.044533006140277820e+01
2.058163265104995787e+01
2.071793524069713754e+01
2.085423783034431366e+01
2.099054041999149334e+01
2.112684300963867301e+01
2.126314559928585268e+01
2.139944818893302880e+01
2.153575077858020848e+01
2.167205336822738815e+01
2.180835595787456782e+01
2.194465854752174749e+01
2.208096113716892361e+01
2.221726372681610329e+01
2.235356631646328296e+01
2.248986890611046263e+01
2.262617149575763875e+01
2.276247408540481842e+01
2.289877667505199810e+01
2.303507926469917777e+01
2.317138185434635389e+01
2.330768444399353356e+01
2.344398703364071324e+01
2.358028962328789291e+01
2.371659221293506903e+01
2.385289480258224870e+01
2.398919739222942837e+01
2.412549998187660805e+01
2.426180257152378417e+01
2.439810516117096384e+01
2.453440775081814351e+01
2.467071034046532318e+01
2.480701293011249930e+01
2.494331551975967898e+01
2.507961810940685865e+01
2.521592069905403832e+01
2.535222328870121800e+01
2.548852587834839412e+01
2.562482846799557379e+01
2.576113105764275701e+01
2.589743364728993669e+01
2.603373623693711281e+01
2.617003882658429248e+01
2.630634141623147215e+01
2.644264400587865183e+01
2.657894659552582439e+01
