4.715006111175465420e-03
1.308148917367966124e-01
2.569147773624177455e-01
3.830146629880389897e-01
5.091145486136601228e-01
6.352144342392812559e-01
7.613143198649025001e-01
8.874142054905235222e-01
1.013514091116144655e+00
1.139613976741765899e+00
1.265713862367386922e+00
1.391813747993008166e+00
1.517913633618629410e+00
1.644013519244250432e+00
1.770113404869871676e+00
1.896213290495492476e+00
2.022313176121113720e+00
2.148413061746735409e+00
2.274512947372356209e+00
2.400612832997977453e+00
2.526712718623598253e+00
2.652812604249219941e+00
2.778912489874840741e+00
2.905012375500461985e+00
3.031112261126083229e+00
3.157212146751704029e+00
3.283312032377325718e+00
3.409411918002946518e+00
3.535511803628567762e+00
3.661611689254188562e+00
3.787711574879809806e+00
3.913811460505431494e+00
4.039911346131052738e+00
4.166011231756673538e+00
4.292111117382295227e+00
4.418211003007916027e+00
4.544310888633536827e+00
4.670410774259157627e+00
4.796510659884779315e+00
4.922610545510400115e+00
5.048710431136020915e+00
5.174810316761643492e+00
5.300910202387264292e+00
5.427010088012885092e+00
5.553109973638505892e+00
5.679209859264127580e+00
5.805309744889748380e+00
5.931409630515369180e+00
6.057509516140990868e+00
6.183609401766611668e+00
6.309709287392233357e+00
6.435809173017854157e+00
6.561909058643475845e+00
6.688008944269096645e+00
6.814108829894717445e+00
6.940208715520338245e+00
7.066308601145959933e+00
7.192408486771580733e+00
7.318508372397202422e+00
7.444608258022824110e+00
7.570708143648443134e+00
7.696808029274064822e+00
7.822907914899686510e+00
7.949007800525306422e+00
8.075107686150928998e+00
8.201207571776549798e+00
8.327307457402170598e+00
8.453407343027791399e+00
8.579507228653413975e+00
8.705607114279032999e+00
8.831706999904655575e+00
8.957806885530276375e+00
9.083906771155897175e+00
9.210006656781519752e+00
9.336106542407138775e+00
9.462206428032761352e+00
9.588306313658382152e+00
9.714406199284002952e+00
9.840506084909623752e+00
9.966605970535246328e+00
1.009270585616086713e+01
1.021880574178648793e+01
1.034490562741211050e+01
1.047100551303772953e+01
1.059710539866335210e+01
1.072320528428897113e+01
1.084930516991459371e+01
1.097540505554021451e+01
1.110150494116583531e+01
1.122760482679145788e+01
1.135370471241707868e+01
1.147980459804269948e+01
1.160590448366832028e+01
1.173200436929394286e+01
1.185810425491956188e+01
1.198420414054518446e+01
1.211030402617080526e+01
1.223640391179642606e+01
1.236250379742204863e+01
1.248860368304766766e+01
1.261470356867329023e+01
1.274080345429891103e+01
1.286690333992453183e+01
1.299300322555015264e+01
1.311910311117577521e+01
1.324520299680139424e+01
1.337130288242701681e+01
1.349740276805263939e+01
1.362350265367825841e+01
1.374960253930388099e+01
1.387570242492950001e+01
1.400180231055512259e+01
1.412790219618074339e+01
1.425400208180636419e+01
1.438010196743198499e+01
1.450620185305760756e+01
1.463230173868322836e+01
1.475840162430884916e+01
1.488450150993447174e+01
1.501060139556009077e+01
1.513670128118571334e+01
1.526280116681133414e+01
1.538890105243695672e+01
1.551500093806257752e+01
1.564110082368820009e+01
1.576720070931382089e+01
1.589330059493943992e+01
1.601940048056506072e+01
1.614550036619068507e+01
1.627160025181630587e+01
1.639770013744192667e+01
1.652380002306754392e+01
1.664989990869316827e+01
1.677599979431878907e+01
1.690209967994440987e+01
1.702819956557003422e+01
1.715429945119565502e+01
1.728039933682127227e+01
1.740649922244689307e+01
1.753259910807251742e+01
1.765869899369813822e+01
1.778479887932375902e+01
1.791089876494937982e+01
1.803699865057500062e+01
1.816309853620062142e+01
1.828919842182624222e+01
1.841529830745186658e+01
1.854139819307748738e+01
1.866749807870310462e+01
1.879359796432872542e+01
1.891969784995434978e+01
1.904579773557997058e+01
1.917189762120559138e+01
1.929799750683121573e+01
1.942409739245683298e+01
1.955019727808245378e+01
1.967629716370807458e+01
1.980239704933369893e+01
1.992849693495931973e+01
2.005459682058493698e+01
2.018069670621056133e+01
2.030679659183618213e+01
2.043289647746180293e+01
2.055899636308742373e+01
2.068509624871304808e+01
2.081119613433866533e+01
2.093729601996428613e+01
2.106339590558990693e+01
2.118949579121553128e+01
2.131559567684115208e+01
2.144169556246676933e+01
2.156779544809239368e+01
2.169389533371801448e+01
2.181999521934363528e+01
2.194609510496925608e+01
2.207219499059488044e+01
2.219829487622049768e+01
2.232439476184611848e+01
2.245049464747174284e+01
2.257659453309736364e+01
2.270269441872298444e+01
2.282879430434860168e+01
2.295489418997422604e+01
2.308099407559984684e+01
2.320709396122546764e+01
2.333319384685108844e+01
2.345929373247671279e+01
2.358539361810233004e+01
2.371149350372795084e+01
2.383759338935357519e+01
2.396369327497919599e+01
2.408979316060481679e+01
2.421589304623043759e+01
2.434199293185605839e+01
2.446809281748167919e+01
2.459419270310729999e+01
2.472029258873292434e+01
2.484639247435854514e+01
2.497249235998416239e+01
2.509859224560978319e+01
