-1.448592255764008074e+00
-1.317494875226799866e+00
-1.186397494689591881e+00
-1.055300114152383895e+00
-9.242027336151759087e-01
-7.931053530779679228e-01
-6.620079725407599369e-01
-5.309105920035518400e-01
-3.998132114663438541e-01
-2.687158309291358682e-01
-1.376184503919278546e-01
-6.521069854719838306e-03
1.245763106824881727e-01
2.556736912196961864e-01
3.867710717569041723e-01
5.178684522941121582e-01
6.489658328313202551e-01
7.800632133685282410e-01
9.111605939057362269e-01
1.042257974442944324e+00
1.173355354980152310e+00
1.304452735517360296e+00
1.435550116054568281e+00
1.566647496591776267e+00
1.697744877128984253e+00
1.828842257666192239e+00
1.959939638203400225e+00
2.091037018740608211e+00
2.222134399277816197e+00
2.353231779815024183e+00
2.484329160352232169e+00
2.615426540889440155e+00
2.746523921426648140e+00
2.877621301963856126e+00
3.008718682501064112e+00
3.139816063038272098e+00
3.270913443575480084e+00
3.402010824112688070e+00
3.533108204649896500e+00
3.664205585187104486e+00
3.795302965724312472e+00
3.926400346261520458e+00
4.057497726798728443e+00
4.188595107335935985e+00
4.319692487873144415e+00
4.450789868410351957e+00
4.581887248947560387e+00
4.712984629484768817e+00
4.844082010021976359e+00
4.975179390559184789e+00
5.106276771096392331e+00
5.237374151633600761e+00
5.368471532170808302e+00
5.499568912708016732e+00
5.630666293245224274e+00
5.761763673782432704e+00
5.892861054319640246e+00
6.023958434856848676e+00
6.155055815394056218e+00
6.286153195931263760e+00
6.417250576468472190e+00
6.548347957005681508e+00
6.679445337542888161e+00
6.810542718080095703e+00
6.941640098617305021e+00
7.072737479154513451e+00
7.203834859691720993e+00
7.334932240228927647e+00
7.466029620766136965e+00
7.597127001303345395e+00
7.728224381840552937e+00
7.859321762377759590e+00
7.990419142914968909e+00
8.121516523452177339e+00
8.252613903989384880e+00
8.383711284526592422e+00
8.514808665063799964e+00
8.645906045601009282e+00
8.777003426138216824e+00
8.908100806675424366e+00
9.039198187212633684e+00
9.170295567749841226e+00
9.301392948287048767e+00
9.432490328824256309e+00
9.563587709361465627e+00
9.694685089898673169e+00
9.825782470435880711e+00
9.956879850973088253e+00
1.008797723151029757e+01
1.021907461204750511e+01
1.035017199258471265e+01
1.048126937312192020e+01
1.061236675365912951e+01
1.074346413419633706e+01
1.087456151473354460e+01
1.100565889527075214e+01
1.113675627580796146e+01
1.126785365634516900e+01
1.139895103688237654e+01
1.153004841741958408e+01
1.166114579795679340e+01
1.179224317849400272e+01
1.192334055903120849e+01
1.205443793956841603e+01
1.218553532010562535e+01
1.231663270064283466e+01
1.244773008118004043e+01
1.257882746171724797e+01
1.270992484225445729e+01
1.284102222279166661e+01
1.297211960332887237e+01
1.310321698386607991e+01
1.323431436440328923e+01
1.336541174494049855e+01
1.349650912547770609e+01
1.362760650601491186e+01
1.375870388655212118e+01
1.388980126708933049e+01
1.402089864762653626e+01
1.415199602816374380e+01
1.428309340870095312e+01
1.441419078923816244e+01
1.454528816977537176e+01
1.467638555031257575e+01
1.480748293084978506e+01
1.493858031138699438e+01
1.506967769192420015e+01
1.520077507246140947e+01
1.533187245299861878e+01
1.546296983353582810e+01
1.559406721407303742e+01
1.572516459461024141e+01
1.585626197514745073e+01
1.598735935568466004e+01
1.611845673622186581e+01
1.624955411675907513e+01
1.638065149729628445e+01
1.651174887783349376e+01
1.664284625837069953e+01
1.677394363890790530e+01
1.690504101944511461e+01
1.703613839998232393e+01
1.716723578051952970e+01
1.729833316105673902e+01
1.742943054159394833e+01
1.756052792213115765e+01
1.769162530266836342e+01
1.782272268320556918e+01
1.795382006374277850e+01
1.808491744427998782e+01
1.821601482481719358e+01
1.834711220535440290e+01
1.847820958589161222e+01
1.860930696642882154e+01
1.874040434696603086e+01
1.887150172750323307e+01
1.900259910804044239e+01
1.913369648857765171e+01
1.926479386911485747e+01
1.939589124965206679e+01
1.952698863018927611e+01
1.965808601072648543e+01
1.978918339126369474e+01
1.992028077180089696e+01
2.005137815233810628e+01
2.018247553287531559e+01
2.031357291341252136e+01
2.044467029394973068e+01
2.057576767448694000e+01
2.070686505502414931e+01
2.083796243556135863e+01
2.096905981609856440e+01
2.110015719663577016e+01
2.123125457717297948e+01
2.136235195771018525e+01
2.149344933824739456e+01
2.162454671878460388e+01
2.175564409932181320e+01
2.188674147985902252e+01
2.201783886039622828e+01
2.214893624093343405e+01
2.228003362147064337e+01
2.241113100200784913e+01
2.254222838254505845e+01
2.267332576308226777e+01
2.280442314361947709e+01
2.293552052415668641e+01
2.306661790469389217e+01
2.319771528523110149e+01
2.332881266576830726e+01
2.345991004630551302e+01
2.359100742684272234e+01
2.372210480737993166e+01
2.385320218791714098e+01
2.398429956845435029e+01
2.411539694899155606e+01
2.424649432952876538e+01
2.437759171006597114e+01
2.450868909060317691e+01
2.463978647114038623e+01
