0.000000000000000000e+00
8.022817359276832039e-02
1.604563471855366408e-01
2.406845207783049612e-01
3.209126943710732816e-01
4.011408679638416297e-01
4.813690415566099223e-01
5.615972151493782150e-01
6.418253887421465631e-01
7.274263934923037578e-01
8.130273982424610635e-01
8.986284029926182582e-01
9.842294077427755639e-01
1.069830412492932759e+00
1.155431417243089953e+00
1.241032421993247148e+00
1.321260595586015496e+00
1.401488769178783844e+00
1.481716942771552192e+00
1.561945116364320540e+00
1.642173289957088667e+00
1.722401463549857015e+00
1.802629637142625363e+00
1.882857810735393711e+00
1.957758689891781367e+00
2.032659569048168802e+00
2.107560448204556458e+00
2.182461327360944114e+00
2.257362206517331771e+00
2.332263085673718983e+00
2.407163964830107084e+00
2.482064843986494296e+00
2.559843193613654311e+00
2.637621543240814326e+00
2.715399892867974785e+00
2.793178242495134800e+00
2.870956592122294815e+00
2.948734941749454830e+00
3.026513291376614845e+00
3.097827223459075796e+00
3.169141155541536303e+00
3.240455087623996810e+00
3.311769019706457762e+00
3.383082951788918713e+00
3.454396883871379220e+00
3.525710815953839727e+00
3.597024748036300679e+00
3.668338680118761630e+00
3.743239559275149286e+00
3.818140438431536943e+00
3.893041317587924155e+00
3.967942196744311811e+00
4.042843075900699468e+00
4.117743955057086680e+00
4.192644834213474780e+00
4.267545713369861993e+00
4.338859645452322944e+00
4.410173577534783007e+00
4.481487509617243958e+00
4.552801441699704910e+00
4.624115373782165861e+00
4.695429305864626812e+00
4.766743237947086875e+00
4.838057170029547827e+00
4.909371102112008778e+00
4.975949661362131238e+00
5.042528220612253698e+00
5.109106779862375269e+00
5.175685339112497729e+00
5.242263898362620189e+00
5.308842457612742649e+00
5.375421016862865109e+00
5.441999576112987569e+00
5.508578135363109141e+00
5.508578135363109141e+00
5.576634191286874653e+00
5.644690247210639278e+00
5.712746303134404791e+00
5.780802359058169415e+00
5.848858414981934928e+00
5.916914470905699552e+00
5.984970526829465065e+00
6.053026582753229690e+00
6.053026582753229690e+00
6.121082638676995202e+00
6.189138694600759827e+00
6.257194750524525340e+00
6.325250806448289964e+00
6.393306862372055477e+00
6.461362918295820101e+00
6.529418974219585614e+00
6.597475030143350239e+00
6.597475030143350239e+00
6.675253379770510698e+00
6.753031729397670269e+00
6.830810079024830728e+00
6.908588428651990299e+00
6.986366778279150758e+00
7.064145127906311217e+00
7.141923477533470788e+00
