0.000000000000000000e+00
2.208953998072587729e-02
4.417907996145175459e-02
6.626861994217762841e-02
8.835815992290350918e-02
1.104476999036293899e-01
1.325372398843552568e-01
1.546267798650811376e-01
1.767163198458070184e-01
1.988058598265328991e-01
2.208953998072587799e-01
2.429849397879846606e-01
2.650744797687105136e-01
2.871640197494363944e-01
3.092535597301622752e-01
3.314914974841088879e-01
3.537294352380555007e-01
3.759673729920021135e-01
3.982053107459486707e-01
4.204432484998952835e-01
4.426811862538418962e-01
4.426811862538418962e-01
4.642103954586578318e-01
4.857396046634737674e-01
5.072688138682897030e-01
5.287980230731057496e-01
5.503272322779216852e-01
5.718564414827376208e-01
5.933856506875535564e-01
6.149148598923694919e-01
6.364440690971854275e-01
6.579732783020013631e-01
6.795024875068174097e-01
7.010316967116332343e-01
7.225609059164492809e-01
7.440901151212652165e-01
7.656193243260811521e-01
7.871707405913543898e-01
8.087221568566276275e-01
8.302735731219008652e-01
8.518249893871741030e-01
8.733764056524473407e-01
8.949278219177205784e-01
9.164792381829938162e-01
9.380306544482670539e-01
9.595820707135402916e-01
9.811334869788135293e-01
1.002684903244086767e+00
1.024236319509360005e+00
1.024236319509360005e+00
1.045877773954793311e+00
1.067519228400226394e+00
1.089160682845659700e+00
1.110802137291093006e+00
1.132443591736526090e+00
1.154085046181959395e+00
1.175726500627392701e+00
1.197367955072825785e+00
1.219009409518259091e+00
1.240650863963692396e+00
1.262292318409125480e+00
1.283933772854558786e+00
1.305575227299992092e+00
1.327216681745425397e+00
1.348858136190858481e+00
1.370499590636291787e+00
1.392141045081725093e+00
1.413782499527158176e+00
1.435122883984533360e+00
1.456463268441908765e+00
1.477803652899283948e+00
1.499144037356659354e+00
1.520484421814034537e+00
1.541824806271409720e+00
1.563165190728785126e+00
1.584505575186160309e+00
1.605845959643535714e+00
1.627186344100910897e+00
1.648526728558286081e+00
1.669867113015661486e+00
1.669867113015661486e+00
1.689650647309871134e+00
1.709434181604081004e+00
1.729217715898290653e+00
1.749001250192500301e+00
1.768784784486709949e+00
1.788568318780919819e+00
1.808351853075129467e+00
1.828135387369339115e+00
1.847918921663548764e+00
1.867702455957758634e+00
1.887485990251968282e+00
1.907269524546177930e+00
1.927053058840387578e+00
1.946836593134597448e+00
1.966620127428807097e+00
1.986403661723016745e+00
2.006187196017226615e+00
2.025970730311436263e+00
2.045754264605645911e+00
