-5.846654279030052970e-02
-4.138501438577393832e-02
-2.430348598124734000e-02
-7.221957576720745148e-03
9.859570827805849702e-03
2.694109923233243761e-02
4.402262763685903940e-02
6.110415604138564466e-02
7.818568444591222910e-02
9.526721285043882048e-02
1.123487412549654119e-01
1.294302696594920310e-01
1.465117980640186224e-01
1.635933264685452138e-01
1.806748548730718051e-01
1.977563832775983688e-01
2.148379116821249879e-01
2.319194400866516070e-01
2.490009684911781707e-01
2.660824968957047898e-01
2.831640253002313257e-01
3.002455537047579726e-01
3.173270821092845639e-01
3.344086105138111553e-01
3.514901389183377467e-01
3.685716673228643936e-01
3.856531957273909295e-01
4.027347241319175764e-01
4.198162525364441677e-01
4.368977809409707591e-01
4.539793093454972950e-01
4.710608377500238864e-01
4.881423661545505888e-01
5.052238945590772357e-01
5.223054229636038270e-01
5.393869513681301964e-01
5.564684797726567878e-01
5.735500081771834902e-01
5.906315365817100815e-01
6.077130649862366729e-01
6.247945933907632643e-01
6.418761217952898557e-01
6.589576501998165581e-01
6.760391786043431495e-01
6.931207070088697408e-01
7.102022354133963322e-01
7.272837638179228126e-01
7.443652922224494040e-01
7.614468206269759953e-01
7.785283490315025867e-01
7.956098774360291781e-01
8.126914058405558805e-01
8.297729342450824719e-01
8.468544626496090633e-01
8.639359910541356546e-01
8.810175194586622460e-01
8.980990478631889484e-01
9.151805762677155398e-01
9.322621046722421312e-01
9.493436330767685005e-01
9.664251614812952029e-01
9.835066898858217943e-01
1.000588218290348497e+00
1.017669746694874977e+00
1.034751275099401679e+00
1.051832803503928160e+00
1.068914331908454862e+00
1.085995860312981565e+00
1.103077388717508045e+00
1.120158917122034747e+00
1.137240445526561006e+00
1.154321973931087708e+00
1.171403502335614411e+00
1.188485030740140891e+00
1.205566559144667593e+00
1.222648087549194074e+00
1.239729615953720776e+00
1.256811144358247478e+00
1.273892672762773959e+00
1.290974201167300661e+00
1.308055729571827142e+00
1.325137257976353622e+00
1.342218786380880324e+00
1.359300314785406805e+00
1.376381843189933507e+00
1.393463371594460209e+00
1.410544899998986690e+00
1.427626428403513392e+00
1.444707956808039873e+00
1.461789485212566575e+00
1.478871013617093277e+00
1.495952542021619536e+00
1.513034070426146238e+00
1.530115598830672718e+00
1.547197127235199421e+00
1.564278655639726123e+00
1.581360184044252604e+00
1.598441712448779306e+00
1.615523240853306008e+00
1.632604769257832489e+00
1.649686297662359191e+00
1.666767826066885672e+00
1.683849354471412152e+00
1.700930882875938854e+00
1.718012411280465335e+00
1.735093939684992037e+00
1.752175468089518517e+00
1.769256996494045220e+00
1.786338524898571922e+00
1.803420053303098403e+00
1.820501581707625105e+00
1.837583110112151585e+00
1.854664638516678288e+00
1.871746166921204990e+00
1.888827695325731471e+00
1.905909223730257951e+00
1.922990752134784653e+00
1.940072280539311134e+00
1.957153808943837392e+00
1.974235337348363872e+00
1.991316865752890575e+00
2.008398394157417055e+00
2.025479922561943980e+00
2.042561450966470460e+00
2.059642979370996940e+00
2.076724507775523865e+00
2.093806036180050345e+00
2.110887564584576825e+00
2.127969092989103306e+00
2.145050621393630230e+00
2.162132149798156711e+00
2.179213678202683191e+00
2.196295206607210115e+00
2.213376735011736596e+00
2.230458263416263076e+00
2.247539791820790001e+00
2.264621320225316481e+00
2.281702848629842961e+00
2.298784377034369442e+00
2.315865905438895922e+00
2.332947433843422402e+00
2.350028962247948883e+00
2.367110490652475807e+00
2.384192019057002287e+00
2.401273547461528768e+00
2.418355075866055692e+00
2.435436604270582173e+00
2.452518132675108653e+00
2.469599661079635577e+00
2.486681189484162058e+00
2.503762717888688538e+00
2.520844246293215019e+00
2.537925774697741943e+00
2.555007303102268423e+00
2.572088831506794904e+00
2.589170359911321828e+00
2.606251888315848309e+00
2.623333416720374789e+00
2.640414945124901713e+00
2.657496473529428194e+00
2.674578001933954230e+00
2.691659530338481154e+00
2.708741058743007635e+00
2.725822587147534115e+00
2.742904115552060595e+00
2.759985643956587520e+00
2.777067172361114000e+00
2.794148700765640481e+00
2.811230229170167405e+00
2.828311757574693885e+00
2.845393285979220366e+00
2.862474814383747290e+00
2.879556342788273771e+00
2.896637871192800251e+00
2.913719399597327175e+00
2.930800928001853656e+00
2.947882456406380136e+00
2.964963984810906616e+00
2.982045513215433541e+00
2.999127041619960021e+00
3.016208570024486502e+00
3.033290098429013426e+00
3.050371626833539462e+00
3.067453155238065943e+00
3.084534683642592867e+00
3.101616212047119348e+00
3.118697740451645828e+00
3.135779268856172752e+00
3.152860797260699233e+00
3.169942325665225713e+00
3.187023854069752193e+00
3.204105382474279118e+00
3.221186910878805598e+00
3.238268439283332079e+00
3.255349967687859003e+00
3.272431496092385483e+00
3.289513024496911964e+00
3.306594552901438888e+00
3.323676081305965369e+00
3.340757609710491849e+00
