0.000000000000000000e+00
2.075840247770426722e-02
4.151680495540853444e-02
6.227520743311280166e-02
8.303360991081706888e-02
1.037920123885213430e-01
1.245504148662256033e-01
1.434629969930849014e-01
1.623755791199442133e-01
1.812881612468035253e-01
2.002007433736628372e-01
2.191133255005221492e-01
2.380259076273814611e-01
2.569384897542407731e-01
2.758510718811000850e-01
2.947636540079593970e-01
3.136762361348187089e-01
3.325888182616780209e-01
3.515014003885373328e-01
3.704139825153966448e-01
3.704139825153966448e-01
3.881174586447884711e-01
4.058209347741802975e-01
4.235244109035721238e-01
4.412278870329639502e-01
4.589313631623557765e-01
4.766348392917476584e-01
4.943383154211394848e-01
5.120417915505313111e-01
5.297452676799231375e-01
5.474487438093149638e-01
5.651522199387067902e-01
5.828556960680986165e-01
6.005591721974904429e-01
6.182626483268822692e-01
6.182626483268822692e-01
6.378948692467351078e-01
6.575270901665878354e-01
6.771593110864406739e-01
6.967915320062934015e-01
7.164237529261462400e-01
7.360559738459990786e-01
7.537594499753909050e-01
7.714629261047827313e-01
7.891664022341745577e-01
8.068698783635663840e-01
8.245733544929582104e-01
8.422768306223500367e-01
8.599803067517418631e-01
8.776837828811336895e-01
8.953872590105255158e-01
9.130907351399173422e-01
9.307942112693091685e-01
9.484976873987009949e-01
9.662011635280929323e-01
9.839046396574846476e-01
1.003536860577337375e+00
1.023169081497190325e+00
1.042801302417043052e+00
1.062433523336895780e+00
1.082065744256748729e+00
1.101697965176601457e+00
1.101697965176601457e+00
1.119259648580113620e+00
1.136821331983625782e+00
1.154383015387138167e+00
1.171944698790650330e+00
1.189506382194162493e+00
1.207068065597674877e+00
1.224629749001187040e+00
1.242191432404699203e+00
1.259753115808211366e+00
1.277314799211723528e+00
1.294876482615235913e+00
1.312438166018748076e+00
1.329999849422260239e+00
1.347561532825772623e+00
1.365354449235233414e+00
1.383147365644694204e+00
1.400940282054154995e+00
1.418733198463615786e+00
1.436526114873076576e+00
1.454319031282537367e+00
1.472111947691998157e+00
1.472111947691998157e+00
1.488635192079430514e+00
1.505158436466862870e+00
1.521681680854295227e+00
1.538204925241727583e+00
1.554728169629159940e+00
1.571251414016592296e+00
1.587774658404024875e+00
1.604297902791457231e+00
1.620821147178889587e+00
1.637344391566321944e+00
1.653867635953754300e+00
1.670390880341186657e+00
1.686914124728619013e+00
1.703437369116051370e+00
1.719960613503483726e+00
