-3.839206539450949585e+00
-3.715237709039904246e+00
-3.591268878628858907e+00
-3.467300048217813124e+00
-3.343331217806767341e+00
-3.219362387395722003e+00
-3.095393556984676220e+00
-2.971424726573630437e+00
-2.847455896162585098e+00
-2.723487065751539760e+00
-2.599518235340493977e+00
-2.475549404929448194e+00
-2.351580574518402855e+00
-2.227611744107357516e+00
-2.103642913696311290e+00
-1.979674083285265951e+00
-1.855705252874220390e+00
-1.731736422463175051e+00
-1.607767592052129491e+00
-1.483798761641083708e+00
-1.359829931230038147e+00
-1.235861100818992808e+00
-1.111892270407946803e+00
-9.879234399969013536e-01
-8.639546095858559038e-01
-7.399857791748103431e-01
-6.160169487637648933e-01
-4.920481183527190550e-01
-3.680792879416735497e-01
-2.441104575306280722e-01
-1.201416271195821922e-01
3.827203291462862901e-03
1.277960337025087489e-01
2.517648641135546428e-01
3.757336945245997040e-01
4.997025249356455978e-01
6.236713553466906035e-01
7.476401857577364973e-01
8.716090161687823912e-01
9.955778465798275079e-01
1.119546676990873291e+00
1.243515507401919296e+00
1.367484337812964412e+00
1.491453168224010195e+00
1.615421998635056200e+00
1.739390829046101095e+00
1.863359659457147099e+00
1.987328489868192216e+00
2.111297320279238221e+00
2.235266150690284004e+00
2.359234981101328898e+00
2.483203811512374681e+00
2.607172641923420020e+00
2.731141472334465803e+00
2.855110302745511586e+00
2.979079133156556924e+00
3.103047963567602707e+00
3.227016793978648490e+00
3.350985624389693385e+00
3.474954454800739612e+00
3.598923285211785394e+00
3.722892115622831177e+00
3.846860946033875628e+00
3.970829776444921411e+00
4.094798606855967193e+00
4.218767437267013420e+00
4.342736267678058759e+00
4.466705098089103210e+00
4.590673928500149437e+00
4.714642758911194775e+00
4.838611589322241002e+00
4.962580419733287229e+00
5.086549250144330792e+00
5.210518080555377018e+00
5.334486910966423245e+00
5.458455741377468584e+00
5.582424571788514811e+00
5.706393402199560150e+00
5.830362232610604600e+00
5.954331063021650827e+00
6.078299893432696166e+00
6.202268723843742393e+00
6.326237554254788620e+00
6.450206384665832182e+00
6.574175215076878409e+00
6.698144045487924636e+00
6.822112875898969975e+00
6.946081706310016202e+00
7.070050536721061540e+00
7.194019367132105991e+00
7.317988197543152218e+00
7.441957027954197557e+00
7.565925858365244672e+00
7.689894688776289122e+00
7.813863519187332685e+00
7.937832349598380688e+00
8.061801180009425138e+00
8.185770010420473142e+00
8.309738840831515816e+00
8.433707671242560266e+00
8.557676501653608270e+00
8.681645332064652720e+00
8.805614162475700724e+00
8.929582992886745174e+00
9.053551823297787848e+00
9.177520653708835852e+00
9.301489484119880302e+00
9.425458314530928305e+00
9.549427144941972756e+00
9.673395975353018983e+00
9.797364805764063433e+00
9.921333636175107884e+00
1.004530246658615589e+01
1.016927129699720034e+01
1.029324012740824834e+01
1.041720895781929102e+01
1.054117778823033547e+01
1.066514661864138347e+01
1.078911544905242792e+01
1.091308427946347592e+01
1.103705310987452037e+01
1.116102194028556305e+01
1.128499077069661105e+01
1.140895960110765550e+01
1.153292843151869995e+01
1.165689726192974796e+01
1.178086609234079241e+01
1.190483492275183863e+01
1.202880375316288308e+01
1.215277258357392753e+01
1.227674141398497554e+01
1.240071024439601999e+01
1.252467907480706621e+01
1.264864790521811067e+01
1.277261673562915512e+01
1.289658556604020312e+01
1.302055439645124757e+01
1.314452322686229557e+01
1.326849205727333825e+01
1.339246088768438270e+01
1.351642971809543070e+01
1.364039854850647515e+01
1.376436737891752315e+01
1.388833620932856761e+01
1.401230503973961028e+01
1.413627387015065828e+01
1.426024270056170273e+01
1.438421153097275074e+01
1.450818036138379519e+01
1.463214919179484141e+01
1.475611802220588586e+01
1.488008685261693032e+01
1.500405568302797832e+01
1.512802451343902277e+01
1.525199334385007077e+01
1.537596217426111345e+01
1.549993100467215790e+01
1.562389983508320590e+01
1.574786866549425035e+01
1.587183749590529835e+01
1.599580632631634103e+01
1.611977515672738548e+01
1.624374398713843348e+01
1.636771281754947793e+01
1.649168164796052594e+01
1.661565047837157039e+01
1.673961930878261484e+01
1.686358813919366284e+01
1.698755696960470729e+01
1.711152580001575174e+01
1.723549463042679619e+01
1.735946346083784064e+01
1.748343229124888865e+01
1.760740112165993310e+01
1.773136995207098110e+01
1.785533878248202555e+01
1.797930761289307355e+01
1.810327644330411800e+01
1.822724527371516245e+01
1.835121410412621046e+01
1.847518293453725136e+01
1.859915176494829936e+01
1.872312059535934381e+01
1.884708942577038826e+01
1.897105825618143626e+01
1.909502708659248071e+01
1.921899591700352872e+01
1.934296474741457317e+01
1.946693357782561762e+01
1.959090240823666562e+01
1.971487123864771007e+01
1.983884006905875452e+01
1.996280889946979897e+01
2.008677772988084342e+01
2.021074656029189143e+01
2.033471539070293588e+01
2.045868422111398388e+01
2.058265305152502833e+01
2.070662188193607278e+01
2.083059071234712079e+01
