0.000000000000000000e+00
1.202193586544386128e-01
2.404387173088772256e-01
3.606580759633158384e-01
4.808774346177544512e-01
6.010967932721931195e-01
7.213161519266316768e-01
8.415355105810702341e-01
9.617548692355089024e-01
1.081974227889947571e+00
1.202193586544386239e+00
1.322412945198824685e+00
1.442632303853263354e+00
1.573908387888092397e+00
1.705184471922921441e+00
1.836460555957750485e+00
1.967736639992579528e+00
2.099012724027408794e+00
2.227720382595409720e+00
2.356428041163411091e+00
2.485135699731412018e+00
2.613843358299412944e+00
2.742551016867413871e+00
2.873827100902242915e+00
3.005103184937071958e+00
3.136379268971901002e+00
3.267655353006730046e+00
3.398931437041559089e+00
3.509903152722579467e+00
3.620874868403599400e+00
3.731846584084619778e+00
3.842818299765640155e+00
3.953790015446660533e+00
4.064761731127680910e+00
4.175733446808701288e+00
4.286705162489720777e+00
4.397676878170741155e+00
4.508648593851761532e+00
4.619620309532781910e+00
4.730592025213802287e+00
4.841563740894822665e+00
4.970271399462824036e+00
5.098979058030824518e+00
5.227686716598825889e+00
5.356394375166827260e+00
5.485102033734827742e+00
5.591375699283177347e+00
5.697649364831526952e+00
5.803923030379876558e+00
5.910196695928226163e+00
6.016470361476574880e+00
6.122744027024925373e+00
6.229017692573274090e+00
6.335291358121623695e+00
6.441565023669973300e+00
6.547838689218322905e+00
6.654112354766672510e+00
6.759780085283283668e+00
6.865447815799895714e+00
6.971115546316506872e+00
7.076783276833118919e+00
7.182451007349730077e+00
7.288118737866341235e+00
7.393786468382953281e+00
7.499454198899564439e+00
7.606710581039565433e+00
7.713966963179566427e+00
7.821223345319567422e+00
7.928479727459567528e+00
8.035736109599568522e+00
8.142992491739569516e+00
8.236919363309890940e+00
8.330846234880212364e+00
8.424773106450533788e+00
8.518699978020855212e+00
8.612626849591176637e+00
8.706553721161498061e+00
8.800480592731819485e+00
8.894407464302140909e+00
8.988334335872462333e+00
9.095590718012463327e+00
9.202847100152464321e+00
9.310103482292465316e+00
9.417359864432466310e+00
9.524616246572467304e+00
9.631872628712468298e+00
9.631872628712468298e+00
9.721796499561071059e+00
9.811720370409675596e+00
9.901644241258278356e+00
9.991568112106882893e+00
1.008149198295548565e+01
1.017141585380408841e+01
1.026133972465269295e+01
1.035126359550129571e+01
1.044118746634989847e+01
1.053111133719850301e+01
1.062103520804710577e+01
1.071095907889571031e+01
1.080088294974431307e+01
