-2.894359853703021290e-02
7.115941967627459341e-02
1.712624378895793997e-01
2.713654561028842060e-01
3.714684743161890124e-01
4.715714925294938187e-01
5.716745107427986250e-01
6.717775289561035423e-01
7.718805471694083487e-01
8.719835653827131550e-01
9.720865835960177392e-01
1.072189601809322657e+00
1.172292620022627352e+00
1.272395638235932269e+00
1.372498656449236965e+00
1.472601674662542104e+00
1.572704692875846799e+00
1.672807711089151494e+00
1.772910729302456412e+00
1.873013747515761107e+00
1.973116765729066024e+00
2.073219783942370942e+00
2.173322802155675859e+00
2.273425820368980776e+00
2.373528838582285250e+00
2.473631856795590167e+00
2.573734875008895084e+00
2.673837893222200002e+00
2.773940911435504475e+00
2.874043929648809392e+00
2.974146947862114310e+00
3.074249966075419227e+00
3.174352984288724144e+00
3.274456002502028618e+00
3.374559020715333535e+00
3.474662038928638452e+00
3.574765057141943370e+00
3.674868075355247843e+00
3.774971093568552760e+00
3.875074111781857233e+00
3.975177129995161707e+00
4.075280148208467068e+00
4.175383166421771541e+00
4.275486184635076015e+00
4.375589202848381376e+00
4.475692221061685849e+00
4.575795239274991211e+00
4.675898257488295684e+00
4.776001275701600157e+00
4.876104293914905519e+00
4.976207312128209992e+00
5.076310330341514465e+00
5.176413348554819827e+00
5.276516366768124300e+00
5.376619384981429661e+00
5.476722403194735023e+00
5.576825421408038608e+00
5.676928439621343969e+00
5.777031457834648442e+00
5.877134476047953804e+00
5.977237494261258277e+00
6.077340512474562750e+00
6.177443530687868112e+00
6.277546548901172585e+00
6.377649567114477946e+00
6.477752585327782420e+00
6.577855603541086893e+00
6.677958621754392254e+00
6.778061639967696728e+00
6.878164658181001201e+00
6.978267676394306562e+00
7.078370694607611036e+00
7.178473712820916397e+00
7.278576731034220870e+00
7.378679749247525343e+00
7.478782767460830705e+00
7.578885785674136066e+00
7.678988803887440540e+00
7.779091822100745901e+00
7.879194840314050374e+00
7.979297858527354848e+00
8.079400876740660209e+00
8.179503894953965570e+00
8.279606913167269155e+00
8.379709931380574517e+00
8.479812949593879878e+00
8.579915967807183463e+00
8.680018986020490601e+00
8.780122004233794186e+00
8.880225022447097771e+00
8.980328040660403133e+00
9.080431058873708494e+00
9.180534077087013856e+00
9.280637095300317441e+00
9.380740113513622802e+00
9.480843131726928164e+00
9.580946149940231749e+00
9.681049168153537110e+00
9.781152186366842471e+00
9.881255204580146057e+00
9.981358222793451418e+00
1.008146124100675678e+01
1.018156425922006036e+01
1.028166727743336573e+01
1.038177029564667109e+01
1.048187331385997645e+01
1.058197633207328003e+01
1.068207935028658540e+01
1.078218236849989076e+01
1.088228538671319434e+01
1.098238840492649970e+01
1.108249142313980506e+01
1.118259444135310865e+01
1.128269745956641401e+01
1.138280047777971937e+01
1.148290349599302296e+01
1.158300651420632832e+01
1.168310953241963368e+01
1.178321255063293904e+01
1.188331556884624263e+01
1.198341858705954799e+01
1.208352160527285335e+01
1.218362462348615693e+01
1.228372764169946230e+01
1.238383065991276766e+01
1.248393367812607124e+01
1.258403669633937660e+01
1.268413971455268197e+01
1.278424273276598555e+01
1.288434575097929091e+01
1.298444876919259627e+01
1.308455178740590163e+01
1.318465480561920522e+01
1.328475782383251058e+01
1.338486084204581594e+01
1.348496386025911953e+01
1.358506687847242489e+01
1.368516989668573025e+01
1.378527291489903384e+01
1.388537593311233920e+01
1.398547895132564456e+01
1.408558196953894992e+01
1.418568498775225351e+01
1.428578800596555887e+01
1.438589102417886423e+01
1.448599404239216781e+01
1.458609706060547140e+01
1.468620007881877854e+01
1.478630309703208212e+01
1.488640611524538748e+01
1.498650913345869284e+01
1.508661215167199643e+01
1.518671516988530179e+01
1.528681818809860538e+01
1.538692120631191074e+01
1.548702422452521787e+01
1.558712724273852146e+01
1.568723026095182682e+01
1.578733327916513041e+01
1.588743629737843399e+01
1.598753931559173935e+01
1.608764233380504649e+01
1.618774535201835008e+01
1.628784837023165366e+01
1.638795138844496080e+01
1.648805440665826438e+01
1.658815742487156797e+01
1.668826044308487155e+01
1.678836346129817869e+01
1.688846647951148583e+01
1.698856949772478941e+01
1.708867251593809300e+01
1.718877553415139658e+01
1.728887855236470017e+01
1.738898157057801086e+01
1.748908458879131445e+01
1.758918760700461803e+01
1.768929062521792162e+01
1.778939364343122520e+01
1.788949666164453234e+01
1.798959967985783592e+01
1.808970269807114306e+01
1.818980571628444665e+01
1.828990873449775023e+01
1.839001175271105737e+01
1.849011477092436095e+01
1.859021778913766454e+01
1.869032080735096812e+01
1.879042382556427526e+01
1.889052684377758240e+01
1.899062986199088598e+01
1.909073288020418957e+01
1.919083589841749315e+01
1.929093891663079674e+01
1.939104193484410388e+01
1.949114495305741102e+01
1.959124797127071460e+01
1.969135098948401819e+01
1.979145400769732177e+01
1.989155702591062536e+01
