0.000000000000000000e+00
5.326698650053986184e-02
1.065339730010797237e-01
1.598009595016195994e-01
2.130679460021594473e-01
2.663349325026992953e-01
3.196019190032391988e-01
3.728689055037790467e-01
4.261358920043188947e-01
4.749901190921627658e-01
5.238443461800066370e-01
5.726985732678505636e-01
6.215528003556944903e-01
6.704070274435383059e-01
7.192612545313822325e-01
7.681154816192261592e-01
8.169697087070699748e-01
8.658239357949137904e-01
9.146781628827577171e-01
9.635323899706016437e-01
1.012386617058445459e+00
1.061240844146289497e+00
1.110095071234133313e+00
1.110095071234133313e+00
1.159042469989364221e+00
1.207989868744594908e+00
1.256937267499825817e+00
1.305884666255056503e+00
1.354832065010287412e+00
1.403779463765518098e+00
1.452726862520749007e+00
1.501674261275979916e+00
1.550621660031210602e+00
1.599569058786441511e+00
1.648516457541672420e+00
1.697463856296903106e+00
1.746411255052133793e+00
1.795358653807364924e+00
1.844306052562595610e+00
1.893253451317826297e+00
1.942581687226628606e+00
1.991909923135430915e+00
2.041238159044233225e+00
2.090566394953035534e+00
2.139894630861837399e+00
2.189222866770639708e+00
2.238551102679442018e+00
2.287879338588244327e+00
2.337207574497046636e+00
2.386535810405848945e+00
2.435864046314651254e+00
2.485192282223453564e+00
2.534520518132255873e+00
2.534520518132255873e+00
2.582901153027992613e+00
2.631281787923728910e+00
2.679662422819465650e+00
2.728043057715201947e+00
2.776423692610938687e+00
2.824804327506675428e+00
2.873184962402411724e+00
2.921565597298148464e+00
2.969946232193884761e+00
3.018326867089621501e+00
3.066707501985358242e+00
3.115088136881094538e+00
3.163468771776831279e+00
3.211849406672567575e+00
3.261476942694458536e+00
3.311104478716349941e+00
3.360732014738240903e+00
3.410359550760132308e+00
3.459987086782023269e+00
3.509614622803914674e+00
3.559242158825805635e+00
3.608869694847697041e+00
3.658497230869588002e+00
3.708124766891479407e+00
3.757752302913370368e+00
3.807379838935261773e+00
3.857007374957152734e+00
3.906634910979044140e+00
3.956262447000935101e+00
3.956262447000935101e+00
4.003268382375400058e+00
4.050274317749865460e+00
4.097280253124330862e+00
4.144286188498796264e+00
4.191292123873261666e+00
4.238298059247727068e+00
4.285303994622192469e+00
4.332309929996657871e+00
4.379315865371122385e+00
4.426321800745587787e+00
4.473327736120053189e+00
4.520333671494518590e+00
4.567339606868983992e+00
4.614345542243449394e+00
4.661351477617914796e+00
4.708357412992380198e+00
