-4.177726619646919382e+00 -4.177726619646521478e+00 -4.177726619645933503e+00 -1.464820917397827607e-07 -7.010882238983138829e-08 9.005923515910591915e-08
-4.563081196593562261e+00 -4.194496334012369765e+00 -4.194496334011431848e+00 -5.399657970943264607e-01 -5.399657970942129959e-01 3.692313291450727064e+00
-4.395895095737170521e+00 -4.242955909328149033e+00 -4.242955909327275954e+00 -1.071978872894534085e+00 -1.071978872894360446e+00 6.498494350842967116e+00
-4.317862551728821607e+00 -4.317862551728027576e+00 -3.041804844554415244e+00 -1.588240892814390737e+00 -1.588240892814140715e+00 8.946141680839277299e+00
-4.411388328664339831e+00 -4.411388328663594649e+00 -2.081254304512198505e+00 -2.081254304511887199e+00 2.912148263115788893e+00 1.116652677478735534e+01
-4.514174073220631023e+00 -4.514174073219868077e+00 -2.543950091816801873e+00 -2.543950091816417736e+00 5.664765435038765951e+00 1.318098178761880845e+01
-4.616378074058505199e+00 -4.616378074057657876e+00 -2.969778897746423230e+00 -2.969778897745995572e+00 7.705324416962498368e+00 1.498082877462683804e+01
-4.708590397394416094e+00 -4.708590397393424887e+00 -3.352729229280144718e+00 -3.352729229279684198e+00 9.376852239440074399e+00 1.654815107650430051e+01
-4.782649465773511466e+00 -4.782649465772360386e+00 -3.687189182766018369e+00 -3.687189182765548523e+00 1.073927630163219327e+01 1.786310519169164834e+01
-4.832601152114148313e+00 -4.832601152112822263e+00 -3.967440787668141233e+00 -3.967440787667688706e+00 1.180397005592839044e+01 1.890713957604645756e+01
-4.856392829301423575e+00 -4.856392829299907454e+00 -4.186251495475818984e+00 -4.186251495475419304e+00 1.256937177130520311e+01 1.966466039447809777e+01
-4.859281194418774596e+00 -4.859281194417071958e+00 -4.331638277117859204e+00 -4.331638277117543900e+00 1.303104966188146641e+01 2.012398537975796131e+01
-4.856502656354733105e+00 -4.856502656352934544e+00 -4.384295689003292473e+00 -4.384295689003017138e+00 1.318538832464104260e+01 2.027790533382515648e+01
-4.873800983231158845e+00 -4.840384190227682737e+00 -4.416045602226402522e+00 -3.955949218204047657e+00 1.316950881745301416e+01 2.014571918925276606e+01
-4.924168846905213393e+00 -4.575077823690132384e+00 -4.507840742729570138e+00 -2.704032674197257347e+00 1.312479599217005344e+01 1.975421798184886413e+01
-5.003255447071367712e+00 -4.650124929290286424e+00 -3.949404044881940301e+00 2.063073298166686165e+00 1.305991194447472203e+01 1.911920912599868672e+01
-5.104505967961095791e+00 -4.829243083098418765e+00 -2.844551781813562830e+00 4.244563514261038506e+00 1.298871749517728880e+01 1.826950177502733297e+01
-5.220000530029064834e+00 -5.029735127256873994e+00 7.790221030744493014e-01 5.711932941467013691e+00 1.292867844825387458e+01 1.725200842743987906e+01
-5.341381083861380219e+00 -5.236136098536901429e+00 3.066152892194008661e+00 6.801665236795525260e+00 1.289710636725457782e+01 1.614227692333001229e+01
-5.462076085476113008e+00 -5.432681667783548995e+00 4.155506645584527092e+00 7.513721185923515122e+00 1.290405140642808313e+01 1.506288292904983095e+01
-5.616492842706956701e+00 -5.565283862129952297e+00 4.842009966978948476e+00 7.765382004249267389e+00 1.294196128934640555e+01 1.419499555714536143e+01
-5.764880440215086388e+00 -5.657284934863735515e+00 5.243839322590962304e+00 7.518272267142408261e+00 1.298041381147582740e+01 1.370647484850929487e+01
-5.876635300089356306e+00 -5.726433166113620743e+00 5.395049697132300537e+00 6.976110551442451069e+00 1.300352426455560462e+01 1.356592090000123640e+01
-5.945864331747192644e+00 -5.769423611959451748e+00 5.304037936077275361e+00 6.552350173029891423e+00 1.302881463751874769e+01 1.356914028388049864e+01
-5.969298610864835375e+00 -5.784008437530043345e+00 5.194472700324323178e+00 6.431119875694030874e+00 1.304196978927117634e+01 1.358196348859032021e+01
-5.948739375308774058e+00 -5.770666025792600351e+00 5.414158376123924477e+00 6.440197101585464878e+00 1.300575896155702438e+01 1.359184797149351276e+01
-5.888771637966137895e+00 -5.729366012043774603e+00 5.976951376467690480e+00 6.474306260802820567e+00 1.289080766696520008e+01 1.362551265331069672e+01
-5.796611496367929384e+00 -5.654195474487631934e+00 6.549523229538963598e+00 6.676331930167560103e+00 1.268018187993696344e+01 1.369344760300867669e+01
-5.688607730503358439e+00 -5.530951311090679390e+00 6.680064631791890584e+00 7.315261296645752864e+00 1.235129328843100005e+01 1.380588702063023732e+01
-5.577527402237540954e+00 -5.349820836530016166e+00 6.866813333152930632e+00 7.756880411676219111e+00 1.188157891115914211e+01 1.395781455647067304e+01
-5.461170841889612326e+00 -5.116729450526002587e+00 7.090578582356876325e+00 7.934906159309494278e+00 1.125361443985092613e+01 1.411238291724821003e+01
-5.336597161138008083e+00 -4.839081382042462742e+00 7.309232213158190383e+00 7.842009189952572790e+00 1.046131680179243162e+01 1.420142706573737712e+01
-5.204158850328827413e+00 -4.521700349335644020e+00 7.442561399161861324e+00 7.500702212142052794e+00 9.530418093595072193e+00 1.414698240747775948e+01
-5.065878254928875890e+00 -4.168438638270234975e+00 6.935952566686251153e+00 7.253152487171104390e+00 8.640038372853883430e+00 1.388357443533434932e+01
-4.924610314756925789e+00 -3.783005088925337933e+00 6.160388272623812611e+00 6.255595674792520988e+00 8.206037901143835356e+00 1.336780487984880317e+01
-4.783788205602942156e+00 -3.369201881112066754e+00 4.581457356648108714e+00 5.164363748457546421e+00 7.973952613189776883e+00 1.257841933341473073e+01
-4.647362153900603587e+00 -2.930937110103870591e+00 2.003624150537317572e+00 3.888332366881356084e+00 7.645442667539073867e+00 1.151304127894064955e+01
-4.519760534326166201e+00 -3.120000649530584536e+00 -2.472153199314665706e+00 2.032863210977812862e+00 7.135945127997777249e+00 1.018427779086843366e+01
-4.405780675592532170e+00 -4.383832536352708864e+00 -2.335992476976002763e+00 -1.996729890678341945e+00 6.406541503668655047e+00 8.615132156083349813e+00
-4.895898382198810239e+00 -4.310350879737215202e+00 -3.581017402195479704e+00 -1.508394839588393932e+00 5.423555597393338701e+00 6.831505561703737683e+00
-4.909105701520856790e+00 -4.238141974900947240e+00 -4.147035590765196567e+00 -1.010664668236443742e+00 4.133752008312105097e+00 4.845149123135226610e+00
-4.538799234665346738e+00 -4.264361619123378411e+00 -4.193061320754661203e+00 -5.068314801673091674e-01 2.408010885168907933e+00 2.609240364108958765e+00
-4.177726619646919382e+00 -4.177726619646521478e+00 -4.177726619645933503e+00 -1.464820917397827607e-07 -7.010882238983138829e-08 9.005923515910591915e-08
-4.408751798102417574e+00 -4.408751798101781638e+00 -4.132473571386301003e+00 1.868029933494266270e+00 1.868029933494663508e+00 2.067880397510399426e+00
-4.719717927184975181e+00 -4.719717927184458262e+00 -3.936251708351109713e+00 3.278713294959742619e+00 3.278713294960128533e+00 4.020719267303194400e+00
-4.811937091017377099e+00 -4.811937091016900148e+00 -3.523356150530348341e+00 4.323424743776992152e+00 4.323424743777358081e+00 5.830625176822732847e+00
-4.599109208827527162e+00 -4.599109208827036888e+00 -2.830271720960507498e+00 5.096614735256315143e+00 5.096614735256665085e+00 7.472625584918629826e+00
-4.010397062306236826e+00 -4.010397062305692373e+00 -1.608749149222542751e+00 5.648795111404808722e+00 5.648795111405150671e+00 8.914477229592973728e+00
-2.861613668015033696e+00 -2.861613668014348022e+00 1.872889198930890675e+00 6.016344696631310995e+00 6.016344696631666267e+00 1.012840297089448605e+01
1.407285761594871731e+00 1.407285761595987950e+00 3.146839831146604372e+00 6.236010766519870074e+00 6.236010766520243109e+00 1.109735142035757605e+01
3.691133898426170123e+00 3.691133898426426807e+00 4.025393036654453027e+00 6.353566521808360790e+00 6.353566521808766687e+00 1.181782665451093450e+01
4.692972020200445904e+00 5.057631477835996314e+00 5.057631477836142864e+00 6.442368413234931701e+00 6.442368413235374902e+00 1.230102275916042132e+01
5.198496265446973297e+00 5.907408682611610118e+00 5.907408682611964501e+00 6.714188051553854564e+00 6.714188051554228487e+00 1.257248711096117155e+01
5.566077648799913291e+00 6.182136646316090278e+00 6.182136646316490847e+00 7.376269920815203385e+00 7.376269920815328618e+00 1.266984019410561402e+01
5.820068909377217992e+00 6.329031378535880492e+00 6.329031378536272179e+00 8.063357771733519641e+00 8.063357771733629775e+00 1.263796328460368912e+01
5.996873366256125770e+00 6.524822486501648200e+00 6.524822486502007024e+00 8.649927936321535782e+00 8.649927936321708088e+00 1.252183373019562396e+01
6.149189741875669135e+00 6.797797080149424076e+00 6.797797080149737603e+00 9.134696546332154554e+00 9.134696546332357059e+00 1.235891654095901337e+01
6.339199917127773531e+00 7.141044747522675706e+00 7.141044747522931502e+00 9.531802045128413781e+00 9.531802045128619838e+00 1.217431149768161447e+01
6.620141845691381199e+00 7.534442551091238727e+00 7.534442551091436791e+00 9.854913011469857764e+00 9.854913011470040729e+00 1.198062223418134664e+01
7.015987105786748224e+00 7.955206333758122028e+00 7.955206333758282788e+00 1.011258119459409421e+01 1.011258119459423810e+01 1.178137130055869797e+01
7.513893709411719968e+00 8.383348468870954306e+00 8.383348468871092862e+00 1.030679666851200516e+01 1.030679666851210996e+01 1.157501955724045750e+01
8.073813026622236322e+00 8.802764699451142150e+00 8.802764699451277153e+00 1.043411099263703612e+01 1.043411099263711606e+01 1.135755606521033556e+01
8.645852890453696205e+00 9.199557623349051028e+00 9.199557623349186031e+00 1.048875834171549748e+01 1.048875834171560051e+01 1.112355021819604950e+01
9.183735258691857695e+00 9.559353989658971429e+00 9.559353989659108208e+00 1.046686927848167947e+01 1.046686927848182336e+01 1.086747778040455437e+01
9.643308581822187975e+00 9.861948502162887209e+00 9.861948502163009778e+00 1.037365770474007576e+01 1.037365770474026228e+01 1.059348220582192823e+01
9.889781259922949985e+00 1.002703488152727473e+01 1.002703488152738487e+01 1.027952192222636718e+01 1.027952192222661942e+01 1.041163897260056537e+01
9.683444902105820873e+00 9.787880186186109555e+00 9.987005455433672907e+00 1.023046208888311881e+01 1.048363290602747533e+01 1.055956306369867370e+01
9.286558817367845720e+00 9.419132564085209935e+00 9.867406090183534317e+00 1.008362235493057035e+01 1.073521499299343063e+01 1.080114420628852123e+01
8.824157420773790506e+00 8.995826801948771489e+00 9.669343953620280985e+00 9.840304447750948924e+00 1.095677446904397989e+01 1.103706041248718428e+01
8.321272186604410592e+00 8.529242839775680096e+00 9.392145836794613345e+00 9.504933074373049351e+00 1.115255126800636454e+01 1.126368940613827263e+01
7.779485126186775901e+00 8.039714708096683538e+00 9.015813395050995993e+00 9.102180645034129824e+00 1.133633545008104271e+01 1.149199509514274453e+01
7.181967513233770362e+00 7.558257505914162344e+00 8.502984226790193389e+00 8.674353451881458454e+00 1.152196843856327568e+01 1.174293639750781004e+01
6.511246765213950738e+00 7.102706548266535691e+00 7.880133153898440490e+00 8.199194732669010222e+00 1.171082235821155315e+01 1.205479837243929175e+01
5.756971799360935726e+00 6.664018867381311217e+00 7.158919245391882846e+00 7.666948666781753907e+00 1.189453178506202491e+01 1.247298719784256171e+01
4.902894373962653596e+00 6.216867848967898347e+00 6.337048458944821938e+00 7.076698855775586772e+00 1.206878002596423727e+01 1.302602883192395034e+01
3.910158095016640356e+00 5.402368845186259705e+00 5.730467344180476985e+00 6.426533391172085885e+00 1.223382113067751753e+01 1.371657356913123671e+01
2.662809161038791395e+00 4.321144051927490182e+00 5.174573336023793324e+00 5.710570772746438095e+00 1.239037387435410764e+01 1.452380567991062499e+01
-6.132659384518812651e-01 2.987178140067863641e+00 4.518871740088992617e+00 4.915109624797265653e+00 1.253824441292412395e+01 1.541013140269280512e+01
-2.636592314649087498e+00 4.445146287658070516e-01 3.722481376939672959e+00 4.009244917434035216e+00 1.267621574589759526e+01 1.632947525945041889e+01
-3.537158322442679470e+00 -2.701802739423800670e+00 2.694623376290580019e+00 2.911352753715468644e+00 1.280228355814080210e+01 1.723422990571013003e+01
-4.119861422963237096e+00 -3.663804060706349119e+00 9.260894513112208903e-01 1.214892363908965267e+00 1.291402379334215489e+01 1.807971889045882108e+01
-4.505302238418190441e+00 -4.253293648544874017e+00 -2.260188765838742064e+00 -2.193823336208860830e+00 1.300898497945470211e+01 1.882660214283115963e+01
-4.741968548637195191e+00 -4.613304258758630816e+00 -3.224132044509705697e+00 -3.204057572018994104e+00 1.308500977601939397e+01 1.944203591034626655e+01
-4.856606003691857687e+00 -4.801927995509653435e+00 -3.842654994873111018e+00 -3.837475589116935648e+00 1.314042537197212823e+01 1.990020149858012033e+01
-4.874455985246519241e+00 -4.860237554371619417e+00 -4.234064702943904024e+00 -4.234046454730136411e+00 1.317409700233553238e+01 2.018254729015457727e+01
-4.856502656354733105e+00 -4.856502656352934544e+00 -4.384295689003292473e+00 -4.384295689003017138e+00 1.318538832464104260e+01 2.027790533382515648e+01
-5.969298610864835375e+00 -5.784008437530043345e+00 5.194472700324323178e+00 6.431119875694030874e+00 1.304196978927117634e+01 1.358196348859032021e+01
-5.815116402725757361e+00 -5.592245313487948621e+00 5.266278200344771676e+00 6.467830713838430334e+00 1.302087858561576894e+01 1.355152218057008007e+01
-5.324011494707205472e+00 -4.998087131749648471e+00 5.472958279690325334e+00 6.575918985081957935e+00 1.295798335329724615e+01 1.346121416674933080e+01
-4.403320651099540406e+00 -3.885123032012706368e+00 5.791589988265005040e+00 6.749628445493017104e+00 1.285440026717168216e+01 1.331404759522783010e+01
-2.722016682971022394e+00 -1.499596332846323987e+00 6.192392322899177515e+00 6.980474039213160786e+00 1.271192740668880639e+01 1.311489908296995921e+01
2.629119824741065425e+00 3.576420197222531794e+00 6.645572576714495305e+00 7.258487710343874078e+00 1.253295512853745919e+01 1.287029138996195954e+01
4.768284936327489731e+00 5.398957087912843456e+00 7.125475835334643016e+00 7.573380263540617108e+00 1.232034877804109030e+01 1.258805178766989741e+01
6.254397457319516462e+00 6.773333317686542010e+00 7.612629182400468153e+00 7.915407955261291484e+00 1.207731396369774934e+01 1.227683228048070774e+01
7.418032813531761249e+00 7.872919281033516903e+00 8.097468053128780596e+00 8.275883597802669911e+00 1.180726136261841575e+01 1.194549508157464679e+01
8.316331980395444745e+00 8.575007815873650685e+00 8.647359328840394710e+00 8.762884589156270110e+00 1.151370221681842487e+01 1.160243847783224069e+01
8.902553050114551780e+00 9.023500917116354714e+00 9.135545007113986316e+00 9.437682743049863987e+00 1.120025085087990213e+01 1.125515637754832454e+01
9.324952008681899329e+00 9.398443399306486867e+00 9.621806860443545162e+00 9.917898911603673540e+00 1.087103936576673746e+01 1.091122341499104031e+01
9.686635624605552053e+00 9.763291927879407694e+00 9.922744843806519555e+00 1.020229026808811135e+01 1.053395916792414511e+01 1.058857136324829540e+01
9.889781259922949985e+00 1.002703488152727473e+01 1.002703488152738487e+01 1.027952192222636718e+01 1.027952192222661942e+01 1.041163897260056537e+01
