0.000000000000000000e+00
1.026125135252375226e-01
2.052250270504750451e-01
3.078375405757125538e-01
4.104500541009500902e-01
5.130625676261876267e-01
6.156750811514251076e-01
7.182875946766626996e-01
8.209001082019001805e-01
9.235126217271376614e-01
1.026125135252375253e+00
1.128737648777612845e+00
1.231350162302850215e+00
1.333962675828087807e+00
1.436575189353325177e+00
1.539187702878562769e+00
1.641800216403800361e+00
1.744412729929037731e+00
1.847025243454275323e+00
1.949637756979512915e+00
2.052250270504750507e+00
2.154862784029988099e+00
2.257475297555225247e+00
2.360087811080463283e+00
2.462700324605700430e+00
2.559444330136756207e+00
2.656188335667811984e+00
2.752932341198867761e+00
2.849676346729923093e+00
2.946420352260978870e+00
3.043164357792034647e+00
3.139908363323090423e+00
3.236652368854146200e+00
3.333396374385201533e+00
3.430140379916257309e+00
3.526884385447313086e+00
3.623628390978368863e+00
3.720372396509424640e+00
3.817116402040480416e+00
3.913860407571536193e+00
4.010604413102591970e+00
4.107348418633647746e+00
4.204092424164702635e+00
4.296821165165429335e+00
4.389549906166156923e+00
4.482278647166883623e+00
4.575007388167610323e+00
4.667736129168337023e+00
4.760464870169064611e+00
4.853193611169791311e+00
4.945922352170518010e+00
5.038651093171244710e+00
5.131379834171972298e+00
5.224108575172698998e+00
5.316837316173426586e+00
5.409566057174153286e+00
5.502294798174879986e+00
5.595023539175606686e+00
5.687752280176333386e+00
5.780481021177060974e+00
5.873209762177787674e+00
5.965938503178514374e+00
6.058667244179241962e+00
6.151395985179968662e+00
6.244124726180695362e+00
6.336853467181422062e+00
6.423923072159372083e+00
6.510992677137322104e+00
6.598062282115272126e+00
6.685131887093222147e+00
6.772201492071173057e+00
6.859271097049123078e+00
6.946340702027073100e+00
7.033410307005023121e+00
7.120479911982973142e+00
7.207549516960923164e+00
7.294619121938873185e+00
7.381688726916824095e+00
7.468758331894774116e+00
7.555827936872724138e+00
7.642897541850674159e+00
7.729967146828624180e+00
7.817036751806574202e+00
7.904106356784524223e+00
7.991175961762474245e+00
8.078245566740424266e+00
8.078245566740424266e+00
8.172964809994489599e+00
8.267684053248554932e+00
8.362403296502620265e+00
8.457122539756685597e+00
8.551841783010750930e+00
8.646561026264816263e+00
8.741280269518881596e+00
8.835999512772946929e+00
8.930718756027012262e+00
9.025437999281077595e+00
9.120157242535142927e+00
9.214876485789208260e+00
9.309595729043273593e+00
