0.000000000000000000e+00
2.748692841556989522e-02
5.497385683113979044e-02
8.246078524670968912e-02
1.099477136622795809e-01
1.347321458856182153e-01
1.595165781089568635e-01
1.843010103322954840e-01
2.090854425556341045e-01
2.338698747789727528e-01
2.586543070023114010e-01
2.834387392256499938e-01
3.082231714489886421e-01
3.330076036723272903e-01
3.577920358956659386e-01
3.825764681190045313e-01
4.073609003423431796e-01
4.321453325656818278e-01
4.321453325656818278e-01
4.559704944162752405e-01
4.797956562668686531e-01
5.036208181174620657e-01
5.274459799680554228e-01
5.512711418186488910e-01
5.750963036692422481e-01
5.989214655198357162e-01
6.227466273704290733e-01
6.465717892210225415e-01
6.703969510716158986e-01
6.942221129222092557e-01
7.180472747728027239e-01
7.418724366233961920e-01
7.656975984739895491e-01
7.897114323029281735e-01
8.137252661318669089e-01
8.377390999608055333e-01
8.617529337897441577e-01
8.857667676186828931e-01
9.097806014476215175e-01
9.337944352765601419e-01
9.578082691054987663e-01
9.818221029344375017e-01
1.005835936763376015e+00
1.029849770592314862e+00
1.053863604421253486e+00
1.077877438250192110e+00
1.077877438250192110e+00
1.100751868026979441e+00
1.123626297803766994e+00
1.146500727580554324e+00
1.169375157357341877e+00
1.192249587134129207e+00
1.215124016910916538e+00
1.237998446687704091e+00
1.260872876464491421e+00
1.283747306241278752e+00
1.306621736018066304e+00
1.329496165794853635e+00
1.352370595571640965e+00
1.375245025348428518e+00
1.398119455125215849e+00
1.420531764827391852e+00
1.442944074529568077e+00
1.465356384231744080e+00
1.487768693933920083e+00
1.510181003636096309e+00
1.532593313338272312e+00
1.555005623040448315e+00
1.577417932742624540e+00
1.599830242444800543e+00
1.622242552146976546e+00
1.644654861849152550e+00
1.667067171551328775e+00
1.689479481253504778e+00
1.711891790955681003e+00
1.734304100657857006e+00
1.756716410360033009e+00
1.779128720062209013e+00
1.801541029764385016e+00
1.823953339466561241e+00
1.823953339466561241e+00
1.846393811831658960e+00
1.868834284196756901e+00
1.891274756561854620e+00
1.913715228926952561e+00
1.936155701292050280e+00
1.958596173657148221e+00
1.981036646022245939e+00
2.003477118387343658e+00
2.025917590752441821e+00
2.048358063117539540e+00
2.070798535482637259e+00
2.093239007847734978e+00
2.115679480212833141e+00
2.138119952577930860e+00
2.160560424943028579e+00
2.183000897308126298e+00
2.205441369673224017e+00
2.227881842038322180e+00
2.250322314403419899e+00
