-1.398146576434110833e-01
-1.543022648868600834e-02
1.089542046660390701e-01
2.333386358207641398e-01
3.577230669754892789e-01
4.821074981302143625e-01
6.064919292849393351e-01
7.308763604396645297e-01
8.552607915943896133e-01
9.796452227491144749e-01
1.104029653903839669e+00
1.228414085058564753e+00
1.352798516213289615e+00
1.477182947368014920e+00
1.601567378522740004e+00
1.725951809677465087e+00
1.850336240832190171e+00
1.974720671986915033e+00
2.099105103141640338e+00
2.223489534296365644e+00
2.347873965451090505e+00
2.472258396605815367e+00
2.596642827760540673e+00
2.721027258915265534e+00
2.845411690069990396e+00
2.969796121224716146e+00
3.094180552379441007e+00
3.218564983534165869e+00
3.342949414688891174e+00
3.467333845843616036e+00
3.591718276998341342e+00
3.716102708153066647e+00
3.840487139307791953e+00
3.964871570462516814e+00
4.089256001617242120e+00
4.213640432771966537e+00
4.338024863926691843e+00
4.462409295081417149e+00
4.586793726236142454e+00
4.711178157390867760e+00
4.835562588545593066e+00
4.959947019700317483e+00
5.084331450855042789e+00
5.208715882009768094e+00
5.333100313164492512e+00
5.457484744319217818e+00
5.581869175473943123e+00
5.706253606628667541e+00
5.830638037783392846e+00
5.955022468938118152e+00
6.079406900092843458e+00
6.203791331247568763e+00
6.328175762402293181e+00
6.452560193557018486e+00
6.576944624711743792e+00
6.701329055866468210e+00
6.825713487021193515e+00
6.950097918175918821e+00
7.074482349330643238e+00
7.198866780485369432e+00
7.323251211640094738e+00
7.447635642794818267e+00
7.572020073949544461e+00
7.696404505104268878e+00
7.820788936258994184e+00
7.945173367413720378e+00
8.069557798568444795e+00
8.193942229723170101e+00
8.318326660877893630e+00
8.442711092032620712e+00
8.567095523187344241e+00
8.691479954342069547e+00
8.815864385496794853e+00
8.940248816651520158e+00
9.064633247806243688e+00
9.189017678960970770e+00
9.313402110115696075e+00
9.437786541270419605e+00
9.562170972425146687e+00
9.686555403579870216e+00
9.810939834734595522e+00
9.935324265889320827e+00
1.005970869704404613e+01
1.018409312819876966e+01
1.030847755935349674e+01
1.043286199050822027e+01
1.055724642166294558e+01
1.068163085281767266e+01
1.080601528397239619e+01
1.093039971512712150e+01
1.105478414628184680e+01
1.117916857743657211e+01
1.130355300859129564e+01
1.142793743974602272e+01
1.155232187090074625e+01
1.167670630205547155e+01
1.180109073321019686e+01
1.192547516436492216e+01
1.204985959551964747e+01
1.217424402667437278e+01
1.229862845782909808e+01
1.242301288898382161e+01
1.254739732013854869e+01
1.267178175129327222e+01
1.279616618244799753e+01
1.292055061360272283e+01
1.304493504475744814e+01
1.316931947591217344e+01
1.329370390706689875e+01
1.341808833822162406e+01
1.354247276937634759e+01
1.366685720053107289e+01
1.379124163168579820e+01
1.391562606284052350e+01
1.404001049399524881e+01
1.416439492514997411e+01
1.428877935630469764e+01
1.441316378745942295e+01
1.453754821861415003e+01
1.466193264976887356e+01
1.478631708092359887e+01
1.491070151207832417e+01
1.503508594323304770e+01
1.515947037438777301e+01
1.528385480554249831e+01
1.540823923669722184e+01
1.553262366785194715e+01
1.565700809900667423e+01
1.578139253016139776e+01
1.590577696131612129e+01
1.603016139247084837e+01
1.615454582362557545e+01
1.627893025478029898e+01
1.640331468593502251e+01
1.652769911708974959e+01
1.665208354824447312e+01
1.677646797939919665e+01
1.690085241055392373e+01
1.702523684170865081e+01
1.714962127286337434e+01
1.727400570401809787e+01
1.739839013517282496e+01
1.752277456632754848e+01
1.764715899748227557e+01
1.777154342863699910e+01
1.789592785979172618e+01
1.802031229094644971e+01
1.814469672210117324e+01
1.826908115325589677e+01
1.839346558441062385e+01
1.851785001556535093e+01
1.864223444672007446e+01
1.876661887787480154e+01
1.889100330902952507e+01
1.901538774018424860e+01
1.913977217133897213e+01
1.926415660249370276e+01
1.938854103364842629e+01
1.951292546480314982e+01
1.963730989595787335e+01
1.976169432711260043e+01
1.988607875826732396e+01
2.001046318942205104e+01
2.013484762057677813e+01
2.025923205173150166e+01
2.038361648288622519e+01
2.050800091404094871e+01
2.063238534519567580e+01
2.075676977635040288e+01
2.088115420750512641e+01
2.100553863865984994e+01
2.112992306981457702e+01
2.125430750096930055e+01
2.137869193212402408e+01
2.150307636327875471e+01
2.162746079443347824e+01
2.175184522558820177e+01
2.187622965674292530e+01
2.200061408789765238e+01
2.212499851905237591e+01
2.224938295020710299e+01
2.237376738136182652e+01
2.249815181251655360e+01
2.262253624367127713e+01
2.274692067482600066e+01
2.287130510598072775e+01
2.299568953713545483e+01
2.312007396829017836e+01
2.324445839944490189e+01
2.336884283059962897e+01
2.349322726175435250e+01
2.361761169290907603e+01
2.374199612406380311e+01
2.386638055521853019e+01
2.399076498637325372e+01
2.411514941752797725e+01
2.423953384868270433e+01
2.436391827983742786e+01
2.448830271099215494e+01
2.461268714214687847e+01
