0.000000000000000000e+00
3.747394730376161359e-02
7.494789460752322718e-02
1.124218419112848477e-01
1.498957892150464544e-01
1.873697365188080610e-01
2.248436838225696954e-01
2.623176311263312743e-01
2.997915784300929087e-01
3.372655257338545431e-01
3.747394730376161220e-01
4.097223367209833489e-01
4.447052004043505202e-01
4.796880640877176916e-01
5.146709277710849184e-01
5.496537914544521453e-01
5.846366551378192611e-01
6.196195188211864879e-01
6.546023825045537148e-01
6.895852461879209416e-01
7.245681098712881685e-01
7.595509735546552843e-01
7.945338372380225112e-01
8.295167009213897380e-01
8.644995646047568538e-01
8.994824282881240807e-01
8.994824282881240807e-01
9.347244840187968196e-01
9.699665397494696695e-01
1.005208595480142408e+00
1.040450651210815147e+00
1.075692706941487886e+00
1.110934762672160625e+00
1.146176818402833364e+00
1.181418874133506325e+00
1.216660929864179064e+00
1.251902985594851803e+00
1.287145041325524542e+00
1.322387097056197280e+00
1.357629152786870019e+00
1.392871208517542758e+00
1.428113264248215497e+00
1.463355319978888236e+00
1.498597375709560975e+00
1.533839431440233936e+00
1.569694522770299416e+00
1.605549614100364675e+00
1.641404705430430155e+00
1.677259796760495636e+00
1.713114888090561116e+00
1.748969979420626597e+00
1.784825070750691856e+00
1.784825070750691856e+00
1.820936451975923909e+00
1.857047833201156184e+00
1.893159214426388237e+00
1.929270595651620290e+00
1.965381976876852566e+00
2.001493358102084841e+00
2.037604739327316672e+00
2.073716120552548947e+00
2.109827501777781222e+00
2.145938883003013053e+00
2.182050264228245329e+00
2.218161645453477604e+00
2.251956657774751847e+00
2.285751670096026089e+00
2.319546682417300332e+00
2.353341694738574574e+00
2.387136707059848817e+00
2.420931719381123060e+00
2.454726731702397302e+00
2.488521744023671545e+00
2.522316756344945787e+00
2.556111768666220030e+00
2.589906780987494272e+00
2.623701793308768515e+00
2.657496805630042758e+00
2.691291817951317000e+00
2.725086830272591243e+00
2.758881842593865485e+00
2.758881842593865485e+00
2.794184287737960126e+00
2.829486732882054323e+00
2.864789178026148964e+00
2.900091623170243160e+00
2.935394068314337801e+00
2.970696513458432442e+00
3.005998958602526638e+00
3.041301403746621279e+00
3.076603848890715476e+00
3.111906294034810117e+00
3.147208739178904313e+00
3.182511184322998954e+00
3.217813629467093151e+00
3.253116074611187791e+00
3.288418519755282432e+00
3.323720964899376629e+00
3.359023410043471269e+00
3.394325855187565466e+00
