-2.138376169320936589e-07 4.733815065065142060e-08 2.420885673233182554e-07 6.093891833932031155e+00 7.064033514586196105e+00 7.065619518791235620e+00 9.500244110132742392e+00 1.247681410422807602e+01 1.249836377753779892e+01 1.249876832924593195e+01 1.267865897477707016e+01 1.267933461665266748e+01
3.203549115881003106e-01 7.246461667255369443e-01 9.176761497494643205e-01 6.116353109111625663e+00 6.974831726126670794e+00 7.151196334723888270e+00 9.484558770155075536e+00 1.240977983235512738e+01 1.244429566894454098e+01 1.247632328900426302e+01 1.289893924746013099e+01 1.296853666097620561e+01
6.549592409829545492e-01 1.434619154814948727e+00 1.821610160839353565e+00 6.181761740552198070e+00 6.819129423780968757e+00 7.402945072279083050e+00 9.438357341985694760e+00 1.234863479295952260e+01 1.239262382469462231e+01 1.252984272730857640e+01 1.325919864105806667e+01 1.360054540225149822e+01
1.007112132389795800e+00 2.117664091042020580e+00 2.700783744898552552e+00 6.284781922941668597e+00 6.786036398660701963e+00 7.777382072630482313e+00 9.364010880179227669e+00 1.219511939698388403e+01 1.246898709507067338e+01 1.265064633103657599e+01 1.359494223487720532e+01 1.438869184531046308e+01
1.366814454544560409e+00 2.765814952060309473e+00 3.547571721122922295e+00 6.418257090300341972e+00 6.958937170260801608e+00 8.181706991196412204e+00 9.264888282586074553e+00 1.199134945594085444e+01 1.258103319102084861e+01 1.282353013608077674e+01 1.380208476664047801e+01 1.520231549683454020e+01
1.716231102542136400e+00 3.376120807936357604e+00 4.356096227963385914e+00 6.575100194847864898e+00 7.292391976670957732e+00 8.529910678426094961e+00 9.144689416785048763e+00 1.174581041229863843e+01 1.267223005885263021e+01 1.301344296786350085e+01 1.382012351801425964e+01 1.596143690384156066e+01
2.037400176349289715e+00 3.949672200071730366e+00 5.120019731260621931e+00 6.749772835998066434e+00 7.675304587424289338e+00 8.797203405700789958e+00 9.006912087743685902e+00 1.146670436385653247e+01 1.269687951365478895e+01 1.314131906564890429e+01 1.367220362961321634e+01 1.660770271777554896e+01
2.317455391060941228e+00 4.488661855297346293e+00 5.830826552987867117e+00 6.938661295839650300e+00 8.000103820505463759e+00 8.854797740450418786e+00 9.014264869319310591e+00 1.116182614223043501e+01 1.253572579513410012e+01 1.308880777645284788e+01 1.357734120492858487e+01 1.708556369166852562e+01
2.549532642968070473e+00 4.991739540565522937e+00 6.476336217258778838e+00 7.138871156363911119e+00 8.220662871214953427e+00 8.692133218420860175e+00 9.209422215299859715e+00 1.084025602000625454e+01 1.201263721501424442e+01 1.298135737426686553e+01 1.365833323817735057e+01 1.735077026101316378e+01
2.730666621478774481e+00 5.448397565091647188e+00 7.039003497130859266e+00 7.344974961430708049e+00 8.366605911339686230e+00 8.525375031691190486e+00 9.367260145913050451e+00 1.051649852095104798e+01 1.127006302903822466e+01 1.291127996380700438e+01 1.382043720927460839e+01 1.739238822561025088e+01
2.859451026814219698e+00 5.833308831672613159e+00 7.493843663900532803e+00 7.542643042495632777e+00 8.367859306892253102e+00 8.478716412357959697e+00 9.462086538043442019e+00 1.021757789822615869e+01 1.052545552664094153e+01 1.285770887177876531e+01 1.403628951158319715e+01 1.725321932965804095e+01
2.935630745045800793e+00 6.102613463871259469e+00 7.698770717886326942e+00 7.804817969527079846e+00 8.245942846097529255e+00 8.561438934706565362e+00 9.489197383720881618e+00 9.973284461417485147e+00 9.991738088288894204e+00 1.282386977994586275e+01 1.425259388880623312e+01 1.704605218624783447e+01
2.960630806656000313e+00 6.201829818217463597e+00 7.761082067434509568e+00 7.920018374616603296e+00 8.198029519059538472e+00 8.593772932002934795e+00 9.476259756887857932e+00 9.778820649078058480e+00 9.904444780629420464e+00 1.281258700775073400e+01 1.435161384223531478e+01 1.694300797986404916e+01
3.072371861081062416e+00 6.232585793683766973e+00 7.780141444234125458e+00 7.912559149393837643e+00 8.182015971490255168e+00 8.589505894540094388e+00 9.493639330261544274e+00 9.878078024711777871e+00 9.909399347073707176e+00 1.284023049398665606e+01 1.433441725084744434e+01 1.687806662637158794e+01
3.371569012143649680e+00 6.322974822361625336e+00 7.837548480090653413e+00 7.893953829590217630e+00 8.133886694765486425e+00 8.614971179857402461e+00 9.515193439046033319e+00 9.799533501058641960e+00 1.026526725070274537e+01 1.292181149709253596e+01 1.428818415793528551e+01 1.668587935481562212e+01
3.776457913859875504e+00 6.467458554214651656e+00 7.875577594296463424e+00 7.934047530823505667e+00 8.053329347598861432e+00 8.671241942095429422e+00 9.574548072639888829e+00 9.670543218429443755e+00 1.073049628254538668e+01 1.305384542030361317e+01 1.422948207610884452e+01 1.637450718069923994e+01
4.198599891107376081e+00 6.657149805424144695e+00 7.877355963711977438e+00 7.939374461905131852e+00 8.071128117283080883e+00 8.680918284973985877e+00 9.494220678242044187e+00 9.723544759159322481e+00 1.120519652012111322e+01 1.323516953789780004e+01 1.418557120864804055e+01 1.595793799150252923e+01
4.558429502320715976e+00 6.880435905895075699e+00 7.790744271039820923e+00 7.927014914678739643e+00 8.250360608041315658e+00 8.601624235131513529e+00 9.275418156071564724e+00 9.931279833062706786e+00 1.160456594512512574e+01 1.348325809714350498e+01 1.418431710722506800e+01 1.545711037376792163e+01
4.793016396255831424e+00 7.124168166734692775e+00 7.604391928663032374e+00 8.050226455459817743e+00 8.449658097570905468e+00 8.473682240474335714e+00 9.021184871646624970e+00 1.010506493328960254e+01 1.184808613110429931e+01 1.384237590827005349e+01 1.422775153308664819e+01 1.490197026080068987e+01
4.871771495759000814e+00 7.375609437000669288e+00 7.375814240092252838e+00 8.243472542647719337e+00 8.249665139929721391e+00 8.740924668106938356e+00 8.741522810808373123e+00 1.017320894674585396e+01 1.191748266846735937e+01 1.427219161119238855e+01 1.427557401755668032e+01 1.438582715648780663e+01
4.805968838273300570e+00 7.127082205105654822e+00 7.603151254092849420e+00 8.025443825578431500e+00 8.468335930012136359e+00 8.481082097795731300e+00 9.013857987110053926e+00 1.010028927200210447e+01 1.195096164812751205e+01 1.394985121783035886e+01 1.415204721952992628e+01 1.493993944288409814e+01
4.627373226436093390e+00 6.838100109871490417e+00 7.768388189824864121e+00 7.823705990770292829e+00 8.221059493454731637e+00 8.699950305631714897e+00 9.313470317335310611e+00 9.902054590965427394e+00 1.208248470563514587e+01 1.367759932206135076e+01 1.403946359085963280e+01 1.557326480216052467e+01
4.360273897553043732e+00 6.507029678800541284e+00 7.476720966453999750e+00 7.967045129584210628e+00 8.034849279647005460e+00 8.906099300629936266e+00 9.612851205738550675e+00 9.634403013541426475e+00 1.231609475881421467e+01 1.348985604526599502e+01 1.397267249618863438e+01 1.611513036761749262e+01
4.025064786684766638e+00 6.134057190282034000e+00 7.146857191958841504e+00 7.722650613560031019e+00 8.235591880172028922e+00 9.064374223743952186e+00 9.266118135507362297e+00 9.969481510389199386e+00 1.261031818760780965e+01 1.337487963165656168e+01 1.394371641012648944e+01 1.650142603847816858e+01
3.639676747031607817e+00 5.720991808199206829e+00 6.772388231415838789e+00 7.489123916237852896e+00 8.425822989655157969e+00 8.883000762837099273e+00 9.166597592928308558e+00 1.031093639631302139e+01 1.288495240363595329e+01 1.333144419509255663e+01 1.393306342649107243e+01 1.670199961306071046e+01
3.220606931684654395e+00 5.270416280004677212e+00 6.345055722793897068e+00 7.266816191301963102e+00 8.496202851725362493e+00 8.605297526483418835e+00 9.189090219583318842e+00 1.065086007017283087e+01 1.301519836033151556e+01 1.339862034863466711e+01 1.391738155749684402e+01 1.671338247125098064e+01
2.783104725747658659e+00 4.785000284931115289e+00 5.857205353062365560e+00 7.056169432651181239e+00 8.119960405130282055e+00 8.773373334064732632e+00 9.121520333385706891e+00 1.098142836889637408e+01 1.300468469404171401e+01 1.348561534340924517e+01 1.389296320408158358e+01 1.655166059842519743e+01
2.341300569590406333e+00 4.267279862546925706e+00 5.304400743640502291e+00 6.858391583253625967e+00 7.772727518141706149e+00 8.928860005949369238e+00 8.948460700175122184e+00 1.129500996419849024e+01 1.294841580631256583e+01 1.343250230461094930e+01 1.387230790389192947e+01 1.624278272218030494e+01
1.908444486710074717e+00 3.719782480973234939e+00 4.686754353328907108e+00 6.675676626532002444e+00 7.472517682426938812e+00 8.664091504245455155e+00 9.070065088291020317e+00 1.158427004779309755e+01 1.287465555036135179e+01 1.325298844860007463e+01 1.381093448988447570e+01 1.581201588170924488e+01
1.496981604051588866e+00 3.145273820729800551e+00 4.008559591412548251e+00 6.511136380909123389e+00 7.237379875098316262e+00 8.286253545893915273e+00 9.194912687630417025e+00 1.184231296094479546e+01 1.279201608836862825e+01 1.302291686381478542e+01 1.366738690645058973e+01 1.527969130751520055e+01
1.118082807644148913e+00 2.546973378467932925e+00 3.276917122208051758e+00 6.368550812487145940e+00 7.082086557798473514e+00 7.868699721539825553e+00 9.301152739603534059e+00 1.206286242790211283e+01 1.270694053136552881e+01 1.279945988010325664e+01 1.344719228424767188e+01 1.466857604567316464e+01
7.802304372003278088e-01 1.928673823759024630e+00 2.500340260127444036e+00 6.251993644944024986e+00 7.011117830204992352e+00 7.493181726188915981e+00 9.386563606498956602e+00 1.224045718695687412e+01 1.261070301899277268e+01 1.263466848519058949e+01 1.318418545780246731e+01 1.401868946674605709e+01
4.865937751571055569e-01 1.294754836924685515e+00 1.688116471924504980e+00 6.165374664287728734e+00 7.010650385505839743e+00 7.231436326893233790e+00 9.449162354740034075e+00 1.237063686462948020e+01 1.249625500536811273e+01 1.256458698758323500e+01 1.292996198350852666e+01 1.339983454436452526e+01
2.317484441900711511e-01 6.501083205487798722e-01 8.506613532209955642e-01 6.111952380556608944e+00 7.044624948390889152e+00 7.100483788489079906e+00 9.487388061542791462e+00 1.245009875447288294e+01 1.246112658595304445e+01 1.251733392996289140e+01 1.274513278794025517e+01 1.291008618489709114e+01
-2.138376169320936589e-07 4.733815065065142060e-08 2.420885673233182554e-07 6.093891833932031155e+00 7.064033514586196105e+00 7.065619518791235620e+00 9.500244110132742392e+00 1.247681410422807602e+01 1.249836377753779892e+01 1.249876832924593195e+01 1.267865897477707016e+01 1.267933461665266748e+01
6.221368334682922940e-01 6.222843889362483782e-01 8.143120391457747687e-01 6.644187111191884654e+00 7.037402270636905932e+00 7.038983030965446197e+00 9.463875490582717376e+00 1.250056714214196241e+01 1.250097306426017241e+01 1.258681767175169242e+01 1.267783642933067156e+01 1.267850901652004048e+01
1.239030960498755052e+00 1.239324517480577592e+00 1.623097956727052260e+00 6.957711723614075083e+00 6.959276831324602064e+00 8.007925234240781620e+00 9.358374044418898308e+00 1.250701604641633402e+01 1.250742609979031350e+01 1.267537388076881655e+01 1.267603752392138894e+01 1.290374174545921804e+01
1.845553229075772794e+00 1.845989722259837151e+00 2.420749414643055264e+00 6.825569709610038949e+00 6.827108603945440279e+00 9.133869610582921794e+00 9.751069128889890081e+00 1.251724528933128155e+01 1.251766221518466082e+01 1.267128199254130116e+01 1.267193140403168528e+01 1.339569751423881350e+01
2.436786429082864913e+00 2.437361365748346831e+00 3.201525638113553285e+00 6.641980942253320030e+00 6.643483056120008889e+00 8.897789809890744195e+00 1.140956455780507284e+01 1.253053929785125753e+01 1.253096581819767152e+01 1.266556566481827240e+01 1.266619649013938620e+01 1.403302894033583570e+01
3.008096804779011535e+00 3.008804383518686176e+00 3.959657461231407272e+00 6.408332236172216589e+00 6.409786939469199751e+00 8.574556988851336214e+00 1.254601482415246139e+01 1.254645360055473802e+01 1.265821293777834455e+01 1.265882200137838787e+01 1.280918784490858897e+01 1.481009319661970736e+01
3.555173009804718731e+00 3.556006265812192257e+00 4.689489830734681064e+00 6.126368483397437892e+00 6.127765107251312848e+00 8.183987189630727244e+00 1.256272248883376008e+01 1.256317617137692189e+01 1.264919336332402544e+01 1.264977858775341524e+01 1.379017935250309002e+01 1.569034380065278533e+01
4.074033879912160927e+00 4.074984847964960188e+00 5.385570746229357830e+00 5.798161346314725684e+00 5.799489135134449747e+00 7.731048531793844880e+00 1.257974917810020621e+01 1.258022027040987467e+01 1.263847307328222946e+01 1.263903364682256658e+01 1.439812141611641216e+01 1.649891340892399327e+01
4.561012513590258166e+00 4.562072399960318769e+00 5.426074540284993475e+00 5.427323493158482393e+00 6.042676190041517792e+00 7.220166795683843119e+00 1.259629676672935794e+01 1.259678761035426398e+01 1.262606050713111294e+01 1.262659661564879343e+01 1.473416111488676172e+01 1.704696657267558990e+01
5.011471654157110933e+00 5.012630384894523061e+00 5.013994614316134246e+00 5.015154606639281809e+00 6.652080853851555453e+00 6.659558958401651019e+00 1.261045999170999110e+01 1.261097154984443414e+01 1.261333682867922512e+01 1.261385057660934628e+01 1.484298065093940799e+01 1.723848992329234164e+01
5.002580634679232752e+00 5.010758247192689474e+00 5.045801541932878109e+00 5.059600412249502632e+00 6.709746501097168192e+00 6.722338465243004713e+00 1.253014250394726581e+01 1.260565293400228093e+01 1.264193643040718307e+01 1.265253956492814069e+01 1.488734681472689125e+01 1.715194938685806036e+01
5.005042478779976101e+00 5.020928315414483478e+00 5.130032144206955635e+00 5.160249385333282035e+00 6.876966630023041205e+00 6.903858540048980252e+00 1.227499240929281399e+01 1.256701182330482425e+01 1.271752085597872473e+01 1.275004318437217954e+01 1.502886725818834712e+01 1.692836401524709444e+01
5.053066007003199189e+00 5.075590803369943949e+00 5.225910143517225492e+00 5.277355213931149258e+00 7.143962394585753550e+00 7.188182081849185501e+00 1.185062906637250002e+01 1.242205070945577994e+01 1.280539270138226904e+01 1.285493301567193569e+01 1.526996535326654936e+01 1.667085861735457897e+01
5.156497138858828322e+00 5.189417906607793007e+00 5.303191057248638707e+00 5.379096040839671744e+00 7.497034495831944589e+00 7.553169419446854604e+00 1.129141082187339151e+01 1.207248717978362684e+01 1.287207274820648273e+01 1.292524733772960843e+01 1.558202034654260615e+01 1.650779730640633503e+01
5.261431595249084658e+00 5.308564328253773112e+00 5.409377363440826869e+00 5.481801534212894289e+00 7.911306279640108130e+00 7.968619402666907270e+00 1.065936271771622579e+01 1.149359780870391745e+01 1.289291047255622757e+01 1.294107739088842202e+01 1.591523369866024318e+01 1.649761521795450037e+01
5.287510659225622689e+00 5.340439589175498547e+00 5.614741711275716085e+00 5.653673846529895464e+00 8.349192197456371645e+00 8.400784687383948679e+00 1.003322189963169997e+01 1.078786928206124607e+01 1.285358079887128291e+01 1.289290937732746301e+01 1.621982618209552029e+01 1.659450948133604697e+01
5.280841070267944914e+00 5.319719964642882104e+00 5.848298701875364713e+00 5.869685440225844708e+00 8.730937942915456773e+00 8.809876431187039003e+00 9.529695065663041476e+00 1.011978431176707005e+01 1.275101767976199696e+01 1.277805166873437948e+01 1.645865318736093741e+01 1.671899467727977751e+01
5.274519971199517876e+00 5.290287443490807817e+00 6.079681574514107290e+00 6.087775442678455384e+00 8.734861815680547537e+00 9.058592491087404497e+00 9.494482794584381935e+00 9.727804370388632549e+00 1.259468705936219912e+01 1.260496129117657738e+01 1.661177590476964383e+01 1.681228652064432438e+01
5.272934723168365423e+00 5.297761442767227713e+00 6.283858239943501900e+00 6.288596128368133975e+00 8.465733566309801006e+00 8.894063478587776572e+00 9.830562466286515644e+00 9.900814715107934205e+00 1.239471171882703615e+01 1.240719091066946334e+01 1.667739346871751849e+01 1.684563640288040887e+01
5.299294874573677205e+00 5.340438134609064136e+00 6.441130466575316404e+00 6.450308559529016605e+00 8.260394070710725956e+00 8.678185715818917956e+00 1.018483198958433888e+01 1.024843549901472883e+01 1.218133512054283685e+01 1.221775072296472153e+01 1.667135309520216779e+01 1.681674702930960308e+01
5.352140376524128662e+00 5.401771533749758269e+00 6.543804936064743671e+00 6.552937441690310116e+00 8.142624231478830410e+00 8.543776970097324508e+00 1.048859085059195806e+01 1.056760064309522740e+01 1.200012740816292123e+01 1.205881232164888850e+01 1.662506938757213604e+01 1.674594122850997024e+01
5.404164572526691579e+00 5.458225465616475702e+00 6.594779821602284819e+00 6.601096965473852052e+00 8.087061863539748430e+00 8.475315221224589024e+00 1.069724974344310731e+01 1.079341821946648494e+01 1.188043402412562521e+01 1.195484625135813594e+01 1.657802564934200262e+01 1.667129045750479932e+01
5.425802756779088298e+00 5.481553834066227537e+00 6.609614876143206530e+00 6.612868096525286177e+00 8.071122769123100227e+00 8.454466485917214058e+00 1.077226195985212165e+01 1.087577199395821026e+01 1.183889334381211533e+01 1.191898940062406531e+01 1.655988554038876615e+01 1.663817196552682276e+01
5.395896365527123706e+00 5.450355234072766564e+00 6.696409192462532189e+00 6.718233815545908705e+00 8.056055622545684969e+00 8.426016328686918300e+00 1.074090128565854485e+01 1.083554133813297504e+01 1.190713983068324389e+01 1.197877761980617173e+01 1.652166758264343471e+01 1.659713469856700740e+01
5.328454351530521826e+00 5.381707324754800403e+00 6.939910133143544435e+00 6.978487189564606119e+00 8.015790405120007733e+00 8.346713125287902102e+00 1.065940506210488969e+01 1.073469084680088592e+01 1.208487332026668959e+01 1.213939889150152673e+01 1.641155072730178333e+01 1.647903840391377273e+01
5.255811140420249217e+00 5.308046633468939568e+00 7.271433622480712344e+00 7.323393820937080356e+00 7.965223410963641726e+00 8.232592816845293981e+00 1.055070125903732858e+01 1.060484206731688950e+01 1.232304572423888622e+01 1.236154474025909522e+01 1.624357586402264886e+01 1.629924614885005241e+01
5.193717651655799017e+00 5.240719126216774271e+00 7.601146509237793225e+00 7.680678446695723416e+00 7.943393759269992138e+00 8.110758607302475554e+00 1.043507392546321100e+01 1.047015936962209359e+01 1.257731740075549176e+01 1.260317807506169174e+01 1.604257313888153647e+01 1.608441033627294914e+01
5.147453166395791868e+00 5.181980823141602244e+00 7.743119726546442649e+00 7.881929571742752216e+00 8.084323813323376129e+00 8.107304169199858634e+00 1.033354028303011063e+01 1.035369948351149105e+01 1.280557795403664834e+01 1.282127322340107334e+01 1.584573714748721507e+01 1.587345218891922549e+01
5.119717388554676063e+00 5.136325766569346918e+00 7.747435694319506183e+00 7.818697065221914322e+00 8.284135867427828259e+00 8.289949219070908981e+00 1.026984190596770752e+01 1.027904578111882472e+01 1.296457900372936933e+01 1.297250261281390848e+01 1.570091144526472249e+01 1.571499473582661821e+01
5.113802761426289756e+00 5.114041982691048815e+00 7.762715702904415593e+00 7.762887175956704411e+00 8.359266197741336057e+00 8.362964527070227305e+00 1.025500160536655159e+01 1.025506801155303194e+01 1.302001982484178910e+01 1.302484399608912113e+01 1.565227708457043043e+01 1.565228284874199538e+01
5.090655330790199606e+00 5.104856458968955124e+00 7.721001676199292341e+00 7.760991149002174794e+00 8.296385252299954161e+00 8.309750473116677583e+00 1.025453796533642503e+01 1.026522052760668835e+01 1.300036162570386900e+01 1.301058824373150458e+01 1.570173476773694610e+01 1.571753052309700571e+01
5.052406039451374120e+00 5.074493505719233077e+00 7.656370621790332009e+00 7.700401239452737023e+00 8.150745376806995068e+00 8.172008542906452178e+00 1.023956346639491954e+01 1.025908563597228174e+01 1.296811081702757917e+01 1.298261248963844672e+01 1.584176215744214211e+01 1.586855375229469445e+01
5.016025531116399705e+00 5.046816334533265724e+00 7.551868943259184341e+00 7.579891678797268106e+00 7.993205114151391122e+00 8.020327450972574823e+00 1.018096637031857377e+01 1.020946505980639429e+01 1.295178327715742483e+01 1.296783798103824203e+01 1.602413097991143687e+01 1.605891990020164428e+01
4.999360026579005911e+00 5.037117759201517053e+00 7.351651340176855065e+00 7.372002917938966782e+00 7.929316739119356860e+00 7.967410388973969582e+00 1.006561005132249065e+01 1.010049581425583654e+01 1.296120772820218470e+01 1.297933948400944892e+01 1.620480719033692552e+01 1.624688478124414459e+01
5.012891688480348940e+00 5.051135049444696712e+00 7.060337094790420487e+00 7.080365547110929469e+00 8.009046449113860433e+00 8.085316929362234006e+00 9.889620402817604017e+00 9.926955531201199889e+00 1.299015287831652365e+01 1.301400331059086746e+01 1.634998359259637368e+01 1.640339531026915409e+01
5.052599292014735788e+00 5.085079939825787321e+00 6.729778315125417798e+00 6.747427169047007567e+00 8.223636674360768950e+00 8.391068309214757548e+00 9.654907767986726341e+00 9.691496083460455324e+00 1.302558271427919223e+01 1.305766361400817566e+01 1.643624400403851737e+01 1.651266697373362291e+01
5.103031574655762626e+00 5.127816534008424298e+00 6.391160145901808143e+00 6.406162278480339367e+00 8.561775155498507317e+00 8.868581443989610236e+00 9.378462803708174533e+00 9.405423653069973966e+00 1.305339272014390062e+01 1.309322415280846030e+01 1.645058951918426970e+01 1.657018551930533334e+01
5.146262314210155786e+00 5.166173731440148131e+00 6.063809186762600056e+00 6.081496866674162227e+00 8.915551432127085008e+00 8.974592735264058874e+00 9.167929255425747215e+00 9.578293352240558889e+00 1.306171248891531000e+01 1.310655222164838207e+01 1.638947558837486085e+01 1.658224402609855730e+01
5.165978900885344949e+00 5.188843044458147702e+00 5.766167442192822179e+00 5.795245192606786055e+00 8.610045436832825416e+00 8.645745710985542232e+00 9.605851271937801528e+00 1.029292624470410367e+01 1.304324724621782572e+01 1.308920243125344385e+01 1.625697611466703307e+01 1.656716957771280363e+01
5.148387139719910799e+00 5.183856707974708655e+00 5.521113318836746053e+00 5.566926448697719465e+00 8.212907523728702586e+00 8.254301822577978953e+00 1.019200143468965436e+01 1.101692393853537055e+01 1.299641931001187523e+01 1.303946875646813375e+01 1.606353431858239489e+01 1.655551499703083707e+01
5.091619209606835561e+00 5.137144747630535413e+00 5.352188506967217485e+00 5.406498427050588695e+00 7.816184240140147566e+00 7.855608910423157454e+00 1.079063228266639562e+01 1.164942183416225063e+01 1.292552405278645189e+01 1.296232702978005769e+01 1.582514589149804252e+01 1.658535084095920098e+01
5.024818535467549196e+00 5.064583899342857798e+00 5.250115084638528273e+00 5.292640453782525789e+00 7.445147873210813394e+00 7.477282564768250595e+00 1.135794316526871306e+01 1.212063158923085737e+01 1.284003428530983015e+01 1.286840398598171120e+01 1.556259339769591499e+01 1.668613938374432593e+01
4.984838780894672361e+00 5.014993311857322666e+00 5.168483352354998672e+00 5.194794426280934019e+00 7.123840960259172128e+00 7.145146303674621002e+00 1.185747030202500163e+01 1.240943077933405370e+01 1.275301556703709416e+01 1.277205600080064052e+01 1.530087329540473462e+01 1.685338711106139087e+01
4.980902587596602871e+00 5.002000399543949705e+00 5.092309925449782781e+00 5.107098077650167767e+00 6.873304805480149327e+00 6.883667892189759385e+00 1.225612219910271428e+01 1.254946306340488249e+01 1.267857734723667029e+01 1.268881457878693020e+01 1.506956183792904547e+01 1.704057854817968831e+01
4.997812603307206558e+00 5.008526792711284870e+00 5.034822463365355993e+00 5.042345665825895829e+00 6.710288054625607401e+00 6.716362917359293583e+00 1.251973802666023872e+01 1.260035454556975232e+01 1.262858821613267502e+01 1.263273750525774908e+01 1.490429537768504531e+01 1.718478730230658869e+01
5.011471654157110933e+00 5.012630384894523061e+00 5.013994614316134246e+00 5.015154606639281809e+00 6.652080853851555453e+00 6.659558958401651019e+00 1.261045999170999110e+01 1.261097154984443414e+01 1.261333682867922512e+01 1.261385057660934628e+01 1.484298065093940799e+01 1.723848992329234164e+01
5.425802756779088298e+00 5.481553834066227537e+00 6.609614876143206530e+00 6.612868096525286177e+00 8.071122769123100227e+00 8.454466485917214058e+00 1.077226195985212165e+01 1.087577199395821026e+01 1.183889334381211533e+01 1.191898940062406531e+01 1.655988554038876615e+01 1.663817196552682276e+01
5.265384530995516066e+00 5.706394205041051215e+00 6.209619493360877485e+00 6.958171389265242368e+00 8.111091272803109931e+00 8.468730252057444119e+00 1.064321847440229085e+01 1.091280356767713933e+01 1.164548255017436595e+01 1.208519955387406064e+01 1.646365688934693594e+01 1.668168153342796955e+01
5.164967938283317572e+00 5.679722674487348577e+00 6.093215800788310155e+00 7.228982824467459878e+00 8.206889444580051318e+00 8.528375591603914785e+00 1.039084702029994212e+01 1.089699639641781381e+01 1.139109571747000160e+01 1.225995649223120765e+01 1.626729853752215860e+01 1.672480152186479785e+01
5.154695336458434696e+00 5.200091464731825042e+00 6.435145244168749556e+00 7.419101119597550920e+00 8.304419199815505692e+00 8.666233800803471610e+00 1.006011855216233641e+01 1.080640630250251100e+01 1.111364460868786885e+01 1.241139978439513669e+01 1.599174621299837362e+01 1.676096432359244659e+01
4.686509374313101439e+00 5.232825674771364177e+00 6.813369673641972213e+00 7.536212816451210550e+00 8.389192680468191554e+00 8.862943478503975570e+00 9.671144183944020867e+00 1.065678025057528444e+01 1.082407468956942509e+01 1.253927794785636429e+01 1.565225378582529636e+01 1.679824108376203284e+01
4.179045960271862370e+00 5.390732765889911349e+00 7.189168869067321666e+00 7.605448663622265570e+00 8.470266013540642902e+00 9.054437303271727799e+00 9.255735459606459159e+00 1.046463361929942160e+01 1.054246881635435962e+01 1.264299367197281576e+01 1.527956229193208060e+01 1.683831794198897214e+01
3.710055686505308259e+00 5.612138833354324952e+00 7.525449117929995602e+00 7.675211242298000336e+00 8.536002745443468598e+00 8.796279382434992300e+00 9.249319747547952275e+00 1.022881011908166116e+01 1.031000861318840833e+01 1.272150595560677999e+01 1.491776998638059659e+01 1.687803929713463091e+01
3.319574423030309251e+00 5.867720133157809492e+00 7.677119087015416454e+00 7.888388719910014224e+00 8.378976979175119411e+00 8.583147492160932757e+00 9.372812678433403377e+00 9.996211505497445415e+00 1.012164500434826664e+01 1.277444605957393264e+01 1.461684163103369904e+01 1.691202237016041110e+01
3.055095690472703573e+00 6.099472256438377649e+00 7.736910609038732289e+00 8.053195701176672827e+00 8.111111483867198046e+00 8.593484962162966312e+00 9.451392417848929028e+00 9.831062291399330633e+00 9.971928739844623024e+00 1.280357764553592403e+01 1.441974196159066679e+01 1.693492828607745437e+01
2.960630806656000313e+00 6.201829818217463597e+00 7.761082067434509568e+00 7.920018374616603296e+00 8.198029519059538472e+00 8.593772932002934795e+00 9.476259756887857932e+00 9.778820649078058480e+00 9.904444780629420464e+00 1.281258700775073400e+01 1.435161384223531478e+01 1.694300797986404916e+01
4.871771495759000814e+00 7.375609437000669288e+00 7.375814240092252838e+00 8.243472542647719337e+00 8.249665139929721391e+00 8.740924668106938356e+00 8.741522810808373123e+00 1.017320894674585396e+01 1.191748266846735937e+01 1.427219161119238855e+01 1.427557401755668032e+01 1.438582715648780663e+01
4.951334840685165162e+00 7.212565342405203417e+00 7.213246263827974403e+00 8.365698860960637973e+00 8.371086085980921965e+00 8.740648099094599388e+00 8.741225786622491611e+00 1.015295729764282839e+01 1.193301562582519004e+01 1.432056034697474622e+01 1.432383240261678381e+01 1.436299189221658601e+01
5.179136663704266397e+00 6.880540153773167411e+00 6.882008884175241370e+00 8.461889825882474625e+00 8.465049586569731943e+00 8.860577944952076734e+00 8.861544847815169490e+00 1.009173478105432231e+01 1.197929269395158514e+01 1.429550377825858121e+01 1.445664667214834687e+01 1.445964327047997244e+01
5.527089975743653127e+00 6.511200881658099071e+00 6.513035479607995448e+00 8.374749049235814979e+00 8.376394907836559156e+00 9.144852255309972477e+00 9.146403790426086644e+00 9.988185134160653789e+00 1.205537528188356511e+01 1.418648085569872030e+01 1.465689879148933095e+01 1.465949453507276523e+01
5.959643769126275359e+00 6.147762134717766891e+00 6.149704938798126186e+00 8.233186406120804435e+00 8.234196108671046233e+00 9.446184398815784533e+00 9.447615766611370702e+00 9.840215750841663223e+00 1.215977772406260726e+01 1.404088451445570307e+01 1.489083352446441388e+01 1.489297755695125858e+01
5.812932869782940770e+00 5.814747642726440624e+00 6.442117915957063623e+00 8.085231940147375340e+00 8.085851662687398189e+00 9.645287648764861999e+00 9.718843962471101605e+00 9.720009761033608697e+00 1.229054935355674871e+01 1.386529014180981179e+01 1.512779261878055692e+01 1.512947662163676021e+01
5.525457791976548627e+00 5.527003021449451658e+00 6.944618745256909698e+00 7.952875394582338053e+00 7.953225809518609246e+00 9.400896412170983041e+00 9.945333547625560655e+00 9.946209182856165398e+00 1.244532441487305796e+01 1.366743384127379279e+01 1.534086528325078547e+01 1.534210253960024950e+01
5.303174253289907547e+00 5.304312023717305813e+00 7.443296134950482923e+00 7.849889513633393712e+00 7.850077163411131487e+00 9.105219237126236820e+00 1.011473426893918237e+01 1.011531806204417094e+01 1.262129235533566352e+01 1.345563121417119490e+01 1.550858040563515416e+01 1.550939059139983556e+01
5.162124990366575794e+00 5.162764799421133866e+00 7.784890422763498741e+00 7.785024088717820590e+00 7.919947179085124134e+00 8.757945042947985925e+00 1.021949526213810167e+01 1.021979385760695713e+01 1.281505662210419239e+01 1.323812114050093136e+01 1.561548164610797151e+01 1.561588182592947049e+01
5.113802761426289756e+00 5.114041982691048815e+00 7.762715702904415593e+00 7.762887175956704411e+00 8.359266197741336057e+00 8.362964527070227305e+00 1.025500160536655159e+01 1.025506801155303194e+01 1.302001982484178910e+01 1.302484399608912113e+01 1.565227708457043043e+01 1.565228284874199538e+01
