0.000000000000000000e+00
3.938055574613825993e-02
7.876111149227651986e-02
1.181416672384147798e-01
1.502976007324948182e-01
1.824535342265748705e-01
2.146094677206549228e-01
2.467654012147349474e-01
2.789213347088150274e-01
3.110772682028950520e-01
3.110772682028950520e-01
3.398671714740922889e-01
3.686570747452895258e-01
3.974469780164867627e-01
4.262368812876839996e-01
4.550267845588812365e-01
4.838166878300784735e-01
5.126065911012757104e-01
5.413964943724729473e-01
5.701863976436701842e-01
5.989763009148674211e-01
6.277662041860646580e-01
6.565561074572618949e-01
6.853460107284591318e-01
7.141359139996563687e-01
7.429258172708536057e-01
7.717157205420508426e-01
8.005056238132480795e-01
8.292955270844453164e-01
8.580854303556425533e-01
8.868753336268397902e-01
9.156652368980370271e-01
9.444551401692342640e-01
9.444551401692342640e-01
9.820614472302175990e-01
1.019667754291201156e+00
1.057274061352184491e+00
1.084812229698546959e+00
1.112350398044909650e+00
1.139888566391272118e+00
1.167426734737634808e+00
1.194964903083997276e+00
1.222503071430359967e+00
1.250041239776722435e+00
1.277579408123085125e+00
1.305117576469447593e+00
1.332655744815810284e+00
1.360193913162172752e+00
1.387732081508535442e+00
1.415270249854897910e+00
1.442808418201260601e+00
1.470346586547623069e+00
1.497884754893985759e+00
1.525422923240348227e+00
1.552961091586710918e+00
1.580499259933073386e+00
1.608037428279435854e+00
1.635575596625798545e+00
1.663113764972161235e+00
1.690651933318523703e+00
1.728258240379507038e+00
1.765864547440490373e+00
1.803470854501473930e+00
1.803470854501473930e+00
1.831033083210685364e+00
1.858595311919896798e+00
1.886157540629108453e+00
1.913719769338319887e+00
1.941281998047531321e+00
1.968844226756742755e+00
1.996406455465954188e+00
2.025941872275557998e+00
2.055477289085161363e+00
2.085012705894765173e+00
2.114548122704368982e+00
2.114548122704368982e+00
2.140938867369633236e+00
2.167329612034897046e+00
2.193720356700161300e+00
2.220111101365425554e+00
2.246501846030689808e+00
2.272892590695953619e+00
2.299283335361217873e+00
2.325674080026482127e+00
2.352064824691746381e+00
2.378455569357010191e+00
2.404846314022274445e+00
2.431237058687538699e+00
2.457627803352802509e+00
2.484018548018066763e+00
2.510409292683331017e+00
2.536800037348595271e+00
2.563190782013859081e+00
2.589581526679123336e+00
2.615972271344387590e+00
2.642363016009651844e+00
2.668753760674915654e+00
2.695144505340179908e+00
2.721535250005444162e+00
2.747925994670707972e+00
