-1.264260653390322009e+00
-1.133390243604715852e+00
-1.002519833819109696e+00
-8.716494240335036503e-01
-7.407790142478976048e-01
-6.099086044622915592e-01
-4.790381946766854027e-01
-3.481677848910792461e-01
-2.172973751054732006e-01
-8.642696531986716890e-02
4.444344446573887664e-02
1.753138542513451303e-01
3.061842640369511481e-01
4.370546738225571937e-01
5.679250836081635168e-01
6.987954933937693403e-01
8.296659031793754968e-01
9.605363129649817644e-01
1.091406722750587699e+00
1.222277132536193855e+00
1.353147542321799790e+00
1.484017952107405947e+00
1.614888361893012325e+00
1.745758771678618038e+00
1.876629181464224416e+00
2.007499591249830573e+00
2.138370001035436729e+00
2.269240410821042442e+00
2.400110820606649042e+00
2.530981230392254755e+00
2.661851640177860912e+00
2.792722049963467512e+00
2.923592459749073225e+00
3.054462869534678937e+00
3.185333279320285982e+00
3.316203689105891694e+00
3.447074098891497407e+00
3.577944508677104007e+00
3.708814918462710164e+00
3.839685328248315876e+00
3.970555738033921589e+00
4.101426147819528190e+00
4.232296557605134346e+00
4.363166967390739615e+00
4.494037377176346659e+00
4.624907786961952816e+00
4.755778196747558084e+00
4.886648606533165129e+00
5.017519016318770397e+00
5.148389426104376554e+00
5.279259835889983599e+00
5.410130245675588867e+00
5.541000655461195024e+00
5.671871065246802068e+00
5.802741475032407337e+00
5.933611884818013493e+00
6.064482294603619650e+00
6.195352704389225806e+00
6.326223114174831963e+00
6.457093523960437231e+00
6.587963933746043388e+00
6.718834343531650433e+00
6.849704753317256589e+00
6.980575163102862746e+00
7.111445572888468014e+00
7.242315982674074171e+00
7.373186392459680327e+00
7.504056802245285596e+00
7.634927212030892640e+00
7.765797621816497909e+00
7.896668031602104065e+00
8.027538441387710222e+00
8.158408851173316378e+00
8.289279260958922535e+00
8.420149670744528692e+00
8.551020080530134848e+00
8.681890490315741005e+00
8.812760900101347161e+00
8.943631309886953318e+00
9.074501719672557698e+00
9.205372129458163855e+00
9.336242539243771787e+00
9.467112949029377944e+00
9.597983358814984101e+00
9.728853768600588481e+00
9.859724178386194637e+00
9.990594588171800794e+00
1.012146499795740873e+01
1.025233540774301488e+01
1.038320581752861926e+01
1.051407622731422542e+01
1.064494663709983158e+01
1.077581704688543773e+01
1.090668745667104567e+01
1.103755786645665005e+01
1.116842827624225620e+01
1.129929868602786236e+01
1.143016909581346852e+01
1.156103950559907467e+01
1.169190991538468083e+01
1.182278032517028699e+01
1.195365073495589314e+01
1.208452114474149930e+01
1.221539155452710546e+01
1.234626196431271161e+01
1.247713237409831599e+01
1.260800278388392393e+01
1.273887319366953008e+01
1.286974360345513624e+01
1.300061401324074239e+01
1.313148442302634678e+01
1.326235483281195293e+01
1.339322524259756086e+01
1.352409565238316702e+01
1.365496606216877318e+01
1.378583647195437756e+01
1.391670688173998371e+01
1.404757729152558987e+01
1.417844770131119603e+01
1.430931811109680218e+01
1.444018852088240834e+01
1.457105893066801272e+01
1.470192934045362243e+01
1.483279975023922859e+01
1.496367016002483474e+01
1.509454056981044090e+01
1.522541097959604706e+01
1.535628138938165321e+01
1.548715179916725937e+01
1.561802220895286553e+01
1.574889261873847168e+01
1.587976302852407606e+01
1.601063343830968222e+01
1.614150384809529015e+01
1.627237425788089453e+01
1.640324466766650247e+01
1.653411507745211040e+01
1.666498548723771478e+01
1.679585589702331916e+01
1.692672630680892709e+01
1.705759671659453147e+01
1.718846712638013940e+01
1.731933753616574378e+01
1.745020794595135172e+01
1.758107835573695610e+01
1.771194876552256048e+01
1.784281917530816841e+01
1.797368958509377279e+01
1.810455999487938428e+01
1.823543040466498866e+01
1.836630081445059304e+01
1.849717122423620097e+01
1.862804163402180535e+01
1.875891204380741328e+01
1.888978245359301766e+01
1.902065286337862204e+01
1.915152327316422998e+01
1.928239368294983436e+01
1.941326409273544229e+01
1.954413450252104667e+01
1.967500491230665105e+01
1.980587532209226254e+01
1.993674573187786692e+01
2.006761614166347485e+01
2.019848655144907923e+01
2.032935696123468361e+01
2.046022737102029154e+01
2.059109778080589592e+01
2.072196819059150386e+01
2.085283860037710824e+01
2.098370901016271262e+01
2.111457941994832055e+01
2.124544982973392493e+01
2.137632023951953641e+01
2.150719064930514079e+01
2.163806105909074518e+01
2.176893146887635311e+01
2.189980187866195749e+01
2.203067228844756542e+01
2.216154269823316980e+01
2.229241310801877773e+01
2.242328351780438211e+01
2.255415392758998649e+01
2.268502433737559443e+01
2.281589474716119881e+01
2.294676515694680674e+01
2.307763556673241467e+01
2.320850597651801905e+01
2.333937638630362699e+01
2.347024679608923137e+01
2.360111720587483930e+01
2.373198761566044368e+01
2.386285802544604806e+01
2.399372843523165599e+01
2.412459884501726037e+01
2.425546925480286831e+01
2.438633966458847269e+01
2.451721007437407707e+01
2.464808048415968500e+01
2.477895089394528938e+01
