0.000000000000000000e+00
8.899770770275435006e-02
1.779954154055087001e-01
2.669931231082630640e-01
3.559908308110174002e-01
4.449885385137717364e-01
5.339862462165261281e-01
6.229839539192804088e-01
7.002307055912254663e-01
7.774774572631704128e-01
8.547242089351154704e-01
9.319709606070605279e-01
1.009217712279005585e+00
1.086464463950950421e+00
1.163711215622895478e+00
1.240957967294840536e+00
1.318830961534750656e+00
1.396703955774660555e+00
1.474576950014570675e+00
1.552449944254480796e+00
1.630322938494390694e+00
1.708195932734300815e+00
1.786068926974210935e+00
1.863941921214121056e+00
1.941188672886066113e+00
2.018435424558011171e+00
2.095682176229956006e+00
2.172928927901901286e+00
2.250175679573846121e+00
2.327422431245791401e+00
2.404669182917736237e+00
2.481915934589681072e+00
2.567402886825822517e+00
2.652889839061963961e+00
2.738376791298104962e+00
2.823863743534246407e+00
2.909350695770387851e+00
2.994837648006529296e+00
3.080324600242670741e+00
3.158197594482580861e+00
3.236070588722490982e+00
3.313943582962401102e+00
3.391816577202310778e+00
3.469689571442220899e+00
3.547562565682131019e+00
3.625435559922041140e+00
3.703308554161951260e+00
3.780555305833896096e+00
3.857802057505841375e+00
3.935048809177786211e+00
4.012295560849731046e+00
4.089542312521675882e+00
4.166789064193621606e+00
4.244035815865566441e+00
4.321282567537511277e+00
4.399155561777421397e+00
4.477028556017331518e+00
4.554901550257241638e+00
4.632774544497151759e+00
4.710647538737061879e+00
4.788520532976971111e+00
4.866393527216882120e+00
4.944266521456791352e+00
5.012930300720742416e+00
5.081594079984693479e+00
5.150257859248644543e+00
5.218921638512595607e+00
5.287585417776546670e+00
5.356249197040497734e+00
5.424912976304448797e+00
5.493576755568399861e+00
5.562240534832351813e+00
5.562240534832351813e+00
5.637041618038975521e+00
5.711842701245599230e+00
5.786643784452222938e+00
5.861444867658846647e+00
5.936245950865470355e+00
6.011047034072094064e+00
6.085848117278717773e+00
6.160649200485341481e+00
6.160649200485341481e+00
6.235450283691965190e+00
6.310251366898588898e+00
6.385052450105212607e+00
6.459853533311836316e+00
6.534654616518460024e+00
6.609455699725083733e+00
6.684256782931707441e+00
6.759057866138331150e+00
6.759057866138331150e+00
6.825547717877552323e+00
6.892037569616773496e+00
6.958527421355994669e+00
7.025017273095215842e+00
7.091507124834436127e+00
7.157996976573657300e+00
7.224486828312878473e+00
7.290976680052099645e+00
7.357466531791320818e+00
