-2.862314252569897910e+00
-2.756478854060578687e+00
-2.650643455551260352e+00
-2.544808057041941129e+00
-2.438972658532622795e+00
-2.333137260023303572e+00
-2.227301861513984793e+00
-2.121466463004666014e+00
-2.015631064495347680e+00
-1.909795665986028457e+00
-1.803960267476709678e+00
-1.698124868967390899e+00
-1.592289470458071898e+00
-1.486454071948753120e+00
-1.380618673439434341e+00
-1.274783274930115562e+00
-1.168947876420796783e+00
-1.063112477911478004e+00
-9.572770794021593366e-01
-8.514416808928403357e-01
-7.456062823835216680e-01
-6.397708838742026671e-01
-5.339354853648841104e-01
-4.281000868555651651e-01
-3.222646883462461642e-01
-2.164292898369275797e-01
-1.105938913276085789e-01
-4.758492818290006518e-03
1.010769056910289926e-01
2.069123042003475632e-01
3.127477027096665640e-01
4.185831012189851208e-01
5.244184997283041216e-01
6.302538982376231225e-01
7.360892967469416792e-01
8.419246952562606801e-01
9.477600937655792368e-01
1.053595492274897794e+00
1.159430890784217238e+00
1.265266289293535795e+00
1.371101687802854352e+00
1.476937086312173797e+00
1.582772484821492354e+00
1.688607883330810910e+00
1.794443281840129467e+00
1.900278680349448912e+00
2.006114078858767691e+00
2.111949477368086026e+00
2.217784875877405693e+00
2.323620274386724027e+00
2.429455672896042806e+00
2.535291071405361141e+00
2.641126469914680808e+00
2.746961868423999142e+00
2.852797266933317921e+00
2.958632665442636256e+00
3.064468063951955923e+00
3.170303462461274258e+00
3.276138860970593036e+00
3.381974259479912259e+00
3.487809657989231038e+00
3.593645056498549373e+00
3.699480455007868152e+00
3.805315853517187374e+00
3.911151252026506153e+00
4.016986650535824488e+00
4.122822049045144155e+00
4.228657447554462934e+00
4.334492846063780824e+00
4.440328244573099603e+00
4.546163643082419270e+00
4.651999041591738049e+00
4.757834440101056828e+00
4.863669838610375606e+00
4.969505237119693497e+00
5.075340635629013164e+00
5.181176034138331943e+00
5.287011432647649833e+00
5.392846831156969500e+00
5.498682229666289167e+00
5.604517628175607058e+00
5.710353026684925837e+00
5.816188425194245504e+00
5.922023823703563394e+00
6.027859222212883061e+00
6.133694620722200064e+00
6.239530019231519731e+00
6.345365417740839398e+00
6.451200816250157288e+00
6.557036214759476067e+00
6.662871613268795734e+00
6.768707011778113625e+00
6.874542410287433292e+00
6.980377808796752070e+00
7.086213207306069961e+00
7.192048605815389628e+00
7.297884004324709295e+00
7.403719402834026297e+00
7.509554801343345964e+00
7.615390199852663855e+00
7.721225598361983522e+00
7.827060996871302301e+00
7.932896395380620191e+00
8.038731793889938970e+00
8.144567192399259525e+00
8.250402590908576528e+00
8.356237989417897083e+00
8.462073387927215862e+00
8.567908786436532864e+00
8.673744184945853419e+00
8.779579583455170422e+00
8.885414981964489201e+00
8.991250380473809756e+00
9.097085778983126758e+00
9.202921177492447313e+00
9.308756576001766092e+00
9.414591974511083095e+00
9.520427373020403650e+00
9.626262771529722428e+00
9.732098170039041207e+00
9.837933568548359986e+00
9.943768967057678765e+00
1.004960436556699754e+01
1.015543976407631632e+01
1.026127516258563332e+01
1.036711056109495388e+01
1.047294595960427266e+01
1.057878135811359144e+01
1.068461675662291022e+01
1.079045215513222900e+01
1.089628755364154777e+01
1.100212295215086655e+01
1.110795835066018533e+01
1.121379374916950411e+01
1.131962914767882289e+01
1.142546454618814167e+01
1.153129994469746045e+01
1.163713534320677923e+01
1.174297074171609800e+01
1.184880614022541678e+01
1.195464153873473556e+01
1.206047693724405434e+01
1.216631233575337312e+01
1.227214773426269367e+01
1.237798313277201068e+01
1.248381853128132768e+01
1.258965392979065001e+01
1.269548932829996701e+01
1.280132472680928579e+01
1.290716012531860635e+01
1.301299552382792335e+01
1.311883092233724213e+01
1.322466632084656268e+01
1.333050171935587969e+01
1.343633711786519846e+01
1.354217251637451902e+01
1.364800791488383602e+01
1.375384331339315480e+01
1.385967871190247536e+01
1.396551411041179414e+01
1.407134950892111114e+01
1.417718490743043169e+01
1.428302030593975047e+01
1.438885570444906747e+01
1.449469110295838803e+01
1.460052650146770681e+01
1.470636189997702381e+01
1.481219729848634259e+01
1.491803269699566314e+01
1.502386809550498015e+01
1.512970349401429715e+01
1.523553889252362126e+01
1.534137429103293826e+01
1.544720968954225704e+01
1.555304508805157404e+01
1.565888048656089282e+01
1.576471588507020982e+01
1.587055128357953393e+01
1.597638668208885271e+01
1.608222208059817149e+01
1.618805747910748849e+01
1.629389287761680549e+01
1.639972827612612249e+01
1.650556367463544660e+01
1.661139907314476716e+01
1.671723447165408416e+01
1.682306987016340116e+01
1.692890526867271817e+01
1.703474066718203517e+01
1.714057606569135928e+01
1.724641146420067983e+01
1.735224686270999683e+01
1.745808226121931384e+01
1.756391765972863084e+01
1.766975305823794784e+01
1.777558845674726840e+01
1.788142385525659250e+01
1.798725925376590951e+01
1.809309465227522651e+01
1.819893005078454706e+01
