0.000000000000000000e+00
9.569507502069037053e-02
1.913901500413807411e-01
2.870852250620711255e-01
3.827803000827614821e-01
4.784753751034518388e-01
5.741704501241422509e-01
6.698655251448325521e-01
7.655606001655229642e-01
8.612556751862133764e-01
9.569507502069036775e-01
1.052645825227594090e+00
1.148340900248284502e+00
1.244035975268974914e+00
1.339731050289665104e+00
1.435426125310355516e+00
1.537956562832523799e+00
1.640487000354692082e+00
1.743017437876860365e+00
1.845547875399028648e+00
1.948078312921196709e+00
2.050608750443365214e+00
2.153139187965533274e+00
2.254639142675461727e+00
2.356139097385389736e+00
2.457639052095318188e+00
2.559139006805246641e+00
2.660638961515174650e+00
2.755795169055732519e+00
2.850951376596290388e+00
2.946107584136848256e+00
3.041263791677406125e+00
3.136419999217963550e+00
3.231576206758521863e+00
3.326732414299079288e+00
3.421888621839637157e+00
3.517044829380195026e+00
3.612201036920752895e+00
3.707357244461310763e+00
3.802513452001868632e+00
3.897669659542426501e+00
3.992825867082983926e+00
4.087982074623542239e+00
4.183138282164099664e+00
4.278762550608302462e+00
4.374386819052504372e+00
4.470011087496707169e+00
4.565635355940909967e+00
4.661259624385111877e+00
4.756883892829314675e+00
4.852508161273517473e+00
4.948132429717720271e+00
5.043756698161922181e+00
5.139380966606124979e+00
5.235005235050326888e+00
5.330629503494529686e+00
5.426253771938732484e+00
5.523922148896252438e+00
5.621590525853772391e+00
5.719258902811292344e+00
5.816927279768812298e+00
5.914595656726332251e+00
6.012264033683852205e+00
6.109932410641372158e+00
6.207600787598892111e+00
6.305269164556412065e+00
6.406769119266340518e+00
6.508269073976268970e+00
6.609769028686197423e+00
6.711268983396125876e+00
6.812768938106053440e+00
6.897352233697660040e+00
6.981935529289267528e+00
7.066518824880874128e+00
7.151102120472481616e+00
7.235685416064088216e+00
7.320268711655694815e+00
7.404852007247302303e+00
7.489435302838908903e+00
7.574018598430516391e+00
7.658601894022122991e+00
7.743185189613729591e+00
7.827768485205337079e+00
7.915670024467105215e+00
8.003571563728872462e+00
8.091473102990640598e+00
8.179374642252408734e+00
8.267276181514176869e+00
8.355177720775945005e+00
8.443079260037713141e+00
8.530980799299481276e+00
8.618882338561247636e+00
8.706783877823015771e+00
8.706783877823015771e+00
8.791367173414622371e+00
8.875950469006228971e+00
8.960533764597837347e+00
9.045117060189443947e+00
9.129700355781050547e+00
9.214283651372657147e+00
