0.000000000000000000e+00
9.089252333263482531e-02
1.817850466652696506e-01
2.726775699979044898e-01
3.635700933305393012e-01
4.544626166631741127e-01
5.453551399958089796e-01
6.362476633284437355e-01
7.271401866610786024e-01
8.180327099937134694e-01
9.089252333263482253e-01
9.998177566589830922e-01
1.090710279991617959e+00
1.180670547671768267e+00
1.270630815351918796e+00
1.360591083032069104e+00
1.450551350712219634e+00
1.540511618392369941e+00
1.630471886072520249e+00
1.720432153752670779e+00
1.804395070254144473e+00
1.888357986755618168e+00
1.972320903257091862e+00
2.056283819758565556e+00
2.140246736260039029e+00
2.224209652761512945e+00
2.308172569262986418e+00
2.392135485764460334e+00
2.476098402265933807e+00
2.560061318767407723e+00
2.644024235268881196e+00
2.727987151770355112e+00
2.811950068271828584e+00
2.895912984773302057e+00
2.979875901274775973e+00
3.064817323224371393e+00
3.149758745173966812e+00
3.234700167123562231e+00
3.319641589073157650e+00
3.404583011022753070e+00
3.489524432972348045e+00
3.574465854921943464e+00
3.659407276871538883e+00
3.744348698821134303e+00
3.828249489589720334e+00
3.912150280358306365e+00
3.996051071126892396e+00
4.079951861895477983e+00
4.163852652664064458e+00
4.247753443432650045e+00
4.331654234201236520e+00
4.415555024969822107e+00
4.499455815738408582e+00
4.583356606506994169e+00
4.667257397275580644e+00
4.751158188044166231e+00
4.835058978812751818e+00
4.925019246492902347e+00
5.014979514173052877e+00
5.104939781853203407e+00
5.194900049533353048e+00
5.284860317213503578e+00
5.374820584893654107e+00
5.464780852573804637e+00
5.543496086793935795e+00
5.622211321014067842e+00
5.700926555234199000e+00
5.779641789454331047e+00
5.858357023674462205e+00
5.937072257894594252e+00
6.015787492114725410e+00
6.094502726334857456e+00
6.173217960554988615e+00
6.251933194775120661e+00
6.330648428995251820e+00
6.409363663215383866e+00
6.488078897435515024e+00
6.566794131655646183e+00
6.645509365875778229e+00
6.724224600095910276e+00
6.724224600095910276e+00
6.809166022045505251e+00
6.894107443995101114e+00
6.979048865944696090e+00
7.063990287894291953e+00
7.148931709843886928e+00
7.233873131793482791e+00
7.318814553743077767e+00
7.403755975692673630e+00
7.488697397642268605e+00
7.488697397642268605e+00
7.573638819591863580e+00
7.658580241541459444e+00
7.743521663491054419e+00
7.828463085440650282e+00
7.913404507390245257e+00
7.998345929339841121e+00
8.083287351289436984e+00
8.168228773239031071e+00
8.253170195188626934e+00
