0.000000000000000000e+00
4.030042654294686139e-02
8.060085308589372277e-02
1.209012796288405911e-01
1.612017061717874455e-01
2.015021327147343000e-01
2.418025592576811822e-01
2.821029858006280366e-01
3.224034123435748911e-01
3.627038388865217455e-01
4.055992531628445086e-01
4.484946674391673271e-01
4.913900817154900902e-01
5.342854959918128532e-01
5.771809102681355608e-01
6.200763245444584904e-01
6.629717388207811979e-01
7.058671530971039054e-01
7.461675796400507599e-01
7.864680061829976143e-01
8.267684327259444688e-01
8.670688592688913232e-01
9.073692858118381777e-01
9.476697123547850321e-01
9.879701388977319976e-01
1.028270565440678741e+00
1.068570991983625706e+00
1.111466406259948414e+00
1.154361820536271344e+00
1.197257234812594051e+00
1.240152649088916759e+00
1.283048063365239688e+00
1.325943477641562396e+00
1.368838891917885103e+00
1.411734306194207811e+00
1.453159623148978286e+00
1.494584940103748760e+00
1.536010257058519457e+00
1.577435574013289932e+00
1.618860890968060406e+00
1.660286207922831103e+00
1.700586634465778069e+00
1.740887061008724812e+00
1.781187487551671778e+00
1.821487914094618521e+00
1.861788340637565486e+00
1.902088767180512230e+00
1.942389193723459195e+00
1.982689620266405939e+00
2.022990046809352904e+00
2.061119303943862224e+00
2.099248561078371100e+00
2.137377818212880420e+00
2.175507075347389296e+00
2.213636332481898616e+00
2.251765589616407937e+00
2.289894846750916813e+00
2.328024103885426133e+00
2.366153361019935009e+00
2.406453787562881974e+00
2.446754214105828940e+00
2.487054640648775461e+00
2.527355067191722426e+00
2.567655493734669392e+00
2.607955920277616357e+00
2.648256346820562879e+00
2.688556773363509844e+00
2.728857199906456810e+00
2.766986457040966130e+00
2.805115714175475006e+00
2.843244971309984326e+00
2.881374228444493202e+00
2.919503485579002522e+00
2.957632742713511398e+00
2.995761999848020718e+00
3.033891256982530038e+00
3.072020514117038914e+00
3.072020514117038914e+00
3.107527928649699511e+00
3.143035343182359664e+00
3.178542757715020262e+00
3.214050172247680859e+00
3.249557586780341012e+00
3.285065001313001609e+00
3.320572415845662206e+00
3.320572415845662206e+00
3.361997732800432903e+00
3.403423049755203156e+00
3.444848366709973853e+00
3.486273683664744105e+00
3.527699000619514802e+00
3.569124317574285499e+00
3.569124317574285499e+00
3.604631732106946096e+00
3.640139146639606249e+00
3.675646561172266846e+00
3.711153975704927444e+00
3.746661390237587597e+00
3.782168804770248194e+00
3.817676219302908791e+00
