0.000000000000000000e+00
2.869963620207120411e-02
5.739927240414240822e-02
8.609890860621360886e-02
1.147985448082848164e-01
1.434981810103560240e-01
1.721978172124272177e-01
2.008974534144984392e-01
2.295970896165696329e-01
2.582967258186408266e-01
2.869963620207120480e-01
3.159557458837957133e-01
3.449151297468793786e-01
3.738745136099630439e-01
4.028338974730467092e-01
4.317932813361303745e-01
4.607526651992140398e-01
4.897120490622977051e-01
5.186714329253814260e-01
5.476308167884650357e-01
5.765902006515486455e-01
5.765902006515486455e-01
6.037174808585008545e-01
6.308447610654529525e-01
6.579720412724051615e-01
6.850993214793573705e-01
7.122266016863094684e-01
7.393538818932616774e-01
7.664811621002138864e-01
7.936084423071660954e-01
8.207357225141183044e-01
8.478630027210704023e-01
8.749902829280226113e-01
9.021175631349747093e-01
9.292448433419269183e-01
9.563721235488791272e-01
9.834994037558313362e-01
1.010683459424086106e+00
1.037867515092340875e+00
1.065051570760595867e+00
1.092235626428850637e+00
1.119419682097105406e+00
1.146603737765360176e+00
1.173787793433614945e+00
1.200971849101869937e+00
1.228155904770124707e+00
1.255339960438379476e+00
1.282524016106634246e+00
1.309708071774889238e+00
1.336892127443144007e+00
1.364076183111398777e+00
1.391260238779653546e+00
1.391260238779653546e+00
1.417489773693164867e+00
1.443719308606676410e+00
1.469948843520187731e+00
1.496178378433699052e+00
1.522407913347210595e+00
1.548637448260721916e+00
1.574866983174233237e+00
1.601096518087744780e+00
1.627326053001256101e+00
1.653555587914767422e+00
1.679785122828278965e+00
1.706014657741790286e+00
1.732244192655301607e+00
1.758473727568813150e+00
1.784703262482324471e+00
1.810932797395835792e+00
1.837162332309347335e+00
1.863391867222858655e+00
1.889621402136369976e+00
1.915904248382719555e+00
1.942187094629068911e+00
1.968469940875418267e+00
1.994752787121767845e+00
2.021035633368117423e+00
2.047318479614467002e+00
2.073601325860816136e+00
2.099884172107165714e+00
2.126167018353515292e+00
2.152449864599864426e+00
2.178732710846214005e+00
2.178732710846214005e+00
2.204122169148005295e+00
2.229511627449796585e+00
2.254901085751587875e+00
2.280290544053379165e+00
2.305680002355170455e+00
2.331069460656961745e+00
2.356458918958752591e+00
2.381848377260543881e+00
2.407237835562335171e+00
2.432627293864126461e+00
2.458016752165917751e+00
2.483406210467709041e+00
2.508795668769500331e+00
2.534185127071291621e+00
2.559574585373082911e+00
2.584964043674874201e+00
