-3.150021055273229953e-01
-2.937915331014623876e-01
-2.725809606756018355e-01
-2.513703882497412279e-01
-2.301598158238806202e-01
-2.089492433980200403e-01
-1.877386709721594327e-01
-1.665280985462988250e-01
-1.453175261204382451e-01
-1.241069536945776514e-01
-1.028963812687170576e-01
-8.168580884285643606e-02
-6.047523641699582148e-02
-3.926466399113525546e-02
-1.805409156527464087e-02
3.156480860585924274e-03
2.436705328644654320e-02
4.557762571230716125e-02
6.678819813816772033e-02
8.799877056402834186e-02
1.092093429898889079e-01
1.304199154157495155e-01
1.516304878416101509e-01
1.728410602674707031e-01
1.940516326933313662e-01
2.152622051191919461e-01
2.364727775450524982e-01
2.576833499709130781e-01
2.788939223967737413e-01
3.001044948226342934e-01
3.213150672484948456e-01
3.425256396743555087e-01
3.637362121002161164e-01
3.849467845260766685e-01
4.061573569519373317e-01
4.273679293777978838e-01
4.485785018036584360e-01
4.697890742295191546e-01
4.909996466553797068e-01
5.122102190812403144e-01
5.334207915071008665e-01
5.546313639329615297e-01
5.758419363588220818e-01
5.970525087846826340e-01
6.182630812105432971e-01
6.394736536364038493e-01
6.606842260622644014e-01
6.818947984881249536e-01
7.031053709139857277e-01
7.243159433398462799e-01
7.455265157657069430e-01
7.667370881915674952e-01
7.879476606174280473e-01
8.091582330432885994e-01
8.303688054691491516e-01
8.515793778950099258e-01
8.727899503208704779e-01
8.940005227467310300e-01
9.152110951725915822e-01
9.364216675984521343e-01
9.576322400243127975e-01
9.788428124501735716e-01
1.000053384876034013e+00
1.021263957301894676e+00
1.042474529727755117e+00
1.063685102153615780e+00
1.084895674579476443e+00
1.106106247005336884e+00
1.127316819431197770e+00
1.148527391857058211e+00
1.169737964282918874e+00
1.190948536708779315e+00
1.212159109134639978e+00
1.233369681560500419e+00
1.254580253986361305e+00
1.275790826412221746e+00
1.297001398838082409e+00
1.318211971263943072e+00
1.339422543689803513e+00
1.360633116115664176e+00
1.381843688541524617e+00
1.403054260967385503e+00
1.424264833393245944e+00
1.445475405819106607e+00
1.466685978244967048e+00
1.487896550670827711e+00
1.509107123096688374e+00
1.530317695522549037e+00
1.551528267948409701e+00
1.572738840374270142e+00
1.593949412800130805e+00
1.615159985225991246e+00
1.636370557651851909e+00
1.657581130077712350e+00
1.678791702503573013e+00
1.700002274929433455e+00
1.721212847355294562e+00
1.742423419781155003e+00
1.763633992207015666e+00
1.784844564632876329e+00
1.806055137058736770e+00
1.827265709484597433e+00
1.848476281910457875e+00
1.869686854336318538e+00
1.890897426762178757e+00
1.912107999188039420e+00
1.933318571613900083e+00
1.954529144039760524e+00
1.975739716465621187e+00
1.996950288891482517e+00
2.018160861317343180e+00
2.039371433743203621e+00
2.060582006169064062e+00
2.081792578594924947e+00
2.103003151020785388e+00
2.124213723446645830e+00
2.145424295872506271e+00
2.166634868298367156e+00
2.187845440724227597e+00
2.209056013150088038e+00
2.230266585575948923e+00
2.251477158001809364e+00
2.272687730427669806e+00
2.293898302853530247e+00
2.315108875279391132e+00
2.336319447705251573e+00
2.357530020131112014e+00
2.378740592556972455e+00
2.399951164982833340e+00
2.421161737408693782e+00
2.442372309834554223e+00
2.463582882260415108e+00
2.484793454686275549e+00
2.506004027112135990e+00
2.527214599537996431e+00
2.548425171963858205e+00
2.569635744389718646e+00
2.590846316815579087e+00
2.612056889241439528e+00
2.633267461667300413e+00
2.654478034093160854e+00
2.675688606519021295e+00
2.696899178944882181e+00
2.718109751370742622e+00
2.739320323796603063e+00
2.760530896222463504e+00
2.781741468648324389e+00
2.802952041074184830e+00
2.824162613500045271e+00
2.845373185925905712e+00
2.866583758351766598e+00
2.887794330777627039e+00
2.909004903203487480e+00
2.930215475629348365e+00
2.951426048055208806e+00
2.972636620481069247e+00
2.993847192906929688e+00
3.015057765332790574e+00
3.036268337758651015e+00
3.057478910184511456e+00
3.078689482610372341e+00
3.099900055036233670e+00
3.121110627462094111e+00
3.142321199887954553e+00
3.163531772313815438e+00
3.184742344739675879e+00
3.205952917165536320e+00
3.227163489591396761e+00
3.248374062017257646e+00
3.269584634443118087e+00
3.290795206868978529e+00
3.312005779294839414e+00
3.333216351720699855e+00
3.354426924146560296e+00
3.375637496572420737e+00
3.396848068998281622e+00
3.418058641424142063e+00
3.439269213850002505e+00
3.460479786275862946e+00
3.481690358701723831e+00
3.502900931127584272e+00
3.524111503553444713e+00
3.545322075979305598e+00
3.566532648405166039e+00
3.587743220831026481e+00
3.608953793256886922e+00
3.630164365682747807e+00
3.651374938108608248e+00
3.672585510534468689e+00
3.693796082960329574e+00
3.715006655386190015e+00
3.736217227812050456e+00
3.757427800237911786e+00
3.778638372663772671e+00
3.799848945089633112e+00
3.821059517515493553e+00
3.842270089941353994e+00
3.863480662367214880e+00
3.884691234793075321e+00
3.905901807218935762e+00
