0.000000000000000000e+00
2.932673906172925810e-02
5.865347812345851619e-02
8.798021718518778123e-02
1.173069562469170324e-01
1.466336953086462835e-01
1.759604343703755625e-01
2.052871734321048136e-01
2.346139124938340648e-01
2.639406515555633437e-01
2.932673906172925671e-01
3.225941296790218460e-01
3.519208687407511249e-01
3.812476078024803483e-01
4.105743468642096272e-01
4.399010859259388506e-01
4.702283608952405047e-01
5.005556358645422144e-01
5.308829108338438685e-01
5.612101858031455226e-01
5.915374607724471767e-01
6.218647357417488308e-01
6.521920107110504850e-01
6.825192856803521391e-01
7.128465606496539042e-01
7.431738356189554473e-01
7.431738356189554473e-01
7.716775092673479053e-01
8.001811829157404743e-01
8.286848565641329323e-01
8.571885302125255013e-01
8.856922038609179593e-01
9.141958775093104173e-01
9.426995511577029863e-01
9.712032248060955553e-01
9.997068984544880133e-01
1.028210572102880471e+00
1.056714245751273040e+00
1.085217919399665387e+00
1.113721593048057956e+00
1.142225266696450525e+00
1.170728940344843094e+00
1.199232613993235663e+00
1.227736287641628010e+00
1.256239961290020579e+00
1.286805237243457967e+00
1.317370513196895354e+00
1.347935789150332964e+00
1.378501065103770351e+00
1.409066341057207739e+00
1.439631617010645126e+00
1.470196892964082513e+00
1.500762168917519901e+00
1.531327444870957510e+00
1.561892720824394898e+00
1.592457996777832285e+00
1.592457996777832285e+00
1.619875695891993539e+00
1.647293395006155015e+00
1.674711094120316268e+00
1.702128793234477744e+00
1.729546492348638997e+00
1.756964191462800473e+00
1.784381890576961727e+00
1.811799589691123202e+00
1.839217288805284456e+00
1.866634987919445932e+00
1.894052687033607185e+00
1.921470386147768661e+00
1.948888085261929914e+00
1.976305784376091168e+00
2.003723483490252644e+00
2.031141182604414119e+00
2.058558881718575151e+00
2.085976580832736627e+00
2.113394279946898102e+00
2.140811979061059578e+00
2.170530263141168259e+00
2.200248547221276940e+00
2.229966831301385621e+00
2.259685115381494303e+00
2.289403399461602984e+00
2.319121683541711665e+00
2.319121683541711665e+00
2.346875722972971978e+00
2.374629762404232736e+00
2.402383801835493049e+00
2.430137841266753362e+00
2.457891880698014120e+00
2.485645920129274433e+00
2.513399959560534747e+00
2.541153998991795060e+00
2.568908038423055817e+00
2.596662077854316131e+00
2.624416117285576444e+00
2.652170156716837202e+00
2.679924196148097515e+00
2.707678235579357828e+00
2.735432275010618586e+00
2.763186314441878899e+00
