0.000000000000000000e+00
5.045911710777879061e-02
1.009182342155575812e-01
1.513773513233363788e-01
1.970057027296220065e-01
2.426340541359076342e-01
2.882624055421932896e-01
3.338907569484789173e-01
3.795191083547645450e-01
4.251474597610501727e-01
4.707758111673358004e-01
5.164041625736214280e-01
5.620325139799070557e-01
6.076608653861926834e-01
6.532892167924783111e-01
6.989175681987639388e-01
7.445459196050495665e-01
7.445459196050495665e-01
7.916098984278804318e-01
8.386738772507112971e-01
8.857378560735421624e-01
9.328018348963730277e-01
9.798658137192038931e-01
1.026929792542034647e+00
1.073993771364865513e+00
1.121057750187696378e+00
1.168121729010527243e+00
1.215185707833358109e+00
1.262249686656188974e+00
1.309313665479019839e+00
1.356377644301850705e+00
1.401351427290000284e+00
1.446325210278149864e+00
1.491298993266299444e+00
1.536272776254449024e+00
1.581246559242598604e+00
1.626220342230748184e+00
1.671194125218897986e+00
1.716167908207047565e+00
1.761141691195197145e+00
1.806115474183346725e+00
1.851089257171496305e+00
1.896063040159645885e+00
1.941036823147795465e+00
1.986010606135945267e+00
2.030984389124094847e+00
2.075958172112244426e+00
2.120931955100394006e+00
2.165905738088543586e+00
2.210879521076693166e+00
2.210879521076693166e+00
2.255921859478949187e+00
2.300964197881204765e+00
2.346006536283460786e+00
2.391048874685716363e+00
2.436091213087972385e+00
2.481133551490227962e+00
2.526175889892483983e+00
2.571218228294739561e+00
2.616260566696995582e+00
2.661302905099251159e+00
2.706345243501507181e+00
2.751387581903762758e+00
2.796429920306018779e+00
2.841472258708274801e+00
2.886514597110530378e+00
2.931556935512785955e+00
2.976599273915041977e+00
3.021641612317297998e+00
3.066683950719553575e+00
3.110782212503442778e+00
3.154880474287332426e+00
3.198978736071221629e+00
3.243076997855111276e+00
3.287175259639000480e+00
3.331273521422890127e+00
3.375371783206779330e+00
3.419470044990668978e+00
3.463568306774558181e+00
3.507666568558447828e+00
3.551764830342337032e+00
3.595863092126226235e+00
3.639961353910115882e+00
3.684059615694005529e+00
3.684059615694005529e+00
3.725315159835459244e+00
3.766570703976913403e+00
3.807826248118367118e+00
3.849081792259821277e+00
3.890337336401274992e+00
3.931592880542728707e+00
3.972848424684182866e+00
4.014103968825637025e+00
4.055359512967090296e+00
4.096615057108544455e+00
4.137870601249998614e+00
4.179126145391451885e+00
4.220381689532906044e+00
4.261637233674360203e+00
4.302892777815813474e+00
