-3.030966848603933173e+00
-2.894274564961851759e+00
-2.757582281319770789e+00
-2.620889997677688932e+00
-2.484197714035607962e+00
-2.347505430393526105e+00
-2.210813146751444691e+00
-2.074120863109363277e+00
-1.937428579467282308e+00
-1.800736295825200672e+00
-1.664044012183119259e+00
-1.527351728541038067e+00
-1.390659444898956432e+00
-1.253967161256875018e+00
-1.117274877614793605e+00
-9.805825939727125240e-01
-8.438903103306308884e-01
-7.071980266885492528e-01
-5.705057430464681723e-01
-4.338134594043865366e-01
-2.971211757623054006e-01
-1.604288921202237927e-01
-2.373660847814261857e-02
1.129556751639389650e-01
2.496479588060205590e-01
3.863402424481017228e-01
5.230325260901833584e-01
6.597248097322644389e-01
7.964170933743460745e-01
9.331093770164275991e-01
1.069801660658508347e+00
1.206493944300589982e+00
1.343186227942671618e+00
1.479878511584753253e+00
1.616570795226834667e+00
1.753263078868915414e+00
1.889955362510997050e+00
2.026647646153078686e+00
2.163339929795160099e+00
2.300032213437241069e+00
2.436724497079322482e+00
2.573416780721404340e+00
2.710109064363485754e+00
2.846801348005567167e+00
2.983493631647648137e+00
3.120185915289729550e+00
3.256878198931811408e+00
3.393570482573892821e+00
3.530262766215974235e+00
3.666955049858055204e+00
3.803647333500136618e+00
3.940339617142218476e+00
4.077031900784300333e+00
4.213724184426380859e+00
4.350416468068462272e+00
4.487108751710543686e+00
4.623801035352625100e+00
4.760493318994706513e+00
4.897185602636788815e+00
5.033877886278869340e+00
5.170570169920949866e+00
5.307262453563032167e+00
5.443954737205113581e+00
5.580647020847195883e+00
5.717339304489276408e+00
5.854031588131356934e+00
5.990723871773439235e+00
6.127416155415520649e+00
6.264108439057602951e+00
6.400800722699683476e+00
6.537493006341764001e+00
6.674185289983847191e+00
6.810877573625927717e+00
6.947569857268010018e+00
7.084262140910090544e+00
7.220954424552171069e+00
7.357646708194254259e+00
7.494338991836334785e+00
7.631031275478416198e+00
7.767723559120498500e+00
7.904415842762577249e+00
8.041108126404660439e+00
8.177800410046742741e+00
8.314492693688821490e+00
8.451184977330903791e+00
8.587877260972986093e+00
8.724569544615068395e+00
8.861261828257147144e+00
8.997954111899231222e+00
9.134646395541313524e+00
9.271338679183392273e+00
9.408030962825474575e+00
9.544723246467556876e+00
9.681415530109635625e+00
9.818107813751717927e+00
9.954800097393800229e+00
1.009149238103588253e+01
1.022818466467796128e+01
1.036487694832004536e+01
1.050156923196212766e+01
1.063826151560420641e+01
1.077495379924628871e+01
1.091164608288837101e+01
1.104833836653044976e+01
1.118503065017253206e+01
1.132172293381461436e+01
1.145841521745669311e+01
1.159510750109877719e+01
1.173179978474085949e+01
1.186849206838294180e+01
1.200518435202502054e+01
1.214187663566710285e+01
1.227856891930918515e+01
1.241526120295126745e+01
1.255195348659334620e+01
1.268864577023542850e+01
1.282533805387751080e+01
1.296203033751959133e+01
1.309872262116167363e+01
1.323541490480375593e+01
1.337210718844583468e+01
1.350879947208791698e+01
1.364549175572999928e+01
1.378218403937208159e+01
1.391887632301416033e+01
1.405556860665624264e+01
1.419226089029832494e+01
1.432895317394040546e+01
1.446564545758248777e+01
1.460233774122457007e+01
1.473903002486664882e+01
1.487572230850873112e+01
1.501241459215081342e+01
1.514910687579289217e+01
1.528579915943497447e+01
1.542249144307705677e+01
1.555918372671913907e+01
1.569587601036121960e+01
1.583256829400330190e+01
1.596926057764538420e+01
1.610595286128746295e+01
1.624264514492954703e+01
1.637933742857162756e+01
1.651602971221370808e+01
1.665272199585578861e+01
1.678941427949787268e+01
1.692610656313995321e+01
1.706279884678203373e+01
1.719949113042411426e+01
1.733618341406619834e+01
1.747287569770827531e+01
1.760956798135035939e+01
1.774626026499244347e+01
1.788295254863452044e+01
1.801964483227660452e+01
1.815633711591868504e+01
1.829302939956076557e+01
1.842972168320284609e+01
1.856641396684493017e+01
1.870310625048701070e+01
1.883979853412909122e+01
1.897649081777117530e+01
1.911318310141325583e+01
1.924987538505533635e+01
1.938656766869741688e+01
1.952325995233950096e+01
1.965995223598157793e+01
1.979664451962366201e+01
1.993333680326574253e+01
2.007002908690782661e+01
2.020672137054990714e+01
2.034341365419198766e+01
2.048010593783407174e+01
2.061679822147614871e+01
2.075349050511823279e+01
2.089018278876031331e+01
2.102687507240239384e+01
2.116356735604447437e+01
2.130025963968655844e+01
2.143695192332863897e+01
2.157364420697071949e+01
2.171033649061280357e+01
2.184702877425488410e+01
2.198372105789696462e+01
2.212041334153904515e+01
2.225710562518112923e+01
2.239379790882320620e+01
2.253049019246529028e+01
2.266718247610737080e+01
2.280387475974945133e+01
2.294056704339153541e+01
2.307725932703361593e+01
2.321395161067570001e+01
2.335064389431777698e+01
2.348733617795986106e+01
2.362402846160194159e+01
2.376072074524402211e+01
2.389741302888610264e+01
2.403410531252818672e+01
2.417079759617026724e+01
