0.000000000000000000e+00
7.202022692226228706e-02
1.440404538445245741e-01
2.160606807667868612e-01
2.880809076890491482e-01
3.601011346113114353e-01
4.321213615335737224e-01
5.041415884558360094e-01
5.761618153780982965e-01
6.481820423003605836e-01
7.202022692226228706e-01
7.922224961448850467e-01
8.642427230671472227e-01
9.362629499894092877e-01
1.008283176911671575e+00
1.080303403833933640e+00
1.152323630756195705e+00
1.224343857678457992e+00
1.296364084600720279e+00
1.368384311522982344e+00
1.440404538445244409e+00
1.504062026994401391e+00
1.567719515543558373e+00
1.631377004092715355e+00
1.695034492641872337e+00
1.758691981191029097e+00
1.822349469740186079e+00
1.886006958289343061e+00
1.949664446838500043e+00
2.013321935387657025e+00
2.076979423936814229e+00
2.140636912485970988e+00
2.204294401035127748e+00
2.267951889584284952e+00
2.331609378133441712e+00
2.395266866682598916e+00
2.458924355231755676e+00
2.524240349381384974e+00
2.589556343531014715e+00
2.654872337680644012e+00
2.720188331830273309e+00
2.785504325979902607e+00
2.850820320129532348e+00
2.916136314279161645e+00
2.981452308428790943e+00
3.046768302578420240e+00
3.112084296728049981e+00
3.177400290877679279e+00
3.242716285027309020e+00
3.308032279176938317e+00
3.373348273326567615e+00
3.438664267476196912e+00
3.503980261625826209e+00
3.567559007952362915e+00
3.631137754278899177e+00
3.694716500605435883e+00
3.758295246931972589e+00
3.821873993258509294e+00
3.885452739585045556e+00
3.949031485911582262e+00
4.012610232238118968e+00
4.076188978564655230e+00
4.139767724891191492e+00
4.203346471217728642e+00
4.266925217544264903e+00
4.330503963870802053e+00
4.394161452419958813e+00
4.457818940969115573e+00
4.521476429518273221e+00
4.585133918067429981e+00
4.648791406616586741e+00
4.712448895165744389e+00
4.776106383714901149e+00
4.839763872264057909e+00
4.898945325696534958e+00
4.958126779129012007e+00
5.017308232561489056e+00
5.076489685993966106e+00
5.135671139426442267e+00
5.194852592858919316e+00
5.254034046291396365e+00
5.313215499723873414e+00
5.372396953156350463e+00
5.431578406588827512e+00
5.490759860021304561e+00
5.568762160772493530e+00
5.646764461523682499e+00
5.724766762274872356e+00
5.724766762274872356e+00
5.782905980849765371e+00
5.841045199424657497e+00
5.899184417999550512e+00
5.957323636574442638e+00
6.015462855149335653e+00
6.073602073724227779e+00
6.131741292299120794e+00
6.189880510874013808e+00
6.248019729448905935e+00
6.306158948023798949e+00
6.364298166598691076e+00
