0.000000000000000000e+00
4.109522253231245870e-02
8.219044506462491739e-02
1.232856675969373761e-01
1.643808901292498348e-01
2.054761126615622935e-01
2.465713351938747522e-01
2.876665577261872109e-01
3.287617802584996696e-01
3.698570027908121283e-01
4.109522253231245870e-01
4.520474478554370457e-01
4.931426703877495044e-01
5.327504226361583495e-01
5.723581748845671946e-01
6.119659271329760397e-01
6.515736793813848848e-01
6.911814316297937300e-01
7.307891838782025751e-01
7.703969361266114202e-01
8.100046883750202653e-01
8.496124406234291104e-01
8.892201928718379556e-01
9.288279451202468007e-01
9.684356973686555348e-01
1.008043449617064269e+00
1.047651201865473336e+00
1.047651201865473336e+00
1.086466687377106277e+00
1.125282172888739218e+00
1.164097658400371937e+00
1.202913143912004879e+00
1.241728629423637820e+00
1.280544114935270761e+00
1.319359600446903702e+00
1.358175085958536643e+00
1.396990571470169584e+00
1.435806056981802303e+00
1.474621542493435244e+00
1.513437028005068186e+00
1.552252513516701127e+00
1.591067999028334068e+00
1.629883484539966787e+00
1.668698970051599950e+00
1.707514455563232669e+00
1.746329941074865610e+00
1.785145426586498552e+00
1.834335515624972768e+00
1.883525604663446984e+00
1.932715693701921200e+00
1.932715693701921200e+00
1.971341728302059337e+00
2.009967762902197475e+00
2.048593797502335612e+00
2.087219832102473305e+00
2.125845866702611442e+00
2.164471901302749579e+00
2.203097935902887716e+00
2.241723970503025853e+00
2.280350005103163546e+00
2.318976039703301684e+00
2.357602074303439821e+00
2.396228108903577958e+00
2.434854143503716095e+00
2.472097084134475597e+00
2.509340024765235100e+00
2.546582965395995046e+00
2.583825906026754549e+00
2.621068846657514051e+00
2.658311787288273997e+00
2.695554727919033500e+00
2.732797668549793002e+00
2.770040609180552504e+00
2.807283549811312007e+00
2.844526490442071953e+00
2.881769431072831456e+00
2.919012371703590958e+00
2.956255312334350904e+00
2.993498252965110407e+00
2.993498252965110407e+00
3.030093252853307995e+00
3.066688252741505583e+00
3.103283252629703171e+00
3.139878252517900314e+00
3.176473252406097902e+00
3.213068252294295490e+00
3.249663252182493078e+00
3.286258252070690666e+00
3.322853251958887810e+00
3.359448251847085398e+00
3.396043251735282986e+00
3.432638251623480574e+00
3.469233251511678162e+00
3.505828251399875306e+00
3.542423251288073338e+00
3.579018251176270482e+00
3.615613251064468070e+00
3.652208250952665658e+00
3.688803250840863246e+00
3.725398250729060834e+00
