0.000000000000000000e+00
2.106606860687674013e-02
4.213213721375348025e-02
6.319820582063022385e-02
8.426427442750696051e-02
1.053303430343836972e-01
1.263964116412604477e-01
1.474624802481371844e-01
1.685285488550139210e-01
1.895946174618906577e-01
2.106606860687673943e-01
2.317267546756441310e-01
2.527928232825208954e-01
2.735068938276416506e-01
2.942209643727623503e-01
3.149350349178831054e-01
3.356491054630038051e-01
3.563631760081245603e-01
3.770772465532452600e-01
3.977913170983660152e-01
4.185053876434867703e-01
4.392194581886074700e-01
4.599335287337281697e-01
4.806475992788489249e-01
5.013616698239696801e-01
5.013616698239696801e-01
5.227271215451335662e-01
5.440925732662973413e-01
5.654580249874612274e-01
5.868234767086251136e-01
6.081889284297889997e-01
6.295543801509527748e-01
6.509198318721166610e-01
6.722852835932805471e-01
6.936507353144443222e-01
7.150161870356082083e-01
7.363816387567720945e-01
7.577470904779359806e-01
7.791125421990998667e-01
8.004779939202636418e-01
8.218434456414275280e-01
8.432088973625913031e-01
8.633917380424329657e-01
8.835745787222745173e-01
9.037574194021161800e-01
9.239402600819578426e-01
9.441231007617995052e-01
9.643059414416410569e-01
9.844887821214827195e-01
1.004671622801324382e+00
1.024854463481166045e+00
1.045037304161007707e+00
1.065220144840849148e+00
1.085402985520690811e+00
1.105585826200532473e+00
1.105585826200532473e+00
1.126400460907674761e+00
1.147215095614817271e+00
1.168029730321959558e+00
1.188844365029102068e+00
1.209658999736244356e+00
1.230473634443386644e+00
1.251288269150529153e+00
1.272102903857671441e+00
1.292917538564813951e+00
1.313732173271956238e+00
1.334546807979098748e+00
1.355361442686241036e+00
1.376176077393383324e+00
1.396990712100525833e+00
1.417805346807668121e+00
1.438619981514810631e+00
1.458627436038212766e+00
1.478634890561614901e+00
1.498642345085016814e+00
1.518649799608418949e+00
1.538657254131821084e+00
1.558664708655223219e+00
1.578672163178625354e+00
1.598679617702027267e+00
1.618687072225429402e+00
1.638694526748831537e+00
1.658701981272233672e+00
1.678709435795635585e+00
1.678709435795635585e+00
1.698807184246431179e+00
1.718904932697226551e+00
1.739002681148022145e+00
1.759100429598817739e+00
1.779198178049613110e+00
1.799295926500408704e+00
1.819393674951204298e+00
1.839491423401999670e+00
1.859589171852795264e+00
1.879686920303590636e+00
1.899784668754386230e+00
1.919882417205181824e+00
1.939980165655977196e+00
1.960077914106772790e+00
1.980175662557568383e+00
