-4.269307283098127570e+00
-4.143601226343503363e+00
-4.017895169588879156e+00
-3.892189112834254505e+00
-3.766483056079629854e+00
-3.640776999325005647e+00
-3.515070942570381440e+00
-3.389364885815757233e+00
-3.263658829061132582e+00
-3.137952772306508376e+00
-3.012246715551884169e+00
-2.886540658797259962e+00
-2.760834602042635755e+00
-2.635128545288011548e+00
-2.509422488533387341e+00
-2.383716431778762690e+00
-2.258010375024138483e+00
-2.132304318269514276e+00
-2.006598261514890069e+00
-1.880892204760265418e+00
-1.755186148005641211e+00
-1.629480091251017004e+00
-1.503774034496392797e+00
-1.378067977741768591e+00
-1.252361920987144384e+00
-1.126655864232519733e+00
-1.000949807477895526e+00
-8.752437507232713187e-01
-7.495376939686471118e-01
-6.238316372140229049e-01
-4.981255804593983094e-01
-3.724195237047741025e-01
-2.467134669501498678e-01
-1.210074101955256332e-01
4.698646559098577230e-03
1.304047033137228084e-01
2.561107600683469876e-01
3.818168168229712500e-01
5.075228735775962896e-01
6.332289303322204965e-01
7.589349870868447034e-01
8.846410438414689104e-01
1.010347100596093117e+00
1.136053157350717324e+00
1.261759214105341531e+00
1.387465270859965738e+00
1.513171327614589945e+00
1.638877384369214152e+00
1.764583441123838359e+00
1.890289497878463454e+00
2.015995554633087661e+00
2.141701611387711868e+00
2.267407668142336075e+00
2.393113724896960282e+00
2.518819781651584488e+00
2.644525838406208695e+00
2.770231895160832902e+00
2.895937951915457109e+00
3.021644008670081316e+00
3.147350065424706411e+00
3.273056122179330618e+00
3.398762178933954825e+00
3.524468235688579032e+00
3.650174292443203239e+00
3.775880349197827446e+00
3.901586405952451653e+00
4.027292462707076304e+00
4.152998519461700511e+00
4.278704576216324718e+00
4.404410632970948924e+00
4.530116689725573131e+00
4.655822746480197338e+00
4.781528803234821545e+00
4.907234859989445752e+00
5.032940916744069959e+00
5.158646973498695942e+00
5.284353030253320149e+00
5.410059087007944356e+00
5.535765143762568563e+00
5.661471200517192770e+00
5.787177257271816977e+00
5.912883314026441184e+00
6.038589370781065391e+00
6.164295427535689598e+00
6.290001484290313805e+00
6.415707541044938012e+00
6.541413597799562218e+00
6.667119654554186425e+00
6.792825711308810632e+00
6.918531768063434839e+00
7.044237824818059046e+00
7.169943881572683253e+00
7.295649938327307460e+00
7.421355995081931667e+00
7.547062051836555874e+00
7.672768108591180969e+00
7.798474165345803399e+00
7.924180222100429383e+00
8.049886278855055366e+00
8.175592335609676908e+00
8.301298392364303780e+00
8.427004449118925322e+00
8.552710505873552194e+00
8.678416562628173736e+00
8.804122619382800607e+00
8.929828676137423926e+00
9.055534732892049021e+00
9.181240789646672340e+00
9.306946846401297435e+00
9.432652903155920754e+00
9.558358959910545849e+00
9.684065016665169168e+00
9.809771073419794263e+00
9.935477130174417582e+00
1.006118318692904268e+01
1.018688924368366600e+01
1.031259530043829109e+01
1.043830135719291441e+01
1.056400741394753950e+01
1.068971347070216460e+01
1.081541952745678792e+01
1.094112558421141124e+01
1.106683164096603633e+01
1.119253769772065965e+01
1.131824375447528475e+01
1.144394981122990806e+01
1.156965586798453316e+01
1.169536192473915648e+01
1.182106798149378157e+01
1.194677403824840844e+01
1.207248009500302999e+01
1.219818615175765686e+01
1.232389220851227840e+01
1.244959826526690527e+01
1.257530432202152681e+01
1.270101037877615369e+01
1.282671643553077523e+01
1.295242249228540210e+01
1.307812854904002364e+01
1.320383460579465051e+01
1.332954066254927206e+01
1.345524671930389893e+01
1.358095277605852047e+01
1.370665883281314734e+01
1.383236488956776888e+01
1.395807094632239576e+01
1.408377700307701730e+01
1.420948305983164417e+01
1.433518911658626571e+01
1.446089517334089258e+01
1.458660123009551768e+01
1.471230728685014100e+01
1.483801334360476609e+01
1.496371940035938941e+01
1.508942545711401451e+01
1.521513151386863782e+01
1.534083757062326292e+01
1.546654362737788624e+01
1.559224968413251133e+01
1.571795574088713465e+01
1.584366179764175975e+01
1.596936785439638307e+01
1.609507391115100816e+01
1.622077996790563148e+01
1.634648602466025835e+01
1.647219208141487812e+01
1.659789813816950499e+01
1.672360419492412831e+01
1.684931025167875518e+01
1.697501630843337495e+01
1.710072236518800182e+01
1.722642842194262869e+01
1.735213447869725201e+01
1.747784053545187533e+01
1.760354659220649864e+01
1.772925264896112552e+01
1.785495870571574883e+01
1.798066476247037215e+01
1.810637081922499547e+01
1.823207687597962234e+01
1.835778293273424566e+01
1.848348898948886898e+01
1.860919504624349230e+01
1.873490110299811917e+01
1.886060715975274249e+01
1.898631321650736581e+01
1.911201927326198913e+01
1.923772533001661600e+01
1.936343138677123932e+01
1.948913744352586264e+01
1.961484350028048596e+01
1.974054955703511283e+01
1.986625561378973615e+01
1.999196167054435946e+01
2.011766772729898634e+01
2.024337378405360965e+01
2.036907984080823653e+01
2.049478589756285629e+01
2.062049195431748316e+01
2.074619801107210648e+01
