-2.607050735908489791e+00
-2.491188714049257236e+00
-2.375326692190024680e+00
-2.259464670330792568e+00
-2.143602648471560457e+00
-2.027740626612327901e+00
-1.911878604753095345e+00
-1.796016582893863012e+00
-1.680154561034630900e+00
-1.564292539175398344e+00
-1.448430517316166011e+00
-1.332568495456933677e+00
-1.216706473597701121e+00
-1.100844451738469010e+00
-9.849824298792364541e-01
-8.691204080200042315e-01
-7.532583861607717868e-01
-6.373963643015394531e-01
-5.215343424423070084e-01
-4.056723205830745638e-01
-2.898102987238420636e-01
-1.739482768646100352e-01
-5.808625500537756281e-02
5.777576685385490268e-02
1.736377887130873821e-01
2.894998105723198267e-01
4.053618324315518828e-01
5.212238542907843275e-01
6.370858761500167722e-01
7.529478980092493279e-01
8.688099198684813285e-01
9.846719417277137731e-01
1.100533963586946218e+00
1.216395985446178774e+00
1.332258007305410885e+00
1.448120029164643663e+00
1.563982051023875774e+00
1.679844072883107664e+00
1.795706094742340664e+00
1.911568116601572775e+00
2.027430138460805775e+00
2.143292160320037443e+00
2.259154182179269554e+00
2.375016204038502554e+00
2.490878225897734666e+00
2.606740247756967666e+00
2.722602269616199333e+00
2.838464291475431445e+00
2.954326313334664444e+00
3.070188335193896556e+00
3.186050357053129556e+00
3.301912378912361667e+00
3.417774400771593335e+00
3.533636422630826335e+00
3.649498444490058446e+00
3.765360466349290558e+00
3.881222488208523558e+00
3.997084510067755225e+00
4.112946531926988669e+00
4.228808553786220337e+00
4.344670575645452004e+00
4.460532597504685448e+00
4.576394619363917116e+00
4.692256641223150559e+00
4.808118663082382227e+00
4.923980684941613895e+00
5.039842706800847338e+00
5.155704728660079894e+00
5.271566750519311562e+00
5.387428772378544117e+00
5.503290794237776673e+00
5.619152816097008341e+00
5.735014837956240896e+00
5.850876859815474340e+00
5.966738881674705119e+00
6.082600903533938563e+00
6.198462925393171119e+00
6.314324947252403675e+00
6.430186969111635342e+00
6.546048990970867898e+00
6.661911012830100454e+00
6.777773034689332121e+00
6.893635056548564677e+00
7.009497078407798121e+00
7.125359100267028900e+00
7.241221122126262344e+00
7.357083143985494900e+00
7.472945165844725679e+00
7.588807187703958235e+00
7.704669209563192567e+00
7.820531231422424234e+00
7.936393253281655014e+00
8.052255275140890234e+00
8.168117297000121013e+00
8.283979318859351793e+00
8.399841340718586125e+00
8.515703362577818680e+00
8.631565384437049460e+00
8.747427406296283792e+00
8.863289428155514571e+00
8.979151450014748903e+00
9.095013471873981459e+00
9.210875493733212238e+00
9.326737515592446570e+00
9.442599537451677350e+00
9.558461559310908129e+00
9.674323581170142461e+00
9.790185603029375017e+00
9.906047624888605796e+00
1.002190964674784013e+01
1.013777166860707091e+01
1.025363369046630346e+01
1.036949571232553780e+01
1.048535773418476857e+01
1.060121975604399935e+01
1.071708177790323369e+01
1.083294379976246624e+01
1.094880582162169702e+01
1.106466784348093135e+01
1.118052986534016213e+01
1.129639188719939291e+01
1.141225390905862902e+01
1.152811593091785980e+01
1.164397795277709413e+01
1.175983997463632491e+01
1.187570199649555569e+01
1.199156401835479180e+01
1.210742604021402258e+01
1.222328806207325336e+01
1.233915008393248769e+01
1.245501210579171847e+01
1.257087412765095458e+01
1.268673614951018536e+01
1.280259817136941614e+01
1.291846019322865047e+01
1.303432221508788125e+01
1.315018423694711380e+01
1.326604625880634813e+01
1.338190828066557891e+01
1.349777030252480969e+01
1.361363232438404403e+01
1.372949434624327658e+01
1.384535636810250736e+01
1.396121838996174169e+01
1.407708041182097247e+01
1.419294243368020325e+01
1.430880445553943936e+01
1.442466647739867014e+01
1.454052849925790092e+01
1.465639052111713525e+01
1.477225254297636603e+01
1.488811456483559859e+01
1.500397658669483292e+01
1.511983860855406370e+01
1.523570063041329803e+01
1.535156265227252881e+01
1.546742467413176136e+01
1.558328669599099570e+01
1.569914871785022648e+01
1.581501073970945725e+01
1.593087276156869159e+01
1.604673478342792237e+01
1.616259680528715492e+01
1.627845882714639103e+01
1.639432084900562003e+01
1.651018287086485259e+01
1.662604489272408514e+01
1.674190691458331770e+01
1.685776893644255026e+01
1.697363095830178281e+01
1.708949298016101537e+01
1.720535500202024437e+01
1.732121702387948048e+01
1.743707904573871303e+01
1.755294106759794204e+01
1.766880308945717815e+01
1.778466511131640715e+01
1.790052713317564326e+01
1.801638915503487581e+01
1.813225117689410482e+01
1.824811319875334092e+01
1.836397522061256993e+01
1.847983724247180248e+01
1.859569926433103859e+01
1.871156128619026759e+01
1.882742330804950015e+01
1.894328532990873271e+01
1.905914735176796526e+01
1.917500937362719782e+01
1.929087139548643037e+01
1.940673341734566293e+01
1.952259543920489193e+01
1.963845746106412804e+01
1.975431948292336060e+01
1.987018150478258960e+01
1.998604352664182571e+01
2.010190554850105471e+01
2.021776757036028727e+01
2.033362959221952337e+01
2.044949161407875238e+01
